3.10534e-05 
2.08799e-05 
2.68204e-05 
2.11729e-05 
3.2351e-05 
2.12983e-05 
3.09906e-05 
3.57905e-05 
2.10086e-05 
1.99337e-05 
2.42387e-05 
1.9744e-05 
3.07002e-05 
2.50175e-05 
3.62695e-05 
2.35987e-05 
2.14254e-05 
2.52283e-05 
2.40418e-05 
1.89334e-05 
2.51601e-05 
2.14912e-05 
2.45454e-05 
1.89315e-05 
2.14024e-05 
2.06131e-05 
3.61077e-05 
1.97555e-05 
2.98302e-05 
2.16934e-05 
3.31028e-05 
1.79507e-05 
2.57048e-05 
2.10005e-05 
2.191e-05 
3.08583e-05 
1.98868e-05 
3.05801e-05 
2.32208e-05 
1.87157e-05 
3.52762e-05 
3.28579e-05 
2.31828e-05 
3.21245e-05 
2.17998e-05 
1.81228e-05 
2.72097e-05 
2.01184e-05 
2.71423e-05 
3.21438e-05 
3.0471e-05 
2.28817e-05 
1.80582e-05 
2.8229e-05 
2.08337e-05 
3.47448e-05 
2.75345e-05 
2.32995e-05 
2.45085e-05 
3.12558e-05 
2.60585e-05 
2.1536e-05 
2.37082e-05 
1.71766e-05 
3.52167e-05 
3.14076e-05 
1.73977e-05 
3.08111e-05 
2.82312e-05 
1.9395e-05 
1.89411e-05 
3.38488e-05 
2.81047e-05 
2.10264e-05 
2.89875e-05 
1.7865e-05 
2.74943e-05 
3.66386e-05 
3.31332e-05 
2.72789e-05 
2.30043e-05 
2.53078e-05 
1.71997e-05 
2.54829e-05 
2.29335e-05 
3.42638e-05 
2.9913e-05 
1.87037e-05 
2.88141e-05 
2.0355e-05 
2.32754e-05 
2.58491e-05 
1.86952e-05 
1.74972e-05 
2.48152e-05 
3.116e-05 
2.35543e-05 
3.25516e-05 
2.8591e-05 
3.2935e-05 
2.04163e-05 
2.00574e-05 
1.91969e-05 
2.14157e-05 
1.93648e-05 
2.92556e-05 
2.2574e-05 
2.27169e-05 
2.46829e-05 
1.71317e-05 
2.64941e-05 
2.69505e-05 
2.82491e-05 
2.31914e-05 
3.02679e-05 
2.0735e-05 
3.03964e-05 
3.21007e-05 
1.72845e-05 
3.07822e-05 
1.72096e-05 
3.67516e-05 
2.88829e-05 
2.45238e-05 
2.1038e-05 
2.53437e-05 
2.22216e-05 
2.26406e-05 
2.10512e-05 
2.76748e-05 
3.66546e-05 
2.49826e-05 
2.00643e-05 
2.42242e-05 
1.73995e-05 
3.56112e-05 
3.29392e-05 
3.1969e-05 
3.12444e-05 
2.07211e-05 
2.68405e-05 
1.73135e-05 
2.30546e-05 
2.33753e-05 
2.27987e-05 
1.71678e-05 
1.80797e-05 
3.0716e-05 
2.89689e-05 
2.52995e-05 
2.06403e-05 
3.64697e-05 
1.8352e-05 
2.59001e-05 
2.39434e-05 
2.73044e-05 
2.03995e-05 
1.93072e-05 
2.7073e-05 
2.30781e-05 
2.07609e-05 
2.8632e-05 
2.61556e-05 
1.84742e-05 
1.87257e-05 
1.8358e-05 
2.80196e-05 
1.91484e-05 
1.99796e-05 
1.90881e-05 
2.15037e-05 
2.72509e-05 
1.74167e-05 
1.7066e-05 
2.03289e-05 
1.98847e-05 
2.09448e-05 
2.20925e-05 
2.01349e-05 
1.8583e-05 
2.45565e-05 
2.04335e-05 
2.20128e-05 
1.70346e-05 
1.77873e-05 
2.65416e-05 
2.80809e-05 
1.74204e-05 
2.19491e-05 
2.25123e-05 
1.93994e-05 
2.25203e-05 
1.95099e-05 
3.07552e-05 
2.08291e-05 
1.7535e-05 
2.42606e-05 
2.46532e-05 
2.20499e-05 
2.63939e-05 
1.71391e-05 
3.29516e-05 
3.12447e-05 
2.56005e-05 
2.00401e-05 
2.0363e-05 
2.35702e-05 
2.16538e-05 
1.74919e-05 
2.29185e-05 
2.02499e-05 
2.097e-05 
1.71018e-05 
1.79661e-05 
3.39185e-05 
3.00825e-05 
1.91086e-05 
2.24172e-05 
1.77267e-05 
2.04933e-05 
2.04239e-05 
1.94785e-05 
2.05783e-05 
1.74511e-05 
1.80242e-05 
3.01817e-05 
2.00189e-05 
3.02611e-05 
3.03107e-05 
1.7546e-05 
1.72969e-05 
2.03695e-05 
1.97362e-05 
1.90541e-05 
1.9949e-05 
2.4418e-05 
2.00957e-05 
2.15248e-05 
2.32995e-05 
2.51029e-05 
1.75611e-05 
2.25665e-05 
2.65796e-05 
1.92054e-05 
1.7148e-05 
1.80143e-05 
2.19546e-05 
3.13139e-05 
2.43087e-05 
1.8459e-05 
1.9642e-05 
2.11341e-05 
2.51303e-05 
2.50545e-05 
1.76985e-05 
1.7348e-05 
2.03294e-05 
2.56839e-05 
1.80328e-05 
1.99643e-05 
2.17745e-05 
2.09968e-05 
2.13473e-05 
1.9778e-05 
2.15517e-05 
2.43335e-05 
1.8157e-05 
2.73443e-05 
2.57925e-05 
2.27457e-05 
2.26026e-05 
1.72389e-05 
2.23082e-05 
2.62431e-05 
2.00569e-05 
1.80002e-05 
2.67418e-05 
2.32174e-05 
3.68482e-05 
2.08332e-05 
2.01103e-05 
1.97721e-05 
2.3773e-05 
2.02777e-05 
1.73289e-05 
2.7025e-05 
1.95996e-05 
2.40378e-05 
1.80001e-05 
2.32427e-05 
1.70437e-05 
2.11436e-05 
1.71704e-05 
2.78257e-05 
2.57078e-05 
1.77049e-05 
3.53008e-05 
2.05949e-05 
2.06403e-05 
2.72731e-05 
1.93222e-05 
2.89566e-05 
1.99679e-05 
2.6677e-05 
1.92707e-05 
1.71844e-05 
2.19203e-05 
1.85935e-05 
1.70879e-05 
1.77384e-05 
1.90539e-05 
2.38747e-05 
2.06966e-05 
1.8329e-05 
1.93523e-05 
2.22253e-05 
1.74743e-05 
1.98715e-05 
1.888e-05 
1.83605e-05 
2.55338e-05 
1.87679e-05 
1.73467e-05 
2.90378e-05 
2.00782e-05 
1.96925e-05 
2.07678e-05 
1.87272e-05 
2.37263e-05 
1.72716e-05 
1.7396e-05 
2.57799e-05 
2.17287e-05 
1.74986e-05 
1.97599e-05 
1.81854e-05 
1.77675e-05 
1.88612e-05 
2.21469e-05 
2.03988e-05 
1.79197e-05 
1.87206e-05 
2.27442e-05 
2.08482e-05 
1.75242e-05 
3.06232e-05 
2.10557e-05 
2.09581e-05 
2.31927e-05 
2.40858e-05 
2.45703e-05 
2.40605e-05 
2.67477e-05 
2.3214e-05 
2.16732e-05 
1.74567e-05 
1.79681e-05 
1.72992e-05 
2.26355e-05 
1.81425e-05 
2.93756e-05 
1.82122e-05 
2.02124e-05 
2.57445e-05 
1.84416e-05 
2.30417e-05 
1.83859e-05 
1.91317e-05 
2.07169e-05 
1.72391e-05 
1.83555e-05 
1.71141e-05 
1.96257e-05 
2.07977e-05 
1.79109e-05 
2.13797e-05 
1.97271e-05 
2.02931e-05 
2.25256e-05 
1.89468e-05 
1.78722e-05 
2.0136e-05 
1.73565e-05 
2.2846e-05 
2.04106e-05 
1.91644e-05 
2.09009e-05 
1.71343e-05 
1.96458e-05 
1.83998e-05 
2.13936e-05 
2.22724e-05 
2.6317e-05 
2.39509e-05 
1.74841e-05 
1.99301e-05 
1.8165e-05 
1.85509e-05 
2.96326e-05 
2.04214e-05 
2.2743e-05 
2.19817e-05 
2.09117e-05 
2.12979e-05 
2.02961e-05 
1.88478e-05 
2.2671e-05 
2.52932e-05 
1.82639e-05 
2.15479e-05 
2.2952e-05 
2.13686e-05 
1.78129e-05 
2.12523e-05 
1.83126e-05 
2.43852e-05 
2.22029e-05 
1.70138e-05 
2.23281e-05 
1.7173e-05 
1.77969e-05 
2.45363e-05 
1.96015e-05 
2.3535e-05 
1.72597e-05 
1.97419e-05 
2.63263e-05 
1.82932e-05 
2.05469e-05 
2.2307e-05 
1.74706e-05 
2.52162e-05 
1.7432e-05 
1.87048e-05 
2.22771e-05 
1.84241e-05 
1.80676e-05 
1.83511e-05 
1.78761e-05 
1.81715e-05 
2.94245e-05 
2.43935e-05 
1.93836e-05 
1.96552e-05 
1.76844e-05 
2.09856e-05 
1.72491e-05 
1.92759e-05 
1.72902e-05 
1.78454e-05 
1.98934e-05 
1.7145e-05 
1.75454e-05 
1.75517e-05 
1.84385e-05 
1.90685e-05 
2.00232e-05 
1.79774e-05 
1.77954e-05 
1.821e-05 
2.2382e-05 
2.07499e-05 
2.08963e-05 
2.11295e-05 
2.17757e-05 
1.70729e-05 
1.72416e-05 
1.75956e-05 
2.56077e-05 
1.88993e-05 
1.98252e-05 
1.7484e-05 
1.93028e-05 
1.91822e-05 
1.8007e-05 
1.90733e-05 
1.75277e-05 
1.78689e-05 
2.47968e-05 
1.84739e-05 
2.21392e-05 
1.88523e-05 
2.19655e-05 
1.73744e-05 
1.79403e-05 
2.38749e-05 
2.20455e-05 
1.72801e-05 
1.70274e-05 
1.89019e-05 
2.04639e-05 
2.22991e-05 
1.89872e-05 
1.70773e-05 
2.19684e-05 
1.7002e-05 
1.70739e-05 
1.84628e-05 
2.00781e-05 
1.87239e-05 
1.70738e-05 
1.75842e-05 
1.71071e-05 
2.34653e-05 
1.80971e-05 
1.8836e-05 
2.18929e-05 
1.84732e-05 
2.17855e-05 
2.06413e-05 
1.79168e-05 
1.78373e-05 
