363.006 
4110.67 
6026.39 
4763.3 
3347.06 
363 
4668.68 
8631.08 
363 
8193.84 
448.297 
373.525 
10583.5 
4709.43 
367.873 
3033.65 
965.631 
462.026 
1236.58 
5806.2 
3147.29 
4605.85 
363 
363 
363.03 
3332.8 
5076.86 
5140.99 
363.024 
363 
6062.87 
3325.9 
503.896 
363 
4162.77 
1815.37 
363 
898.019 
4673.65 
834.418 
5304.61 
4546.96 
363 
414.071 
363.002 
363 
1214.93 
3378.88 
5401.42 
5682.46 
372.189 
1284.47 
363 
363 
363 
366.431 
363.001 
363.001 
363.13 
510.18 
1663.83 
363.458 
676.636 
3308.14 
363.002 
363 
363 
363.314 
1762.84 
3184.32 
363.153 
623.406 
631.246 
370.402 
363 
363 
3239.1 
369.794 
6380.26 
445.773 
1251.7 
729.953 
363.981 
363 
5970.93 
375.24 
363.003 
4545.44 
363.943 
4109.78 
363.002 
363 
1025.72 
1709.77 
4560.76 
3448.64 
363 
9248.43 
3151.71 
3477.84 
363.018 
363 
562.659 
383.611 
363 
363 
363 
7557.31 
4165.77 
3547.26 
3185.22 
5299.26 
3895.73 
6569.24 
6713.74 
409.142 
363.01 
363.005 
4967.01 
1677.83 
363 
386.295 
4229.96 
4784.98 
5028.98 
4474.91 
363 
363 
849.353 
4809.44 
363.549 
363.012 
363 
363 
363.442 
3227.1 
6666.54 
363.037 
363 
363.01 
1100.42 
363.074 
3173.66 
363.052 
363.08 
401.917 
3975.35 
363.001 
363 
363 
4248.68 
363 
3966 
668.689 
1720.63 
3576.73 
5472.11 
6385.37 
3560.76 
363 
6924.12 
363.065 
369.477 
3546.66 
363 
363.239 
3275.69 
363.001 
366.389 
363.01 
6166.27 
8203.86 
865.336 
364.383 
363 
413.059 
4660.6 
839.828 
363.008 
3382.81 
363.117 
381.309 
363 
363 
364.578 
389.802 
363 
363 
363 
3347.27 
6567.58 
363 
363 
5874.71 
363 
363 
390.037 
363 
363 
363.005 
363 
3185.07 
363 
363 
373.768 
3210.98 
6038.44 
363 
7137.77 
364.496 
363.127 
363 
1435.09 
400.14 
6682.53 
4983.22 
363.675 
3612.92 
363 
3359.06 
418.716 
805.841 
363.036 
1761.45 
3512.08 
6963.23 
363 
368.157 
4668.56 
363 
3286.45 
363.174 
363.051 
1096.83 
371.703 
4741.96 
3091.76 
4528.44 
5632.12 
1669.6 
484.788 
4124.42 
7169.71 
3983.64 
623.491 
363 
503.244 
363 
3850.35 
4092.23 
3242.19 
417.518 
8483.18 
363 
363 
4295.88 
363 
3192.67 
363.332 
363 
3139.58 
773.351 
364.162 
363 
367.133 
5832.65 
363 
378.791 
365.668 
1476.01 
363 
363.914 
584.358 
3394.3 
4796.89 
363.03 
363 
507.748 
5524.46 
1124.33 
630.898 
363 
363 
363.399 
363 
2195.17 
363 
3229.26 
729.134 
363.002 
363.072 
363 
363 
363 
363 
363 
363 
363 
363 
3102.66 
363 
424.351 
366.403 
366.415 
363 
363 
606.608 
363.002 
653.831 
4032.55 
3105.33 
3725.2 
4346.71 
406.429 
10225.4 
3540.44 
1509.48 
363 
363.001 
363 
363 
1726.2 
363 
374.308 
4039.21 
1020.41 
669.717 
363.897 
373.052 
4295.93 
363 
363 
408.423 
363 
4051.95 
363 
363 
1543.28 
716.579 
4979.83 
363.007 
363 
5563.36 
1664.66 
363.006 
363 
363 
908.985 
363 
1887.32 
363 
7197.13 
363 
368.669 
363.033 
363.012 
4768.09 
364.812 
585.443 
363.44 
363 
3566.44 
1091.75 
363 
365.214 
363.001 
363 
363 
4857.98 
363.038 
363 
3107.03 
433.347 
370.467 
897.321 
363.016 
8441.87 
6731.95 
1331.78 
370.846 
562.308 
610.703 
363 
363 
3526.58 
3558.77 
3500.36 
5366.14 
363 
439.61 
4673.33 
3132.75 
16890.9 
363.003 
3882.07 
553.175 
3594.24 
363 
363.218 
363.412 
2431.47 
385.795 
363.002 
366.262 
363 
363 
363 
363 
1394.54 
391.935 
658.228 
363 
363.015 
4316.74 
14589.9 
1175.37 
363.434 
363.029 
363 
574.07 
363 
7630.2 
706.696 
363 
363.02 
370.689 
4527.92 
363 
363 
702.868 
3963.78 
4670.81 
4272.71 
5566.87 
363 
4954.77 
363.001 
3239.22 
12019.1 
624.161 
363 
5029.6 
363 
363.02 
363 
808.089 
363 
363 
1124.39 
653.223 
1085.43 
4889.63 
4429.2 
363 
4505.46 
531.174 
9347.2 
363 
4047.18 
363 
363 
363 
7428.82 
363 
565.032 
363.004 
3593.91 
363.116 
4352.05 
3810.32 
6510.2 
363 
363.014 
363 
363 
365.131 
732.687 
573.123 
363.029 
530.992 
363 
363.762 
363.004 
644.161 
363 
378.852 
716.031 
5140.49 
363 
373.379 
1405.19 
374.195 
363 
363 
363 
724.729 
3672.45 
5457.42 
393.262 
363 
1784.49 
363 
4974.02 
363 
363.011 
1102.05 
3366.37 
363 
4547.27 
423.159 
363 
363.018 
