363 
4322.14 
6909.67 
5157.78 
3404.52 
363 
4813.69 
926.719 
363 
17360.6 
467.174 
373.259 
5382.08 
5018.92 
367.745 
3081.8 
1218.08 
479.527 
1666.35 
475.958 
363.149 
4939.94 
363 
363 
363.037 
3422.96 
5360.34 
5747.19 
363.027 
363 
6757.63 
363 
363.034 
363 
4374.26 
2689.93 
363.001 
1037.24 
4999.53 
1025.19 
5656.59 
4748.25 
363 
414.016 
363 
363 
1644.06 
3474.73 
5921.13 
6215.93 
373.6 
1686.01 
363 
363 
363 
366.887 
363 
363.001 
363.156 
488.438 
1827.34 
363.53 
754.73 
3213.32 
363.003 
363 
363 
363.255 
363 
369.267 
363.192 
667.653 
684.08 
372.103 
363 
363 
612.157 
370.65 
7266.02 
461.596 
1356.7 
819.515 
364.262 
363 
7013.34 
371.147 
363.003 
4915.71 
363.812 
4327.09 
363.002 
363 
1411.56 
363 
4832.64 
697.4 
363 
364.408 
3204.28 
3542.16 
363.016 
363 
618.659 
376.09 
363 
363 
363 
12261.3 
4352.99 
3689.28 
3243.31 
5778.38 
363.001 
8293.51 
363.274 
420.11 
363.012 
363.005 
5578.94 
1824.49 
363 
388.835 
4398.38 
5124.56 
5537.15 
4530.19 
363 
363 
926.356 
5111.9 
363 
363.008 
363 
363 
363.577 
3272.18 
7776.87 
363.043 
363 
363 
1234.65 
363 
3239.81 
363.063 
363.097 
363.198 
4190.59 
363 
363 
363 
4492.95 
363 
4175.6 
363.013 
2572.62 
3459.94 
6260.21 
8304.82 
3650.02 
363 
3915.74 
363.075 
370.211 
3675.98 
363 
363.303 
3336.92 
363.001 
367.212 
363 
7522.69 
6850.48 
856.952 
364.784 
363 
425.552 
5023.62 
996.776 
363.011 
3462.82 
363.001 
385.674 
363 
363 
365.014 
395.182 
363 
363 
363 
3431.1 
8918.23 
363 
363 
6530.86 
363 
363 
395.087 
363 
363 
363.006 
363 
2003.76 
363 
363 
373.515 
3284.82 
7101.35 
363 
11312.8 
363.708 
363.156 
363 
1828.14 
410.462 
7762.95 
5304.35 
363.847 
3727.56 
363 
3452.92 
430.54 
968.638 
363.046 
1805.62 
3640.99 
8550.87 
363 
368.953 
4909.04 
363 
3389.28 
363.007 
363.064 
1131.24 
373.826 
5069.85 
363 
4838.1 
3344.87 
363.986 
469.671 
4321.31 
9490.61 
4186.74 
363 
363 
475.607 
363 
3986.82 
1624.13 
3327.33 
430.259 
14662.9 
363 
363 
4610.81 
363 
3251.83 
363.423 
363 
3206.51 
905.023 
363 
363 
363 
5026.58 
363 
381.39 
366.157 
1734.22 
363 
363 
363 
3469.89 
5227.34 
363.007 
363 
539.861 
5924.73 
1149.66 
708.107 
363 
363 
363.494 
363 
363 
363 
363.009 
862.778 
363.003 
363 
363 
363 
363 
363 
363 
363 
363 
363 
3153.5 
363.001 
434.54 
367.321 
367.019 
363 
363 
395.098 
363.003 
744.968 
4266.17 
3179.34 
3846.67 
4617.78 
370.512 
4667.41 
3646.98 
1897.62 
363 
363.001 
363 
363 
1778.64 
363 
376.139 
4244.24 
1367.11 
758.177 
363 
368.966 
4612.47 
363 
363 
363.641 
363 
4263.42 
363 
363 
1797.05 
815.974 
5484.12 
363.011 
363 
6305.92 
2063.77 
363 
363 
363 
1122.69 
363 
3093.92 
363 
9680.53 
363 
369.837 
363.041 
363.012 
5250 
365.219 
639.21 
363.559 
363 
3702.21 
1187.19 
363 
365.796 
363.001 
363 
363 
5300.15 
363.048 
363 
3190.06 
451.354 
370.106 
1141.59 
363.007 
8384.96 
9277.56 
543.392 
372.872 
363 
622.357 
363 
363 
3641.36 
3686.19 
3608.95 
6274.57 
363 
460.773 
5031.4 
363.071 
3161.55 
363.003 
4083.96 
604.958 
3113.16 
363 
363.217 
363.51 
3125.09 
390.818 
363.001 
363 
363 
363 
363 
363 
1417.26 
363 
733.169 
363 
363.019 
4573.16 
388.265 
1610.15 
363.527 
363.037 
363 
363.039 
363 
11635.1 
363 
363 
363.026 
369.709 
4777.35 
363 
363 
789.6 
4184.48 
4966.95 
4578.56 
450.504 
363 
363.29 
363.002 
363.019 
739.001 
708.401 
363 
5455.65 
363 
363.024 
363 
925.549 
363 
363 
1139.24 
751.734 
1264.07 
5463.45 
4784.83 
363 
4867.46 
578.54 
3129.61 
363 
4283.59 
363 
363 
363 
3566.63 
363 
615.229 
363 
3742.57 
363.089 
4567.08 
3981.83 
6674.89 
363 
363.017 
363 
363 
363 
854.096 
363 
363.035 
580.053 
363 
364.039 
363.005 
692.305 
363 
363.411 
815.751 
5862.1 
363 
369.594 
1736.84 
376.611 
363 
363 
363 
881.947 
374.292 
6345.92 
386.085 
363 
3084.43 
363 
5595.53 
363 
363.015 
1102.48 
3454.69 
363 
4858.28 
432.263 
363 
363.023 
