363 
5096.28 
10203.4 
7300.43 
363 
363 
363 
363 
363 
363 
363 
371.792 
363 
6347.72 
366.42 
363 
2714.37 
536.288 
1975.29 
363 
363 
6499.31 
363 
363 
363 
3687.52 
6450.83 
3178.2 
363.039 
363 
7024.38 
363 
363 
363 
5143.85 
363 
363 
1687.5 
6469.01 
2111.41 
7183.34 
5187.55 
363 
398.16 
363 
363 
892.31 
363 
9559.31 
9778.73 
377.977 
432.427 
363 
363 
363 
368.259 
363 
363.001 
363.239 
411.039 
3145.14 
363.584 
364.427 
363 
363 
363.001 
363 
363.091 
363 
363 
363 
363.01 
879.763 
363 
363 
363 
363 
373.119 
408.006 
363 
363 
1245.46 
365.323 
363 
3159.47 
363 
363.003 
6880.85 
363.434 
5134.18 
363.001 
363 
363 
363 
5919.91 
363 
363 
363 
3346.64 
3717.49 
363 
363 
363 
363 
363 
363 
363 
363 
4995.76 
363 
366.029 
8759.06 
363 
363.33 
363 
363.063 
363.016 
363.005 
11382.7 
3137.66 
363 
363 
4950.36 
6681.45 
5175.88 
363 
363 
363 
363 
6368.61 
363 
363.001 
363 
363 
363.16 
3385.72 
363.075 
363.059 
363 
363 
1731.26 
363 
363.007 
363.098 
363.154 
363 
4999.63 
363 
363 
363 
363 
363 
4953.06 
363 
3216.6 
363 
11577.3 
363 
3908.07 
363 
363 
363 
372.156 
4043.81 
363 
363.537 
3505.48 
363 
370.126 
363 
820.222 
363 
590.405 
366.3 
363 
470.837 
6853.45 
1734.48 
363 
363 
363 
363 
363 
363 
363.017 
413.319 
363 
363 
363 
3673.39 
363 
363 
363 
13661.5 
363 
363 
412.48 
363 
363 
363.008 
363 
363 
363 
363 
363 
363 
490.419 
363 
363 
363 
363 
363.001 
2598.28 
449.32 
509.431 
6664 
364.024 
2156.47 
363 
3462.67 
363 
1782.09 
363.085 
3082.3 
4051.18 
363.001 
363 
371.426 
5792.37 
363 
3123.67 
363 
363 
1343.16 
381.359 
6538.44 
363 
6210.08 
363 
363 
363 
5016.44 
363.001 
4926.23 
363 
363 
374.996 
363 
1655.95 
363 
3575.61 
475.4 
363 
363 
363 
6094.67 
363 
363 
363.756 
363 
3394.27 
1686.14 
363 
363 
363 
363 
363 
389.418 
367.712 
3161.43 
363 
363 
363 
3683.73 
7876.51 
363 
363 
655.873 
7802.49 
1258.08 
1074.64 
363 
363 
363.829 
363 
363 
363 
363 
1700.04 
363 
363 
363 
363 
363 
363 
363 
363 
363 
363 
3291 
363.001 
467.047 
370.711 
366.226 
363 
363 
363 
363.005 
1322.67 
5180.44 
743.398 
4219.87 
5637.78 
363 
363 
3967.83 
364.185 
363 
363 
363 
363 
3147.82 
363 
381.891 
4989.38 
3110 
1208.07 
363 
363.138 
5818.29 
363 
363 
363 
363 
5043.14 
363 
363 
363 
1356.01 
8670.25 
363 
363 
713.897 
363 
363 
363 
363 
363.961 
363 
3241.23 
363 
363 
363 
363.89 
363 
363 
3691.29 
363 
852.814 
363 
363 
4139.48 
1739.4 
363 
363 
363.002 
363 
363 
3155.06 
363.089 
363 
3432.83 
517.811 
369.425 
2253.65 
363 
363 
363 
363 
363.19 
363 
658.858 
363 
363 
3994.04 
363.091 
3938.35 
363 
363 
393.161 
6802.52 
363 
363 
363 
4826.35 
818.768 
363 
363 
363.166 
363 
3286.7 
365.32 
363 
363 
363 
363 
363 
363 
1410.39 
363 
1066.06 
363 
363.033 
5593 
363 
1706.45 
363.846 
363.069 
363 
363 
363 
363 
363 
363 
363.048 
363 
5724.66 
363 
363 
1054.92 
5027.6 
6203.99 
5987.09 
363 
363 
363 
363.003 
363 
363 
961.227 
363 
5253.68 
363 
363 
363 
363 
363 
363 
1180.35 
1344.51 
1729.77 
11962.4 
3124.63 
363 
6749.19 
773.85 
363 
363 
5213.69 
363 
363 
363 
363 
363 
814.125 
363 
4235.59 
363.03 
5339.43 
4570.79 
363 
363 
363 
363 
363 
363 
1616.31 
363 
363 
786.69 
363 
365.377 
363.008 
949.976 
363 
363 
1360.28 
4031.03 
363 
363 
363 
384.845 
363 
363 
363 
2053.36 
363 
3302.31 
363.013 
363 
363 
363 
13992.6 
363 
363.032 
1014.11 
3712.35 
363 
6236.67 
478.933 
363 
363.045 
