363 
3995.87 
363 
363 
363 
363 
363 
363 
363 
363 
363 
363 
363 
363.009 
363 
363 
363 
363 
363 
363 
363 
363 
363 
363 
363 
363 
6538.96 
363 
363 
363 
363 
363 
363 
363 
5092.23 
363 
363 
363 
363 
363 
363 
363 
363 
363 
363 
363 
363 
363 
363 
363 
363 
363 
363 
363 
363 
363 
363 
363 
363 
363 
363 
363 
363 
363 
363 
363 
363 
363 
363 
363 
363 
363 
363 
363 
363 
363 
363 
363 
363 
363 
363 
2675.65 
363 
363 
363 
363 
363 
363 
363 
409.948 
363 
363 
363 
363 
2536.57 
363 
363 
363 
363 
363 
363 
363 
363 
363 
363 
363 
363 
363 
3832.83 
363 
363 
363 
363 
363 
363 
363 
363.002 
363 
363 
3096.57 
363 
363 
1693.5 
363 
363 
363 
363 
363 
363 
363 
363 
363 
363 
363 
363 
363 
363 
363 
363 
363 
363.193 
363 
363 
363 
363 
363 
363.125 
363 
363 
363 
363 
363 
363.001 
363 
363 
363 
363 
363 
363.004 
363 
363 
363 
372.75 
363 
363 
363.685 
363 
363 
363 
363 
363 
363 
363 
363 
363 
363 
363 
363 
363 
363 
363 
363 
363 
363 
363 
363.297 
363 
363 
363 
3354.83 
363 
363 
363 
363 
363 
363 
363 
363 
363 
363 
363 
363 
363 
363 
363 
363 
363 
363 
363 
363 
363 
363 
363 
363 
363 
363.814 
363 
363 
363 
363 
363 
363 
363.007 
363 
4368.16 
363 
363 
363.006 
14371.4 
363 
363 
363 
363 
1681.58 
378.692 
363 
363 
363 
363 
363 
363 
8516.55 
363 
3105.99 
363 
363 
363 
363 
363 
363 
363 
575.525 
363 
363 
363 
363 
363 
363 
363 
363 
367.8 
408.845 
363 
363 
363 
363 
363 
369.15 
363 
458.832 
363 
363 
363 
363 
363 
363 
363 
363 
363 
388.543 
363 
363 
363 
364.534 
363 
363 
363 
363 
363 
363 
363 
363 
363 
363 
363 
363 
363 
363 
363 
363 
363 
369.023 
363 
363 
363 
363 
363 
363 
3146.53 
364.797 
363 
363 
363 
363 
363 
363.087 
363 
363 
363 
363 
363 
363 
363 
363 
12172 
525.43 
363.094 
363 
363 
363 
363 
363 
363 
363 
437.469 
363 
363 
363 
363 
363 
363 
363 
363 
363 
363 
363 
363 
363 
363 
363.001 
363 
363 
363 
363 
363 
363 
363 
363 
1725.51 
363 
363 
400.093 
363 
363 
363 
363.002 
363 
363 
363 
363 
363 
363.002 
363 
363 
363 
363 
363 
363 
363 
363 
363 
363.18 
363 
363 
4664.44 
363 
363 
363 
363 
363 
363 
363 
363 
363 
8520.42 
363 
363 
363 
363 
363 
3507.41 
363 
363 
363 
363 
363 
363 
363 
363 
363 
363 
363 
363 
400.274 
363 
363 
363.767 
363.001 
363 
363 
363 
363 
363 
363 
363.008 
363 
363 
363 
363 
411.259 
2751.79 
363 
363 
363 
363 
363 
363.006 
363 
363 
363 
363 
363 
363 
363 
363 
363 
363 
363 
363 
363 
363 
363 
363 
363 
363 
363.041 
363 
363 
363 
363 
363 
363 
363 
363 
363 
363 
363 
363 
3130.72 
363 
363 
363 
363 
363 
363 
363 
363 
363 
363 
1907.36 
363 
363 
363 
363 
363 
363 
363 
363 
363 
363 
363 
383.984 
363 
363 
363 
1728.62 
363 
363 
363 
363 
363 
363 
363 
363 
363.09 
363 
4090.77 
363 
363 
363 
363 
363 
