363 
4634.19 
9300.39 
5846.06 
3099.03 
363 
428.019 
363 
363 
430.558 
471.838 
372.733 
363 
5510.89 
367.555 
363.027 
1692.42 
504.112 
2023.39 
363 
363 
5490.5 
363 
363 
363.006 
3541.21 
5788.89 
7062.93 
363.032 
363 
8235.56 
363 
363 
363 
4685.43 
370.057 
363.001 
1300.72 
5528.57 
1523.84 
6218.65 
5034.36 
363 
410.406 
363 
363 
1807.74 
1034.42 
6902.81 
7210.56 
375.524 
2291.65 
363 
363 
363 
367.498 
363 
363.001 
363.191 
455.392 
3091.91 
363.594 
880.484 
363.005 
363.003 
363 
363 
363.181 
363 
363 
363.248 
705.856 
763.157 
364.174 
363 
363 
363 
371.787 
9104.54 
367.432 
363.003 
968.957 
364.694 
363 
10699 
363 
363.003 
5556.37 
363.639 
4650.04 
363.001 
363 
1204.33 
363 
5251.2 
363 
363 
363 
3270.06 
3623.09 
363.011 
363 
364.699 
363 
363 
363 
363 
3175.99 
4620.43 
3217.02 
3304.21 
6652.96 
363 
15419.2 
363 
435.641 
363.014 
363.005 
6956 
3082.59 
363 
382.645 
4633.17 
5679.69 
6525.41 
372.848 
363 
363 
527.848 
5585.76 
363 
363.004 
363 
363 
363.787 
3327.98 
6897.2 
363.05 
363 
363 
1536.75 
363 
3225.59 
363.078 
363.121 
363 
4512.32 
363 
363 
363 
2340.26 
363 
4486.88 
363 
3138.05 
363.111 
8344.03 
2249.29 
3766.09 
363 
363 
363.089 
371.124 
3853.37 
363 
363.399 
3414.29 
363.001 
368.429 
363 
15191.3 
363.068 
809.296 
365.401 
363 
444.255 
5639.88 
1334.15 
363 
375.396 
363 
385.993 
363 
363 
365.674 
402.895 
363 
363 
363 
3540.09 
6485.98 
363 
363 
7899.73 
363 
363 
402.401 
363 
363 
363.007 
363 
363 
363 
363 
363 
408.603 
10488.3 
363 
457.331 
363 
363.001 
363.001 
3123.69 
426.275 
10750.6 
5811.71 
364.104 
3881.13 
363 
3576.55 
363.057 
1337.49 
363.062 
1958.15 
3817.86 
6063.81 
363 
370.04 
5264.52 
363 
3526.77 
363 
363 
1193.96 
376.968 
5600.65 
363 
5337.07 
363 
363 
388.492 
4606.63 
3302.77 
4485.63 
363 
363 
429.371 
363 
4172.08 
363 
3438.6 
449.071 
391.916 
363 
363 
5131.36 
363 
1882.65 
363.56 
363 
3292.03 
1164.81 
363 
363 
363 
363.14 
363 
384.93 
366.843 
3085.68 
363 
363 
363 
3566.95 
6010.55 
363 
363 
587.609 
6585.34 
1188.56 
838.144 
363 
363 
363.634 
363 
363 
363 
363 
1137.3 
363.004 
363 
363 
363 
363 
363 
363 
363 
363 
363 
3217.07 
363.001 
448.663 
368.714 
367.86 
363 
363 
363 
363.003 
917.533 
4622.18 
3274.74 
4010.31 
5040.79 
363 
363 
3788.78 
3122.69 
363 
363.001 
363 
363 
2410.79 
363 
378.655 
4545.7 
1755.56 
910.661 
363 
365.091 
5136.77 
363 
363 
363 
363 
4576.58 
363 
363 
363.885 
990.582 
6466 
363.019 
363 
7983.23 
459.425 
363 
363 
363 
1657.17 
363 
3161.85 
363 
739.941 
363 
371.507 
363.05 
363 
6186.44 
363.001 
722.897 
363.277 
363 
3889.71 
1428.28 
363 
363.038 
363.002 
363 
363 
6108.67 
363.065 
363 
3298.73 
478.576 
369.623 
1693.95 
363 
363.045 
4478.41 
363 
375.902 
363 
638.644 
363 
363 
3795.85 
3661.57 
3754.05 
3254.43 
363 
493.415 
5634.83 
363 
363 
363.002 
4382.53 
687.404 
363 
363 
363.203 
363.089 
3199.21 
398.11 
363 
363 
363 
363 
363 
363 
1435.67 
363 
855.409 
363 
363.026 
4966.88 
363 
1849.76 
363.663 
363.05 
363 
363 
363 
1730.74 
363 
363 
363.035 
363.018 
5152.15 
363 
363 
914.683 
4516.97 
5432.02 
5079.42 
363 
363 
363 
363.002 
363 
363 
856.281 
363 
6207.61 
363 
363 
363 
363.147 
363 
363 
1158.41 
932.509 
1485.4 
6703.04 
5395.52 
363 
5489.87 
654.078 
363 
363 
4644.76 
363 
363 
363 
363 
363 
693.387 
363 
3951.11 
363.058 
4881.4 
4226.85 
364.241 
363 
363 
363 
363 
363 
1074.35 
363 
363.003 
659.159 
363 
364.527 
363.006 
780 
363 
363 
991.248 
7711.28 
363 
364.552 
2012.63 
380.1 
363 
363 
363 
1295.02 
363 
9126.64 
371.263 
363 
363.022 
363 
7014.6 
363 
363.022 
1090.2 
3570.13 
363 
5359.5 
449.231 
363 
363.032 
