363 
8936.75 
363 
363 
363 
363 
363 
363 
363 
363 
363 
363.024 
363 
1692.6 
363 
363 
363 
363.007 
363 
363 
363 
363 
363 
363 
363 
363 
17984.2 
363 
363.004 
363 
363 
363 
363 
363 
9115.81 
363 
363 
363 
363 
363 
363 
363 
363 
363 
363 
363 
363 
363 
363 
363 
363 
363 
363 
363 
363 
363.027 
363 
363 
363 
363 
363 
363 
363 
363 
363 
363 
363 
363 
363 
363 
363 
363 
363 
363 
363 
363 
363 
363 
363 
363 
363 
3098.6 
363.061 
363 
363 
363 
363.001 
363 
363 
3608.54 
363 
363 
363 
363 
10351.6 
363 
363 
363 
363 
363 
363 
363 
363 
363 
363 
363 
363 
363 
7059.06 
363 
363 
363 
363 
363 
363 
363 
363.023 
363.001 
363 
3288.35 
363 
363 
4573.32 
363 
363 
363 
363 
363 
363 
393.931 
363 
363 
363 
363 
363 
363 
363 
363 
363 
363 
1107.29 
363 
363 
363 
363 
363 
2796.88 
363 
363 
363 
363 
363 
554.222 
363 
363 
363 
363 
363 
712.451 
363 
363 
363 
374.876 
363 
363 
364.152 
363 
363 
363 
363 
363 
363 
363 
363 
363 
363 
363 
363.002 
363 
363 
363 
363 
363 
363 
363 
402.346 
363 
363 
363 
4114.71 
363 
363 
363 
363 
363 
363 
363 
363 
363 
363 
363 
363 
363 
363 
363 
363 
363 
363 
363 
363 
363 
363 
363 
363 
363 
3223.97 
363 
363 
363 
363 
363 
364.026 
363.151 
363 
5103.62 
363 
363 
365.998 
11087.7 
363 
363 
363 
363 
3096.97 
400.049 
363.003 
363 
363.006 
363 
363 
363 
7977.49 
363 
6340.49 
363 
363 
363 
363 
363 
363 
363.125 
593.262 
363 
363 
363 
365.114 
363 
363 
363 
363 
2573.75 
3102.16 
363 
363 
363 
363 
363 
402.513 
363 
3171.28 
363 
363 
363 
365.883 
363 
363 
363 
363.012 
363 
1628.59 
363 
363 
363 
364.662 
363 
363 
363 
363 
363 
363 
363 
363 
363 
363 
363 
363 
363 
363 
363 
363 
363 
496.945 
363.003 
363 
363 
363 
363 
363 
3200.16 
3180.83 
363 
363 
363 
363 
363 
1732.45 
363 
363 
363 
363 
363 
363 
363 
363 
9015.9 
3183.26 
765.259 
363 
363 
363 
363 
363 
363 
363 
3708.15 
363 
363 
363 
363 
363 
363 
363 
363 
363 
363 
363 
363 
363 
363 
386.124 
363 
363 
363 
363 
363 
363 
363 
363 
1716.61 
363 
363 
3332.78 
363 
363 
363 
363.004 
363 
363 
363 
363 
363 
530.291 
363 
363 
363 
363 
363 
363 
363 
363 
363 
409.294 
363 
363 
4803.46 
363 
363.002 
363 
363 
363 
363.006 
363 
363 
363 
9328.41 
367.092 
363 
363 
363 
363 
3566.71 
363 
363 
363 
363 
363 
363 
363 
363 
363 
363 
363 
363 
3783.55 
363 
363 
364.585 
363.087 
363 
363 
363 
363 
363 
363 
363.092 
363 
363 
363 
363 
1051.98 
6703.69 
363 
367.151 
363 
363 
363 
363.006 
363 
363 
363 
363 
363 
363 
363 
363 
363 
363 
363 
367.751 
363 
363 
363 
363 
363 
363 
462.674 
363 
363 
364.706 
363 
363 
363 
363 
363 
365.756 
363 
363 
363 
6741.72 
363 
363 
363 
363 
363 
363 
363 
363 
363 
363 
1736.12 
363 
363 
363.006 
368.304 
363 
363 
363 
363 
363 
363 
363 
404.141 
363 
363 
363 
3283.72 
363 
363 
363 
363 
363 
363 
363 
363 
363.09 
363 
4222.9 
363 
365.555 
363 
363 
363 
