363 
5297.43 
3200.28 
8280.87 
363 
363 
363 
363 
363 
363 
363 
371.362 
363 
6769.76 
363.666 
363 
3085.05 
548.472 
438.472 
363 
363 
6676 
363 
363 
363 
3741.8 
6751.34 
414.991 
363.041 
363 
3248.3 
363 
363 
363 
5342.4 
363 
363 
1724.46 
6968.76 
3082.14 
7674.88 
3751 
363 
392.322 
363 
363 
370.178 
363 
12272.3 
12224.2 
378.897 
363.101 
363 
363 
363 
368.541 
363 
363 
363.257 
395.397 
3083.72 
363.542 
363.001 
363 
363 
363.001 
363 
363.057 
363 
363 
363 
363 
923.469 
363 
363 
363 
363 
370.698 
363.004 
363 
363 
1400.98 
365.581 
363 
378.796 
363 
363.003 
7744.39 
363.363 
5347.49 
363.001 
363 
363 
363 
6234.49 
363 
363 
363 
3373.74 
3708.21 
363 
363 
363 
363 
363 
363 
363 
363 
5151.01 
363 
363 
10452.1 
363 
363 
363 
363 
363.017 
363.004 
4583.72 
3156.87 
363 
363 
5077.12 
7223.74 
3137.1 
363 
363 
363 
363 
6750.57 
363 
363 
363 
363 
363.002 
3264.26 
363 
363.06 
363 
363 
1840.83 
363 
363 
363.106 
363.167 
363 
5216.57 
363 
363 
363 
363 
363 
5158.25 
363 
3244.47 
363 
3315.75 
363 
3960.28 
363 
363 
363 
372.509 
3552.73 
363 
363.592 
3536.86 
363 
370.803 
363 
363.05 
363 
447.275 
366.669 
363 
480.621 
7590.41 
1954.95 
363 
363 
363 
363 
363 
363 
363 
417.395 
363 
363 
363 
3722.39 
363 
363 
363 
17702.5 
363 
363 
416.49 
363 
363 
363.009 
363 
363 
363 
363 
363 
363 
363.015 
363 
363 
363 
363 
363 
417.481 
458.807 
363.019 
7087.69 
363.147 
370.338 
363 
3089.92 
363 
2192.28 
363.095 
1558.2 
4142.51 
363 
363 
371.946 
6022.73 
363 
499.678 
363 
363 
1448.92 
383.113 
7033.1 
363 
6665.25 
363 
363 
363 
5189.66 
363 
5117.19 
363 
363 
365.488 
363 
364.708 
363 
3626.26 
485.954 
363 
363 
363 
6633.18 
363 
363 
363.836 
363 
3431.19 
1739.04 
363 
363 
363 
363 
363 
391.091 
366.732 
3188.32 
363 
363 
363 
3726.11 
9420.93 
363 
363 
683.936 
8444.9 
1296.68 
1202.17 
363 
363 
363.906 
363 
363 
363 
363 
1814.24 
363 
363 
363 
363 
363 
363 
363 
363 
363 
363 
3317.15 
363 
474.056 
371.523 
363.257 
363 
363 
363 
363.005 
1644.01 
5437.96 
363.53 
4202.52 
4478.1 
363 
363 
4035.38 
363 
363 
363 
363 
363 
3158.02 
363 
383.113 
5181.37 
3139.21 
1386.51 
363 
363.017 
4073.54 
363 
363 
363 
363 
5247.45 
363 
363 
363 
1603.89 
5189.22 
363 
363 
363.764 
363 
363 
363 
363 
363 
363 
3269.43 
363 
363 
363 
363.007 
363 
363 
1484.91 
363 
910.901 
363 
363 
4238.08 
1982.4 
363 
363 
363.002 
363 
363 
412.053 
363.096 
363 
3482.5 
529.556 
369.543 
771.98 
363 
363 
363 
363 
363 
363 
665.571 
363 
363 
4069.79 
363 
4008.21 
363 
363 
363.491 
7494.97 
363 
363 
363 
5020.27 
878.627 
363 
363 
363.147 
363 
3317.99 
363.012 
363 
363 
363 
363 
363 
363 
1034.55 
363 
1172.68 
363 
363.017 
5886.19 
363 
423.355 
363.918 
363.077 
363 
363 
363 
363 
363 
363 
363.053 
363 
5980.95 
363 
363 
1086.11 
5258.13 
6582.65 
6481.21 
363 
363 
363 
363.003 
363 
363 
481.119 
363 
3185.62 
363 
363 
363 
363 
363 
363 
1187.1 
1651.98 
1857.5 
7830.46 
398.436 
363 
6887.9 
827.9 
363 
363 
5477.41 
363 
363 
363 
363 
363 
867.665 
363 
4350.23 
363.022 
5535.71 
4712.37 
363 
363 
363 
363 
363 
363 
982.89 
363 
363 
845.15 
363 
365.775 
363.009 
1042.07 
363 
363 
1612.62 
1492.64 
363 
363 
363 
386.705 
363 
363 
363 
3084.23 
363 
436.279 
363 
363 
363 
363 
6753.19 
363 
363.037 
948.506 
3764.94 
363 
6694.16 
492.445 
363 
363.05 
