363.002 
4228.92 
6482.16 
4978.14 
3380.13 
363 
4799.79 
3602.68 
363 
11594 
458.823 
373.387 
13573.8 
4880.41 
367.802 
3107.43 
1093.26 
471.866 
1483.07 
3189.68 
517.693 
4789.38 
363 
363 
363.034 
3384.26 
5234.74 
5461.5 
363.026 
363 
6431.15 
367.053 
370.903 
363 
4281.09 
2189.26 
363.001 
972.963 
4853.09 
933.25 
5498.92 
4660.23 
363 
414.286 
363 
363 
1416.49 
3434.16 
5681.26 
5970.23 
372.987 
1588.47 
363 
363 
363 
366.69 
363 
363.001 
363.144 
498.18 
1721.18 
363.501 
719.483 
3355.68 
363.002 
363 
363 
363.28 
363.254 
1654.97 
363.174 
648.21 
660.663 
371.351 
363 
363 
3107.3 
370.281 
6840.25 
454.667 
1509.8 
778.969 
364.136 
363 
6496.31 
375.929 
363.003 
4747.35 
363.869 
4231.15 
363.002 
363 
1207.6 
363.091 
4711.73 
3149.25 
363 
2365.37 
3181.97 
3514.82 
363.017 
363 
594.004 
385.842 
363 
363 
363 
9253.76 
4271.04 
3627.45 
3218.61 
5558.49 
378.666 
7376.35 
1381.47 
415.248 
363.011 
363.005 
5289.18 
1727.35 
363 
387.751 
4325.05 
4971.76 
5301.52 
4609.97 
363 
363 
892.827 
4976.92 
363.004 
363.009 
363 
363 
363.516 
3253.1 
7229.83 
363.041 
363 
363 
1176.14 
363.001 
3211.61 
363.058 
363.09 
372.7 
4095.45 
363.001 
363 
363 
4385.77 
363 
4083.08 
370.021 
2000.51 
3621.42 
5879.73 
7275.7 
3611.79 
363 
7016.37 
363.071 
369.899 
3619.89 
363 
363.275 
3310.87 
363.001 
366.847 
363 
6824.28 
9809.32 
862.297 
364.605 
363 
419.998 
4859.12 
922.895 
363.01 
3443.58 
363.035 
383.74 
363 
363 
364.819 
392.816 
363 
363 
363 
3395.19 
7584.5 
363 
363 
6223.38 
363 
363 
392.862 
363 
363 
363.005 
363 
3162.79 
363 
363 
374.68 
3256.08 
6573.48 
363 
8972.03 
364.578 
363.143 
363 
1699.09 
405.847 
7232.87 
5160.8 
363.771 
3678.09 
363 
3412.59 
426.238 
891.405 
363.041 
1784.24 
3585.07 
7728.03 
363 
368.608 
4803 
363 
3344.94 
363.099 
363.058 
1115.53 
372.885 
4922.59 
363.436 
4699.15 
5133.84 
506.025 
478.096 
4234.86 
8204.63 
4097.26 
363.346 
363 
488.43 
363 
3927.69 
3365.1 
3290.82 
424.615 
11271.2 
363 
363 
4468.81 
363 
3226.73 
363.382 
363 
3177.96 
843.711 
363 
363 
363 
6196.2 
363 
380.262 
365.943 
1685.66 
363 
363.001 
363.616 
3437.61 
5029.89 
363.028 
363 
525.626 
5744.29 
1138.47 
673.013 
363 
363 
363.452 
363 
363.314 
363 
402.907 
800.077 
363.003 
363.009 
363 
363 
363 
363 
363 
363 
363 
363 
3131.93 
363 
430.098 
366.911 
366.755 
363 
363 
564.683 
363.002 
702.552 
4162.49 
3147.69 
3794.2 
4496.9 
401.755 
14068.5 
3601.09 
1712.08 
363 
363.001 
363 
363 
1743.26 
363 
375.343 
4153.93 
1187.35 
717.826 
363.001 
370.625 
4469.69 
363 
363 
380.385 
363 
4170.13 
363 
363 
1711.61 
770.526 
5250.24 
363.009 
363 
5950.85 
1743.22 
363.001 
363 
363 
1018.96 
363 
2587.38 
363 
8401.23 
363 
369.323 
363.038 
363.014 
5026.58 
365.098 
615.153 
363.506 
363 
3643.22 
1144.45 
363 
365.54 
363.001 
363 
363 
5097.14 
363.044 
363 
3154.44 
443.333 
370.27 
1020.29 
363.013 
11720.4 
7815.55 
1331.48 
371.971 
363.009 
617.257 
363 
363 
3591.79 
3630.97 
3562.13 
5826.71 
363 
451.299 
4869.36 
459.389 
10990.9 
363.003 
3994.93 
581.656 
3493.4 
363 
363.219 
363.467 
3100.16 
388.601 
363.001 
363.001 
363 
363 
363 
363 
1408.05 
363.002 
699.349 
363 
363.018 
4459.19 
3211.28 
1377.87 
363.486 
363.033 
363 
373.342 
363 
9222.74 
363.262 
363 
363.023 
370.255 
4666.98 
363 
363 
751.05 
4086.77 
4834.73 
4440.89 
3184.48 
363 
1154.33 
363.001 
427.996 
3681.84 
669.789 
363 
5261.24 
363 
363.023 
363 
887.194 
363 
363 
1132.88 
706.248 
1182.82 
5193.23 
4623.33 
363 
4703.05 
557.207 
5772.28 
363 
4178.63 
363 
363 
363 
6951.56 
363 
592.759 
363 
3677.76 
363.1 
4472.48 
3906.75 
7405.56 
363 
363.017 
363 
363 
363.005 
798.036 
363.183 
363.032 
557.902 
363 
363.911 
363.005 
669.984 
363 
368.224 
770.139 
5514.94 
363 
371.197 
1681.15 
375.546 
363 
363 
363 
805.411 
2492.47 
5909.79 
389.592 
363 
2666.62 
363 
5300.66 
363 
363.013 
1102.9 
3416.81 
363 
4718.72 
427.975 
363 
363.021 
