363.001 
4265.25 
6640.34 
5047 
3389.81 
363 
4835.54 
3157.73 
363 
13745 
462.075 
373.339 
11017.4 
4933.99 
367.78 
3104.74 
1138.79 
474.865 
1586.64 
2421.27 
377.168 
4847.42 
363 
363 
363.035 
3399.54 
5283.57 
5568.92 
363.026 
363 
6554.12 
363.091 
364.3 
363 
4317.42 
2359.04 
363.001 
997.422 
4909.61 
967.374 
5559.88 
4694.67 
363 
414.226 
363 
363 
1495.17 
3450.59 
5772.54 
6063.83 
373.228 
1659.08 
363 
363 
363 
366.768 
363 
363.001 
363.149 
494.406 
1738.8 
363.513 
733.068 
3333.04 
363.002 
363 
363 
363.27 
363.006 
591.604 
363.181 
655.804 
669.771 
371.644 
363 
363 
2231.26 
370.426 
6998.46 
457.388 
1562.34 
794.569 
364.185 
363 
6684.59 
375.226 
363.003 
4811.94 
363.847 
4268.52 
363.002 
363 
1278.34 
363.002 
4758.65 
3055.04 
363 
579.866 
3190.82 
3525.66 
363.017 
363 
603.939 
384.294 
363 
363 
363 
10128.9 
4303.09 
3651.7 
3228.4 
5642.42 
363.411 
7693.44 
419.439 
417.14 
363.011 
363.005 
5397.83 
1742.41 
363 
388.18 
4353.81 
5030.7 
5390.95 
4637.64 
363 
363 
906.714 
5029.21 
363 
363.009 
363 
363 
363.54 
3260.68 
7429.93 
363.041 
363 
363 
1198.74 
363 
3222.77 
363.06 
363.093 
365.914 
4132.48 
363.001 
363 
363 
4428.24 
363 
4119.12 
363.843 
2172.64 
3606.68 
6020.73 
7639.82 
3626.89 
363 
5886.09 
363.072 
370.023 
3641.92 
363 
363.286 
3321.2 
363.001 
366.989 
363 
7071.97 
9543.4 
860.566 
364.674 
363 
422.156 
4922.34 
950.704 
363.01 
3460.29 
363.012 
384.493 
363 
363 
364.895 
393.74 
363 
363 
363 
3409.38 
8019.59 
363 
363 
6339.38 
363 
363 
393.73 
363 
363 
363.005 
363 
3119.31 
363 
363 
374.786 
3269.25 
6765.54 
363 
9911.67 
364.379 
363.149 
363 
1725.04 
407.635 
7427.3 
5216.36 
363.8 
3697.57 
363 
3428.5 
428.51 
920.35 
363.043 
1792.07 
3607.04 
8018.41 
363 
368.743 
4844.32 
363 
3362.41 
363.047 
363.061 
1121.54 
373.251 
4979.45 
363.009 
4752.82 
4329.71 
391.309 
475.006 
4268.62 
8635.22 
4132.15 
363.017 
363 
483.535 
363 
3950.93 
3150.81 
3305.24 
426.812 
12791.2 
363 
363 
4523.52 
363 
3236.7 
363.398 
363 
3189.26 
866.941 
363 
363 
363 
6058.12 
363 
380.705 
366.027 
1704.54 
363 
363 
363.036 
3450.38 
5105.28 
363.02 
363 
531.164 
5813.83 
1142.82 
686.493 
363 
363 
363.469 
363 
363.007 
363 
365.014 
823.74 
363.003 
363.002 
363 
363 
363 
363 
363 
363 
363 
363 
3140.49 
363.001 
431.84 
367.07 
366.858 
363 
363 
491.068 
363.002 
718.648 
4202.77 
3160.2 
3814.85 
4543.75 
389.297 
10634 
3619.17 
1738.12 
363 
363.001 
363 
363 
1748.22 
363 
375.655 
4189.14 
1250.68 
733.294 
363 
369.951 
4524.7 
363 
363 
369.527 
363 
4206.48 
363 
363 
1734.98 
787.922 
5339 
363.01 
363 
6083.21 
1834.7 
363 
363 
363 
1057.27 
363 
3080.06 
363 
8917.4 
363 
369.524 
363.039 
363.015 
5111.39 
365.182 
624.468 
363.526 
363 
3666.38 
1160.94 
363 
365.641 
363.001 
363 
363 
5174.61 
363.045 
363 
3168.5 
446.447 
370.206 
1064.45 
363.011 
11999.6 
8286.93 
1015.59 
372.321 
363 
619.254 
363 
363 
3611.3 
3652.67 
3580.57 
5990.67 
363 
454.969 
4931.68 
370.937 
5191.49 
363.003 
4029.62 
590.655 
3323.59 
363 
363.218 
363.484 
3110.04 
389.466 
363.001 
363 
363 
363 
363 
363 
1411.8 
363 
712.385 
363 
363.018 
4503.43 
1814.69 
1457.68 
363.502 
363.035 
363 
364.611 
363 
10002.2 
363.011 
363 
363.024 
370.085 
4709.92 
363 
363 
766.043 
4124.77 
4885.94 
4493.99 
2379.49 
363 
412.607 
363.001 
366.721 
3148.55 
684.557 
363 
5335.68 
363 
363.024 
363 
912.017 
363 
363 
1135.39 
723.575 
1215.48 
5294.89 
4685.33 
363 
4766.16 
565.443 
4005.89 
363 
4219.39 
363 
363 
363 
5412.29 
363 
601.458 
363 
3703.16 
363.096 
4509.39 
3936.11 
7543.55 
363 
363.018 
363 
363 
363 
819.394 
363.009 
363.033 
566.443 
363 
363.96 
363.005 
678.477 
363 
365.429 
787.594 
5643.87 
363 
370.556 
1702.72 
375.962 
363 
363 
363 
833.687 
883.512 
6069.7 
388.286 
363 
3082.39 
363 
5411.1 
363 
363.014 
1102.87 
3431.77 
363 
4772.63 
429.597 
363 
363.022 
