363 
4445.52 
7615.51 
5412.03 
3420.65 
363 
3612.83 
363.023 
363 
7431.88 
478.215 
373.067 
1487.74 
5207.88 
367.669 
511.056 
1440.08 
489.471 
1719.68 
363.011 
363 
5148.31 
363 
363 
363.039 
3471.75 
5528.24 
6185.85 
363.029 
363 
7255.23 
363 
363 
363 
4497.44 
2018.8 
363.001 
1131.04 
5200.99 
1174.86 
5872.07 
4862.99 
363 
413.08 
363 
363 
1694.91 
3389.29 
6271.12 
6572.67 
374.385 
1744.52 
363 
363 
363 
367.138 
363 
363.001 
363.17 
475.348 
2220.85 
363.562 
803.39 
1028.81 
363.003 
363 
363 
363.224 
363 
363 
363.215 
693.131 
715.273 
372.636 
363 
363 
363.056 
371.118 
7955.25 
457.718 
433.986 
875.929 
364.432 
363 
7934.52 
363.333 
363.003 
5153.22 
363.741 
4454.44 
363.002 
363 
1674.61 
363 
4995.46 
363.057 
363 
363 
3231.85 
3576.02 
363.015 
363 
552.447 
363.396 
363 
363 
363 
16948.4 
4460.03 
3758.02 
3273.92 
6095.07 
363 
10467.9 
363 
426.56 
363.013 
363.005 
6029.36 
2135.4 
363 
390.179 
4493.19 
5335.36 
5884.72 
3322.54 
363 
363 
949.485 
5294.96 
363 
363.006 
363 
363 
363.659 
3295.65 
8721.07 
363.046 
363 
363 
1328.51 
363 
3274.85 
363.069 
363.107 
363 
4317.18 
363 
363 
363 
4270.29 
363 
4298.38 
363 
3098.86 
2499.16 
6883.85 
7084.24 
3698.05 
363 
918.098 
363.081 
370.595 
3748.03 
363 
363.341 
3369.24 
363.001 
367.696 
363 
8952.63 
3127.37 
844.534 
365.026 
363 
432.955 
5253.96 
1109.66 
363.009 
3168.9 
363 
388.235 
363 
363 
365.276 
398.278 
363 
363 
363 
3476.2 
12839.3 
363 
363 
6996.25 
363 
363 
398.011 
363 
363 
363.006 
363 
369.489 
363 
363 
364.521 
3167.61 
8045.8 
363 
5357.87 
363.012 
363.113 
363 
2616.47 
416.675 
8674.67 
5499.7 
363.949 
3790.51 
363 
3503.85 
393.779 
1088.82 
363.052 
1844.08 
3712.83 
10200.2 
363 
369.397 
5049.51 
363 
3445.63 
363 
363.045 
1153.84 
375.075 
5272.22 
363 
5028.69 
495.804 
363 
453.354 
4434.9 
10879.7 
4305.04 
363 
363 
457.587 
363 
4062.63 
363.292 
3373.3 
437.739 
5033.18 
363 
363 
4807.57 
363 
3262.63 
363.477 
363 
3242.11 
995.943 
363 
363 
363 
3117.44 
363 
382.836 
366.434 
2014.16 
363 
363 
363 
3510.22 
5511.37 
363 
363 
558.779 
6174.6 
1164.66 
757.154 
363 
363 
363.55 
363 
363 
363 
363 
957.191 
363.003 
363 
363 
363 
363 
363 
363 
363 
363 
363 
3180.15 
363.001 
440.272 
367.87 
367.359 
363 
363 
363.087 
363.003 
807.087 
4405.21 
3218.99 
3913.57 
4781.45 
363.028 
728.464 
3705.19 
2854.58 
363 
363.001 
363 
363 
1901.75 
363 
377.163 
4363.6 
1662.16 
815.073 
363 
367.129 
4810.48 
363 
363 
363 
363 
4387.08 
363 
363 
1248.31 
880.507 
5829.25 
363.014 
363 
6872.42 
2438.51 
363 
363 
363 
1295.97 
363 
3122.36 
363 
5809.23 
363 
370.508 
363.045 
363.001 
5579.47 
363.769 
671.783 
363.627 
363 
3778.18 
1255.39 
363 
365.336 
363.001 
363 
363 
5592.78 
363.055 
363 
3234.93 
462.092 
369.896 
1364.56 
363 
3130.41 
13237.6 
363.846 
374.075 
363 
628.969 
363 
363 
3704.53 
3756.91 
3668.43 
6607.83 
363 
473.561 
5257.64 
363 
364.486 
363.003 
4201.93 
636.81 
388.905 
363 
363.213 
363.549 
3156.04 
393.735 
363 
363 
363 
363 
363 
363 
1427.06 
363 
779.822 
363 
363.022 
4726.47 
363 
1695.11 
363.582 
363.042 
363 
363 
363 
9332.61 
363 
363 
363.03 
366.175 
4924.54 
363 
363 
840.538 
4314.91 
5146.45 
4768.61 
363.002 
363 
363 
363.002 
363 
363.008 
763.267 
363 
5732.03 
363 
363.008 
363 
549.868 
363 
363 
1147.21 
817.473 
1330.88 
5877.53 
5012.05 
363 
5098.84 
607.725 
366.091 
363 
4424.51 
363 
363 
363 
513.349 
363 
645.661 
363 
3826.59 
363.075 
4691.81 
4079.89 
3285.84 
363 
363.003 
363 
363 
363 
934.824 
363 
363.035 
610.494 
363 
364.222 
363.006 
724.56 
363 
363.001 
880.563 
6425.55 
363 
367.725 
2102.1 
378.009 
363 
363 
363 
1007.88 
363 
7097.4 
380.707 
363 
875.061 
363 
6056.19 
363 
363.018 
1099.99 
3502.37 
363 
5049.72 
438.536 
363 
363.027 
