363 
8332.16 
363 
363 
363 
363 
363 
363 
363 
363 
363 
363.002 
363 
462.772 
363 
363 
363 
363 
363 
363 
363 
363 
363 
363 
363 
363 
19221.2 
363 
363.001 
363 
363 
363 
363 
363 
9174.67 
363 
363 
363 
363 
363 
363 
363 
363 
363 
363 
363 
363 
363 
363 
363 
363 
363 
363 
363 
363 
363.002 
363 
363 
363 
363 
363 
363 
363 
363 
363 
363 
363 
363 
363 
363 
363 
363 
363 
363 
363 
363 
363 
363 
363 
363 
363 
3102.78 
363.007 
363 
363 
363 
363.001 
363 
363 
3168.57 
363 
363 
363 
363 
5736.61 
363 
363 
363 
363 
363 
363 
363 
363 
363 
363 
363 
363 
363 
6655.17 
363 
363 
363 
363 
363 
363 
363 
363.018 
363 
363 
3262.33 
363 
363 
3711.42 
363 
363 
363 
363 
363 
363 
364.014 
363 
363 
363 
363 
363 
363 
363 
363 
363 
363 
496.279 
363 
363 
363 
363 
363 
767.313 
363 
363 
363 
363 
363 
372.956 
363 
363 
363 
363 
363 
389.119 
363 
363 
363 
374.998 
363 
363 
364.17 
363 
363 
363 
363 
363 
363 
363 
363 
363 
363 
363 
363 
363 
363 
363 
363 
363 
363 
363 
379.851 
363 
363 
363 
4046.66 
363 
363 
363 
363 
363 
363 
363 
363 
363 
363 
363 
363 
363 
363 
363 
363 
363 
363 
363 
363 
363 
363 
363 
363 
363 
1948.18 
363 
363 
363 
363 
363 
363.037 
363.102 
363 
5152.83 
363 
363 
363.915 
12387.4 
363 
363 
363 
363 
3094.45 
399.445 
363 
363 
363 
363 
363 
363 
8416.1 
363 
4846.01 
363 
363 
363 
363 
363 
363 
363.002 
601.683 
363 
363 
363 
363.038 
363 
363 
363 
363 
994.178 
2412.29 
363 
363 
363 
363 
363 
396.611 
363 
3096.55 
363 
363 
363 
363.092 
363 
363 
363 
363 
363 
1045.68 
363 
363 
363 
364.719 
363 
363 
363 
363 
363 
363 
363 
363 
363 
363 
363 
363 
363 
363 
363 
363 
363 
452.043 
363 
363 
363 
363 
363 
363 
3210.13 
2002.57 
363 
363 
363 
363 
363 
577.721 
363 
363 
363 
363 
363 
363 
363 
363 
9892.04 
3106.6 
432.339 
363 
363 
363 
363 
363 
363 
363 
3201.76 
363 
363 
363 
363 
363 
363 
363 
363 
363 
363 
363 
363 
363 
363 
364.555 
363 
363 
363 
363 
363 
363 
363 
363 
1735.97 
363 
363 
3116.05 
363 
363 
363 
363.004 
363 
363 
363 
363 
363 
374.841 
363 
363 
363 
363 
363 
363 
363 
363 
363 
377.45 
363 
363 
4861.4 
363 
363 
363 
363 
363 
363 
363 
363 
363 
10242.9 
363.342 
363 
363 
363 
363 
3582.24 
363 
363 
363 
363 
363 
363 
363 
363 
363 
363 
363 
363 
3187.43 
363 
363 
364.575 
363.044 
363 
363 
363 
363 
363 
363 
363.07 
363 
363 
363 
363 
859.982 
4673.28 
363 
363.087 
363 
363 
363 
363.006 
363 
363 
363 
363 
363 
363 
363 
363 
363 
363 
363 
363.325 
363 
363 
363 
363 
363 
363 
383.035 
363 
363 
363.039 
363 
363 
363 
363 
363 
363.218 
363 
363 
363 
5175.54 
363 
363 
363 
363 
363 
363 
363 
363 
363 
363 
1802.19 
363 
363 
363.002 
363.397 
363 
363 
363 
363 
363 
363 
363 
404.088 
363 
363 
363 
3210.61 
363 
363 
363 
363 
363 
363 
363 
363 
363.095 
363 
4254.3 
363 
363.054 
363 
363 
363 
