363 
5387.28 
1733.16 
8859.87 
363 
363 
363 
363 
363 
363 
363 
371.171 
363 
6973.54 
363.181 
363 
2845.14 
553.549 
370.864 
363 
363 
6099.46 
363 
363 
363 
3764.4 
6888.4 
365.004 
363.042 
363 
2640.4 
363 
363 
363 
5430.87 
363 
363 
1740.01 
7217.57 
3093.89 
7913.62 
3282.32 
363 
389.8 
363 
363 
363.576 
363 
13964.1 
13881.1 
379.281 
363.003 
363 
363 
363 
368.658 
363 
363 
363.265 
389.323 
1713.91 
363.517 
363 
363 
363 
363.001 
363 
363.042 
363 
363 
363 
363 
915.933 
363 
363 
363 
363 
367.759 
363 
363 
363 
1481.9 
365.692 
363 
363.398 
363 
363.003 
8238.62 
363.335 
5443.33 
363.001 
363 
363 
363 
6380.63 
363 
363 
363 
3384.65 
3613.58 
363 
363 
363 
363 
363 
363 
363 
363 
5218.71 
363 
363 
11234 
363 
363 
363 
363 
363.018 
363.004 
3386.82 
3164.69 
363 
363 
5131.56 
7497.01 
1687.01 
363 
363 
363 
363 
6931.57 
363 
363 
363 
363 
363 
3161.61 
363 
363.054 
363 
363 
1930.61 
363 
363 
363.109 
363.172 
363 
5314.54 
363 
363 
363 
363 
363 
5250.4 
363 
3255.85 
363 
2746.65 
363 
3981.94 
363 
363 
363 
372.65 
3267.49 
363 
363.616 
3541.8 
363 
371.091 
363 
363.001 
363 
403.301 
366.828 
363 
480.18 
7989.55 
2115.83 
363 
363 
363 
363 
363 
363 
363 
419.12 
363 
363 
363 
3742.72 
363 
363 
363 
14355.3 
363 
363 
418.199 
363 
363 
363.009 
363 
363 
363 
363 
363 
363 
363 
363 
363 
363 
363 
363 
367.145 
462.885 
363 
7290.58 
363.032 
363.272 
363 
1512.25 
363 
2492.31 
363.099 
853.471 
4181.38 
363 
363 
372.163 
6125.75 
363 
372.643 
363 
363 
1510.11 
383.861 
7278.38 
363 
6889.38 
363 
363 
363 
5265.96 
363 
5202.3 
363 
363 
363.923 
363 
363.048 
363 
3647.32 
490.466 
363 
363 
363 
6910.23 
363 
363 
363.867 
363 
3446.4 
1804.76 
363 
363 
363 
363 
363 
391.787 
365.371 
3199.32 
363 
363 
363 
3743.61 
10509.2 
363 
363 
696.082 
8594.2 
1316.24 
1266.42 
363 
363 
363.939 
363 
363 
363 
363 
1958.66 
363 
363 
363 
363 
363 
363 
363 
363 
363 
363 
3327.83 
363 
476.998 
371.871 
363.042 
363 
363 
363 
363.005 
1672.84 
5556.38 
363.015 
4011.78 
3705.77 
363 
363 
4063.7 
363 
363 
363 
363 
363 
3134.59 
363 
383.624 
5266.88 
3151.2 
1483.72 
363 
363.005 
3407.01 
363 
363 
363 
363 
5338.97 
363 
363 
363 
1661.85 
3787.64 
363 
363 
363.025 
363 
363 
363 
363 
363 
363 
3280.97 
363 
363 
363 
363 
363 
363 
445.268 
363 
937.104 
363 
363 
4280.2 
2142.35 
363 
363 
363.002 
363 
363 
364.989 
363.091 
363 
3503.16 
520.749 
369.479 
445.978 
363 
363 
363 
363 
363 
363 
668.083 
363 
363 
4101.72 
363 
4037.55 
363 
363 
363.04 
7865.76 
363 
363 
363 
5107.05 
905.846 
363 
363 
363.139 
363 
3330.83 
363.001 
363 
363 
363 
363 
363 
363 
751.896 
363 
1221.75 
363 
363.007 
6022.08 
363 
369.693 
363.948 
363.08 
363 
363 
363 
363 
363 
363 
363.055 
363 
6089.37 
363 
363 
1089.73 
5362.98 
6762.61 
6731.1 
363 
363 
363 
363.003 
363 
363 
392.805 
363 
2206.52 
363 
363 
363 
363 
363 
363 
1189.49 
1674.59 
1966.17 
4780.87 
364.426 
363 
6079.9 
852.327 
363 
363 
5598.98 
363 
363 
363 
363 
363 
891.697 
363 
4398.92 
363.019 
5622.72 
4766.86 
363 
363 
363 
363 
363 
363 
612.658 
363 
363 
871.778 
363 
365.956 
363.009 
1087.69 
363 
363 
1663.15 
432.695 
363 
363 
363 
387.493 
363 
363 
363 
3097.83 
363 
365.484 
363 
363 
363 
363 
4032.38 
363 
363.039 
912.068 
3786.81 
363 
6919.46 
498.099 
363 
363.053 
