363 
6633.16 
363 
3282.7 
363 
363 
363 
363 
363 
363 
363 
368.885 
363 
12190.8 
363 
363 
363 
566.296 
363 
363 
363 
363.001 
363 
363 
363 
3288.17 
9044.79 
363 
363.052 
363 
363 
363 
363 
363 
6641.38 
363 
363 
526.537 
3043.46 
423.441 
3786.91 
363 
363 
363.222 
363 
363 
363 
363 
390.829 
369.539 
371.785 
363 
363 
363 
363 
369.78 
363 
363 
363.331 
363.001 
363 
363.033 
363 
363 
363 
363.001 
363 
363 
363 
363 
363 
363 
363 
363 
363 
363 
363 
363 
363 
363 
363 
1898.23 
366.924 
363 
363 
363 
363.003 
1343.4 
363.087 
6817.46 
363 
363 
363 
363 
9020.69 
363 
363 
363 
383.902 
364.376 
363 
363 
363 
363 
363 
363 
363 
363 
6050.66 
363 
363 
363.668 
363 
363 
363 
363 
363.022 
363.003 
363 
3238.53 
363 
363 
5756.96 
3321.49 
363 
363 
363 
363 
363 
9546.42 
363 
363 
363 
363 
363 
363 
363 
363 
363 
363 
3112.54 
363 
363 
363 
363.003 
363 
6746.14 
363 
363 
363 
363 
363 
6414.6 
363 
2274.41 
363 
363 
363 
4187.43 
363 
363 
363 
373.923 
363 
363 
363.878 
363.205 
363 
367.244 
363 
363 
363 
363 
366.645 
363 
363 
996.929 
3091.71 
363 
363 
363 
363 
363 
363 
363 
437.49 
363 
363 
363 
3947.76 
363 
363 
363 
363 
363 
363 
367.433 
363 
363 
363.012 
363 
363 
363 
363 
363 
363 
363 
363 
363 
363 
363 
363 
363 
363.15 
363 
12240.2 
363 
363 
363 
363 
363 
3157.58 
363.146 
363 
4612.19 
363 
363 
374.371 
7563.51 
363 
363 
363 
363 
1820.83 
391.991 
5164.32 
363 
5330.89 
363 
363 
363 
6249.15 
363 
6368.98 
363 
363 
363 
363 
363 
363 
3576.4 
540.049 
363 
363 
363 
15451.7 
363 
363 
363 
363 
3596.05 
3125.94 
363 
363 
363 
363 
363 
398.772 
363 
3305.45 
363 
363 
363 
3793.14 
1732.83 
363 
363 
768.978 
363.606 
1672.71 
735.951 
363 
363 
364.295 
363 
363 
363 
363 
363.155 
363 
363 
363 
363 
363 
363 
363 
363 
363 
363 
776.955 
363 
507.5 
374.987 
363 
363 
363 
363 
363 
3103.36 
7526.93 
363 
363 
363 
363 
363 
4356.64 
363 
363 
363 
363 
363 
363 
363 
363.382 
6434.17 
3267.65 
2175.32 
363 
363 
363 
363 
363 
363 
363 
6628.96 
363 
363 
363 
1659.68 
363 
363 
363 
363 
363 
363 
363 
363 
363 
363 
3377.91 
363 
363 
363 
363 
363 
363 
363 
363 
1320.02 
363 
363 
4753.69 
366.055 
363 
363 
363.003 
363 
363 
363 
363 
363 
3703.74 
363 
363.001 
363 
363 
363 
363 
363 
363 
363 
668.869 
363 
363 
4442.28 
363 
3468.78 
363 
363 
363 
8975.52 
363 
363 
363 
6323.04 
1312.75 
363 
363 
363.039 
363 
3455.82 
363 
363 
363 
363 
363 
363 
363 
363 
363 
363.055 
363 
363 
8428.87 
363 
363 
364.271 
363.117 
363 
363 
363 
363 
363 
363 
363.081 
363 
449.806 
363 
363 
1132.91 
6983.78 
3167.88 
13375.5 
363 
363 
363 
363.005 
363 
363 
363 
363 
363 
363 
363 
363 
363 
363 
363 
1173.97 
1707.26 
422.052 
363 
363 
363 
363 
1207.75 
363 
363 
6248.96 
363 
363 
363 
363 
363 
1221.5 
363 
445.737 
363.002 
6781.36 
370.646 
363 
363 
363 
363 
363 
363 
363 
363 
363 
1279.56 
363 
364.645 
363.012 
1716.24 
363 
363 
473.776 
363 
363 
363 
363 
395.892 
363 
363 
363 
3231.23 
363 
363 
363 
363 
363 
363 
363 
363 
363.062 
363.295 
4009.08 
363 
10034.3 
363.009 
363 
363.022 
