363.013 
4063.79 
5865.99 
4681.69 
3333.27 
363 
4616.49 
8761.28 
363 
7539.53 
444.163 
373.572 
9474.06 
4643.01 
367.901 
2414.41 
921.815 
458.104 
1162.29 
6180.11 
3214.91 
4535.18 
363 
363 
363.028 
3311.65 
5014.69 
5024.44 
363.023 
363 
5928.47 
5325.75 
526.745 
363 
4115.82 
1740.7 
363 
870.086 
4604.3 
799.562 
5229.2 
4501.57 
363 
413.809 
363.016 
363 
1150.61 
3356.22 
5296.94 
5574.74 
371.867 
1198.42 
363 
363 
363 
366.325 
363.01 
363.001 
363.125 
514.782 
1582.79 
363.44 
660.234 
3283.47 
363.002 
363 
363 
363.328 
3158.77 
3196.83 
363.144 
613.557 
619.701 
370.029 
363 
363 
3229.58 
369.595 
6217.02 
442.241 
1172.51 
711.248 
363.921 
363 
5791.35 
374.857 
363.003 
4468.6 
363.973 
4061.76 
363.001 
363 
967.665 
3174.98 
4501.6 
3445.06 
363 
14650.5 
3139.06 
3462.42 
363.018 
363 
550.71 
382.462 
363 
363 
363 
7120.73 
4123.64 
3514.93 
3171.32 
5201.78 
9367.88 
6314.4 
12155.7 
406.752 
363.01 
363.005 
4850.54 
1658 
363 
385.693 
4191.63 
4712.92 
4927.83 
4420.93 
363 
363 
832.649 
4744.12 
364.705 
363.013 
363 
363 
363.414 
3216.2 
6472.47 
363.036 
363 
363.097 
1071.64 
363.112 
3157.92 
363.05 
363.077 
400.87 
3927.91 
363.001 
363 
363 
4194.83 
363 
3919.67 
782.213 
1690.72 
3555.67 
5328.21 
6114.07 
3539.72 
363 
6582.2 
363.062 
369.302 
3517 
363 
363.226 
3261.05 
363.001 
366.21 
363.016 
5950.85 
7702.5 
865.622 
364.298 
363 
410.355 
4584.71 
809.648 
363.008 
3357.95 
363.114 
380.356 
363 
363 
364.485 
388.608 
363 
363 
363 
3327.51 
6267.6 
363 
363 
5747.03 
363 
363 
388.92 
363 
363 
363.005 
363 
3174 
363 
363 
373.378 
3192.36 
5855.83 
363 
6690.88 
364.425 
363.12 
363 
1285.13 
397.937 
6491.98 
4914.12 
363.638 
3586.32 
363 
3337.09 
415.777 
775.09 
363.033 
1753.06 
3482.51 
6714.71 
363 
367.975 
4615.29 
363 
3262.55 
363.165 
363.049 
1089.7 
371.241 
4672.11 
3483.21 
4462.34 
5492.91 
1670.69 
484.683 
4080.4 
6857.77 
3938.56 
1157.76 
363 
508.577 
363 
3818.97 
4063.48 
3222.17 
414.738 
7876.09 
363 
363 
4229.35 
363 
3178.46 
363.313 
363 
3123.67 
747.472 
374.152 
363 
405.083 
5677.37 
363 
378.198 
365.558 
1349.34 
363 
365.702 
868.097 
3376.38 
4709.21 
363.028 
363 
500.744 
5439.86 
1118.7 
614.951 
363 
363 
363.378 
363 
3210.17 
363 
3605.42 
703.336 
363.002 
363.074 
363 
363 
363 
363 
363 
363 
363 
363 
3090.44 
363 
422.045 
366.205 
366.278 
363 
363 
593.62 
363.002 
636.006 
3981.49 
3087.84 
3697.08 
4288.06 
403.876 
8824.13 
3515.62 
1340.61 
363 
363.001 
363 
363 
1719.06 
363 
373.892 
3993.68 
966.001 
651.572 
365.595 
374.106 
4229.11 
363 
363 
406.817 
363 
4005.14 
363 
363 
1374.98 
696.276 
4879.48 
363.006 
363 
5424.95 
1535.43 
363.007 
363 
363 
870.451 
363 
1746.41 
363 
6850.75 
363 
368.41 
363.032 
363.012 
4672.13 
364.702 
573.948 
363.414 
363 
3535.39 
1071.99 
363 
365.087 
363.001 
363 
363 
4768.09 
363.035 
363 
3087.53 
429.468 
370.538 
855.498 
363.017 
7708.87 
6416.34 
1231.06 
370.409 
1751.44 
608.088 
363 
363 
3499.99 
3529.49 
3475.13 
5207.76 
363 
435.101 
4598.26 
3203.35 
12985.2 
363.003 
3837.35 
542.254 
3562.59 
363 
363.217 
363.391 
2093.11 
384.689 
363.002 
381.201 
363 
363 
363 
363 
1388.7 
638.45 
642.49 
363 
363.014 
4260.89 
14681.4 
1111.28 
363.413 
363.027 
363 
609.347 
363 
7208.05 
1616.08 
363 
363.019 
370.813 
4473.07 
363 
363 
684.144 
3915.3 
4606.92 
4207.85 
5894.27 
363 
7453.93 
363.001 
3563.05 
10931.2 
607.091 
363 
4941.85 
363 
363.019 
363 
779.252 
363 
363 
1120.9 
633.571 
1055.71 
4779.12 
4355.2 
363 
4430.15 
521.209 
8429.82 
363 
3995.57 
363 
363 
363 
6991.8 
363 
554.316 
363.018 
3560.17 
363.123 
4304.18 
3771.72 
6225.56 
363 
363.013 
363 
363 
368.567 
708.47 
1141.62 
363.027 
520.729 
363 
363.706 
363.004 
634.684 
363 
382.034 
695.678 
5007.74 
363 
374.242 
1278.52 
373.662 
363 
363 
363 
696.8 
3815.86 
5300.87 
394.455 
363 
1716.66 
363 
4856.22 
363 
363.01 
1101.36 
3345.61 
363 
4480.88 
421.457 
363 
363.017 
