363 
4858.97 
14673.7 
6462.55 
364.269 
363 
363 
363 
363 
363 
366.211 
372.29 
363 
5898.61 
367.429 
363 
1893.29 
520.469 
3082.65 
363 
363 
5945.38 
363 
363 
363 
3616.38 
6106.37 
6979.88 
363.035 
363 
10044.7 
363 
363 
363 
4908.8 
363 
363 
1573.44 
5957.04 
1720.87 
6664.12 
5231.61 
363 
405.247 
363 
363 
2196.44 
363.004 
7899.94 
8198.76 
376.777 
2681.33 
363 
363 
363 
367.889 
363 
363.001 
363.215 
432.649 
3126.56 
363.605 
602.237 
363 
363.003 
363 
363 
363.135 
363 
363 
363.082 
391.408 
820.123 
363 
363 
363 
363 
372.512 
3710.98 
363 
363 
1092.96 
365.005 
363 
12874.8 
363 
363.003 
6123.25 
363.532 
4884.59 
363.001 
363 
364.454 
363 
5568.17 
363 
363 
363 
3310.05 
3672.47 
363.006 
363 
363 
363 
363 
363 
363 
363.085 
4806.2 
374.744 
3064.49 
7492.52 
363 
3156.56 
363 
385.644 
363.015 
363.005 
8961.36 
3111.5 
363 
363.189 
4792.01 
6133.43 
7521.89 
363 
363 
363 
363.104 
5952.4 
363 
363.002 
363 
363 
363.882 
3361.57 
1737.12 
363.055 
363 
363 
1683.23 
363 
612.632 
363.088 
363.138 
363 
4747.59 
363 
363 
363 
363.03 
363 
4712.81 
363 
3179.05 
363 
12890.7 
363.027 
3839.27 
363 
363 
363.022 
371.669 
3971.36 
363 
363.467 
3461.77 
363.001 
369.276 
363 
8191.23 
363 
730.887 
365.845 
363 
457.455 
6170.34 
1665.84 
363 
363 
363 
363.52 
363 
363 
364.568 
408.141 
363 
363 
363 
3608.79 
451.847 
363 
363 
9577.36 
363 
363 
407.441 
363 
363 
363.008 
363 
363 
363 
363 
363 
363 
4323.83 
363 
363 
363 
363 
363.001 
3169.36 
437.645 
4363.3 
6208.44 
364.283 
3702.47 
363 
3654.26 
363 
1676.64 
363.073 
2409.55 
3935.54 
713.657 
363 
370.748 
5521.07 
363 
3571.86 
363 
363 
1254.8 
379.16 
6028.93 
363 
5737.25 
363 
363 
363.039 
4807.98 
377.827 
4700.28 
363 
363 
398.575 
363 
3736.17 
363 
3509.08 
462.198 
363 
363 
363 
5563.32 
363 
363.148 
363.657 
363 
3345.06 
1450.58 
363 
363 
363 
363 
363 
387.228 
367.299 
3125.2 
363 
363 
363 
3627.41 
6758.34 
363 
363 
621.375 
7132.15 
1219.8 
945.374 
363 
363 
363.732 
363 
363 
363 
363 
1461.25 
363.001 
363 
363 
363 
363 
363 
363 
363 
363 
363 
3255.7 
363.001 
458.003 
369.704 
368.398 
363 
363 
363 
363.004 
1082.25 
4888.53 
3205.19 
4117.16 
5366.5 
363 
363 
3880.24 
1715.39 
363 
363 
363 
363 
3108.01 
363 
380.305 
4761.96 
2582.52 
1041.42 
363 
363.716 
5572.92 
363 
363 
363 
363 
4803.08 
363 
363 
363 
1145.97 
7517.9 
363.016 
363 
4155.13 
363.002 
363 
363 
363 
803.392 
363 
3203.25 
363 
363 
363 
371.541 
363.007 
363 
6866.57 
363 
785.397 
363 
363 
4015.33 
1674.95 
363 
363 
363.002 
363 
363 
5853.62 
363.077 
363 
3367.68 
497.98 
369.429 
2030.57 
363 
363 
376.108 
363 
372.314 
363 
649.208 
363 
363 
3896.63 
1682.36 
3848.04 
364.235 
363 
509.242 
6148.97 
363 
363 
363 
4598.15 
750.145 
363 
363 
363.186 
363 
3244.74 
396.378 
363 
363 
363 
363 
363 
363 
1435.2 
363 
952.81 
363 
363.03 
5264.12 
363 
2531.38 
363.755 
363.059 
363 
363 
363 
363.001 
363 
363 
363.041 
363 
5427.78 
363 
363 
985.48 
4762.35 
5792.94 
5489.83 
363 
363 
363 
363.002 
363 
363 
984.435 
363 
6870.29 
363 
363 
363 
363 
363 
363 
1170.12 
1101.32 
1676.7 
8344.62 
5152.04 
363 
6035.56 
711.434 
363 
363 
4915.76 
363 
363 
363 
363 
363 
751.609 
363 
4093.16 
363.042 
5105.39 
4397.07 
363 
363 
363 
363 
363 
363 
1306.88 
363 
363 
719.902 
363 
364.925 
363.007 
856.218 
363 
363 
1147.84 
10270.2 
363 
363.004 
374.093 
382.485 
363 
363 
363 
1694.06 
363 
12061.7 
364.319 
363 
363 
363 
9164.8 
363 
363.027 
1064.54 
3643.28 
363 
5761.55 
463.253 
363 
363.038 
