363 
5023.81 
16014.2 
7017.16 
363 
363 
363 
363 
363 
363 
363.009 
371.946 
363 
6205.57 
367.085 
363 
2365.36 
531.621 
3033.05 
363 
363 
6321.72 
363 
363 
363 
3666.64 
6344.54 
3656.84 
363.038 
363 
9349.95 
363 
363 
363 
5072.15 
363 
363 
1673.41 
6304.94 
1926.92 
7018.59 
5320.07 
363 
400.319 
363 
363 
1655.24 
363 
8945.5 
9204.86 
377.624 
754.673 
363 
363 
363 
368.151 
363 
363.001 
363.232 
417.311 
3146.26 
363.594 
374.144 
363 
363.001 
363.001 
363 
363.104 
363 
363 
363.002 
363.188 
861.628 
363 
363 
363 
363 
372.988 
1106.86 
363 
363 
1195.97 
365.227 
363 
3799.8 
363 
363.003 
6626.54 
363.462 
5057.73 
363.001 
363 
363 
363 
5810.43 
363 
363 
363 
3336.03 
3704.58 
363.001 
363 
363 
363 
363 
363 
363 
363 
4938.6 
363.002 
409.369 
8310.94 
363 
376.748 
363 
363.621 
363.016 
363.005 
11505.7 
3130.1 
363 
363 
4903.02 
6505.06 
6637.67 
363 
363 
363 
363 
6237.91 
363 
363.001 
363 
363 
363.396 
3382.46 
364.456 
363.058 
363 
363 
1717.02 
363 
363.271 
363.095 
363.149 
363 
4922.23 
363 
363 
363 
363 
363 
4879.48 
363 
3205.71 
363 
15810.5 
363 
3887.92 
363 
363 
363 
372.016 
4046.07 
363 
363.516 
3492.78 
363 
369.872 
363 
3096.71 
363 
640.163 
366.163 
363 
466.823 
6627.71 
1713.92 
363 
363 
363 
363.001 
363 
363 
363.11 
411.78 
363 
363 
363 
3654.47 
363.006 
363 
363 
11937.1 
363 
363 
410.975 
363 
363 
363.008 
363 
363 
363 
363 
363 
363 
1720.85 
363 
363 
363 
363 
363.001 
3105.66 
445.803 
1748.15 
6520.3 
364.266 
3137.5 
363 
3606.75 
363 
1732.75 
363.082 
3083.79 
4016.78 
363.069 
363 
371.226 
5709.46 
363 
3253.26 
363 
363 
1312.79 
380.702 
6375.44 
363 
6059.23 
363 
363 
363 
4953.24 
363.009 
4857.3 
363 
363 
380.885 
363 
3102.35 
363 
3556.1 
471.449 
363 
363 
363 
5922.37 
363 
363 
363.726 
363 
3379.93 
1666.42 
363 
363 
363 
363 
363 
388.775 
367.609 
3150.91 
363 
363 
363 
3667.29 
7482.42 
363 
363 
645.485 
7585.44 
1245.66 
1033.09 
363 
363 
363.8 
363 
363 
363 
363 
1676.53 
363 
363 
363 
363 
363 
363 
363 
363 
363 
363 
3280.77 
363.001 
464.375 
370.409 
367.644 
363 
363 
363 
363.004 
1238.81 
5090.01 
1773.78 
4189.9 
5604.99 
363 
363 
3942.01 
381.23 
363 
363 
363 
363 
3136.36 
363 
381.423 
4920.03 
3098.6 
1153.2 
363 
363.246 
5878.71 
363 
363 
363 
363 
4969.72 
363 
363 
363 
1285.01 
8554.91 
363.002 
363 
2084.8 
363 
363 
363 
363 
373.211 
363 
3230.2 
363 
363 
363 
365.701 
363 
363 
4721.21 
363 
832.089 
363 
363 
4102.47 
1719.94 
363 
363 
363.002 
363 
363 
3518.68 
363.085 
363 
3413.72 
511.85 
369.404 
2484.96 
363 
363 
363 
363 
364.005 
363 
656.097 
363 
363 
3965.24 
365.836 
3911.7 
363 
363 
433.857 
6587.71 
363 
363 
363 
4756.59 
797.573 
363 
363 
363.172 
363 
3274.5 
371.143 
363 
363 
363 
363 
363 
363 
1427.84 
363 
1030.17 
363 
363.033 
5490.75 
363 
2314.75 
363.819 
363.066 
363 
363 
363 
363 
363 
363 
363.046 
363 
5633.31 
363 
363 
1035.06 
4945.86 
6074.74 
5826.83 
363 
363 
363 
363.003 
363 
363 
1041.94 
363 
6369.95 
363 
363 
363 
363 
363 
363 
1177.47 
1259.99 
1713.81 
10770.6 
3390.91 
363 
6514.86 
754.617 
363 
363 
5121.29 
363 
363 
363 
363 
363 
794.945 
363 
4192.91 
363.033 
5268.23 
4518.4 
363 
363 
363 
363 
363 
363 
1546.07 
363 
363 
766.03 
363 
365.236 
363.008 
919.769 
363 
363 
1288.35 
5967.75 
363 
363 
363.007 
384.142 
363 
363 
363 
1852.01 
363 
4346.62 
363.083 
363 
363 
363 
12692.6 
363 
363.03 
1032.45 
3692.09 
363 
6085.08 
474.087 
363 
363.043 
