363 
5534.23 
383.558 
10144.7 
363 
363 
363 
363 
363 
363 
363 
370.862 
363 
7331.61 
363.011 
363 
1613.76 
561.369 
363.101 
363 
363 
4407.63 
363 
363 
363 
3799.32 
7116.68 
363.006 
363.044 
363 
443.151 
363 
363 
363 
5575.27 
363 
363 
1816.3 
7660.82 
3111.6 
8335.51 
2108.5 
363 
385.75 
363 
363 
363.006 
363 
14986 
15988.5 
379.875 
363 
363 
363 
363 
368.837 
363 
363 
363.277 
380.685 
517.719 
363.469 
363 
363 
363 
363.001 
363 
363.021 
363 
363 
363 
363 
779.855 
363 
363 
363 
363 
364.142 
363 
363 
363 
1636.67 
365.867 
363 
363.001 
363 
363.003 
9216.24 
363.292 
5600.89 
363.001 
363 
363 
363 
6628.16 
363 
363 
363 
3395.97 
3326.5 
363 
363 
363 
363 
363 
363 
363.001 
363 
5327.23 
363 
363 
10666.9 
363 
363 
363 
363 
363.019 
363.004 
1742.27 
3176.55 
363 
363 
5217.74 
7998.1 
390.274 
363 
363 
363 
363 
7243.88 
363 
363 
363 
363 
363 
2220.19 
363 
363.03 
363 
363 
2105.62 
363 
363 
363.11 
363.18 
363 
5476.32 
363 
363 
363 
363 
363 
5401.84 
363 
3273.17 
363 
415.662 
363 
4015.31 
363 
363 
363 
372.863 
2807.38 
363 
363.653 
3483.14 
363 
371.544 
363 
363 
363 
369.614 
367.08 
363 
455.179 
8709.71 
2485.09 
363 
363 
363 
363 
363 
363 
363 
421.816 
363 
363 
363 
3774.05 
363 
363 
363 
5827.67 
363 
363 
420.88 
363 
363 
363.009 
363 
363 
363 
363 
363 
363 
363 
363 
363 
363 
363 
363 
363.033 
468.677 
363 
7644.21 
363.001 
363.001 
363 
399.909 
363 
3085.05 
363.105 
445.177 
4242.49 
363 
363 
372.499 
6294.41 
363 
363.068 
363 
363 
1639.21 
385.036 
7721.16 
363 
7291.06 
363 
363 
363 
5389.27 
363 
5341.26 
363 
363 
363.118 
363 
363 
363 
3679.82 
497.566 
363 
363 
363 
7430.58 
363 
363 
363.867 
363 
3469.72 
2006.04 
363 
363 
363 
363 
363 
392.859 
363.598 
3216.11 
363 
363 
363 
3770.46 
13230.1 
363 
363 
715.4 
7754.54 
1351.94 
1384.78 
363 
363 
363.991 
363 
363 
363 
363 
2157.61 
363 
363 
363 
363 
363 
363 
363 
363 
363 
363 
3343.85 
363 
481.564 
372.42 
363.001 
363 
363 
363 
363.006 
1710.36 
5755.1 
363 
3486.15 
3136.35 
363 
363 
4107.68 
363 
363 
363 
363 
363 
3082.43 
363 
384.407 
5406.39 
3169.51 
1653.73 
363 
363.001 
3023.33 
363 
363 
363 
363 
5489.05 
363 
363 
363 
1689.85 
3109.73 
363 
363 
363 
363 
363 
363 
363 
363 
363 
3298.56 
363 
363 
363 
363 
363 
363 
363.606 
363 
980.297 
363 
363 
4346.6 
2284.73 
363 
363 
363.002 
363 
363 
363.006 
363.059 
363 
3535.06 
464.86 
368.403 
366.03 
363 
363 
363 
363 
363 
363 
671.5 
363 
363 
4151.51 
363 
4083.19 
363 
363 
363 
8595.3 
363 
363 
363 
5249.21 
951.009 
363 
363 
363.126 
363 
3350.46 
363 
363 
363 
363 
363 
363 
363 
438.043 
363 
1261.93 
363 
363.001 
6251.72 
363 
363.095 
363.996 
363.085 
363 
363 
363 
363 
363 
363 
363.059 
363 
6129.4 
363 
363 
1095.49 
5537.19 
7073.11 
7191.73 
363 
363 
363 
363.003 
363 
363 
364.526 
363 
429.767 
363 
363 
363 
363 
363 
363 
1192.52 
1710.49 
2194.56 
3197.58 
363.004 
363 
4191.72 
892.625 
363 
363 
5803.45 
363 
363 
363 
363 
363 
931.131 
363 
4454.65 
363.015 
5764.13 
4746.65 
363 
363 
363 
363 
363 
363 
390.277 
363 
363 
916.008 
363 
366.253 
363.01 
1169.5 
363 
363 
1691.34 
363.395 
363 
363 
363 
388.725 
363 
363 
363 
3118.65 
363 
363.006 
363 
363 
363 
363 
3099.09 
363 
363.042 
842.721 
3820.56 
363 
7323.34 
500.806 
363 
363.056 
