363 
4402.86 
7348.79 
5321.79 
3422.44 
363 
4154.13 
364.139 
363 
14335.6 
474.406 
373.136 
3134.47 
5141.78 
367.695 
1019.61 
1353.31 
486.061 
1701.28 
363.382 
363 
5075.01 
363 
363 
363.039 
3455.19 
5469.96 
6025 
363.029 
363 
7073.32 
363 
363 
363 
4454.87 
2688.53 
363.001 
1097.34 
5130.29 
1118.61 
5796.64 
4823.55 
363 
413.477 
363 
363 
1679.25 
3465.9 
6145.4 
6444.78 
374.117 
1724.27 
363 
363 
363 
367.053 
363 
363.001 
363.165 
479.887 
2058.03 
363.552 
786.304 
2460.6 
363.003 
363 
363 
363.234 
363 
363.008 
363.207 
684.359 
704.469 
372.68 
363 
363 
364.547 
370.959 
7696.95 
464.678 
624.202 
856.054 
364.373 
363 
7574.97 
364.496 
363.003 
5069.04 
363.765 
4410.36 
363.002 
363 
1653.77 
363 
4938.79 
364.732 
363 
363 
3222.56 
3564.6 
363.015 
363 
606.243 
364.987 
363 
363 
363 
16484.4 
4423.2 
3740.53 
3263.59 
5981.9 
363 
9508.55 
363 
424.331 
363.012 
363.005 
5863.36 
2011.89 
363 
389.73 
4460.7 
5261.3 
5759.32 
3734.69 
363 
363 
946.588 
5231.07 
363 
363.007 
363 
363 
363.63 
3287.75 
8361.04 
363.045 
363 
363 
1293.23 
363 
3263.06 
363.067 
363.104 
363.001 
4273.32 
363 
363 
363 
4482.29 
363 
4255.88 
363 
3089.33 
3141.42 
6648.9 
8408.31 
3681.77 
363 
3084.75 
363.079 
370.466 
3723.4 
363 
363.328 
3358.33 
363.001 
367.529 
363 
8359.43 
3511.19 
849.62 
364.942 
363 
430.392 
5172.56 
1068.35 
363.011 
3297.77 
363 
387.352 
363 
363 
365.185 
397.213 
363 
363 
363 
3460.92 
11091.6 
363 
363 
6826.59 
363 
363 
397.004 
363 
363 
363.006 
363 
441.692 
363 
363 
367.191 
3239.01 
7676.5 
363 
8374.67 
363.076 
363.146 
363 
2231.39 
414.517 
8324.14 
5431.43 
363.914 
3769.07 
363 
3486.55 
414.065 
1044.52 
363.05 
1828.93 
3688.27 
9547.73 
363 
369.246 
5000.93 
363 
3426.45 
363 
363.059 
1145.76 
374.643 
5201.23 
363 
4961.88 
1639.67 
363.002 
460.286 
4395.74 
10934 
4264.15 
363 
363 
463.914 
363 
4036.73 
371.03 
3357.7 
435.155 
8806.41 
363 
363 
4738.32 
363 
3268.52 
363.458 
363 
3230.07 
963.088 
363 
363 
363 
3381.54 
363 
382.343 
366.339 
1880.2 
363 
363 
363 
3496.58 
5409.92 
363 
363 
552.235 
6086.69 
1159.43 
739.856 
363 
363 
363.531 
363 
363 
363 
363 
922.876 
363.003 
363 
363 
363 
363 
363 
363 
363 
363 
363 
3171.17 
363.001 
438.311 
367.68 
367.243 
363 
363 
364.028 
363.003 
784.793 
4356.89 
3205.56 
3890.76 
4724.36 
363.296 
3084.2 
3685.38 
2363.35 
363 
363.001 
363 
363 
1850.11 
363 
376.813 
4322.35 
1590.06 
794.933 
363 
367.718 
4740.77 
363 
363 
363.005 
363 
4344.3 
363 
363 
1686 
857.594 
5704.71 
363.013 
363 
6661.38 
2453.33 
363 
363 
363 
1230.1 
363 
3112.77 
363 
8087.99 
363 
370.277 
363.044 
363.004 
5460.62 
364.458 
660.434 
363.605 
363 
3752.18 
1228.91 
363 
365.78 
363.001 
363 
363 
5488.17 
363.053 
363 
3219.7 
458.369 
369.967 
1275.82 
363.001 
3593.66 
11647.2 
370.471 
373.658 
363 
626.704 
363 
363 
3683 
3732.8 
3648.18 
6664.62 
363 
469.114 
5177.78 
363 
418.316 
363.003 
4161.12 
625.675 
672.067 
363 
363.215 
363.545 
3145.59 
392.73 
363 
363 
363 
363 
363 
363 
1424.01 
363 
763.447 
363 
363.021 
4673.13 
363.01 
1677.8 
363.563 
363.041 
363 
363 
363 
12187.6 
363 
363 
363.028 
367.944 
4873.5 
363 
363 
823.007 
4269.67 
5083.78 
4701.82 
363.112 
363 
363 
363.002 
363 
363.472 
743.796 
363 
5633.77 
363 
363.016 
363 
725.912 
363 
363 
1144.51 
793.984 
1308.23 
5725.81 
4931.6 
363 
5016.91 
597.521 
443.736 
363 
4375.52 
363 
363 
363 
1728.76 
363 
635.059 
363 
3797.77 
363.08 
4648.74 
4046.16 
3960.49 
363 
363.008 
363 
363 
363 
906.07 
363 
363.036 
599.834 
363 
364.157 
363.005 
713.055 
363 
363.011 
857.545 
6214.15 
363 
368.331 
1932.49 
377.528 
363 
363 
363 
960.497 
363.011 
6808.25 
382.655 
363 
1711.39 
363 
5886.06 
363 
363.017 
1101.14 
3486.19 
363 
4982.61 
436.295 
363 
363.026 
