363 
2342.88 
363 
363 
363 
363 
363 
363 
363 
363 
363 
363 
363 
363 
363 
363 
363 
363 
363 
363 
363 
363 
363 
363 
363 
363 
3117.95 
363 
363 
363 
363 
363 
363 
363 
3135.43 
363 
363 
363 
363 
363 
363 
363 
363 
363 
363 
363 
363 
363 
363 
363 
363 
363 
363 
363 
363 
363 
363 
363 
363 
363 
363 
363 
363 
363 
363 
363 
363 
363 
363 
363 
363 
363 
363 
363 
363 
363 
363 
363 
363 
363 
363 
591.469 
363 
363 
363 
363 
363 
363 
363 
363.035 
363 
363 
363 
363 
370.552 
363 
363 
363 
363 
363 
363 
363 
363 
363 
363 
363 
363 
363 
2397.67 
363 
363 
363 
363 
363 
363 
363 
363 
363 
363 
598.477 
363 
363 
368.747 
363 
363 
363 
363 
363 
363 
363 
363 
363 
363 
363 
363 
363 
363 
363 
363 
363 
363 
363 
363 
363 
363 
363 
363 
363 
363 
363 
363 
363 
363 
363 
363 
363 
363 
363 
363 
363 
363 
363 
364.693 
363 
363 
363.064 
363 
363 
363 
363 
363 
363 
363 
363 
363 
363 
363 
363 
363 
363 
363 
363 
363 
363 
363 
363.001 
363 
363 
363 
1728.55 
363 
363 
363 
363 
363 
363 
363 
363 
363 
363 
363 
363 
363 
363 
363 
363 
363 
363 
363 
363 
363 
363 
363 
363 
363 
363 
363 
363 
363 
363 
363 
363 
363 
363 
3181.46 
363 
363 
363 
5053.77 
363 
363 
363 
363 
408.828 
363.99 
363 
363 
363 
363 
363 
363 
4182.58 
363 
412.733 
363 
363 
363 
363 
363 
363 
363 
405.516 
363 
363 
363 
363 
363 
363 
363 
363 
363.007 
363.125 
363 
363 
363 
363 
363 
363.159 
363 
363.258 
363 
363 
363 
363 
363 
363 
363 
363 
363 
363.087 
363 
363 
363 
363.313 
363 
363 
363 
363 
363 
363 
363 
363 
363 
363 
363 
363 
363 
363 
363 
363 
363 
363.064 
363 
363 
363 
363 
363 
363 
1667.78 
363 
363 
363 
363 
363 
363 
363 
363 
363 
363 
363 
363 
363 
363 
363 
5373.15 
363.565 
363 
363 
363 
363 
363 
363 
363 
363 
363.067 
363 
363 
363 
363 
363 
363 
363 
363 
363 
363 
363 
363 
363 
363 
363 
363 
363 
363 
363 
363 
363 
363 
363 
747.866 
363 
363 
363.035 
363 
363 
363 
363 
363 
363 
363 
363 
363 
363 
363 
363 
363 
363 
363 
363 
363 
363 
363 
363 
363 
363 
3385.38 
363 
363 
363 
363 
363 
363 
363 
363 
363 
3553.79 
363 
363 
363 
363 
363 
3134.46 
363 
363 
363 
363 
363 
363 
363 
363 
363 
363 
363 
363 
363.021 
363 
363 
363.057 
363 
363 
363 
363 
363 
363 
363 
363 
363 
363 
363 
363 
363.465 
377.243 
363 
363 
363 
363 
363 
363.001 
363 
363 
363 
363 
363 
363 
363 
363 
363 
363 
363 
363 
363 
363 
363 
363 
363 
363 
363 
363 
363 
363 
363 
363 
363 
363 
363 
363 
363 
363 
363 
443.31 
363 
363 
363 
363 
363 
363 
363 
363 
363 
363 
916.824 
363 
363 
363 
363 
363 
363 
363 
363 
363 
363 
363 
364.644 
363 
363 
363 
387.177 
363 
363 
363 
363 
363 
363 
363 
363 
363.02 
363 
3249.36 
363 
363 
363 
363 
363 
