363 
5883.97 
363 
14695.8 
363 
363 
363 
363 
363 
363 
363 
370.162 
363 
8352.89 
363 
363 
367.553 
577.621 
363 
363 
363 
1769.27 
363 
363 
363 
3870.17 
7683.29 
363 
363.047 
363 
363.002 
363 
363 
363 
5917.33 
363 
363 
2043.76 
7519.28 
3116.27 
9383.92 
363.801 
363 
375.473 
363 
363 
363 
363 
4165.51 
5345.15 
381.114 
363 
363 
363 
363 
369.214 
363 
363 
363.302 
367.283 
363.037 
363.327 
363 
363 
363 
363.001 
363 
363.001 
363 
363 
363 
363 
388.771 
363 
363 
363 
363 
363.003 
363 
363 
363 
1697 
366.253 
363 
363 
363 
363.003 
8100.1 
363.208 
5980.24 
363.001 
363 
363 
363 
7268.26 
363 
363 
363 
3226.84 
1232.93 
363 
363 
363 
363 
363 
363 
363.001 
363 
5574.36 
363 
363 
3681.43 
363 
363 
363 
363 
363.02 
363.004 
363.119 
3200.79 
363 
363 
5408.93 
9091.36 
363 
363 
363 
363 
363 
8091.07 
363 
363 
363 
363 
363 
366.831 
363 
363.001 
363 
363 
2819.5 
363 
363 
363.04 
363.174 
363 
5869.88 
363 
363 
363 
363 
363 
5766.11 
363 
3299.87 
363 
363 
363 
4085.48 
363 
363 
363 
373.289 
365.653 
363 
363.735 
3104.72 
363 
372.515 
363 
363 
363 
363.015 
367.633 
363 
369.806 
7029.23 
3097.78 
363 
363 
363 
363 
363 
363 
363 
427.624 
363 
363 
363 
3839.91 
363 
363 
363 
1148.43 
363 
363 
424.32 
363 
363 
363.01 
363 
363 
363 
363 
363 
363 
363 
363 
363 
363 
363 
363 
363 
435.311 
363 
8630.14 
363 
363 
363 
363.001 
363 
3119.53 
363.12 
363.017 
4376.1 
363 
363 
373.207 
6696.75 
363 
363 
363 
363 
1692 
387.589 
9053.43 
363 
8483.5 
363 
363 
363 
5675.14 
363 
5670.63 
363 
363 
363 
363 
363 
363 
3748.31 
513.066 
363 
363 
363 
9270.25 
363 
363 
363.259 
363 
3518.24 
2939.55 
363 
363 
363 
363 
363 
395.112 
363.002 
3250.72 
363 
363 
363 
3826.5 
16992.2 
363 
363 
758.548 
3472.2 
1460.44 
1663.19 
363 
363 
364.103 
363 
363 
363 
363 
1357.48 
363 
363 
363 
363 
363 
363 
363 
363 
363 
363 
3315.61 
363 
491.289 
373.624 
363 
363 
363 
363 
363.006 
1984.98 
6257.33 
363 
1157.9 
372.666 
363 
363 
4201.57 
363 
363 
363 
363 
363 
402.969 
363 
383.236 
5736.61 
3207.39 
1714.39 
363 
363 
364.3 
363 
363 
363 
363 
5848.25 
363 
363 
363 
1753.15 
365.251 
363 
363 
363 
363 
363 
363 
363 
363 
363 
3334.79 
363 
363 
363 
363 
363 
363 
363 
363 
1084.88 
363 
363 
4492.62 
1174.53 
363 
363 
363.003 
363 
363 
363 
363.002 
363 
3602.42 
366.587 
363.668 
363 
363 
363 
363 
363 
363 
363 
675.938 
363 
363 
4258.7 
363 
4178.77 
363 
363 
363 
11580.7 
363 
363 
363 
5588.78 
1061.96 
363 
363 
363.095 
363 
3391.11 
363 
363 
363 
363 
363 
363 
363 
363.039 
363 
667.552 
363 
363 
6842.32 
363 
363 
364.098 
363.097 
363 
363 
363 
363 
363 
363 
363.067 
363 
4073.19 
363 
363 
1108.42 
5967.17 
7418.49 
8716.36 
363 
363 
363 
363.004 
363 
363 
363 
363 
363.001 
363 
363 
363 
363 
363 
363 
1194.97 
1958.28 
2273.87 
368.851 
363 
363 
1525.66 
990.165 
363 
363 
6322.91 
363 
363 
363 
363 
363 
1025.52 
363 
3784.41 
363.008 
6095.87 
3502.91 
363 
363 
363 
363 
363 
363 
363.011 
363 
363 
1024.83 
363 
366.947 
363.011 
1414.9 
363 
363 
1736.29 
363 
363 
363 
363 
391.38 
363 
363 
363 
3161.91 
363 
363 
363 
363 
363 
363 
363.745 
363 
363.049 
621.183 
3891.76 
363 
8544.44 
409.375 
363 
363.064 
