363 
4489.86 
7925.56 
5508.64 
3386.74 
363 
3238.77 
363 
363 
4001.22 
482.079 
372.992 
425.864 
5277.47 
367.642 
399.033 
1546.66 
492.978 
1738.76 
363 
363 
5225.99 
363 
363 
363.036 
3488.62 
5589.05 
6365.26 
363.03 
363 
7457.34 
363 
363 
363 
4541.66 
1538.28 
363.001 
1167.66 
5275.72 
1239.8 
5951.56 
4903.72 
363 
412.586 
363 
363 
1711.02 
3258.88 
6407.71 
6711.29 
374.66 
1823.16 
363 
363 
363 
367.225 
363 
363.001 
363.175 
470.63 
2442.52 
363.572 
821.446 
440.336 
363.003 
363 
363 
363.213 
363 
363 
363.223 
702.171 
726.515 
371.658 
363 
363 
363.001 
371.28 
8251.62 
436.952 
374.988 
897.016 
364.494 
363 
8373.51 
363.046 
363.003 
5243.22 
363.716 
4500.31 
363.002 
363 
1691.42 
363 
5054.8 
363.001 
363 
363 
3241.24 
3587.58 
363.014 
363 
472.598 
363.049 
363 
363 
363 
13076.9 
4498.09 
3738.27 
3284.37 
6217.26 
363 
11856.3 
363 
428.872 
363.013 
363.005 
6215.76 
2291.17 
363 
390.547 
4526.63 
5413.73 
6021.71 
3118.33 
363 
363 
931.012 
5362.07 
363 
363.005 
363 
363 
363.689 
3303.62 
9087.24 
363.047 
363 
363 
1368.96 
363 
3285.87 
363.071 
363.11 
363 
4362.86 
363 
363 
363 
3860.02 
363 
4342.6 
363 
3108.49 
929.5 
7155.78 
5177.61 
3714.62 
363 
399.069 
363.083 
370.726 
3773.31 
363 
363.355 
3380.29 
363.001 
367.869 
363 
9758.34 
1569.91 
838.238 
365.114 
363 
435.618 
5340.69 
1155.64 
363.006 
3087.97 
363 
389.122 
363 
363 
365.37 
399.378 
363 
363 
363 
3491.76 
14579.3 
363 
363 
7184.05 
363 
363 
399.054 
363 
363 
363.006 
363 
363.319 
363 
363 
363.352 
3100.47 
8497.7 
363 
3670.15 
363.001 
363.065 
363 
3084.34 
418.925 
9092.46 
5571.5 
363.986 
3812.44 
363 
3521.49 
375.747 
1138.61 
363.054 
1862.78 
3738.03 
10749.4 
363 
369.552 
5100.02 
363 
3465.24 
363 
363.026 
1162.59 
375.522 
5347.21 
363 
5099.21 
373.725 
363 
443.555 
4475.48 
9166.74 
4347.52 
363 
363 
450.948 
363 
4089.19 
363.006 
3389.17 
440.419 
3466.94 
363 
363 
4880.99 
363 
3227.64 
363.496 
363 
3254.32 
1031.9 
363 
363 
363 
1653.71 
363 
383.342 
366.532 
2189.09 
363 
363 
363 
3524.08 
5620.83 
363 
363 
565.575 
6267.8 
1170.15 
775.518 
363 
363 
363.57 
363 
363 
363 
363 
995.007 
363.003 
363 
363 
363 
363 
363 
363 
363 
363 
363 
3189.23 
363.001 
442.287 
368.069 
367.479 
363 
363 
363.004 
363.003 
831.234 
4455.71 
3232.64 
3936.9 
4841.37 
363.002 
378.53 
3725.41 
3089.06 
363 
363.001 
363 
363 
1970.29 
363 
377.522 
4406.44 
1683.02 
836.552 
363 
366.568 
4884.42 
363 
363 
363 
363 
4431.57 
363 
363 
685.487 
905.04 
5965.33 
363.015 
363 
7112.82 
1995 
363 
363 
363 
1373.37 
363 
3132.06 
363 
4038.6 
363 
370.746 
363.047 
363 
5709.29 
363.271 
683.665 
363.636 
363 
3804.9 
1286.96 
363 
364.516 
363.001 
363 
363 
5705.78 
363.057 
363 
3250.44 
465.967 
369.825 
1476.33 
363 
1507.95 
14027.7 
363.071 
374.507 
363 
631.296 
363 
363 
3726.56 
3780.54 
3689.12 
6005.99 
363 
478.205 
5342.62 
363 
363.023 
363.003 
4244.34 
648.508 
364.293 
363 
363.211 
363.511 
3166.62 
394.774 
363 
363 
363 
363 
363 
363 
1429.81 
363 
797.116 
363 
363.023 
4782.3 
363 
1713.03 
363.601 
363.044 
363 
363 
363 
5827.42 
363 
363 
363.031 
364.493 
4977.74 
363 
363 
858.572 
4362.1 
5212.3 
4839.31 
363 
363 
363 
363.002 
363 
363 
784.086 
363 
5837.47 
363 
363.003 
363 
426.916 
363 
363 
1149.95 
842.799 
1358.19 
6046.58 
5097.95 
363 
5186.33 
618.445 
363.07 
363 
4475.73 
363 
363 
363 
369.923 
363 
656.761 
363 
3856.29 
363.071 
4736.49 
4114.76 
3087.59 
363 
363.001 
363 
363 
363 
965.6 
363 
363.03 
621.715 
363 
364.291 
363.006 
736.916 
363 
363 
905.217 
6668.81 
363 
367.128 
2314.01 
378.506 
363 
363 
363 
1062.47 
363 
7442.63 
378.592 
363 
452.127 
363 
6247.74 
363 
363.019 
1098.43 
3518.85 
363 
5120.56 
440.939 
363 
363.028 
