363 
5757.73 
363.007 
13202 
363 
363 
363 
363 
363 
363 
363 
370.408 
363 
7950.8 
363 
363 
411.828 
572.132 
363 
363 
363 
3154.69 
363 
363 
363 
3847.65 
7474.67 
363 
363.046 
363 
363.097 
363 
363 
363 
5794.13 
363 
363 
1993.27 
8067.03 
3126.02 
9051.36 
382.097 
363 
379.299 
363 
363 
363 
363 
7056.87 
9617.32 
380.699 
363 
363 
363 
363 
369.086 
363 
363 
363.293 
370.896 
363.996 
363.382 
363 
363 
363 
363.001 
363 
363.004 
363 
363 
363 
363 
462.234 
363 
363 
363 
363 
363.034 
363 
363 
363 
1680.25 
366.119 
363 
363 
363 
363.003 
9706.77 
363.235 
5842.56 
363.001 
363 
363 
363 
7027.92 
363 
363 
363 
3327.35 
2881.05 
363 
363 
363 
363 
363 
363 
363.001 
363 
5486.97 
363 
363 
5297.8 
363 
363 
363 
363 
363.019 
363.004 
368.202 
3192.63 
363 
363 
5342.14 
8854.52 
363.019 
363 
363 
363 
363 
7765.57 
363 
363 
363 
363 
363 
421.446 
363 
363.004 
363 
363 
2484.53 
363 
363 
363.074 
363.187 
363 
5726.34 
363 
363 
363 
363 
363 
5633.96 
363 
3295.47 
363 
363.026 
363 
4061.56 
363 
363 
363 
373.147 
414.554 
363 
363.707 
3211.06 
363 
372.187 
363 
363 
363 
363.165 
367.441 
363 
387.493 
8610.93 
3087.8 
363 
363 
363 
363 
363 
363 
363 
425.624 
363 
363 
363 
3817.46 
363 
363 
363 
3121.62 
363 
363 
424.335 
363 
363 
363.01 
363 
363 
363 
363 
363 
363 
363 
363 
363 
363 
363 
363 
363 
460.136 
363 
8246.25 
363 
363 
363 
363.061 
363 
3107.87 
363.115 
363.468 
4329.73 
363 
363 
372.965 
6551.36 
363 
363 
363 
363 
1677.09 
386.707 
8526.39 
363 
8011.85 
363 
363 
363 
5573.21 
363 
5551.96 
363 
363 
363.003 
363 
363 
363 
3724.97 
507.696 
363 
363 
363 
8466.43 
363 
363 
363.525 
363 
3501.77 
2469.86 
363 
363 
363 
363 
363 
394.345 
363.019 
3239.02 
363 
363 
363 
3807.46 
17581.4 
363 
363 
743.44 
4474.84 
1416.86 
1610.98 
363 
363 
364.064 
363 
363 
363 
363 
1731.18 
363 
363 
363 
363 
363 
363 
363 
363 
363 
363 
3349.87 
363 
487.956 
373.207 
363 
363 
363 
363 
363.006 
1820.18 
6070.81 
363 
3086.55 
540.831 
363 
363 
4169.34 
363 
363 
363 
363 
363 
692.542 
363 
384.868 
5617.72 
3194.57 
1693.36 
363 
363 
396.348 
363 
363 
363 
363 
5718.24 
363 
363 
363 
1729.73 
422.753 
363 
363 
363 
363 
363 
363 
363 
363 
363 
3322.56 
363 
363 
363 
363 
363 
363 
363 
363 
1046.82 
363 
363 
4441.81 
1698.99 
363 
363 
363.003 
363 
363 
363 
363.01 
363 
3579.42 
380.051 
364.855 
363.006 
363 
363 
363 
363 
363 
363 
674.957 
363 
363 
4221.77 
363 
4147.18 
363 
363 
363 
10211.4 
363 
363 
363 
5466 
1021.31 
363 
363 
363.106 
363 
3377.35 
363 
363 
363 
363 
363 
363 
363 
363.758 
363 
953.959 
363 
363 
6621.15 
363 
363 
364.063 
363.093 
363 
363 
363 
363 
363 
363 
363.064 
363 
5035.02 
363 
363 
1103.89 
5809.27 
7495.96 
8070.87 
363 
363 
363 
363.004 
363 
363 
363.005 
363 
363.069 
363 
363 
363 
363 
363 
363 
1194.89 
1808.37 
2502.61 
514.282 
363 
363 
3114 
954.692 
363 
363 
6129.59 
363 
363 
363 
363 
363 
991.367 
363 
4190.94 
363.01 
5976.93 
4021.5 
363 
363 
363 
363 
363 
363 
363.254 
363 
363 
984.942 
363 
366.703 
363.01 
1316 
363 
363 
1728.72 
363 
363 
363 
363 
390.466 
363 
363 
363 
3147.24 
363 
363 
363 
363 
363 
363 
390.162 
363 
363.046 
709.194 
3867.45 
363 
8049.97 
452.294 
363 
363.062 
