363 
6342.11 
363 
5688.48 
363 
363 
363 
363 
363 
363 
363 
369.35 
363 
10356.3 
363 
363 
363 
590.475 
363 
363 
363 
363.28 
363 
363 
363 
3661.11 
8487.17 
363 
363.05 
363 
363 
363 
363 
363 
6361.62 
363 
363 
1306.42 
3501.01 
1311.59 
6258.04 
363 
363 
364.966 
363 
363 
363 
363 
723.319 
1098.3 
379.134 
363 
363 
363 
363 
369.614 
363 
363 
363.329 
363.062 
363 
363.115 
363 
363 
363 
363.001 
363 
363 
363 
363 
363 
363 
363.024 
363 
363 
363 
363 
363 
363 
363 
363 
1753.57 
366.691 
363 
363 
363 
363.003 
3225.08 
363.126 
6487.84 
363 
363 
363 
363 
8257.57 
363 
363 
363 
1018.71 
384.676 
363 
363 
363 
363 
363 
363 
363 
363 
5874.19 
363 
363 
470.997 
363 
363 
363 
363 
363.021 
363.003 
363 
3225.76 
363 
363 
5631.19 
4911.31 
363 
363 
363 
363 
363 
9441.52 
363 
363 
363 
363 
363 
363 
363 
363 
363 
363 
3100.18 
363 
363 
363 
363.031 
363 
6406.51 
363 
363 
363 
363 
363 
6245.24 
363 
3149.36 
363 
363 
363 
4160.32 
363 
363 
363 
373.713 
363 
363 
363.828 
385.197 
363 
371.376 
363 
363 
363 
363 
367.908 
363 
363.008 
3169.91 
3114.91 
363 
363 
363 
363 
363 
363 
363 
434.036 
363 
363 
363 
3910.5 
363 
363 
363 
363.016 
363 
363 
386.105 
363 
363 
363.011 
363 
363 
363 
363 
363 
363 
363 
363 
363 
363 
363 
363 
363 
366.332 
363 
10458.6 
363 
363 
363 
363 
363 
3154.15 
363.137 
363 
4527.96 
363 
363 
373.969 
7225.92 
363 
363 
363 
363 
1739.38 
390.442 
8429.87 
363 
8269.86 
363 
363 
363 
6032.56 
363 
6098.94 
363 
363 
363 
363 
363 
363 
3770.79 
530.509 
363 
363 
363 
14191.1 
363 
363 
363.002 
363 
3569.49 
3109.63 
363 
363 
363 
363 
363 
397.514 
363 
3286.81 
363 
363 
363 
3873.79 
3514.71 
363 
363 
802.356 
451.389 
1653.47 
1455.49 
363 
363 
364.227 
363 
363 
363 
363 
371.606 
363 
363 
363 
363 
363 
363 
363 
363 
363 
363 
3082.24 
363 
501.865 
374.939 
363 
363 
363 
363 
363.002 
3083.86 
6996.52 
363 
363.118 
363 
363 
363 
4304.44 
363 
363 
363 
363 
363 
363.003 
363 
366.572 
6164.89 
3247.08 
1916.3 
363 
363 
363 
363 
363 
363 
363 
6323.71 
363 
363 
363 
1857.78 
363 
363 
363 
363 
363 
363 
363 
363 
363 
363 
3371.78 
363 
363 
363 
363 
363 
363 
363 
363 
1226.47 
363 
363 
4660.1 
389.469 
363 
363 
363.003 
363 
363 
363 
363 
363 
3674.75 
363.002 
363.012 
363 
363 
363 
363 
363 
363 
363 
673.282 
363 
363 
4377.64 
363 
3974.84 
363 
363 
363 
15465.9 
363 
363 
363 
6036.57 
1216.09 
363 
363 
363.06 
363 
3433.72 
363 
363 
363 
363 
363 
363 
363 
363 
363 
365.977 
363 
363 
7744.44 
363 
363 
364.211 
363.11 
363 
363 
363 
363 
363 
363 
363.076 
363 
1685.94 
363 
363 
1123.82 
6570.5 
4040.43 
12453.5 
363 
363 
363 
363.004 
363 
363 
363 
363 
363 
363 
363 
363 
363 
363 
363 
1187.52 
2292.68 
705.438 
363 
363 
363 
363.093 
1121.65 
363 
363 
6891.6 
363 
363 
363 
363 
363 
1150.14 
363 
2002.62 
363.004 
6519.37 
838.646 
363 
363 
363 
363 
363 
363 
363 
363 
363 
1176.35 
363 
366.522 
363.012 
1681.57 
363 
363 
1043.1 
363 
363 
363 
363 
394.312 
363 
363 
363 
3207.49 
363 
363 
363 
363 
363 
363 
363 
363 
363.057 
375.106 
3968.44 
363 
10729.7 
363.472 
363 
363.052 
