363 
3262.43 
363 
363 
363 
363 
363 
363 
363 
363 
363 
363 
363 
363 
363 
363 
363 
363 
363 
363 
363 
363 
363 
363 
363 
363 
3780.57 
363 
363 
363 
363 
363 
363 
363 
3675.14 
363 
363 
363 
363 
363 
363 
363 
363 
363 
363 
363 
363 
363 
363 
363 
363 
363 
363 
363 
363 
363 
363 
363 
363 
363 
363 
363 
363 
363 
363 
363 
363 
363 
363 
363 
363 
363 
363 
363 
363 
363 
363 
363 
363 
363 
363 
1664.88 
363 
363 
363 
363 
363 
363 
363 
364.78 
363 
363 
363 
363 
594.096 
363 
363 
363 
363 
363 
363 
363 
363 
363 
363 
363 
363 
363 
3246.71 
363 
363 
363 
363 
363 
363 
363 
363 
363 
363 
1727.45 
363 
363 
500.896 
363 
363 
363 
363 
363 
363 
363 
363 
363 
363 
363 
363 
363 
363 
363 
363 
363 
363.005 
363 
363 
363 
363 
363 
363.002 
363 
363 
363 
363 
363 
363 
363 
363 
363 
363 
363 
363 
363 
363 
363 
368.997 
363 
363 
363.313 
363 
363 
363 
363 
363 
363 
363 
363 
363 
363 
363 
363 
363 
363 
363 
363 
363 
363 
363 
363.026 
363 
363 
363 
3142.85 
363 
363 
363 
363 
363 
363 
363 
363 
363 
363 
363 
363 
363 
363 
363 
363 
363 
363 
363 
363 
363 
363 
363 
363 
363 
363.013 
363 
363 
363 
363 
363 
363 
363.001 
363 
3675.84 
363 
363 
363 
10400.2 
363 
363 
363 
363 
761.443 
368.889 
363 
363 
363 
363 
363 
363 
6718.77 
363 
1283.53 
363 
363 
363 
363 
363 
363 
363 
502.65 
363 
363 
363 
363 
363 
363 
363 
363 
363.305 
366.385 
363 
363 
363 
363 
363 
364.464 
363 
370.027 
363 
363 
363 
363 
363 
363 
363 
363 
363 
365.196 
363 
363 
363 
364.017 
363 
363 
363 
363 
363 
363 
363 
363 
363 
363 
363 
363 
363 
363 
363 
363 
363 
363.899 
363 
363 
363 
363 
363 
363 
3094.07 
363.039 
363 
363 
363 
363 
363 
363.002 
363 
363 
363 
363 
363 
363 
363 
363 
10103 
376.593 
363.003 
363 
363 
363 
363 
363 
363 
363 
366.09 
363 
363 
363 
363 
363 
363 
363 
363 
363 
363 
363 
363 
363 
363 
363 
363 
363 
363 
363 
363 
363 
363 
363 
1627.97 
363 
363 
364.593 
363 
363 
363 
363.001 
363 
363 
363 
363 
363 
363 
363 
363 
363 
363 
363 
363 
363 
363 
363 
363.012 
363 
363 
4119.34 
363 
363 
363 
363 
363 
363 
363 
363 
363 
5549.69 
363 
363 
363 
363 
363 
3341.32 
363 
363 
363 
363 
363 
363 
363 
363 
363 
363 
363 
363 
364.22 
363 
363 
363.311 
363 
363 
363 
363 
363 
363 
363 
363.001 
363 
363 
363 
363 
370.249 
704.378 
363 
363 
363 
363 
363 
363.004 
363 
363 
363 
363 
363 
363 
363 
363 
363 
363 
363 
363 
363 
363 
363 
363 
363 
363 
363.001 
363 
363 
363 
363 
363 
363 
363 
363 
363 
363 
363 
363 
1662.17 
363 
363 
363 
363 
363 
363 
363 
363 
363 
363 
1698.52 
363 
363 
363 
363 
363 
363 
363 
363 
363 
363 
363 
371.783 
363 
363 
363 
678.804 
363 
363 
363 
363 
363 
363 
363 
363 
363.062 
363 
3721.52 
363 
363 
363 
363 
363 
