363 
4989.06 
17288.7 
6890.86 
363.001 
363 
363 
363 
363 
363 
363.036 
372.019 
363 
6139.05 
367.245 
363 
2237.65 
529.332 
3083.79 
363 
363 
6238.87 
363 
363 
363 
3656.37 
6293.93 
4140.07 
363.037 
363 
10073 
363 
363 
363 
5037.75 
363 
363 
1666.51 
6228.83 
1853.3 
6941.63 
5322.72 
363 
401.363 
363 
363 
1714.85 
363 
8691.32 
8963.44 
377.45 
1137.86 
363 
363 
363 
368.097 
363 
363.001 
363.228 
420.426 
3143.42 
363.597 
388.883 
363 
363.002 
363 
363 
363.11 
363 
363 
363.006 
363.659 
852.905 
363 
363 
363 
363 
372.895 
1964.72 
363 
363 
1173.22 
365.181 
363 
4661.16 
363 
363.003 
6512.53 
363.476 
5021.15 
363.001 
363 
363.003 
363 
5758.6 
363 
363 
363 
3330.77 
3698.09 
363.002 
363 
363 
363 
363 
363 
363 
363 
4910.96 
363.012 
512.631 
8118.22 
363 
435.791 
363 
364.617 
363.016 
363.005 
11052.4 
3126.34 
363 
363.001 
4880 
6423.49 
7171.71 
363 
363 
363 
363 
6176.42 
363 
363.001 
363 
363 
363.537 
3378.63 
370.204 
363.058 
363 
363 
1710.06 
363 
364.377 
363.094 
363.147 
363 
4885.26 
363 
363 
363 
363 
363 
4844.27 
363 
3200.31 
363 
16207.3 
363 
3878 
363 
363 
363.001 
371.946 
4033.79 
363 
363.506 
3486.49 
363 
369.749 
363 
3207.22 
363 
661.921 
366.096 
363 
464.874 
6525.3 
1703.93 
363 
363 
363 
363.005 
363 
363 
363.234 
411.028 
363 
363 
363 
3645.16 
363.055 
363 
363 
11286.8 
363 
363 
410.243 
363 
363 
363.008 
363 
363 
363 
363 
363 
363 
3090.23 
363 
363 
363 
363 
363.001 
3125.5 
444.101 
3093.71 
6452.9 
364.314 
3211.84 
363 
3644.35 
363 
1721.03 
363.08 
3081.59 
4000.01 
363.494 
363 
371.128 
5669.73 
363 
3337.98 
363 
363 
1299.38 
380.382 
6299.74 
363 
5989.04 
363 
363 
363 
4922.79 
363.044 
4824.23 
363 
363 
384.149 
363 
3160.04 
363 
3546.5 
469.529 
363 
363 
363 
5843.11 
363 
363 
363.712 
363 
3372.84 
1656.83 
363 
363 
363 
363 
363 
388.458 
367.547 
3145.7 
363 
363 
363 
3659.18 
7312.4 
363 
363 
640.457 
7485.5 
1239.95 
1013.86 
363 
363 
363.786 
363 
363 
363 
363 
1665.16 
363 
363 
363 
363 
363 
363 
363 
363 
363 
363 
3275.69 
363.001 
463.066 
370.262 
368.078 
363 
363 
363 
363.004 
1202.34 
5047.07 
2869.72 
4174.97 
5560.31 
363 
363 
3929.35 
421.963 
363 
363 
363 
363 
3130.62 
363 
381.194 
4886.75 
3092.96 
1128.25 
363 
363.316 
5834.8 
363 
363 
363 
363 
4934.55 
363 
363 
363 
1253.37 
8352.17 
363.003 
363 
3100.84 
363 
363 
363 
363 
390.556 
363 
3224.75 
363 
363 
363 
367.016 
363 
363 
5355.24 
363 
822.193 
363 
363 
4084.45 
1710.54 
363 
363 
363.002 
363 
363 
3872.84 
363.083 
363 
3404.32 
508.959 
369.401 
2446.96 
363 
363 
363.005 
363 
364.937 
363 
654.713 
363 
363 
3951.14 
375.973 
3898.64 
363 
363 
457.003 
6489.88 
363 
363 
363 
4723.17 
787.484 
363 
363 
363.175 
363 
3268.46 
375.937 
363 
363 
363 
363 
363 
363 
1430.54 
363 
1013.39 
363 
363.033 
5442.31 
363 
2575.5 
363.806 
363.065 
363 
363 
363 
363 
363 
363 
363.045 
363 
5589.73 
363 
363 
1024.71 
4906.91 
6013.99 
5752.79 
363 
363 
363 
363.003 
363 
363 
1046.64 
363 
6718.21 
363 
363 
363 
363 
363 
363 
1176.01 
1223.14 
1706.08 
10144.4 
3653.92 
363 
6406.96 
745.447 
363 
363 
5077.45 
363 
363 
363 
363 
363 
785.774 
363 
4172.19 
363.035 
5234.01 
4493.08 
363 
363 
363 
363 
363 
363 
1493.76 
363 
363 
756.205 
363 
365.17 
363.008 
905.794 
363 
363 
1256.34 
7289.27 
363 
363 
363.037 
383.8 
363 
363 
363 
1772.77 
363 
5482.07 
363.177 
363 
363 
363 
11831.3 
363 
363.03 
1040.29 
3682.13 
363 
6014.54 
471.778 
363 
363.042 
