363 
3530.34 
363 
363 
363 
363 
363 
363 
363 
363 
363 
363 
363 
363.001 
363 
363 
363 
363 
363 
363 
363 
363 
363 
363 
363 
363 
4760.97 
363 
363 
363 
363 
363 
363 
363 
4258.66 
363 
363 
363 
363 
363 
363 
363 
363 
363 
363 
363 
363 
363 
363 
363 
363 
363 
363 
363 
363 
363 
363 
363 
363 
363 
363 
363 
363 
363 
363 
363 
363 
363 
363 
363 
363 
363 
363 
363 
363 
363 
363 
363 
363 
363 
363 
1964.38 
363 
363 
363 
363 
363 
363 
363 
372.772 
363 
363 
363 
363 
1330.33 
363 
363 
363 
363 
363 
363 
363 
363 
363 
363 
363 
363 
363 
3470.45 
363 
363 
363 
363 
363 
363 
363 
363.001 
363 
363 
2734.63 
363 
363 
871.202 
363 
363 
363 
363 
363 
363 
363 
363 
363 
363 
363 
363 
363 
363 
363 
363 
363 
363.035 
363 
363 
363 
363 
363 
363.017 
363 
363 
363 
363 
363 
363 
363 
363 
363 
363 
363 
363 
363 
363 
363 
371.074 
363 
363 
363.492 
363 
363 
363 
363 
363 
363 
363 
363 
363 
363 
363 
363 
363 
363 
363 
363 
363 
363 
363 
363.094 
363 
363 
363 
3229.76 
363 
363 
363 
363 
363 
363 
363 
363 
363 
363 
363 
363 
363 
363 
363 
363 
363 
363 
363 
363 
363 
363 
363 
363 
363 
363.11 
363 
363 
363 
363 
363 
363 
363.003 
363 
4016.68 
363 
363 
363.001 
12850.9 
363 
363 
363 
363 
1197.61 
373.249 
363 
363 
363 
363 
363 
363 
7787.38 
363 
2206.21 
363 
363 
363 
363 
363 
363 
363 
544.524 
363 
363 
363 
363 
363 
363 
363 
363 
364.302 
376.313 
363 
363 
363 
363 
363 
366.205 
363 
390.733 
363 
363 
363 
363 
363 
363 
363 
363 
363 
371.034 
363 
363 
363 
364.315 
363 
363 
363 
363 
363 
363 
363 
363 
363 
363 
363 
363 
363 
363 
363 
363 
363 
365.486 
363 
363 
363 
363 
363 
363 
3118.92 
363.283 
363 
363 
363 
363 
363 
363.012 
363 
363 
363 
363 
363 
363 
363 
363 
11579.9 
413.22 
363.017 
363 
363 
363 
363 
363 
363 
363 
379.215 
363 
363 
363 
363 
363 
363 
363 
363 
363 
363 
363 
363 
363 
363 
363 
363 
363 
363 
363 
363 
363 
363 
363 
1692.47 
363 
363 
371.216 
363 
363 
363 
363.001 
363 
363 
363 
363 
363 
363 
363 
363 
363 
363 
363 
363 
363 
363 
363 
363.05 
363 
363 
4433.43 
363 
363 
363 
363 
363 
363 
363 
363 
363 
7011.25 
363 
363 
363 
363 
363 
3435.23 
363 
363 
363 
363 
363 
363 
363 
363 
363 
363 
363 
363 
370.208 
363 
363 
363.521 
363 
363 
363 
363 
363 
363 
363 
363.004 
363 
363 
363 
363 
383.283 
1604.27 
363 
363 
363 
363 
363 
363.005 
363 
363 
363 
363 
363 
363 
363 
363 
363 
363 
363 
363 
363 
363 
363 
363 
363 
363 
363.008 
363 
363 
363 
363 
363 
363 
363 
363 
363 
363 
363 
363 
2917.62 
363 
363 
363 
363 
363 
363 
363 
363 
363 
363 
1757.84 
363 
363 
363 
363 
363 
363 
363 
363 
363 
363 
363 
377.458 
363 
363 
363 
1198.88 
363 
363 
363 
363 
363 
363 
363 
363 
363.078 
363 
3931.45 
363 
363 
363 
363 
363 
