363 
5819.49 
363.001 
14058.2 
363 
363 
363 
363 
363 
363 
363 
370.286 
363 
8141.96 
363 
363 
378.89 
574.87 
363 
363 
363 
3091.34 
363 
363 
363 
3859.52 
7576.12 
363 
363.046 
363 
363.014 
363 
363 
363 
5854.44 
363 
363 
2029.27 
7903.19 
3123.18 
9237.47 
367.116 
363 
377.432 
363 
363 
363 
363 
5295.56 
7174.53 
380.909 
363 
363 
363 
363 
369.15 
363 
363 
363.298 
368.958 
363.204 
363.356 
363 
363 
363 
363.001 
363 
363.002 
363 
363 
363 
363 
416.576 
363 
363 
363 
363 
363.011 
363 
363 
363 
1688.56 
366.185 
363 
363 
363 
363.003 
9093.84 
363.222 
5909.8 
363.001 
363 
363 
363 
7144.07 
363 
363 
363 
3280.67 
1730.22 
363 
363 
363 
363 
363 
363 
363.001 
363 
5529.98 
363 
363 
4314.15 
363 
363 
363 
363 
363.02 
363.004 
363.841 
3196.7 
363 
363 
5375.12 
9028.08 
363.002 
363 
363 
363 
363 
7921.67 
363 
363 
363 
363 
363 
378.962 
363 
363.002 
363 
363 
2631.6 
363 
363 
363.057 
363.183 
363 
5796.35 
363 
363 
363 
363 
363 
5698.52 
363 
3299.15 
363 
363.003 
363 
4073.45 
363 
363 
363 
373.218 
375.483 
363 
363.721 
3149.21 
363 
372.353 
363 
363 
363 
363.052 
367.536 
363 
376.67 
7949.81 
3092.78 
363 
363 
363 
363 
363 
363 
363 
426.616 
363 
363 
363 
3828.62 
363 
363 
363 
2248.42 
363 
363 
424.706 
363 
363 
363.01 
363 
363 
363 
363 
363 
363 
363 
363 
363 
363 
363 
363 
363 
449.612 
363 
8429.49 
363 
363 
363 
363.009 
363 
3113.68 
363.117 
363.094 
4352.67 
363 
363 
373.086 
6622.47 
363 
363 
363 
363 
1684.49 
387.144 
8780.79 
363 
8238.48 
363 
363 
363 
5623.26 
363 
5610.05 
363 
363 
363.001 
363 
363 
363 
3736.59 
510.355 
363 
363 
363 
8833.18 
363 
363 
363.387 
363 
3509.97 
2666.82 
363 
363 
363 
363 
363 
394.727 
363.006 
3244.85 
363 
363 
363 
3816.94 
17780.4 
363 
363 
750.898 
3872.18 
1437.48 
1654.33 
363 
363 
364.083 
363 
363 
363 
363 
1670.44 
363 
363 
363 
363 
363 
363 
363 
363 
363 
363 
3338.14 
363 
489.611 
373.413 
363 
363 
363 
363 
363.006 
1896.41 
6161.27 
363 
1800.79 
407.254 
363 
363 
4185.33 
363 
363 
363 
363 
363 
485.261 
363 
384.358 
5675.93 
3200.96 
1703.77 
363 
363 
370.032 
363 
363 
363 
363 
5781.8 
363 
363 
363 
1740.15 
375.386 
363 
363 
363 
363 
363 
363 
363 
363 
363 
3328.66 
363 
363 
363 
363 
363 
363 
363 
363 
1065.39 
363 
363 
4466.93 
1573.82 
363 
363 
363.003 
363 
363 
363 
363.005 
363 
3590.85 
371.301 
364.157 
363.001 
363 
363 
363 
363 
363 
363 
675.526 
363 
363 
4240.08 
363 
4163.38 
363 
363 
363 
10832.3 
363 
363 
363 
5526.04 
1041.11 
363 
363 
363.1 
363 
3384.2 
363 
363 
363 
363 
363 
363 
363 
363.181 
363 
807.935 
363 
363 
6728.12 
363 
363 
364.08 
363.095 
363 
363 
363 
363 
363 
363 
363.065 
363 
4544.56 
363 
363 
1106.12 
5886.12 
7514.29 
8369.24 
363 
363 
363 
363.004 
363 
363 
363.001 
363 
363.009 
363 
363 
363 
363 
363 
363 
1195.05 
1878.76 
2445.12 
394.774 
363 
363 
2527.6 
972.009 
363 
363 
6223.32 
363 
363 
363 
363 
363 
1008.07 
363 
4003.05 
363.009 
6035.24 
3748 
363 
363 
363 
363 
363 
363 
363.057 
363 
363 
1004.36 
363 
366.825 
363.01 
1362.61 
363 
363 
1734.82 
363 
363 
363 
363 
390.919 
363 
363 
363 
3154.55 
363 
363 
363 
363 
363 
363 
367.807 
363 
363.048 
666.659 
3879.53 
363 
8282.7 
430.427 
363 
363.063 
