363 
8881.62 
363 
363 
363 
363 
363 
363 
363 
363 
363 
363.067 
363 
3086.97 
363 
363 
363 
363.03 
363 
363 
363 
363 
363 
363 
363 
363.004 
16792.1 
363 
363.008 
363 
363 
363 
363 
363 
8892.83 
363 
363 
363 
363 
363 
363.001 
363 
363 
363 
363 
363 
363 
363 
363 
363 
363 
363 
363 
363 
363 
363.075 
363 
363 
363 
363 
363 
363 
363 
363 
363 
363 
363 
363 
363 
363 
363 
363 
363 
363 
363 
363 
363 
363 
363 
363 
363 
3094.9 
363.148 
363 
363 
363 
363.002 
363 
363 
4056.06 
363 
363 
363 
363 
12929.6 
363 
363 
363 
363 
363 
363 
363 
363 
363 
363 
363 
363 
363 
7072.02 
363 
363 
363 
363 
363 
363 
363 
363.024 
363.001 
363 
3290.88 
363 
363 
5049.33 
363 
363 
363 
363 
363 
363 
503.281 
363 
363 
363 
363 
363 
363 
363 
363 
363 
363 
1673.9 
363 
363 
363 
363 
363 
3121.94 
363 
363 
363 
363 
363 
1050.98 
363 
363 
363 
363 
363 
1413.23 
363 
363 
363 
374.808 
363 
363 
364.133 
363 
363 
363 
363 
363 
363 
363 
363 
363 
363 
363 
363.012 
363 
363 
363 
363 
363 
363 
363 
415.153 
363 
363 
363 
4116.35 
363 
363 
363 
363 
363 
363 
363 
363 
363 
363 
363 
363 
363 
363 
363 
363 
363 
363 
363 
363 
363 
363 
363 
363 
363 
3514.05 
363 
363 
363 
363 
363 
367.445 
363.166 
363 
5064.86 
363 
363 
367.618 
10580.2 
363 
363 
363 
363 
3094.56 
399.646 
363.025 
363 
363.049 
363 
363 
363 
7783.54 
363 
6952.62 
363 
363 
363 
363 
363 
363 
363.729 
588.945 
363 
363 
363 
375.964 
363 
363 
363 
363 
3098.58 
3121.35 
363 
363 
363 
363 
363 
403.537 
363 
3218.72 
363 
363 
363 
376.245 
363 
363 
363 
363.054 
363 
1679.3 
363 
363 
363 
364.633 
363 
363 
363 
363 
363 
363 
363 
363 
363 
363 
363 
363 
363 
363 
363 
363 
363 
511.786 
363.01 
363 
363 
363 
363 
363 
3193.34 
3359.6 
363 
363 
363 
363 
363 
3083.62 
363 
363 
363 
363 
363 
363 
363 
363 
8670.49 
3226.71 
1168.84 
363 
363 
363 
363 
363 
363 
363 
4189.88 
363 
363 
363 
363.002 
363 
363 
363 
363 
363 
363 
363 
363 
363 
363 
441.158 
363 
363 
363 
363 
363 
363 
363 
363 
1706.87 
363 
363 
3537.34 
363 
363 
363 
363.004 
363 
363 
363 
363 
363 
880.89 
363 
363 
363 
363 
363 
363 
363 
363 
363 
436.375 
363 
363 
4773.88 
363 
363.017 
363 
363 
363 
363.05 
363 
363 
363 
8910.43 
374.707 
363 
363 
363 
363 
3558.41 
363 
363 
363 
363 
363 
363 
363 
363 
363 
363 
363 
363 
4453.55 
363 
363 
364.567 
363.106 
363 
363 
363 
363 
363 
363 
363.098 
363 
363 
363 
363 
1110.91 
7742.38 
363 
386.555 
363 
363 
363 
363.006 
363 
363 
363 
363 
363 
363 
363 
363 
363 
363 
363 
378.167 
363.001 
363 
363 
363 
363 
363 
549.362 
363 
363 
372.27 
363 
363 
363 
363 
363 
371.102 
363 
363 
363 
7345.11 
363 
363 
363 
363 
363 
363 
363 
363 
363 
363 
1723.72 
363 
363 
363.008 
379.011 
363 
363 
363 
363 
363 
363 
363 
403.64 
363 
363 
363 
3304.56 
363 
363 
363 
363 
363 
363 
363 
363 
363.088 
363 
4206.27 
363 
377.381 
363 
363 
363 
