363.003 
4159.74 
6205.77 
4850.83 
3361.08 
363 
4723.28 
6622.99 
363 
9155.66 
452.651 
373.471 
12282.4 
4779.78 
367.844 
3093.1 
1015.28 
466.122 
1326.32 
4462.91 
2798.54 
4681.06 
363 
363 
363.031 
3354.48 
5142.19 
5269.05 
363.024 
363 
6210.25 
1694.03 
435.822 
363 
4211.89 
1946.82 
363 
928.304 
4747.31 
873.382 
5384.51 
4594.18 
363 
414.237 
363 
363 
1290.52 
3402.15 
5514.56 
5798.94 
372.523 
1391.47 
363 
363 
363 
366.54 
363 
363.001 
363.136 
505.26 
1687.63 
363.477 
694.164 
3333.36 
363.002 
363 
363 
363.3 
459.015 
3121.22 
363.162 
633.712 
643.407 
370.795 
363 
363 
3215.95 
369.998 
6562.01 
449.469 
1348.41 
749.974 
364.045 
363 
6174.89 
375.633 
363.003 
4627.77 
363.912 
4160.11 
363.002 
363 
1093.99 
419.294 
4623.1 
3378.84 
363 
4215.69 
3164.54 
3493.51 
363.017 
363 
575.464 
384.823 
363 
363 
363 
8124.87 
4209.63 
3580.78 
3199.37 
5404.4 
3086.12 
6870.66 
3574.37 
411.664 
363.01 
363.005 
5095.39 
1698.47 
363 
386.91 
4269.71 
4861.59 
5138.88 
4531.55 
363 
363 
866.895 
4878.46 
363.1 
363.011 
363 
363 
363.473 
3238.15 
6886.04 
363.039 
363 
363 
1131.54 
363.023 
3189.71 
363.055 
363.084 
395.19 
4025.12 
363.001 
363 
363 
4305.35 
363 
4014.55 
477.585 
1759.94 
3598.23 
5632.78 
6711.92 
3582.28 
363 
7304.33 
363.067 
369.656 
3577.33 
363 
363.254 
3290.59 
363.001 
366.578 
363.003 
6416.45 
8861.44 
864.512 
364.474 
363 
415.921 
4741.7 
873.02 
363.009 
3408.4 
363.1 
382.313 
363 
363 
364.677 
391.053 
363 
363 
363 
3367.49 
6934.3 
363 
363 
6014.47 
363 
363 
391.209 
363 
363 
363.005 
363 
3193.25 
363 
363 
374.165 
3230.02 
6246 
363 
7733.64 
364.568 
363.134 
363 
1650.84 
402.485 
6897.49 
5056.33 
363.714 
3640.29 
363 
3381.6 
421.822 
839.87 
363.038 
1770.54 
3542.65 
7252.95 
363 
368.345 
4724.34 
363 
3311.03 
363.171 
363.054 
1104.45 
372.191 
4816.13 
591.901 
4598.57 
5730.87 
1300.13 
483.17 
4170.35 
7547.15 
4030.81 
394.777 
363 
497.32 
363 
3882.76 
3955.69 
3262.69 
420.451 
9333.9 
363 
363 
4366.73 
363 
3207.11 
363.353 
363 
3155.81 
801.629 
363.04 
363 
363.136 
6005.5 
363 
379.406 
365.782 
1649.16 
363 
363.118 
403.459 
3412.6 
4891.42 
363.032 
363 
515.135 
5614.54 
1130.2 
648.049 
363 
363 
363.421 
363 
489.096 
363 
2409.21 
757.51 
363.003 
363.048 
363 
363 
363 
363 
363 
363 
363 
363 
3115.08 
363 
426.75 
366.612 
366.556 
363 
363 
615.992 
363.002 
673.385 
4086.27 
3123.22 
3754.17 
4408.63 
408.59 
12516.6 
3565.94 
1663.64 
363 
363.001 
363 
363 
1733.45 
363 
374.741 
4086.84 
1083.72 
689.273 
363.119 
372.003 
4367.1 
363 
363 
404.453 
363 
4100.97 
363 
363 
1666.67 
738.484 
5088.86 
363.008 
363 
5716.92 
1696.94 
363.004 
363 
363 
952.193 
363 
2098.73 
363 
7625.82 
363 
368.941 
363.035 
363.013 
4872.33 
364.93 
597.654 
363.467 
363 
3598.57 
1113.36 
363 
365.348 
363.001 
363 
363 
4954.97 
363.04 
363 
3127.01 
437.46 
370.388 
944.984 
363.015 
9548.6 
7120.1 
1442.19 
371.31 
369.053 
613.432 
363 
363 
3553.96 
3589.03 
3526.32 
5545.45 
363 
444.41 
4753.47 
2298.95 
20082.7 
363.003 
3928.9 
564.839 
3616.13 
363 
363.219 
363.435 
3080.76 
386.957 
363.001 
363.203 
363 
363 
363 
363 
1400.37 
364.007 
675.048 
363 
363.016 
4375.59 
7253.9 
1251 
363.456 
363.031 
363 
467.613 
363 
8172.11 
396.387 
363 
363.022 
370.53 
4585.51 
363 
363 
722.722 
4014.69 
4738.34 
4341.68 
4364.87 
363 
3363.06 
363.001 
2847.81 
8769.87 
642.648 
363 
5123.86 
363 
363.022 
363 
839.781 
363 
363 
1127.97 
674.619 
1122.8 
5010.99 
4508.41 
363 
4586.08 
541.828 
9509.13 
363 
4101.51 
363 
363 
363 
7863.78 
363 
576.424 
363 
3628.93 
363.109 
4402.09 
3850.5 
6854.55 
363 
363.015 
363 
363 
363.321 
759.052 
383.722 
363.03 
541.988 
363 
363.822 
363.004 
654.543 
363 
374.869 
737.996 
5288.37 
363 
372.463 
1578.59 
374.755 
363 
363 
363 
756.294 
3328.07 
5634.06 
391.85 
363 
2032.13 
363 
5104.03 
363 
363.012 
1102.57 
3387.63 
363 
4617.7 
425.069 
363 
363.019 
