363 
4302.84 
6815.09 
5119.78 
3399.59 
363 
4843.49 
1729.11 
363 
16280.8 
465.444 
373.287 
6989.45 
4989.97 
367.757 
3090.84 
1189.96 
477.95 
1657.98 
732.288 
363.775 
4908.33 
363 
363 
363.036 
3415.08 
5334.26 
5685.26 
363.027 
363 
6687.01 
363.001 
363.13 
363 
4354.99 
2573.5 
363.001 
1023.52 
4968.84 
1004.93 
5623.61 
4730.13 
363 
414.103 
363 
363 
1589.29 
3467.04 
5869.92 
6163.55 
373.475 
1676.88 
363 
363 
363 
366.847 
363 
363.001 
363.153 
490.469 
1782.18 
363.524 
747.329 
3262.15 
363.003 
363 
363 
363.26 
363 
386.621 
363.188 
663.641 
679.221 
371.948 
363 
363 
1008.54 
370.575 
7172.32 
460.186 
1480.55 
810.982 
364.236 
363 
6896.65 
372.926 
363.003 
4880.14 
363.824 
4307.21 
363.002 
363 
1362.66 
363 
4807.47 
1266.98 
363 
371.61 
3199.77 
3536.63 
363.016 
363 
614.05 
379.51 
363 
363 
363 
11408.1 
4336.1 
3676.58 
3238.31 
5731.62 
363.007 
8072.97 
364.845 
419.102 
363.012 
363.005 
5515.9 
1786.21 
363 
388.615 
4383.32 
5092.5 
5486.68 
4603.39 
363 
363 
920.062 
5083.74 
363 
363.008 
363 
363 
363.564 
3268.33 
7654.09 
363.042 
363 
363 
1222.02 
363 
3234.09 
363.062 
363.096 
363.548 
4170.86 
363.001 
363 
363 
4471.82 
363 
4156.43 
363.061 
2411.06 
3529.52 
6176.2 
8073.66 
3642.25 
363 
4477.81 
363.074 
370.148 
3664.49 
363 
363.297 
3331.65 
363.001 
367.137 
363 
7359.84 
7992.3 
858.309 
364.747 
363 
424.398 
4988.94 
980.783 
363.01 
3468.51 
363.002 
385.273 
363 
363 
364.974 
394.693 
363 
363 
363 
3423.8 
8575 
363 
363 
6464.49 
363 
363 
394.627 
363 
363 
363.005 
363 
3034.81 
363 
363 
374.268 
3281.11 
6982.08 
363 
10952.6 
363.958 
363.154 
363 
1760.68 
409.5 
7644.38 
5274.37 
363.831 
3717.46 
363 
3444.7 
430.34 
951.827 
363.045 
1800.82 
3629.54 
8357.85 
363 
368.883 
4887.09 
363 
3380.23 
363.015 
363.063 
1127.91 
373.631 
5039 
363 
4809 
3587.42 
366.427 
471.548 
4303.46 
9171.13 
4168.23 
363 
363 
478.329 
363 
3974.71 
2367.63 
3319.9 
429.089 
14306.9 
363 
363 
4580.98 
363 
3246.77 
363.414 
363 
3200.72 
891.863 
363 
363 
363 
5481.03 
363 
381.159 
366.113 
1724.14 
363 
363 
363.001 
3463.34 
5185.37 
363.011 
363 
536.908 
5886.83 
1147.33 
700.707 
363 
363 
363.486 
363 
363 
363 
363.06 
849.253 
363.003 
363 
363 
363 
363 
363 
363 
363 
363 
363 
3149.14 
363.001 
433.628 
367.236 
366.964 
363 
363 
419.565 
363.003 
735.885 
4244.62 
3172.91 
3835.95 
4592.57 
375.634 
6124.94 
3637.62 
1822.99 
363 
363.001 
363 
363 
1765.3 
363 
375.976 
4225.56 
1324.83 
749.646 
363 
369.29 
4582.47 
363 
363 
364.566 
363 
4244.1 
363 
363 
1772.51 
806.346 
5434.01 
363.01 
363 
6228.1 
1977.83 
363 
363 
363 
1099.69 
363 
3089.27 
363 
9473.94 
363 
369.731 
363.04 
363.014 
5202.15 
365.234 
634.189 
363.548 
363 
3690.11 
1178.18 
363 
365.746 
363.001 
363 
363 
5256.97 
363.047 
363 
3182.81 
449.686 
370.14 
1114.21 
363.009 
10080.4 
8896.6 
669.574 
372.685 
363 
621.308 
363 
363 
3631.24 
3674.88 
3599.39 
6174.4 
363 
458.797 
4997.27 
363.39 
3391.43 
363.003 
4065.53 
600.078 
3164.67 
363 
363.217 
363.501 
3120.04 
390.359 
363.001 
363 
363 
363 
363 
363 
1415.47 
363 
726.069 
363 
363.019 
4549.45 
491.342 
1553.83 
363.519 
363.036 
363 
363.152 
363 
11040.6 
363 
363 
363.025 
369.867 
4754.46 
363 
363 
781.605 
4164.2 
4939.36 
4549.68 
696.671 
363 
364.837 
363.002 
363.126 
1668.31 
700.214 
363 
5414.47 
363 
363.025 
363 
928.57 
363 
363 
1137.95 
742.04 
1248.43 
5404.91 
4750.74 
363 
4832.75 
574.071 
3257.02 
363 
4261.77 
363 
363 
363 
4010.9 
363 
610.539 
363 
3729.25 
363.091 
4547.52 
3966.36 
7164.73 
363 
363.018 
363 
363 
363 
842.151 
363 
363.034 
575.405 
363 
364.012 
363.005 
687.542 
363 
363.814 
806.086 
5785.65 
363 
369.914 
1725.22 
376.391 
363 
363 
363 
864.992 
409.086 
6248.33 
386.852 
363 
3086.08 
363 
5531.29 
363 
363.015 
1102.66 
3446.98 
363 
4829.06 
431.342 
363 
363.023 
