363 
7427.5 
363 
374.543 
363 
363 
363 
363 
363 
363 
363 
366.396 
363 
9540.84 
363 
363 
363 
393.683 
363 
363 
363 
363 
363 
363 
363 
673.392 
10847.3 
363 
363.052 
363 
363 
363 
363 
363 
7393.73 
363 
363 
363.186 
363.801 
363.008 
593.271 
363 
363 
363 
363 
363 
363 
363 
363.001 
363 
363.185 
363 
363 
363 
363 
367.357 
363 
363 
363.118 
363 
363 
363 
363 
363 
363 
363 
363 
363 
363 
363 
363 
363 
363 
363 
363 
363 
363 
363 
363 
363 
363 
2390.16 
366.368 
363 
363 
363 
363.002 
363.045 
363.021 
7500.56 
363 
363 
363 
363 
12105.4 
363 
363 
363 
363.001 
363 
363 
363 
363 
363 
363 
363 
363 
363 
6478.81 
363 
363 
363 
363 
363 
363 
363 
363.024 
363.002 
363 
3264.67 
363 
363 
6039.19 
395.297 
363 
363 
363 
363 
363 
4211.95 
363 
363 
363 
363 
363 
363 
363 
363 
363 
363 
3126.75 
363 
363 
363 
363 
363 
6076.78 
363 
363 
363 
363 
363 
4334.98 
363 
368.37 
363 
363 
363 
3691.01 
363 
363 
363 
374.337 
363 
363 
363.988 
363 
363 
363.071 
363 
363 
363 
363 
363.211 
363 
363 
363.026 
562.091 
363 
363 
363 
363 
363 
363 
363 
444.707 
363 
363 
363 
4026.66 
363 
363 
363 
363 
363 
363 
363.006 
363 
363 
363.007 
363 
363 
363 
363 
363 
363 
363 
363 
363 
363 
363 
363 
363 
363 
363 
16010.9 
363 
363 
363 
363 
363 
2551.32 
363.166 
363 
4801.21 
363 
363 
375.05 
8491.47 
363 
363 
363 
363 
2251.08 
395.36 
1821.66 
363 
2305.72 
363 
363 
363 
6797.3 
363 
7093.49 
363 
363 
363 
363 
363 
363 
2879.08 
560.974 
363 
363 
363 
3851.82 
363 
363 
363 
363 
3579.25 
3158.94 
363 
363 
363 
363 
363 
401.409 
363 
3342.61 
363 
363 
363 
3160.23 
363.06 
363 
363 
428.745 
363 
1713.56 
365.008 
363 
363 
364.441 
363 
363 
363 
363 
363 
363 
363 
363 
363 
363 
363 
363 
363 
363 
363 
363.1 
363 
519.504 
366.694 
363 
363 
363 
363 
363 
3143.81 
7968.05 
363 
363 
363 
363 
363 
4080.22 
363 
363 
363 
363 
363 
363 
363 
363 
7156.56 
3309.62 
3080.65 
363 
363 
363 
363 
363 
363 
363 
7297.84 
363 
363 
363 
396.572 
363 
363 
363 
363 
363 
363 
363 
363 
363 
363 
3166.9 
363 
363 
363 
363 
363 
363 
363 
363 
1597.21 
363 
363 
4903.41 
363.002 
363 
363 
363.003 
363 
363 
363 
363 
363 
3402.78 
363 
363 
363 
363 
363 
363 
363 
363 
363 
646.493 
363 
363 
4583.75 
363 
1137.19 
363 
363 
363 
3086.2 
363 
363 
363 
7114.38 
1056.01 
363 
363 
363.004 
363 
3501.74 
363 
363 
363 
363 
363 
363 
363 
363 
363 
363 
363 
363 
10350.6 
363 
363 
364.402 
363.133 
363 
363 
363 
363 
363 
363 
363.092 
363 
363.048 
363 
363 
1154.95 
8265.33 
372.632 
3913.11 
363 
363 
363 
363.005 
363 
363 
363 
363 
363 
363 
363 
363 
363 
363 
363 
874.099 
396.225 
363.061 
363 
363 
363 
363 
1374.25 
363 
363 
3294.55 
363 
363 
363 
363 
363 
933.391 
363 
363.003 
363 
7463.79 
363 
363 
363 
363 
363 
363 
363 
363 
363 
363 
1605.55 
363 
363.021 
363.013 
1632.65 
363 
363 
363.11 
363 
363 
363 
363 
399.296 
363 
363 
363 
3280.71 
363 
363 
363 
363 
363 
363 
363 
363 
363.073 
363 
4095.53 
363 
3545.95 
363 
363 
363 
