363 
5434.54 
852.354 
9218.27 
363 
363 
363 
363 
363 
363 
363 
371.071 
363 
7085.12 
363.081 
363 
2314.29 
556.129 
365.096 
363 
363 
5589.69 
363 
363 
363 
3775.91 
6961.24 
363.323 
363.043 
363 
1510.05 
363 
363 
363 
5477.35 
363 
363 
1747.96 
7355.8 
3099.82 
8044.76 
3161.54 
363 
388.497 
363 
363 
363.139 
363 
14723.9 
14782.8 
379.476 
363 
363 
363 
363 
368.717 
363 
363 
363.268 
386.367 
1264.85 
363.503 
363 
363 
363 
363.001 
363 
363.035 
363 
363 
363 
363 
891.408 
363 
363 
363 
363 
366.279 
363 
363 
363 
1528.22 
365.749 
363 
363.052 
363 
363.003 
8533.85 
363.32 
5493.89 
363.001 
363 
363 
363 
6459.04 
363 
363 
363 
3389.76 
3530.67 
363 
363 
363 
363 
363 
363 
363 
363 
5253.91 
363 
363 
11418.6 
363 
363 
363 
363 
363.018 
363.004 
3179.21 
3168.62 
363 
363 
5159.66 
7650.21 
831.649 
363 
363 
363 
363 
7029.69 
363 
363 
363 
363 
363 
3119.28 
363 
363.048 
363 
363 
1982.58 
363 
363 
363.11 
363.175 
363 
5366.36 
363 
363 
363 
363 
363 
5299.01 
363 
3261.59 
363 
1431.11 
363 
3992.94 
363 
363 
363 
372.721 
3170.93 
363 
363.628 
3535.48 
363 
371.239 
363 
363 
363 
387.683 
366.91 
363 
476.089 
8218.67 
2216.45 
363 
363 
363 
363 
363 
363 
363 
420.004 
363 
363 
363 
3753.05 
363 
363 
363 
11169 
363 
363 
419.077 
363 
363 
363.009 
363 
363 
363 
363 
363 
363 
363 
363 
363 
363 
363 
363 
363.942 
464.95 
363 
7401.18 
363.012 
363.043 
363 
779.905 
363 
2715.47 
363.101 
674.327 
4201.37 
363 
363 
372.274 
6179.97 
363 
365.108 
363 
363 
1547.11 
384.246 
7414.67 
363 
7013.43 
363 
363 
363 
5305.82 
363 
5247.02 
363 
363 
363.502 
363 
363.007 
363 
3658.03 
492.787 
363 
363 
363 
7067.45 
363 
363 
363.878 
363 
3454.11 
1864.02 
363 
363 
363 
363 
363 
392.14 
364.66 
3204.88 
363 
363 
363 
3752.48 
11247.9 
363 
363 
702.37 
8516.51 
1327.19 
1302.49 
363 
363 
363.956 
363 
363 
363 
363 
2036.99 
363 
363 
363 
363 
363 
363 
363 
363 
363 
363 
3333.21 
363 
478.499 
372.05 
363.014 
363 
363 
363 
363.005 
1685.05 
5619.59 
363.002 
3853.22 
3427.51 
363 
363 
4078.15 
363 
363 
363 
363 
363 
3116.73 
363 
383.884 
5311.8 
3157.26 
1541.03 
363 
363.003 
3225.87 
363 
363 
363 
363 
5387.19 
363 
363 
363 
1671.01 
3412.34 
363 
363 
363.004 
363 
363 
363 
363 
363 
363 
3286.79 
363 
363 
363 
363 
363 
363 
381.257 
363 
950.949 
363 
363 
4301.89 
2220.17 
363 
363 
363.002 
363 
363 
363.329 
363.084 
363 
3513.67 
508.067 
369.307 
394.153 
363 
363 
363 
363 
363 
363 
669.277 
363 
363 
4118.06 
363 
4052.54 
363 
363 
363.009 
8081.31 
363 
363 
363 
5152.74 
920.282 
363 
363 
363.135 
363 
3337.33 
363 
363 
363 
363 
363 
363 
363 
626.518 
363 
1244.31 
363 
363.004 
6094.89 
363 
364.841 
363.964 
363.082 
363 
363 
363 
363 
363 
363 
363.057 
363 
6133.66 
363 
363 
1091.6 
5418.63 
6860.29 
6871.51 
363 
363 
363 
363.003 
363 
363 
375.526 
363 
1310.23 
363 
363 
363 
363 
363 
363 
1190.59 
1686.28 
2032.05 
3917.15 
363.235 
363 
5456.92 
865.242 
363 
363 
5663.95 
363 
363 
363 
363 
363 
904.363 
363 
4422.5 
363.018 
5668.33 
4784.09 
363 
363 
363 
363 
363 
363 
497.252 
363 
363 
885.91 
363 
366.051 
363.009 
1112.96 
363 
363 
1672.38 
377.172 
363 
363 
363 
387.897 
363 
363 
363 
3104.71 
363 
363.375 
363 
363 
363 
363 
3466.29 
363 
363.04 
891.128 
3797.93 
363 
7044.18 
500.444 
363 
363.054 
