363 
8231.53 
363 
363.01 
363 
363 
363 
363 
363 
363 
363 
363.693 
363 
3769.01 
363 
363 
363 
364.138 
363 
363 
363 
363 
363 
363 
363 
364.111 
13400.9 
363 
363.03 
363 
363 
363 
363 
363 
8145.6 
363 
363 
363 
363 
363 
363.307 
363 
363 
363 
363 
363 
363 
363 
363 
363 
363.001 
363 
363 
363 
363 
363.829 
363 
363 
363.01 
363 
363 
363 
363 
363 
363 
363 
363 
363 
363 
363 
363 
363 
363 
363 
363 
363 
363 
363 
363 
363 
363 
3082.23 
364.041 
363 
363 
363 
363.002 
363 
363.002 
6117.77 
363 
363 
363 
363 
15437.1 
363 
363 
363 
363 
363 
363 
363 
363 
363 
363 
363 
363 
363 
6839.35 
363 
363 
363 
363 
363 
363 
363 
363.025 
363.001 
363 
3282.35 
363 
363 
5980.46 
363.022 
363 
363 
363 
363 
363 
3089.96 
363 
363 
363 
363 
363 
363 
363 
363 
363 
363 
3089.36 
363 
363 
363 
363 
363 
3762.39 
363 
363 
363 
363 
363 
3152.06 
363 
363.006 
363 
363 
363 
3143.64 
363 
363 
363 
374.607 
363 
363 
364.069 
363 
363 
363 
363 
363 
363 
363 
363.003 
363 
363 
363 
364.673 
363 
363 
363 
363 
363 
363 
363 
441.643 
363 
363 
363 
4082.55 
363 
363 
363 
363 
363 
363 
363 
363 
363 
363.001 
363 
363 
363 
363 
363 
363 
363 
363 
363 
363 
363 
363 
363 
363 
363 
7140.84 
363 
363 
363 
363 
363 
529.984 
363.178 
363 
4945.87 
363 
363 
372.794 
9458.37 
363 
363 
363 
363 
3080.51 
397.821 
370.246 
363 
375.331 
363 
363 
363 
7294.88 
363 
7597.91 
363 
363 
363 
363 
363 
363 
428.16 
576.45 
363 
363 
363 
1657.7 
363 
363 
363 
363 
3288.15 
3163.24 
363 
363 
363 
363 
363 
403.227 
363 
3327.82 
363 
363 
363 
953.126 
363 
363 
363 
365.386 
363 
1728.31 
363.005 
363 
363 
364.548 
363 
363 
363 
363 
363 
363 
363 
363 
363 
363 
363 
363 
363 
363 
363 
363 
363 
525.931 
363.256 
363 
363 
363 
363 
363 
3171.89 
4950.89 
363 
363 
363 
363 
363 
3323.91 
363 
363 
363 
363 
363 
363 
363 
363 
7877.79 
3311.25 
2368.46 
363 
363 
363 
363 
363 
363 
363 
6191.85 
363 
363 
363 
363.248 
363 
363 
363 
363 
363 
363 
363 
363 
363 
363 
1680.98 
363 
363 
363 
363 
363 
363 
363 
363 
1678.56 
363 
363 
4376.86 
363 
363 
363 
363.004 
363 
363 
363 
363 
363 
3096.24 
363 
363 
363 
363 
363 
363 
363 
363 
363 
547.416 
363 
363 
4688.68 
363 
366.674 
363 
363 
363 
378.913 
363 
363 
363 
7946.29 
494.492 
363 
363 
363 
363 
3533.7 
363 
363 
363 
363 
363 
363 
363 
363 
363 
363 
363 
363 
8005.64 
363 
363 
364.496 
363.137 
363 
363 
363 
363 
363 
363 
363.099 
363 
363 
363 
363 
1167.03 
9173.69 
363.005 
1731.01 
363 
363 
363 
363.006 
363 
363 
363 
363 
363 
363 
363 
363 
363 
363 
363 
501.287 
363.2 
363 
363 
363 
363 
363 
1000.79 
363 
363 
1039.18 
363 
363 
363 
363 
363 
461.495 
363 
363 
363 
7937.23 
363 
363 
363 
363 
363 
363 
363 
363 
363 
363 
1688.13 
363 
363 
363.013 
572.756 
363 
363 
363 
363 
363 
363 
363 
401.761 
363 
363 
363 
3312.11 
363 
363 
363 
363 
363 
363 
363 
363 
363.081 
363 
4157.41 
363 
1522.91 
363 
363 
363 
