363 
6530.27 
363 
3645.07 
363 
363 
363 
363 
363 
363 
363 
369.05 
363 
11522.4 
363 
363 
363 
580.677 
363 
363 
363 
363.005 
363 
363 
363 
3408.88 
8842.81 
363 
363.052 
363 
363 
363 
363 
363 
6542.72 
363 
363 
691.931 
3134.95 
534.688 
4393.58 
363 
363 
363.508 
363 
363 
363 
363 
441.578 
398.919 
374.611 
363 
363 
363 
363 
369.74 
363 
363 
363.334 
363.005 
363 
363.054 
363 
363 
363 
363.001 
363 
363 
363 
363 
363 
363 
363.001 
363 
363 
363 
363 
363 
363 
363 
363 
1845.57 
366.847 
363 
363 
363 
363.003 
2382.61 
363.1 
6700.33 
363 
363 
363 
363 
8735.47 
363 
363 
363 
437.917 
366.294 
363 
363 
363 
363 
363 
363 
363 
363 
5989.51 
363 
363 
367.15 
363 
363 
363 
363 
363.022 
363.003 
363 
3234.26 
363 
363 
5713.8 
3631.7 
363 
363 
363 
363 
363 
9703.5 
363 
363 
363 
363 
363 
363 
363 
363 
363 
363 
3108.41 
363 
363 
363 
363.008 
363 
6630.52 
363 
363 
363 
363 
363 
6392.69 
363 
3088.08 
363 
363 
363 
4182.46 
363 
363 
363 
373.853 
363 
363 
363.861 
364.112 
363 
368.773 
363 
363 
363 
363 
367.255 
363 
363 
1781.42 
3101.94 
363 
363 
363 
363 
363 
363 
363 
436.32 
363 
363 
363 
3935.18 
363 
363 
363 
363 
363 
363 
371.584 
363 
363 
363.011 
363 
363 
363 
363 
363 
363 
363 
363 
363 
363 
363 
363 
363 
363.477 
363 
11537.5 
363 
363 
363 
363 
363 
3159.73 
363.143 
363 
4583.43 
363 
363 
374.235 
7444.04 
363 
363 
363 
363 
1778.06 
391.465 
6241.21 
363 
6361.92 
363 
363 
363 
6173.53 
363 
6273.71 
363 
363 
363 
363 
363 
363 
3668.71 
536.804 
363 
363 
363 
15589.8 
363 
363 
363 
363 
3587.19 
3120.47 
363 
363 
363 
363 
363 
398.349 
363 
3299.19 
363 
363 
363 
3842.32 
3099.53 
363 
363 
792.362 
366.638 
1666.2 
954.989 
363 
363 
364.272 
363 
363 
363 
363 
363.667 
363 
363 
363 
363 
363 
363 
363 
363 
363 
363 
1419.67 
363 
505.595 
375.148 
363 
363 
363 
363 
363.001 
3096.81 
7334.45 
363 
363.002 
363 
363 
363 
4340.15 
363 
363 
363 
363 
363 
363 
363 
363.906 
6339.24 
3260.74 
2075.93 
363 
363 
363 
363 
363 
363 
363 
6520.79 
363 
363 
363 
1706.58 
363 
363 
363 
363 
363 
363 
363 
363 
363 
363 
3379.57 
363 
363 
363 
363 
363 
363 
363 
363 
1286.57 
363 
363 
4721.69 
369.772 
363 
363 
363.003 
363 
363 
363 
363 
363 
3697.03 
363 
363.002 
363 
363 
363 
363 
363 
363 
363 
670.447 
363 
363 
4420.32 
363 
3645.9 
363 
363 
363 
11773 
363 
363 
363 
6221.58 
1280.66 
363 
363 
363.046 
363 
3448.4 
363 
363 
363 
363 
363 
363 
363 
363 
363 
363.238 
363 
363 
8174.65 
363 
363 
364.251 
363.115 
363 
363 
363 
363 
363 
363 
363.079 
363 
570.332 
363 
363 
1129.76 
6834.62 
3321.58 
13542.4 
363 
363 
363 
363.004 
363 
363 
363 
363 
363 
363 
363 
363 
363 
363 
363 
1180.58 
1875.52 
479.259 
363 
363 
363 
363.001 
1177.08 
363 
363 
6626.02 
363 
363 
363 
363 
363 
1199.08 
363 
659.443 
363.002 
6689.4 
397.509 
363 
363 
363 
363 
363 
363 
363 
363 
363 
1242.34 
363 
365.313 
363.012 
1705.46 
363 
363 
590.57 
363 
363 
363 
363 
395.356 
363 
363 
363 
3223.24 
363 
363 
363 
363 
363 
363 
363 
363 
363.06 
364.149 
3995.36 
363 
10687.8 
363.038 
363 
363.032 
