363 
4686.55 
10039.2 
5978.51 
1710.28 
363 
366.192 
363 
363 
364.915 
441.725 
372.634 
363 
5598.4 
367.525 
363.001 
1712.76 
508.035 
2190.39 
363 
363 
5591.37 
363 
363 
363.002 
3559.43 
5862.15 
7364.04 
363.033 
363 
8579.54 
363 
363 
363 
4737.52 
363.471 
363.001 
1355.58 
5624.31 
1653.12 
6318.99 
5081.02 
363 
409.4 
363 
363 
1902.69 
435.675 
7105.84 
7413.76 
375.826 
2560.63 
363 
363 
363 
367.593 
363 
363.001 
363.197 
449.954 
3100.44 
363.6 
891.059 
363 
363.003 
363 
363 
363.169 
363 
363 
363.247 
654.775 
776.45 
363.264 
363 
363 
363 
371.963 
8573.4 
363.706 
363 
996.429 
364.767 
363 
12148.5 
363 
363.003 
5678.75 
363.613 
4704.53 
363.001 
363 
709.078 
363 
5323.78 
363 
363 
363 
3279.88 
3635.21 
363.01 
363 
363.161 
363 
363 
363 
363 
1687.13 
4664.23 
3097.83 
3279.11 
6828.2 
363 
11421 
363 
434.872 
363.014 
363.005 
7296.67 
3089.72 
363 
374.465 
4670.94 
5780.72 
6735.58 
363.347 
363 
363 
416.564 
5669.07 
363 
363.003 
363 
363 
363.823 
3336.25 
4914.53 
363.051 
363 
363 
1617.09 
363 
3149.61 
363.08 
363.125 
363 
4566.85 
363 
363 
363 
750.372 
363 
4539.38 
363 
3148.12 
363.002 
8969.04 
632.971 
3783.88 
363 
363 
363.085 
371.259 
3881.58 
363 
363.415 
3425.93 
363.001 
368.629 
363 
17678.9 
363.001 
795.056 
365.505 
363 
447.364 
5755.67 
1414.29 
363 
363.568 
363 
378.867 
363 
363 
365.752 
404.144 
363 
363 
363 
3556.79 
3889.19 
363 
363 
8211.95 
363 
363 
403.596 
363 
363 
363.007 
363 
363 
363 
363 
363 
365.988 
10588.9 
363 
366.466 
363 
363 
363.001 
3137.24 
428.939 
10659.8 
5901.51 
364.147 
3902.9 
363 
3595.66 
363.003 
1430.28 
363.064 
2014.66 
3846 
4092.33 
363 
370.211 
5324.25 
363 
3548.19 
363 
363 
1206.65 
377.486 
5696.48 
363 
5426.81 
363 
363 
373.541 
4653.86 
3084.13 
4535.69 
363 
363 
421.748 
363 
4192.15 
363 
3455.7 
452.173 
363.809 
363 
363 
5227 
363 
817.959 
363.583 
363 
3304.99 
1220.71 
363 
363 
363 
363.002 
363 
385.485 
366.952 
3095.38 
363 
363 
363 
3581.7 
6166.99 
363 
363 
595.549 
6706.53 
1195.51 
862.007 
363 
363 
363.658 
363 
363 
363 
363 
1198.47 
363.004 
363 
363 
363 
363 
363 
363 
363 
363 
363 
3226.56 
363.001 
450.905 
368.946 
367.993 
363 
363 
363 
363.004 
952.169 
4683.43 
3287.32 
4036.01 
5114.92 
363 
363 
3810.85 
3121.18 
363 
363.001 
363 
363 
2787.38 
363 
379.052 
4596.15 
1877.48 
939.295 
363 
364.678 
5233.25 
363 
363 
363 
363 
4629.27 
363 
363 
363.045 
1024.07 
6675.07 
363.02 
363 
7959.68 
375.693 
363 
363 
363 
1664.85 
363 
3172.01 
363 
382.222 
363 
371.775 
363.045 
363 
6385.07 
363 
737.318 
363.111 
363 
3919.68 
1500.16 
363 
363.004 
363.002 
363 
363 
6264.68 
363.068 
363 
3315.46 
483.132 
369.563 
1719.14 
363 
363.001 
3316.63 
363 
376.336 
363 
641.21 
363 
363 
3820.1 
3449.13 
3776.71 
3084.07 
363 
498.94 
5747.5 
363 
363 
363.002 
4432.72 
701.801 
363 
363 
363.199 
363.022 
3210.36 
399.275 
363 
363 
363 
363 
363 
363 
1436.57 
363 
877.347 
363 
363.027 
5035.01 
363 
1966.28 
363.684 
363.052 
363 
363 
363 
487.052 
363 
363 
363.036 
363.002 
5215.91 
363 
363 
933.333 
4573.66 
5513.94 
5170.72 
363 
363 
363 
363.002 
363 
363 
884.305 
363 
6353.78 
363 
363 
363 
363.007 
363 
363 
1161.3 
968.228 
1553.56 
6996.41 
5506.52 
363 
5608.12 
667.256 
363 
363 
4707.01 
363 
363 
363 
363 
363 
706.838 
363 
3984.82 
363.054 
4933.77 
4266.99 
363.026 
363 
363 
363 
363 
363 
1120.2 
363 
363.001 
673.063 
363 
364.617 
363.007 
796.739 
363 
363 
1024.96 
8242.09 
363 
363.663 
1651.72 
380.667 
363 
363 
363 
1412.25 
363 
10123.9 
368.802 
363 
363 
363 
7371.3 
363 
363.023 
1085.8 
3587.89 
363 
5449.65 
452.393 
363 
363.034 
