363 
8702.8 
363 
363 
363 
363 
363 
363 
363 
363 
363 
363.164 
363 
3163 
363 
363 
363 
363.113 
363 
363 
363 
363 
363 
363 
363 
363.03 
15550.3 
363 
363.014 
363 
363 
363 
363 
363 
8636.37 
363 
363 
363 
363 
363 
363.005 
363 
363 
363 
363 
363 
363 
363 
363 
363 
363 
363 
363 
363 
363 
363.189 
363 
363 
363.001 
363 
363 
363 
363 
363 
363 
363 
363 
363 
363 
363 
363 
363 
363 
363 
363 
363 
363 
363 
363 
363 
363 
3090.79 
363.318 
363 
363 
363 
363.002 
363 
363 
4666.88 
363 
363 
363 
363 
14769.9 
363 
363 
363 
363 
363 
363 
363 
363 
363 
363 
363 
363 
363 
7018.92 
363 
363 
363 
363 
363 
363 
363 
363.025 
363.001 
363 
3289.61 
363 
363 
5468.5 
363 
363 
363 
363 
363 
363 
920.982 
363 
363 
363 
363 
363 
363 
363 
363 
363 
363 
2055.65 
363 
363 
363 
363 
363 
3226.03 
363 
363 
363 
363 
363 
1787.15 
363 
363 
363 
363 
363 
2126.98 
363 
363 
363 
374.741 
363 
363 
364.112 
363 
363 
363 
363 
363 
363 
363 
363 
363 
363 
363 
363.071 
363 
363 
363 
363 
363 
363 
363 
426.736 
363 
363 
363 
4108.43 
363 
363 
363 
363 
363 
363 
363 
363 
363 
363 
363 
363 
363 
363 
363 
363 
363 
363 
363 
363 
363 
363 
363 
363 
363 
4135.51 
363 
363 
363 
363 
363 
379.92 
363.175 
363 
5024.62 
363 
363 
369.452 
10149.5 
363 
363 
363 
363 
3090.6 
399.08 
363.187 
363 
363.352 
363 
363 
363 
7606.42 
363 
7363.79 
363 
363 
363 
363 
363 
363 
366.714 
584.694 
363 
363 
363 
432.674 
363 
363 
363 
363 
3142 
3139.63 
363 
363 
363 
363 
363 
403.782 
363 
3264.33 
363 
363 
363 
416.427 
363 
363 
363 
363.216 
363 
1704.53 
363 
363 
363 
364.604 
363 
363 
363 
363 
363 
363 
363 
363 
363 
363 
363 
363 
363 
363 
363 
363 
363 
520.746 
363.033 
363 
363 
363 
363 
363 
3186.22 
3690.49 
363 
363 
363 
363 
363 
3124.62 
363 
363 
363 
363 
363 
363 
363 
363 
8371.59 
3265.13 
1666.81 
363 
363 
363 
363 
363 
363 
363 
4815.78 
363 
363 
363 
363.01 
363 
363 
363 
363 
363 
363 
363 
363 
363 
363 
598.657 
363 
363 
363 
363 
363 
363 
363 
363 
1697.26 
363 
363 
3800.62 
363 
363 
363 
363.004 
363 
363 
363 
363 
363 
1664.37 
363 
363 
363 
363 
363 
363 
363 
363 
363 
470.008 
363 
363 
4744.83 
363 
363.115 
363 
363 
363 
363.389 
363 
363 
363 
8543.24 
392.577 
363 
363 
363 
363 
3550.11 
363 
363 
363 
363 
363 
363 
363 
363 
363 
363 
363 
363 
5437.22 
363 
363 
364.545 
363.122 
363 
363 
363 
363 
363 
363 
363.1 
363 
363 
363 
363 
1145.47 
8552 
363 
480.157 
363 
363 
363 
363.006 
363 
363 
363 
363 
363 
363 
363 
363 
363 
363 
363 
401.001 
363.007 
363 
363 
363 
363 
363 
674.58 
363 
363 
407.163 
363 
363 
363 
363 
363 
384.03 
363 
363 
363 
7734.07 
363 
363 
363 
363 
363 
363 
363 
363 
363 
363 
1711.59 
363 
363 
363.01 
405.642 
363 
363 
363 
363 
363 
363 
363 
403.035 
363 
363 
363 
3314.45 
363 
363 
363 
363 
363 
363 
363 
363 
363.085 
363 
4189.76 
363 
433.966 
363 
363 
363 
