363 
4341.77 
7009.71 
5196.91 
3409.45 
363 
4739.96 
508.404 
363 
18045.8 
468.934 
373.23 
4277.58 
5048.55 
367.733 
2505.63 
1248.18 
481.125 
1674.86 
396.113 
363.025 
4972.38 
363 
363 
363.037 
3430.91 
5386.93 
5811.89 
363.028 
363 
6831.32 
363 
363.008 
363 
4393.88 
2793.89 
363.001 
1051.46 
5030.99 
1046.57 
5690.34 
4766.65 
363 
413.911 
363 
363 
1656.59 
3481.03 
5974.16 
6270.12 
373.727 
1695.31 
363 
363 
363 
366.928 
363 
363.001 
363.158 
486.365 
1876.65 
363.536 
762.32 
3164.25 
363.003 
363 
363 
363.25 
363 
364.461 
363.195 
671.73 
689.032 
372.26 
363 
363 
447.735 
370.726 
7364.79 
462.963 
1182.22 
828.278 
364.289 
363 
7138.32 
369.171 
363.003 
4952.33 
363.801 
4347.33 
363.002 
363 
1466.23 
363 
4858.33 
471.776 
363 
363.202 
3208.81 
3547.72 
363.016 
363 
622.053 
372.516 
363 
363 
363 
13266.1 
4370.13 
3702.13 
3248.33 
5826.69 
363 
8540.24 
363.036 
421.136 
363.012 
363.005 
5644.93 
1865.7 
363 
389.057 
4413.64 
5157.43 
5589.52 
4401.22 
363 
363 
932.282 
5140.69 
363 
363.007 
363 
363 
363.59 
3276.05 
7907.88 
363.043 
363 
363 
1248.02 
363 
3245.56 
363.064 
363.099 
363.063 
4210.68 
363 
363 
363 
4511.27 
363 
4195.11 
363.003 
2782.32 
3375.18 
6348.96 
8515.73 
3657.86 
363 
3517.4 
363.076 
370.274 
3687.62 
363 
363.309 
3342.22 
363.001 
367.289 
363 
7700.93 
5697.88 
855.421 
364.822 
363 
426.727 
5059.26 
1013.47 
363.011 
3444.93 
363 
386.082 
363 
363 
365.056 
395.677 
363 
363 
363 
3438.46 
9322.31 
363 
363 
6600.04 
363 
363 
395.554 
363 
363 
363.006 
363 
1646.64 
363 
363 
372.332 
3284.85 
7229.16 
363 
11355.7 
363.476 
363.158 
363 
1905.29 
411.444 
7889.2 
5335.01 
363.863 
3737.77 
363 
3461.21 
429.615 
986.241 
363.047 
1810.78 
3652.59 
8762.93 
363 
369.025 
4931.39 
363 
3398.43 
363.003 
363.064 
1134.69 
374.024 
5101.47 
363 
4867.9 
3193.46 
363.249 
467.69 
4339.46 
9847.66 
4205.57 
363 
363 
472.804 
363 
3999.07 
798.191 
3334.83 
431.45 
14384.4 
363 
363 
4641.42 
363 
3256.84 
363.431 
363 
3212.34 
918.69 
363 
363 
363 
4525.89 
363 
381.624 
366.202 
1744.5 
363 
363 
363 
3476.49 
5270.7 
363.004 
363 
542.869 
5963.62 
1152.02 
715.713 
363 
363 
363.503 
363 
363 
363 
363.001 
876.861 
363.003 
363 
363 
363 
363 
363 
363 
363 
363 
363 
3157.88 
363.001 
435.464 
367.408 
367.073 
363 
363 
379.26 
363.003 
754.382 
4288.15 
3185.82 
3857.51 
4643.53 
366.996 
3800.12 
3656.43 
1983.96 
363 
363.001 
363 
363 
1793.52 
363 
376.305 
4263.25 
1413.73 
766.959 
363 
368.646 
4643.27 
363 
363 
363.232 
363 
4283.09 
363 
363 
1790.28 
825.897 
5536.1 
363.011 
363 
6387.75 
2160.2 
363 
363 
363 
1147.07 
363 
3098.59 
363 
9734.05 
363 
369.944 
363.041 
363.011 
5299.65 
365.149 
644.341 
363.57 
363 
3714.46 
1196.58 
363 
365.839 
363.001 
363 
363 
5344.77 
363.049 
363 
3197.37 
453.056 
370.072 
1171.02 
363.005 
6655.25 
9728.56 
458.415 
373.063 
363 
623.421 
363 
363 
3651.6 
3697.63 
3618.6 
6379.76 
363 
462.792 
5066.46 
363.011 
3082.64 
363.003 
4102.73 
609.953 
3082.24 
363 
363.216 
363.519 
3130.17 
391.284 
363 
363 
363 
363 
363 
363 
1419.01 
363 
740.45 
363 
363.02 
4597.37 
367.359 
1652.89 
363.536 
363.038 
363 
363.009 
363 
12203.6 
363 
363 
363.027 
369.48 
4800.69 
363 
363 
797.739 
4205.15 
4995.17 
4608.19 
383.14 
363 
363.04 
363.002 
363.003 
449.241 
716.84 
363 
5498.09 
363 
363.024 
363 
907.432 
363 
363 
1140.54 
761.758 
1278.15 
5524.59 
4819.91 
363 
4903.18 
583.116 
2773.9 
363 
4305.86 
363 
363 
363 
3295.01 
363 
620.023 
363 
3756.08 
363.087 
4586.96 
3997.54 
6010.43 
363 
363.016 
363 
363 
363 
866.443 
363 
363.035 
584.816 
363 
364.067 
363.005 
697.23 
363 
363.189 
825.713 
5942.73 
363 
369.275 
1748.72 
376.835 
363 
363 
363 
899.876 
365.429 
6449.88 
385.283 
363 
3080.79 
363 
5662.84 
363 
363.016 
1102.25 
3462.46 
363 
4888.22 
433.217 
363 
363.024 
