363 
8003.06 
363 
363.065 
363 
363 
363 
363 
363 
363 
363 
364.194 
363 
4541.94 
363 
363 
363 
366.068 
363 
363 
363 
363 
363 
363 
363 
368.522 
12570.2 
363 
363.038 
363 
363 
363 
363 
363 
7929.99 
363 
363 
363.001 
363.002 
363 
364.958 
363 
363 
363 
363 
363 
363 
363 
363 
363 
363.005 
363 
363 
363 
363 
364.463 
363 
363 
363.022 
363 
363 
363 
363 
363 
363 
363 
363 
363 
363 
363 
363 
363 
363 
363 
363 
363 
363 
363 
363 
363 
363 
2937.08 
364.602 
363 
363 
363 
363.002 
363 
363.005 
6744.91 
363 
363 
363 
363 
14799.9 
363 
363 
363 
363 
363 
363 
363 
363 
363 
363 
363 
363 
363 
6743.57 
363 
363 
363 
363 
363 
363 
363 
363.025 
363.002 
363 
3278 
363 
363 
6075.1 
363.165 
363 
363 
363 
363 
363 
3162.86 
363 
363 
363 
363 
363 
363 
363 
363 
363 
363 
3101.94 
363 
363 
363 
363 
363 
4244.15 
363 
363 
363 
363 
363 
3281.25 
363 
363.039 
363 
363 
363 
3229.35 
363 
363 
363 
374.54 
363 
363 
364.048 
363 
363 
363.002 
363 
363 
363 
363 
363.011 
363 
363 
363 
369.695 
363 
363 
363 
363 
363 
363 
363 
444.739 
363 
363 
363 
4068.44 
363 
363 
363 
363 
363 
363 
363 
363 
363 
363.002 
363 
363 
363 
363 
363 
363 
363 
363 
363 
363 
363 
363 
363 
363 
363 
9658.1 
363 
363 
363 
363 
363 
796.955 
363.176 
363 
4908.1 
363 
363 
373.919 
9175.25 
363 
363 
363 
363 
2779.5 
397.19 
399.969 
363 
422.922 
363 
363 
363 
7156.83 
363 
7522.58 
363 
363 
363 
363 
363 
363 
587.766 
572.458 
363 
363 
363 
3082.23 
363 
363 
363 
363 
3377.77 
3167.05 
363 
363 
363 
363 
363 
402.785 
363 
3342.22 
363 
363 
363 
1690.61 
363 
363 
363 
369.558 
363 
1729.17 
363.027 
363 
363 
364.52 
363 
363 
363 
363 
363 
363 
363 
363 
363 
363 
363 
363 
363 
363 
363 
363 
363 
525.144 
363.594 
363 
363 
363 
363 
363 
3164.79 
5822.02 
363 
363 
363 
363 
363 
3491.82 
363 
363 
363 
363 
363 
363 
363 
363 
7670.19 
3318.79 
2815.09 
363 
363 
363 
363 
363 
363 
363 
6737.73 
363 
363 
363 
364.027 
363 
363 
363 
363 
363 
363 
363 
363 
363 
363 
2411.26 
363 
363 
363 
363 
363 
363 
363 
363 
1669.46 
363 
363 
4610.77 
363 
363 
363 
363.003 
363 
363 
363 
363 
363 
3140.23 
363 
363 
363 
363 
363 
363 
363 
363 
363 
583.09 
363 
363 
4661.56 
363 
380.013 
363 
363 
363 
446.492 
363 
363 
363 
7701.88 
596.098 
363 
363 
363 
363 
3525.61 
363 
363 
363 
363 
363 
363 
363 
363 
363 
363 
363 
363 
9173.64 
363 
363 
364.472 
363.139 
363 
363 
363 
363 
363 
363 
363.097 
363 
363 
363 
363 
1166.36 
9078.54 
363.04 
3093.95 
363 
363 
363 
363.005 
363 
363 
363 
363 
363 
363 
363 
363 
363 
363 
363 
574.949 
363.87 
363 
363 
363 
363 
363 
1156.45 
363 
363 
1787.71 
363 
363 
363 
363 
363 
542.009 
363 
363 
363 
7862.32 
363 
363 
363 
363 
363 
363 
363 
363 
363 
363 
1676.8 
363 
363 
363.013 
752.785 
363 
363 
363.001 
363 
363 
363 
363 
401.13 
363 
363 
363 
3305.45 
363 
363 
363 
363 
363 
363 
363 
363 
363.079 
363 
4141.6 
363 
2699.77 
363 
363 
363 
