363 
4512.7 
8100.98 
5559.6 
3350.09 
363 
3141.67 
363 
363 
3413.19 
483.882 
372.953 
375.187 
5313.69 
367.628 
379.809 
1610.3 
494.769 
1748.57 
363 
363 
5266.61 
363 
363 
363.033 
3497.17 
5620.48 
6463.16 
363.03 
363 
7567.26 
363 
363 
363 
4564.42 
1040.89 
363.001 
1187.22 
5314.72 
1276.36 
5992.95 
4924.58 
363 
412.299 
363 
363 
1719.26 
3192.53 
6480.63 
6785.13 
374.8 
1879.22 
363 
363 
363 
367.27 
363 
363.001 
363.178 
468.204 
2589.75 
363.576 
830.864 
384.738 
363.003 
363 
363 
363.208 
363 
363 
363.228 
706.716 
732.309 
370.637 
363 
363 
363 
371.363 
8416.38 
421.99 
367.091 
908.054 
364.525 
363 
8633.42 
363.014 
363.003 
5290.63 
363.704 
4523.96 
363.002 
363 
1694.64 
363 
5085.53 
363 
363 
363 
3245.97 
3593.41 
363.014 
363 
435.436 
363.014 
363 
363 
363 
9852.82 
4517.6 
3697.84 
3289.61 
6282.15 
363 
12740.5 
363 
430.06 
363.013 
363.005 
6318.06 
2386.53 
363 
390.59 
4543.72 
5454.67 
6095.17 
2934.98 
363 
363 
902.696 
5396.91 
363 
363.005 
363 
363 
363.704 
3307.63 
9211.73 
363.047 
363 
363 
1391.51 
363 
3289.91 
363.072 
363.112 
363 
4386.43 
363 
363 
363 
3630.24 
363 
4365.39 
363 
3113.35 
551.676 
7309.04 
4369.57 
3723.01 
363 
370.448 
363.084 
370.792 
3786.21 
363 
363.362 
3385.87 
363.001 
367.959 
363 
10286.2 
692.073 
834.559 
365.159 
363 
436.989 
5386.25 
1180.69 
363.005 
2166.46 
363 
389.521 
363 
363 
365.419 
399.941 
363 
363 
363 
3499.64 
15032.3 
363 
363 
7285.86 
363 
363 
399.588 
363 
363 
363.006 
363 
363.058 
363 
363 
363.141 
2971.48 
8765.07 
363 
3314.98 
363 
363.043 
363 
3090.77 
420.087 
9333.66 
5608.83 
364.004 
3823.59 
363 
3530.44 
369.982 
1165.97 
363.056 
1873.87 
3750.89 
10788.1 
363 
369.631 
5126.03 
363 
3475.21 
363 
363.017 
1167.24 
375.752 
5386.34 
363 
5135.97 
365.343 
363 
436.942 
4496.33 
7784.21 
4369.38 
363 
363 
447.517 
363 
4102.73 
363.001 
3397.22 
441.796 
3206.53 
363 
363 
4919.41 
363 
3197.69 
363.506 
363 
3260.49 
1051.21 
363 
363 
363 
761.628 
363 
383.599 
366.582 
2300.16 
363 
363 
363 
3531.08 
5678.93 
363 
363 
569.072 
6316.55 
1173 
785.132 
363 
363 
363.58 
363 
363 
363 
363 
1015.43 
363.003 
363 
363 
363 
363 
363 
363 
363 
363 
363 
3193.8 
363.001 
443.315 
368.171 
367.541 
363 
363 
363.001 
363.003 
844.077 
4481.83 
3239.55 
3948.77 
4872.46 
363 
365.627 
3735.69 
3095.37 
363 
363.001 
363 
363 
2013.4 
363 
377.705 
4428.49 
1693.78 
847.84 
363 
366.3 
4923.12 
363 
363 
363 
363 
4454.49 
363 
363 
526.79 
917.975 
6038.32 
363.015 
363 
7246.24 
1727.71 
363 
363 
363 
1417.64 
363 
3136.96 
363 
3546.33 
363 
370.868 
363.047 
363 
5778.89 
363.136 
689.817 
363.626 
363 
3818.54 
1305.05 
363 
364.074 
363.001 
363 
363 
5765.8 
363.058 
363 
3258.3 
467.964 
369.79 
1544.55 
363 
658.15 
13504.6 
363.018 
374.73 
363 
632.483 
363 
363 
3737.77 
3790.46 
3699.64 
5482.72 
363 
480.603 
5387.21 
363 
363.002 
363.002 
4266.2 
654.581 
363.237 
363 
363.21 
363.463 
3171.97 
395.307 
363 
363 
363 
363 
363 
363 
1431.07 
363 
806.133 
363 
363.023 
4811.2 
363 
1722.23 
363.611 
363.045 
363 
363 
363 
4601.29 
363 
363 
363.031 
363.897 
5005.21 
363 
363 
867.757 
4386.48 
5246.5 
4876.25 
363 
363 
363 
363.002 
363 
363 
795.048 
363 
5893.18 
363 
363.001 
363 
394.555 
363 
363 
1151.34 
856.225 
1374 
6138.75 
5143.16 
363 
5232.38 
624.01 
363.009 
363 
4502.24 
363 
363 
363 
364.22 
363 
662.507 
363 
3871.48 
363.069 
4759.47 
4132.64 
1723.85 
363 
363 
363 
363 
363 
981.772 
363 
363.026 
627.548 
363 
364.327 
363.006 
743.439 
363 
363 
918.22 
6805.21 
363 
366.813 
2423.39 
378.761 
363 
363 
363 
1093.06 
363 
7642.79 
377.469 
363 
393.841 
363 
6353.12 
363 
363.019 
1097.46 
3527.2 
363 
5157.49 
442.205 
363 
363.029 
