363 
6742.81 
363 
3129.73 
363 
363 
363 
363 
363 
363 
363 
368.694 
363 
12826.6 
363 
363 
363 
543.71 
363 
363 
363 
363 
363 
363 
363 
3191.53 
9266.54 
363 
363.053 
363 
363 
363 
363 
363 
6746.25 
363 
363 
435.188 
1674.6 
381.748 
3408.58 
363 
363 
363.087 
363 
363 
363 
363 
369.633 
364.042 
369.064 
363 
363 
363 
363 
369.775 
363 
363 
363.32 
363 
363 
363.019 
363 
363 
363 
363 
363 
363 
363 
363 
363 
363 
363 
363 
363 
363 
363 
363 
363 
363 
363 
1956.46 
366.993 
363 
363 
363 
363.003 
621.805 
363.075 
6942.64 
363 
363 
363 
363 
9347.02 
363 
363 
363 
368.125 
363.536 
363 
363 
363 
363 
363 
363 
363 
363 
6114.37 
363 
363 
363.094 
363 
363 
363 
363 
363.022 
363.003 
363 
3242.83 
363 
363 
5801.44 
3161.65 
363 
363 
363 
363 
363 
9077.76 
363 
363 
363 
363 
363 
363 
363 
363 
363 
363 
3116.64 
363 
363 
363 
363.001 
363 
6851.61 
363 
363 
363 
363 
363 
6357.76 
363 
1670.05 
363 
363 
363 
4181.28 
363 
363 
363 
373.992 
363 
363 
363.895 
363.033 
363 
365.835 
363 
363 
363 
363 
365.898 
363 
363 
526.669 
3081.29 
363 
363 
363 
363 
363 
363 
363 
438.68 
363 
363 
363 
3960.49 
363 
363 
363 
363 
363 
363 
365.036 
363 
363 
363.012 
363 
363 
363 
363 
363 
363 
363 
363 
363 
363 
363 
363 
363 
363.041 
363 
13066.4 
363 
363 
363 
363 
363 
3150.44 
363.149 
363 
4641.67 
363 
363 
374.508 
7691.01 
363 
363 
363 
363 
1868.96 
392.527 
4304.92 
363 
4460.4 
363 
363 
363 
6328.58 
363 
6470.27 
363 
363 
363 
363 
363 
363 
3464.66 
543.36 
363 
363 
363 
14274.5 
363 
363 
363 
363 
3604.64 
3131.45 
363 
363 
363 
363 
363 
399.201 
363 
3311.75 
363 
363 
363 
3713.85 
845.046 
363 
363 
728.72 
363.088 
1679.31 
573.364 
363 
363 
364.318 
363 
363 
363 
363 
363.032 
363 
363 
363 
363 
363 
363 
363 
363 
363 
363 
505.458 
363 
509.432 
374.491 
363 
363 
363 
363 
363 
3109.97 
7732.91 
363 
363 
363 
363 
363 
4369.26 
363 
363 
363 
363 
363 
363 
363 
363.142 
6535.02 
3274.62 
2292.43 
363 
363 
363 
363 
363 
363 
363 
6744.32 
363 
363 
363 
1342.04 
363 
363 
363 
363 
363 
363 
363 
363 
363 
363 
3368.58 
363 
363 
363 
363 
363 
363 
363 
363 
1356.17 
363 
363 
4786.46 
364.204 
363 
363 
363.003 
363 
363 
363 
363 
363 
3702.59 
363 
363 
363 
363 
363 
363 
363 
363 
363 
667.157 
363 
363 
4464.67 
363 
3315.05 
363 
363 
363 
6558.65 
363 
363 
363 
6431.41 
1339.5 
363 
363 
363.032 
363 
3463.32 
363 
363 
363 
363 
363 
363 
363 
363 
363 
363.011 
363 
363 
8715.7 
363 
363 
364.292 
363.12 
363 
363 
363 
363 
363 
363 
363.082 
363 
402.945 
363 
363 
1136.2 
7146.81 
3095.42 
12385.5 
363 
363 
363 
363.005 
363 
363 
363 
363 
363 
363 
363 
363 
363 
363 
363 
1162.24 
1571.41 
391.622 
363 
363 
363 
363 
1240.57 
363 
363 
5715.07 
363 
363 
363 
363 
363 
1237.23 
363 
383.28 
363.002 
6878.57 
364.486 
363 
363 
363 
363 
363 
363 
363 
363 
363 
1320.22 
363 
364.058 
363.012 
1724.43 
363 
363 
410.844 
363 
363 
363 
363 
396.436 
363 
363 
363 
3239.28 
363 
363 
363 
363 
363 
363 
363 
363 
363.064 
363.067 
4023 
363 
8922.21 
363.002 
363 
363.014 
