363 
4741.33 
11074.1 
6123.74 
628.06 
363 
363.094 
363 
363 
363.032 
404.252 
372.527 
363 
5691.7 
367.494 
363 
1733.92 
512.067 
2419.82 
363 
363 
5700.03 
363 
363 
363 
3578.03 
5939.23 
7645.2 
363.034 
363 
8988.67 
363 
363 
363 
4791.98 
363.019 
363 
1417.8 
5726.98 
1674.72 
6426.09 
5129.37 
363 
408.222 
363 
363 
2015.05 
367.698 
7334.95 
7641.89 
376.136 
2874.36 
363 
363 
363 
367.69 
363 
363.001 
363.203 
444.344 
3109.05 
363.603 
864.008 
363 
363.003 
363 
363 
363.158 
363 
363 
363.22 
557.525 
790.345 
363.036 
363 
363 
363 
372.142 
7009.65 
363.068 
363 
1026.04 
364.843 
363 
13848.1 
363 
363.003 
5812.59 
363.586 
4761.63 
363.001 
363 
453.71 
363 
5400.5 
363 
363 
363 
3289.82 
3647.48 
363.009 
363 
363.009 
363 
363 
363 
363 
446.942 
4709.72 
1667.37 
3215.9 
7023.38 
363 
6327.89 
363 
426.466 
363.014 
363.005 
7715.31 
3096.91 
363 
367.585 
4709.96 
5889.29 
6975.21 
363.007 
363 
363 
373.976 
5757.53 
363 
363.003 
363 
363 
363.859 
3344.61 
3637.53 
363.053 
363 
363 
1657.89 
363 
3088.37 
363.083 
363.129 
363 
4624.07 
363 
363 
363 
390.887 
363 
4594.38 
363 
3158.31 
363 
9830.44 
382.536 
3802 
363 
363 
363.072 
371.395 
3910.62 
363 
363.432 
3437.71 
363.001 
368.837 
363 
18674.6 
363 
777.696 
365.613 
363 
450.597 
5881.52 
1511.22 
363 
363.015 
363 
370.804 
363 
363 
365.701 
405.434 
363 
363 
363 
3573.8 
3171.9 
363 
363 
8580.05 
363 
363 
404.833 
363 
363 
363.007 
363 
363 
363 
363 
363 
363.116 
9159.3 
363 
363.075 
363 
363 
363.001 
3150.84 
431.718 
9138.14 
5997.09 
364.191 
3910.75 
363 
3615.17 
363 
1546.21 
363.067 
2095.51 
3874.96 
3273.09 
363 
370.386 
5386.75 
363 
3569.3 
363 
363 
1220.81 
378.024 
5799.17 
363 
5522.85 
363 
363 
365.534 
4703.06 
877.103 
4588.02 
363 
363 
414.01 
363 
4170.43 
363 
3473.15 
455.392 
363.013 
363 
363 
5330.1 
363 
415.789 
363.606 
363 
3318.14 
1285 
363 
363 
363 
363 
363 
386.053 
367.064 
3105.2 
363 
363 
363 
3596.69 
6341.03 
363 
363 
603.811 
6837.1 
1202.97 
887.667 
363 
363 
363.681 
363 
363 
363 
363 
1269.98 
363.003 
363 
363 
363 
363 
363 
363 
363 
363 
363 
3236.16 
363.001 
453.208 
369.189 
368.131 
363 
363 
363 
363.004 
990.618 
4748 
3290.71 
4062.36 
5193.57 
363 
363 
3833.44 
3104.29 
363 
363 
363 
363 
3086 
363 
379.459 
4648.88 
2034.48 
970.365 
363 
364.31 
5337.34 
363 
363 
363 
363 
4684.44 
363 
363 
363.001 
1060.72 
6913.94 
363.021 
363 
7177.76 
364.028 
363 
363 
363 
1646.66 
363 
3182.3 
363 
363.579 
363 
372.023 
363.034 
363 
6606.45 
363 
752.499 
363.029 
363 
3950.57 
1593.06 
363 
363 
363.002 
363 
363 
6393.46 
363.071 
363 
3332.52 
487.879 
369.509 
1745.46 
363 
363 
2956.09 
363 
376.42 
363 
643.83 
363 
363 
3844.95 
3230.19 
3799.91 
889.864 
363 
504.603 
5869.69 
363 
363 
363.001 
4485.25 
717.009 
363 
363 
363.195 
363.003 
3221.66 
400.259 
363 
363 
363 
363 
363 
363 
1436.81 
363 
900.77 
363 
363.028 
5106.98 
363 
2112.78 
363.707 
363.055 
363 
363 
363 
367.673 
363 
363 
363.038 
363 
5282.9 
363 
363 
951.19 
4633.27 
5600.99 
5268.88 
363 
363 
363 
363.002 
363 
363 
914.781 
363 
6514.57 
363 
363 
363 
363 
363 
363 
1164.22 
1007.72 
1645.33 
7348.66 
5592.81 
363 
5737.16 
681.168 
363 
363 
4772.69 
363 
363 
363 
363 
363 
720.988 
363 
4019.68 
363.05 
4988.43 
4308.66 
363 
363 
363 
363 
363 
363 
1173.14 
363 
363 
687.774 
363 
364.713 
363.007 
814.9 
363 
363 
1061.88 
8929.78 
363 
363.187 
795.099 
381.253 
363 
363 
363 
1568.08 
363 
11407.5 
366.787 
363 
363 
363 
7813.47 
363 
363.024 
1080.24 
3605.99 
363 
5546.14 
455.775 
363 
363.035 
