363 
4890.24 
15800.3 
6559.76 
363.241 
363 
363 
363 
363 
363 
364.263 
372.226 
363 
5955.23 
367.409 
363 
1962.1 
522.641 
3085.51 
363 
363 
6013.64 
363 
363 
363 
3626.21 
6151.18 
6329.92 
363.036 
363 
10299.8 
363 
363 
363 
4939.82 
363 
363 
1621.43 
6020.59 
1733.08 
6729.38 
5258.07 
363 
404.348 
363 
363 
2157.29 
363.001 
8071.13 
8365.76 
376.942 
2256.84 
363 
363 
363 
367.94 
363 
363.001 
363.218 
429.636 
3130.98 
363.604 
524.266 
363 
363.003 
363 
363 
363.129 
363 
363 
363.051 
376.314 
828.018 
363 
363 
363 
363 
372.607 
3368.22 
363 
363 
1111.6 
365.048 
363 
10632.8 
363 
363.003 
6211.95 
363.518 
4917.36 
363.001 
363 
363.378 
363 
5613.44 
363 
363 
363 
3315.18 
3678.82 
363.005 
363 
363 
363 
363 
363 
363 
363.015 
4831.56 
365.554 
1888.12 
7631.07 
363 
3082.41 
363 
376.866 
363.015 
363.005 
9409.16 
3115.18 
363 
363.063 
4813.43 
6201.08 
7616.05 
363 
363 
363 
363.024 
6005.39 
363 
363.002 
363 
363 
363.844 
3365.86 
943.915 
363.056 
363 
363 
1689.79 
363 
445.472 
363.09 
363.14 
363 
4780.58 
363 
363 
363 
363.004 
363 
4744.36 
363 
3184.32 
363 
13945.2 
363.004 
3848.81 
363 
363 
363.013 
371.738 
3987.1 
363 
363.477 
3467.88 
363.001 
369.391 
363 
5674.8 
363 
716.052 
365.905 
363 
459.255 
6251.92 
1675.1 
363 
363 
363 
363.196 
363 
363 
364.136 
408.845 
363 
363 
363 
3617.75 
380.118 
363 
363 
9911.02 
363 
363 
408.123 
363 
363 
363.008 
363 
363 
363 
363 
363 
363 
3698.77 
363 
363 
363 
363 
363.001 
3166.63 
439.207 
3729.83 
6266.11 
364.305 
3579.43 
363 
3662.07 
363 
1687.38 
363.075 
2547.43 
3951.28 
445.72 
363 
370.841 
5556.79 
363 
3542.43 
363 
363 
1264.78 
379.457 
6092.31 
363 
5796.27 
363 
363 
363.01 
4835.69 
367.173 
4730.09 
363 
363 
394.82 
363 
3558.03 
363 
3518.29 
463.98 
363 
363 
363 
5628.31 
363 
363.025 
363.67 
363 
3351.92 
1503.25 
363 
363 
363 
363 
363 
387.53 
367.36 
3130.28 
363 
363 
363 
3635.25 
6881.28 
363 
363 
625.997 
7214.29 
1224.48 
961.358 
363 
363 
363.745 
363 
363 
363 
363 
1524.66 
363.001 
363 
363 
363 
363 
363 
363 
363 
363 
363 
3260.65 
363.001 
459.243 
369.839 
368.436 
363 
363 
363 
363.004 
1109.06 
4926.32 
3165.9 
4131.32 
5413.4 
363 
363 
3892.29 
1296.71 
363 
363 
363 
363 
3113.61 
363 
380.523 
4791.98 
2838.81 
1061.43 
363 
363.598 
5638.26 
363 
363 
363 
363 
4834.65 
363 
363 
363 
1170.38 
7704.73 
363.012 
363 
3661.42 
363 
363 
363 
363 
624.837 
363 
3208.58 
363 
363 
363 
370.816 
363.003 
363 
6727.07 
363 
794.204 
363 
363 
4032.18 
1683.56 
363 
363 
363.002 
363 
363 
5407.04 
363.078 
363 
3376.7 
500.639 
369.416 
2132.83 
363 
363 
365.205 
363 
370.256 
363 
650.576 
363 
363 
3909.98 
933.339 
3860.45 
363.195 
363 
504.161 
6227.55 
363 
363 
363 
4628.19 
759.055 
363 
363 
363.183 
363 
3250.61 
392.491 
363 
363 
363 
363 
363 
363 
1434.37 
363 
967.065 
363 
363.031 
5306.51 
363 
2639.06 
363.767 
363.061 
363 
363 
363 
363 
363 
363 
363.042 
363 
5466.54 
363 
363 
994.753 
4796.91 
5845.19 
5551.12 
363 
363 
363 
363.002 
363 
363 
1003.42 
363 
6939.46 
363 
363 
363 
363 
363 
363 
1171.6 
1128.59 
1683.83 
8692.61 
4809.55 
363 
6120.45 
719.561 
363 
363 
4954.28 
363 
363 
363 
363 
363 
759.794 
363 
4112.36 
363.04 
5136.37 
4420.32 
363 
363 
363 
363 
363 
363 
1347.87 
363 
363 
728.556 
363 
364.983 
363.007 
867.751 
363 
363 
1172.47 
10141.2 
363 
363.001 
366.247 
382.805 
363 
363 
363 
1708.7 
363 
10802.2 
363.911 
363 
363 
363 
9672.93 
363 
363.027 
1059.42 
3652.85 
363 
5820.85 
465.281 
363 
363.039 
