363 
8471.63 
363 
363.001 
363 
363 
363 
363 
363 
363 
363 
363.358 
363 
3354.93 
363 
363 
363 
363.378 
363 
363 
363 
363 
363 
363 
363 
363.196 
14398 
363 
363.021 
363 
363 
363 
363 
363 
8382.29 
363 
363 
363 
363 
363 
363.042 
363 
363 
363 
363 
363 
363 
363 
363 
363 
363 
363 
363 
363 
363 
363.42 
363 
363 
363.004 
363 
363 
363 
363 
363 
363 
363 
363 
363 
363 
363 
363 
363 
363 
363 
363 
363 
363 
363 
363 
363 
363 
3086.53 
363.608 
363 
363 
363 
363.002 
363 
363.001 
5387.58 
363 
363 
363 
363 
15542.5 
363 
363 
363 
363 
363 
363 
363 
363 
363 
363 
363 
363 
363 
6934.47 
363 
363 
363 
363 
363 
363 
363 
363.025 
363.001 
363 
3286.41 
363 
363 
5783.51 
363.003 
363 
363 
363 
363 
363 
1731.3 
363 
363 
363 
363 
363 
363 
363 
363 
363 
363 
2881.35 
363 
363 
363 
363 
363 
3427.47 
363 
363 
363 
363 
363 
3090.45 
363 
363.001 
363 
363 
363 
3093.52 
363 
363 
363 
374.674 
363 
363 
364.09 
363 
363 
363 
363 
363 
363 
363 
363.001 
363 
363 
363 
363.367 
363 
363 
363 
363 
363 
363 
363 
435.739 
363 
363 
363 
4096.26 
363 
363 
363 
363 
363 
363 
363 
363 
363 
363.001 
363 
363 
363 
363 
363 
363 
363 
363 
363 
363 
363 
363 
363 
363 
363 
5289.81 
363 
363 
363 
363 
363 
419.641 
363.179 
363 
4984.76 
363 
363 
371.256 
9779.85 
363 
363 
363 
363 
3085.76 
398.457 
364.245 
363 
365.225 
363 
363 
363 
7444.19 
363 
7565.1 
363 
363 
363 
363 
363 
363 
379.602 
580.529 
363 
363 
363 
691.137 
363 
363 
363 
363 
3206.38 
3154.11 
363 
363 
363 
363 
363 
403.6 
363 
3301.85 
363 
363 
363 
552.397 
363 
363 
363 
363.766 
363 
1720.77 
363.001 
363 
363 
364.576 
363 
363 
363 
363 
363 
363 
363 
363 
363 
363 
363 
363 
363 
363 
363 
363 
363 
524.933 
363.098 
363 
363 
363 
363 
363 
3179.05 
4219.45 
363 
363 
363 
363 
363 
3201.52 
363 
363 
363 
363 
363 
363 
363 
363 
8109.77 
3293.82 
1845.1 
363 
363 
363 
363 
363 
363 
363 
5517.71 
363 
363 
363 
363.053 
363 
363 
363 
363 
363 
363 
363 
363 
363 
363 
1002.88 
363 
363 
363 
363 
363 
363 
363 
363 
1687.83 
363 
363 
4094.1 
363 
363 
363 
363.004 
363 
363 
363 
363 
363 
2425.23 
363 
363 
363 
363 
363 
363 
363 
363 
363 
508.273 
363 
363 
4716.43 
363 
363.696 
363 
363 
363 
365.658 
363 
363 
363 
8224.26 
429.165 
363 
363 
363 
363 
3541.87 
363 
363 
363 
363 
363 
363 
363 
363 
363 
363 
363 
363 
6678.78 
363 
363 
364.52 
363.132 
363 
363 
363 
363 
363 
363 
363.1 
363 
363 
363 
363 
1161.88 
9026.65 
363.001 
873.463 
363 
363 
363 
363.006 
363 
363 
363 
363 
363 
363 
363 
363 
363 
363 
363 
443.553 
363.04 
363 
363 
363 
363 
363 
831.449 
363 
363 
547.609 
363 
363 
363 
363 
363 
411.303 
363 
363 
363 
7914.87 
363 
363 
363 
363 
363 
363 
363 
363 
363 
363 
1699.73 
363 
363 
363.012 
463.428 
363 
363 
363 
363 
363 
363 
363 
402.399 
363 
363 
363 
3315.94 
363 
363 
363 
363 
363 
363 
363 
363 
363.083 
363 
4173.47 
363 
670.122 
363 
363 
363 
