363 
7427.67 
363 
374.525 
363 
363 
363 
363 
363 
363 
363 
366.395 
363 
9538.8 
363 
363 
363 
393.665 
363 
363 
363 
363 
363 
363 
363 
673.036 
10847.8 
363 
363.052 
363 
363 
363 
363 
363 
7393.89 
363 
363 
363.186 
363.8 
363.008 
592.951 
363 
363 
363 
363 
363 
363 
363 
363.001 
363 
363.185 
363 
363 
363 
363 
367.356 
363 
363 
363.118 
363 
363 
363 
363 
363 
363 
363 
363 
363 
363 
363 
363 
363 
363 
363 
363 
363 
363 
363 
363 
363 
363 
2390.29 
366.368 
363 
363 
363 
363.002 
363.045 
363.021 
7500.56 
363 
363 
363 
363 
12106.2 
363 
363 
363 
363.001 
363 
363 
363 
363 
363 
363 
363 
363 
363 
6478.89 
363 
363 
363 
363 
363 
363 
363 
363.024 
363.002 
363 
3264.67 
363 
363 
6039.23 
395.246 
363 
363 
363 
363 
363 
4211.26 
363 
363 
363 
363 
363 
363 
363 
363 
363 
363 
3126.75 
363 
363 
363 
363 
363 
6076.25 
363 
363 
363 
363 
363 
4334.46 
363 
368.363 
363 
363 
363 
3690.84 
363 
363 
363 
374.337 
363 
363 
363.988 
363 
363 
363.071 
363 
363 
363 
363 
363.211 
363 
363 
363.026 
561.904 
363 
363 
363 
363 
363 
363 
363 
444.708 
363 
363 
363 
4026.67 
363 
363 
363 
363 
363 
363 
363.006 
363 
363 
363.007 
363 
363 
363 
363 
363 
363 
363 
363 
363 
363 
363 
363 
363 
363 
363 
16010.1 
363 
363 
363 
363 
363 
2550.37 
363.166 
363 
4801.24 
363 
363 
375.05 
8491.66 
363 
363 
363 
363 
2251.19 
395.361 
1820.23 
363 
2303.85 
363 
363 
363 
6797.41 
363 
7093.64 
363 
363 
363 
363 
363 
363 
2877.43 
560.978 
363 
363 
363 
3851.12 
363 
363 
363 
363 
3579.21 
3158.95 
363 
363 
363 
363 
363 
401.409 
363 
3342.61 
363 
363 
363 
3160.16 
363.06 
363 
363 
428.706 
363 
1713.57 
365.005 
363 
363 
364.441 
363 
363 
363 
363 
363 
363 
363 
363 
363 
363 
363 
363 
363 
363 
363 
363.1 
363 
519.506 
366.692 
363 
363 
363 
363 
363 
3143.82 
7967.67 
363 
363 
363 
363 
363 
4080.06 
363 
363 
363 
363 
363 
363 
363 
363 
7156.71 
3309.63 
3080.65 
363 
363 
363 
363 
363 
363 
363 
7297.87 
363 
363 
363 
396.539 
363 
363 
363 
363 
363 
363 
363 
363 
363 
363 
3166.85 
363 
363 
363 
363 
363 
363 
363 
363 
1597.27 
363 
363 
4903.4 
363.002 
363 
363 
363.003 
363 
363 
363 
363 
363 
3402.68 
363 
363 
363 
363 
363 
363 
363 
363 
363 
646.482 
363 
363 
4583.78 
363 
1136.36 
363 
363 
363 
3086.16 
363 
363 
363 
7114.55 
1055.86 
363 
363 
363.004 
363 
3501.75 
363 
363 
363 
363 
363 
363 
363 
363 
363 
363 
363 
363 
10350.8 
363 
363 
364.402 
363.133 
363 
363 
363 
363 
363 
363 
363.092 
363 
363.048 
363 
363 
1154.96 
8265.61 
372.616 
3912.43 
363 
363 
363 
363.005 
363 
363 
363 
363 
363 
363 
363 
363 
363 
363 
363 
873.996 
396.191 
363.061 
363 
363 
363 
363 
1374.24 
363 
363 
3294.36 
363 
363 
363 
363 
363 
933.252 
363 
363.002 
363 
7463.93 
363 
363 
363 
363 
363 
363 
363 
363 
363 
363 
1605.63 
363 
363.021 
363.013 
1632.36 
363 
363 
363.11 
363 
363 
363 
363 
399.297 
363 
363 
363 
3280.71 
363 
363 
363 
363 
363 
363 
363 
363 
363.073 
363 
4095.54 
363 
3545.56 
363 
363 
363 
