363 
5483.49 
470.142 
9640.48 
363 
363 
363 
363 
363 
363 
363 
370.968 
363 
7204.17 
363.032 
363 
1749.35 
558.736 
363.491 
363 
363 
4996.71 
363 
363 
363 
3787.54 
7037.25 
363.046 
363.043 
363 
680.461 
363 
363 
363 
5525.45 
363 
363 
1777.37 
7503.99 
3105.75 
8185.01 
3097.17 
363 
387.156 
363 
363 
363.031 
363 
15164.5 
15564.5 
379.674 
363 
363 
363 
363 
368.777 
363 
363 
363.272 
383.481 
760.823 
363.487 
363 
363 
363 
363.001 
363 
363.028 
363 
363 
363 
363 
846.326 
363 
363 
363 
363 
365.043 
363 
363 
363 
1579.47 
365.807 
363 
363.006 
363 
363.003 
8863.09 
363.306 
5546.37 
363.001 
363 
363 
363 
6541.43 
363 
363 
363 
3393.96 
3430.74 
363 
363 
363 
363 
363 
363 
363.001 
363 
5290.07 
363 
363 
11274.7 
363 
363 
363 
363 
363.018 
363.004 
3093.93 
3172.58 
363 
363 
5188.38 
7816.63 
483.714 
363 
363 
363 
363 
7133.58 
363 
363 
363 
363 
363 
3088.78 
363 
363.04 
363 
363 
2040.49 
363 
363 
363.111 
363.178 
363 
5420.23 
363 
363 
363 
363 
363 
5349.44 
363 
3267.37 
363 
616.873 
363 
4004.06 
363 
363 
363 
372.792 
3110.04 
363 
363.641 
3517.46 
363 
371.39 
363 
363 
363 
376.51 
366.994 
363 
467.91 
8463.79 
2336.79 
363 
363 
363 
363 
363 
363 
363 
420.903 
363 
363 
363 
3763.49 
363 
363 
363 
8115.05 
363 
363 
419.97 
363 
363 
363.009 
363 
363 
363 
363 
363 
363 
363 
363 
363 
363 
363 
363 
363.188 
466.946 
363 
7518.78 
363.004 
363.006 
363 
495.296 
363 
3039.13 
363.103 
544.945 
4221.73 
363 
363 
372.386 
6236.15 
363 
363.404 
363 
363 
1589.69 
384.637 
7561.74 
363 
7146.88 
363 
363 
363 
5346.9 
363 
5293.31 
363 
363 
363.252 
363 
363.001 
363 
3668.86 
495.153 
363 
363 
363 
7239.96 
363 
363 
363.88 
363 
3461.88 
1930.52 
363 
363 
363 
363 
363 
392.498 
364.051 
3210.47 
363 
363 
363 
3761.43 
12153.3 
363 
363 
708.807 
8252.12 
1339.06 
1341.76 
363 
363 
363.973 
363 
363 
363 
363 
2109.09 
363 
363 
363 
363 
363 
363 
363 
363 
363 
363 
3338.59 
363 
480.021 
372.234 
363.004 
363 
363 
363 
363.005 
1697.55 
5685.74 
363 
3669.73 
3242.48 
363 
363 
4092.81 
363 
363 
363 
363 
363 
3098.27 
363 
384.146 
5358.27 
3163.36 
1606.01 
363 
363.001 
3126.36 
363 
363 
363 
363 
5437.17 
363 
363 
363 
1680.34 
3206.56 
363 
363 
363 
363 
363 
363 
363 
363 
363 
3292.66 
363 
363 
363 
363 
363 
363 
366.554 
363 
965.335 
363 
363 
4324.02 
2276.23 
363 
363 
363.002 
363 
363 
363.048 
363.073 
363 
3524.3 
488.983 
368.964 
373.338 
363 
363 
363 
363 
363 
363 
670.42 
363 
363 
4134.65 
363 
4067.76 
363 
363 
363.002 
8322.54 
363 
363 
363 
5200.09 
935.322 
363 
363 
363.13 
363 
3343.87 
363 
363 
363 
363 
363 
363 
363 
520.596 
363 
1260.3 
363 
363.002 
6171.33 
363 
363.445 
363.979 
363.083 
363 
363 
363 
363 
363 
363 
363.058 
363 
6154.96 
363 
363 
1093.52 
5476.64 
6963.71 
7024.36 
363 
363 
363 
363.003 
363 
363 
367.655 
363 
631.762 
363 
363 
363 
363 
363 
363 
1191.6 
1698.24 
2107.84 
3432.36 
363.034 
363 
4794.39 
878.663 
363 
363 
5732.02 
363 
363 
363 
363 
363 
917.497 
363 
4442.82 
363.016 
5715.43 
4782.55 
363 
363 
363 
363 
363 
363 
427.258 
363 
363 
900.639 
363 
366.15 
363.009 
1140.14 
363 
363 
1681.77 
365.526 
363 
363 
363 
388.308 
363 
363 
363 
3111.65 
363 
363.05 
363 
363 
363 
363 
3203.21 
363 
363.041 
868.109 
3809.18 
363 
7178.36 
501.709 
363 
363.055 
