363 
6433.46 
363 
4384.5 
363 
363 
363 
363 
363 
363 
363 
369.203 
363 
10900.9 
363 
363 
363 
588.033 
363 
363 
363 
363.04 
363 
363 
363 
3539.3 
8657.71 
363 
363.051 
363 
363 
363 
363 
363 
6449.64 
363 
363 
952.337 
3258.56 
793.177 
5238.66 
363 
363 
364.05 
363 
363 
363 
363 
526.452 
536.324 
377.156 
363 
363 
363 
363 
369.68 
363 
363 
363.333 
363.019 
363 
363.082 
363 
363 
363 
363.001 
363 
363 
363 
363 
363 
363 
363.005 
363 
363 
363 
363 
363 
363 
363 
363 
1797.58 
366.769 
363 
363 
363 
363.003 
3114.21 
363.113 
6590.69 
363 
363 
363 
363 
8483.13 
363 
363 
363 
599.255 
371.249 
363 
363 
363 
363 
363 
363 
363 
363 
5930.74 
363 
363 
385.608 
363 
363 
363 
363 
363.022 
363.003 
363 
3230 
363 
363 
5671.9 
4152.65 
363 
363 
363 
363 
363 
9635.99 
363 
363 
363 
363 
363 
363 
363 
363 
363 
363 
3104.29 
363 
363 
363 
363.017 
363 
6515.89 
363 
363 
363 
363 
363 
6328.01 
363 
3114.33 
363 
363 
363 
4172.37 
363 
363 
363 
373.783 
363 
363 
363.844 
368.303 
363 
370.212 
363 
363 
363 
363 
367.676 
363 
363.002 
3093.39 
3110.06 
363 
363 
363 
363 
363 
363 
363 
435.168 
363 
363 
363 
3922.76 
363 
363 
363 
363.002 
363 
363 
377.854 
363 
363 
363.011 
363 
363 
363 
363 
363 
363 
363 
363 
363 
363 
363 
363 
363 
364.342 
363 
10950.3 
363 
363 
363 
363 
363 
3158.12 
363.139 
363 
4555.36 
363 
363 
374.101 
7331.75 
363 
363 
363 
363 
1747.67 
390.949 
7394.34 
363 
7400.27 
363 
363 
363 
6101.43 
363 
6183.87 
363 
363 
363 
363 
363 
363 
3733.49 
533.625 
363 
363 
363 
15069.6 
363 
363 
363.001 
363 
3578.31 
3115.03 
363 
363 
363 
363 
363 
397.929 
363 
3292.98 
363 
363 
363 
3866.54 
3211.19 
363 
363 
801.969 
382.146 
1659.79 
1208.35 
363 
363 
364.25 
363 
363 
363 
363 
365.548 
363 
363 
363 
363 
363 
363 
363 
363 
363 
363 
1907.77 
363 
503.717 
375.099 
363 
363 
363 
363 
363.001 
3090.31 
7157.92 
363 
363.017 
363 
363 
363 
4322.4 
363 
363 
363 
363 
363 
363 
363 
364.906 
6249.65 
3253.88 
1990.59 
363 
363 
363 
363 
363 
363 
363 
6419.25 
363 
363 
363 
1746.73 
363 
363 
363 
363 
363 
363 
363 
363 
363 
363 
3376.77 
363 
363 
363 
363 
363 
363 
363 
363 
1255.49 
363 
363 
4690.5 
376.786 
363 
363 
363.003 
363 
363 
363 
363 
363 
3686.61 
363 
363.006 
363 
363 
363 
363 
363 
363 
363 
671.915 
363 
363 
4398.78 
363 
3822.62 
363 
363 
363 
14154 
363 
363 
363 
6126.3 
1247.78 
363 
363 
363.053 
363 
3441.03 
363 
363 
363 
363 
363 
363 
363 
363 
363 
363.898 
363 
363 
7948.03 
363 
363 
364.23 
363.112 
363 
363 
363 
363 
363 
363 
363.077 
363 
926.488 
363 
363 
1126.73 
6697.39 
3600.91 
13146.3 
363 
363 
363 
363.004 
363 
363 
363 
363 
363 
363 
363 
363 
363 
363 
363 
1184.66 
2135.33 
566.312 
363 
363 
363 
363.012 
1148.45 
363 
363 
6830.97 
363 
363 
363 
363 
363 
1174.56 
363 
1292.49 
363.003 
6602.21 
499.738 
363 
363 
363 
363 
363 
363 
363 
363 
363 
1208.07 
363 
365.97 
363.012 
1693.63 
363 
363 
779.208 
363 
363 
363 
363 
394.83 
363 
363 
363 
3215.33 
363 
363 
363 
363 
363 
363 
363 
363 
363.059 
366.959 
3981.81 
363 
10879.7 
363.143 
363 
363.042 
