363.018 
4048.62 
5816.15 
4655.69 
3328.72 
363 
4599.6 
8624.16 
363 
7362.92 
442.832 
373.586 
9192.58 
4621.67 
367.909 
2292.41 
908.311 
456.834 
1140.19 
6146.16 
3223.93 
4512.55 
363 
363 
363.028 
3304.71 
4994.63 
4987.84 
363.022 
363 
5886.22 
6663.09 
526.793 
363 
4100.62 
1733.15 
363 
861.246 
4582.07 
788.739 
5204.99 
4486.82 
363 
413.703 
363.026 
363 
1131.18 
3348.8 
5263.84 
5540.58 
371.762 
1173.2 
363 
363 
363 
366.291 
363.015 
363.001 
363.123 
516.249 
1532.63 
363.434 
655 
3275.4 
363.002 
363 
363 
363.333 
3224.44 
3192.96 
363.141 
610.37 
615.983 
369.909 
363 
363 
3224.99 
369.53 
6166.16 
441.099 
1149.08 
705.284 
363.902 
363 
5736.06 
374.732 
363.003 
4444.1 
363.982 
4046.23 
363.001 
363 
950.142 
3274.04 
4482.54 
3440.13 
363 
14927.2 
3134.89 
3457.34 
363.018 
363 
546.905 
382.094 
363 
363 
363 
6995.82 
4109.96 
3504.4 
3166.73 
5170.83 
12558.7 
6237.72 
13116.8 
405.984 
363.01 
363.005 
4814.04 
1651.55 
363 
385.496 
4179.15 
4689.83 
4895.85 
4403.48 
363 
363 
826.702 
4723.11 
365.246 
363.013 
363 
363 
363.405 
3212.6 
6412.58 
363.036 
363 
363.166 
1062.64 
363.117 
3152.74 
363.049 
363.075 
400.122 
3912.58 
363.001 
363 
363 
4177.46 
363 
3904.69 
791.789 
1681.1 
3548.76 
5283.45 
6033.23 
3532.81 
363 
6481.84 
363.061 
369.244 
3507.32 
363 
363.221 
3256.22 
363.001 
366.152 
363.016 
5885.37 
7560.31 
865.62 
364.271 
363 
409.487 
4560.48 
800.182 
363.008 
3349.82 
363.113 
380.05 
363 
363 
364.455 
388.222 
363 
363 
363 
3321.03 
6178.97 
363 
363 
5706.84 
363 
363 
388.56 
363 
363 
363.004 
363 
3170.3 
363 
363 
373.249 
3186.25 
5799.63 
363 
6564.63 
364.402 
363.118 
363 
1244.57 
397.232 
6433.08 
4891.91 
363.626 
3577.63 
363 
3329.88 
414.833 
765.484 
363.033 
1750.39 
3472.87 
6639.34 
363 
367.916 
4598.06 
363 
3254.73 
363.162 
363.048 
1087.43 
371.093 
4649.71 
3788.64 
4441.13 
5448.8 
1664.29 
484.365 
4066.14 
6765.1 
3923.97 
1317.45 
363 
510.23 
363 
3808.73 
4047.07 
3215.61 
413.843 
7708.62 
363 
363 
4208.05 
363 
3173.77 
363.307 
363.001 
3118.43 
739.325 
381.852 
363 
433.888 
5629.12 
363 
378.005 
365.522 
1313.87 
363 
366.255 
938.95 
3370.48 
4681.36 
363.028 
363 
498.491 
5412.77 
1116.87 
609.884 
363 
363 
363.372 
363 
3309.02 
363 
3725.4 
695.25 
363.002 
363.073 
363 
363 
363 
363 
363 
363 
363 
363 
3086.4 
363 
421.296 
366.142 
366.234 
363 
363 
589.418 
363.002 
630.415 
3965.02 
3082.09 
3687.89 
4269.2 
403.054 
8493.58 
3507.5 
1295.82 
363 
363.001 
363 
363 
1716.7 
363 
373.757 
3978.95 
949.484 
645.813 
366.112 
374.457 
4207.72 
363 
363 
406.099 
363 
3990 
363 
363 
1330.18 
689.835 
4847.76 
363.006 
363 
5381.74 
1474.32 
363.007 
363 
363 
858.503 
363 
1736.29 
363 
6749.09 
363 
368.326 
363.031 
363.011 
4641.79 
364.667 
570.267 
363.406 
363 
3525.27 
1065.85 
363 
365.047 
363.001 
363 
363 
4739.55 
363.035 
363 
3081.13 
428.224 
370.56 
842.659 
363.017 
7514.59 
6323.39 
1201.85 
370.268 
2561.94 
607.241 
363 
363 
3491.3 
3519.93 
3466.87 
5158.91 
363 
433.66 
4574.27 
3214.48 
12043 
363.003 
3822.89 
538.769 
3552.14 
363 
363.217 
363.384 
2012.36 
384.332 
363.002 
389.154 
363 
363 
363 
363 
1386.76 
826.52 
637.468 
363 
363.014 
4242.89 
13760.3 
1091.97 
363.406 
363.027 
363 
608.026 
363 
7086.48 
1685.5 
363 
363.019 
370.846 
4455.36 
363 
363 
678.143 
3899.65 
4586.37 
4187.07 
5865.62 
363 
7965.92 
363.001 
3652.19 
10325.8 
601.691 
363 
4913.91 
363 
363.019 
363 
770.205 
363 
363 
1119.75 
627.373 
1047.08 
4744.4 
4331.59 
363 
4406.12 
518.031 
8164.19 
363 
3978.93 
363 
363 
363 
6865.73 
363 
550.885 
363.023 
3549.19 
363.125 
4288.68 
3759.19 
6141.03 
363 
363.013 
363 
363 
369.506 
700.834 
1348.23 
363.027 
517.461 
363 
363.689 
363.004 
631.709 
363 
382.964 
689.222 
4966.39 
363 
374.515 
1243.08 
373.489 
363 
363 
363 
688.191 
3819.42 
5252.49 
394.808 
363 
1703.71 
363 
4819.33 
363 
363.01 
1101.09 
3338.8 
363 
4459.59 
420.932 
363 
363.016 
