363.002 
4211.2 
6408.46 
4945.07 
3375.33 
363 
4780.4 
4088.54 
363 
10782.8 
457.24 
373.409 
13788.4 
4854.47 
367.813 
3105.25 
1072.28 
470.399 
1438.64 
3348.59 
785.562 
4761.37 
363 
363 
363.033 
3376.72 
5210.98 
5410.76 
363.025 
363 
6372.99 
385.173 
379.271 
363 
4263.37 
2118.69 
363.001 
961.293 
4825.77 
917.313 
5469.41 
4643.37 
363 
414.294 
363 
363 
1381.6 
3426.05 
5637.71 
5925.52 
372.869 
1531.11 
363 
363 
363 
366.652 
363 
363.001 
363.142 
500.008 
1712.58 
363.495 
712.93 
3354.39 
363.002 
363 
363 
363.285 
364.363 
2056.96 
363.171 
644.501 
656.232 
371.208 
363 
363 
3135.46 
370.209 
6766.27 
453.338 
1468.1 
771.456 
364.113 
363 
6409.7 
375.947 
363.003 
4716.31 
363.88 
4212.95 
363.002 
363 
1176.17 
363.551 
4688.94 
3204.34 
363 
3122.6 
3177.58 
3509.45 
363.017 
363 
589.203 
385.834 
363 
363 
363 
8912.66 
4255.36 
3615.56 
3213.76 
5518.33 
442.59 
7235.97 
2551.53 
414.328 
363.011 
363.005 
5237.99 
1719.98 
363 
387.538 
4310.95 
4943.29 
5258.95 
4590.67 
363 
363 
886.044 
4951.57 
363.009 
363.01 
363 
363 
363.505 
3249.34 
7137.46 
363.04 
363 
363 
1164.76 
363.003 
3206.08 
363.057 
363.088 
378.036 
4077.42 
363.001 
363 
363 
4365.11 
363 
4065.52 
379.83 
1930.14 
3618.11 
5813.95 
7117.02 
3604.32 
363 
7302.39 
363.07 
369.838 
3609.06 
363 
363.269 
3305.76 
363.001 
366.778 
363 
6712.62 
9639.06 
862.993 
364.571 
363 
418.95 
4828.68 
909.752 
363.009 
3434.72 
363.052 
383.374 
363 
363 
364.783 
392.365 
363 
363 
363 
3388.18 
7399.07 
363 
363 
6168.44 
363 
363 
392.439 
363 
363 
363.005 
363 
3178.44 
363 
363 
374.56 
3249.49 
6485.18 
363 
8592.37 
364.605 
363.141 
363 
1686.59 
404.98 
7142.92 
5133.88 
363.756 
3668.5 
363 
3404.74 
425.105 
877.778 
363.04 
1780.6 
3574.28 
7597.58 
363 
368.541 
4782.85 
363 
3336.34 
363.125 
363.057 
1112.65 
372.706 
4895.1 
365.539 
4673.19 
5426.47 
632.409 
479.512 
4218.36 
8018.75 
4080.25 
364.297 
363 
490.763 
363 
3916.26 
3519.99 
3283.7 
423.546 
10657.1 
363 
363 
4442.41 
363 
3221.78 
363.375 
363 
3172.37 
832.672 
363 
363 
363.001 
6172.73 
363 
380.044 
365.902 
1676.48 
363 
363.005 
365.127 
3431.29 
4993.81 
363.03 
363 
522.932 
5710.74 
1136.36 
666.532 
363 
363 
363.444 
363 
364.708 
363 
509.229 
788.873 
363.003 
363.016 
363 
363 
363 
363 
363 
363 
363 
363 
3127.69 
363 
429.245 
366.834 
366.704 
363 
363 
590.487 
363.002 
694.899 
4142.91 
3141.5 
3784.04 
4474.18 
405.652 
14412.4 
3592.17 
1699.53 
363 
363.001 
363 
363 
1740.79 
363 
375.189 
4136.75 
1158.91 
710.402 
363.005 
370.967 
4443.15 
363 
363 
387.381 
363 
4152.41 
363 
363 
1700.03 
762.187 
5207.99 
363.009 
363 
5888.8 
1731.27 
363.001 
363 
363 
1001.13 
363 
2426.98 
363 
8178.37 
363 
369.225 
363.037 
363.014 
4986.21 
365.055 
610.64 
363.496 
363 
3631.86 
1136.45 
363 
365.491 
363.001 
363 
363 
5060.08 
363.043 
363 
3147.5 
441.821 
370.3 
999.98 
363.013 
11187.2 
7616.19 
1422.33 
371.801 
363.057 
616.28 
363 
363 
3582.19 
3620.3 
3553.05 
5751.08 
363 
449.522 
4839.34 
640.488 
15173 
363.003 
3978.01 
577.308 
3554.23 
363 
363.219 
363.459 
3095.27 
388.18 
363.001 
363.004 
363 
363 
363 
363 
1406.15 
363.011 
693.06 
363 
363.017 
4437.7 
3495.96 
1342.62 
363.478 
363.033 
363 
384.848 
363 
8909.6 
364.067 
363 
363.023 
370.331 
4646.08 
363 
363 
743.763 
4068.27 
4809.91 
4415.25 
3335.27 
363 
2015.8 
363.001 
586.725 
4365.41 
662.716 
363 
5225.53 
363 
363.023 
363 
874.781 
363 
363 
1131.64 
697.979 
1167.06 
5145.21 
4593.52 
363 
4672.7 
553.23 
6942.61 
363 
4158.81 
363 
363 
363 
7489 
363 
588.546 
363 
3665.31 
363.103 
4454.47 
3892.39 
7268.88 
363 
363.017 
363 
363 
363.017 
787.844 
363.708 
363.031 
553.782 
363 
363.888 
363.005 
665.939 
363 
369.907 
761.772 
5454.68 
363 
371.516 
1670.69 
375.344 
363 
363 
363 
792.271 
3099.26 
5835.82 
390.199 
363 
2453.85 
363 
5248.68 
363 
363.013 
1102.87 
3409.42 
363 
4692.65 
427.207 
363 
363.02 
