0.000839598 0.000418997 3.10531e-05 
7.86447e-05 0.000296601 6.29307e-05 
0.000531287 0.000221957 9.12765e-05 
0.000318108 0.00024286 7.77245e-05 
0.000687496 0.000327802 6.45376e-05 
0.000369759 6.02312e-05 7.64908e-05 
0.000754269 0.000195355 3.09962e-05 
0.000884759 0.000289041 3.57915e-05 
0.000526049 4.63036e-05 9.80611e-05 
0.000782301 0.000232487 9.30939e-05 
0.000634549 0.00036758 2.42398e-05 
0.000180528 0.000383345 1.97444e-05 
0.000829524 0.000286248 7.27118e-05 
0.000199977 0.000215895 7.03465e-05 
0.000488175 0.000379163 3.62702e-05 
0.000808511 0.00015422 6.44193e-05 
0.000443368 0.000342721 5.73742e-05 
0.000232888 0.000361928 2.52275e-05 
0.000527974 0.000158282 4.84087e-05 
0.000884483 0.000236964 1.89341e-05 
0.000921177 0.000330159 6.22203e-05 
0.000415052 0.000307963 5.67797e-05 
0.000943185 5.16592e-05 5.42751e-05 
0.000846783 4.87172e-05 7.6183e-05 
0.000689927 9.09101e-05 2.14024e-05 
0.000273623 0.000301699 2.68825e-05 
8.54208e-05 0.00022666 8.43369e-05 
0.000565544 0.000236941 1.97555e-05 
0.000164728 9.08868e-05 2.98324e-05 
0.000968198 0.000461448 0.000104202 
0.000518361 0.000215673 3.31032e-05 
0.000962486 0.000216934 5.68606e-05 
0.000889403 0.000135056 2.5706e-05 
0.000771686 2.10011e-05 5.11971e-05 
6.65467e-05 0.000258809 2.19115e-05 
0.000746517 0.000346323 9.24233e-05 
0.000612044 0.000440375 0.000104577 
0.000309241 0.000174259 9.98874e-05 
0.00034112 0.000205636 6.99752e-05 
0.00032584 0.000187006 1.87159e-05 
0.000298508 0.000298893 7.82961e-05 
0.000478114 0.000308974 3.28608e-05 
0.000461677 2.31849e-05 6.83301e-05 
0.000339904 9.94395e-05 5.58599e-05 
0.000971502 0.000396932 2.17996e-05 
0.000595509 0.000470893 5.43933e-05 
0.000538487 0.000348521 8.60463e-05 
0.000712734 0.000162484 7.74568e-05 
0.000394889 0.000233204 6.30415e-05 
0.000395277 0.000279608 0.000100028 
0.000269709 0.000373095 8.98443e-05 
0.000574584 0.000158771 5.39424e-05 
0.000799279 5.21756e-05 0.000106591 
0.000841004 0.000456908 7.66117e-05 
8.99839e-05 6.36541e-05 9.25034e-05 
0.000183393 0.000104104 9.02211e-05 
0.000972409 8.54881e-05 2.7535e-05 
0.00051934 0.000419488 9.38431e-05 
0.000218261 0.000101428 2.45093e-05 
0.000369313 0.000421948 3.12553e-05 
0.000483672 0.000165271 2.6059e-05 
0.000283565 0.000411459 5.08847e-05 
0.000588065 0.000355288 2.37111e-05 
0.000800202 0.000190957 1.71766e-05 
0.000544303 7.78914e-05 5.52564e-05 
0.000239991 7.66645e-05 6.969e-05 
0.000515969 0.000467256 1.73998e-05 
0.000394205 6.58876e-05 3.08124e-05 
0.000966443 0.000171282 6.29491e-05 
0.000891363 0.000186562 1.9401e-05 
0.000583208 0.000393671 8.43987e-05 
0.000623407 0.000133756 7.15936e-05 
0.000398094 0.000360921 6.58818e-05 
0.000689788 0.000386031 4.99805e-05 
0.000650359 6.91272e-05 6.22616e-05 
0.000150082 4.54925e-05 7.23628e-05 
0.000862578 0.000154637 6.72766e-05 
0.000444419 0.000110584 3.66401e-05 
0.000616241 0.000199804 8.02503e-05 
0.000711841 0.000126413 4.67167e-05 
0.000787163 0.000153288 2.30042e-05 
5.63336e-05 0.000337041 6.23529e-05 
0.00016922 0.00038172 5.93961e-05 
0.00043469 0.000437778 6.97413e-05 
0.000584347 0.000240662 5.88657e-05 
0.000788594 0.000384192 5.23905e-05 
2.99145e-05 0.000433951 2.9913e-05 
0.000344505 0.000282294 0.000101175 
0.000180695 0.000431056 2.88143e-05 
0.000148947 0.000275847 2.03549e-05 
0.000276629 5.71929e-05 2.32765e-05 
0.000816138 0.000474149 2.58498e-05 
0.00068666 0.000133979 9.5032e-05 
0.000980863 0.000295175 1.74972e-05 
0.000130471 0.000257528 5.73073e-05 
0.000869567 0.000334329 8.43845e-05 
0.000212082 2.78778e-05 6.43576e-05 
0.000918815 0.000205318 8.23542e-05 
0.000357607 0.000323282 8.07603e-05 
0.000418868 0.000187071 3.29358e-05 
0.000559125 0.000409204 5.73253e-05 
0.000771159 0.000467037 2.00581e-05 
0.000722796 0.000363104 5.16578e-05 
0.00078402 0.00011511 8.45961e-05 
0.000422204 2.57946e-05 1.93648e-05 
0.000821735 2.92641e-05 2.92602e-05 
0.000293383 7.16795e-05 6.34237e-05 
0.000725988 0.00025033 7.3974e-05 
8.08132e-05 0.00021453 2.46878e-05 
0.000686848 0.000185648 6.39992e-05 
0.000612603 0.00017425 2.64951e-05 
0.000398652 0.000273343 2.6952e-05 
0.000971752 0.000260149 7.24642e-05 
0.000648011 0.000278233 7.6696e-05 
0.000934004 0.000245338 3.02683e-05 
0.000598637 0.000129502 2.0736e-05 
8.85064e-05 0.000419673 3.03986e-05 
0.000134992 0.000436236 6.87555e-05 
0.000487262 0.000281212 7.36045e-05 
7.69963e-05 0.000160227 7.92995e-05 
0.000686734 0.000482744 1.72133e-05 
0.000641116 0.000390196 8.08373e-05 
0.000128464 0.000199442 4.39526e-05 
0.000310308 0.000275504 2.4524e-05 
0.000520236 0.000271315 3.94524e-05 
0.000762996 0.000179749 8.44178e-05 
0.000245399 0.000460418 7.87421e-05 
0.000977342 3.03609e-05 7.88984e-05 
0.000678629 0.000357585 2.10516e-05 
0.00022946 0.00022519 2.7675e-05 
0.00091221 0.000404682 3.66626e-05 
0.000414013 3.01312e-05 6.87935e-05 
0.000689526 4.01359e-05 5.50826e-05 
0.000772562 0.000475765 7.68105e-05 
0.000529531 0.000388811 6.90946e-05 
0.000459733 0.00016397 8.28907e-05 
0.000660018 0.000214333 3.29427e-05 
0.000423574 0.000109478 0.000101995 
0.000268494 0.000468755 3.12444e-05 
0.000979279 0.00038743 8.61059e-05 
0.000162954 0.000157283 6.67876e-05 
0.000897268 9.76669e-05 4.5483e-05 
0.000651014 0.000323254 2.30591e-05 
0.000359733 0.000405898 9.18031e-05 
0.00031598 0.000398339 7.81435e-05 
0.000869273 0.000124072 9.92046e-05 
0.00018829 0.000242725 1.80878e-05 
0.000693179 0.00043394 3.07164e-05 
6.03175e-05 2.89686e-05 2.897e-05 
0.000544732 2.53003e-05 2.53077e-05 
0.000719235 0.000297106 2.06416e-05 
0.00088523 4.46953e-05 3.64682e-05 
0.000216294 0.000268313 1.8352e-05 
0.000914823 0.000128507 7.01469e-05 
0.000299584 0.000168178 4.65715e-05 
0.000803548 0.000335943 8.75905e-05 
0.000521189 0.00026718 8.21202e-05 
0.000726519 0.000289675 5.92098e-05 
0.000200337 0.000323702 7.01599e-05 
0.000796745 0.000440843 5.59942e-05 
0.000823367 0.00022105 2.07622e-05 
0.000598798 0.000406284 2.86319e-05 
2.61649e-05 0.00011514 2.61571e-05 
0.000468503 0.000323189 8.14636e-05 
0.000456245 0.00047067 4.95028e-05 
4.8928e-05 0.000391246 7.11714e-05 
0.000378206 0.000324362 2.80235e-05 
0.000553401 0.000417897 1.91499e-05 
0.000273914 0.000113104 5.68769e-05 
0.000910853 6.41052e-05 8.17925e-05 
0.000603456 0.00024999 9.79066e-05 
0.000803197 0.000204713 6.11725e-05 
0.00043472 0.000376669 4.05894e-05 
0.000252195 0.000124968 2.93008e-05 
0.00074421 2.03289e-05 2.03296e-05 
0.000397804 0.000137819 1.9887e-05 
0.000351159 0.0002547 2.09443e-05 
0.000257174 0.000335097 5.57554e-05 
0.000723672 8.55688e-05 6.76923e-05 
0.000769327 0.000314321 1.85907e-05 
0.000870264 0.000413072 8.04495e-05 
0.000639681 0.000125726 2.04329e-05 
0.00061633 2.2013e-05 4.12486e-05 
0.000332949 0.000474558 2.74199e-05 
0.000578344 0.000118346 5.1527e-05 
0.000125107 0.000120998 5.67129e-05 
0.000198665 0.000471911 6.40998e-05 
0.000195741 6.40727e-05 5.33255e-05 
4.07505e-05 4.7769e-05 8.50723e-05 
6.33559e-05 0.000311534 2.25158e-05 
0.000676341 0.000246979 7.04638e-05 
2.50012e-05 0.000476931 5.95494e-05 
0.000753791 0.00042171 7.35132e-05 
0.00044356 0.000264559 6.26105e-05 
0.000621062 0.000457415 2.08296e-05 
0.000831061 7.2078e-05 5.30081e-05 
0.000301128 0.000125475 2.42604e-05 
0.000924585 0.000463526 2.46542e-05 
0.000632676 0.000477947 8.45983e-05 
0.000193762 0.000411985 7.89494e-05 
0.000960867 0.000482858 1.71393e-05 
0.000831321 0.000336069 3.29573e-05 
6.07904e-05 0.00043805 8.2545e-05 
0.000460001 0.000433212 2.56022e-05 
0.000782879 0.000115485 4.31502e-05 
0.000743969 0.000323091 4.68226e-05 
0.000605461 0.000297577 8.96509e-05 
0.000120456 0.000459823 2.1654e-05 
0.00075972 0.000231214 6.31663e-05 
0.000812196 9.14606e-05 2.29187e-05 
0.000727753 0.000402229 5.06369e-05 
0.000478662 0.000418908 7.63509e-05 
0.000561847 0.000150408 9.0916e-05 
0.000336609 0.000147492 1.7968e-05 
0.000610677 0.00028445 3.39216e-05 
0.000189273 0.000268813 5.85667e-05 
0.000505811 0.000111811 7.32106e-05 
0.000566576 0.000190306 2.24172e-05 
0.000442658 0.000482272 1.77289e-05 
0.000513942 0.000178248 8.56703e-05 
0.000751649 0.000127548 2.04237e-05 
0.000218155 0.000180139 1.94793e-05 
0.000103789 0.000433317 0.000111099 
0.000498803 0.000337642 6.86639e-05 
4.89543e-05 0.000188944 5.15281e-05 
0.000674087 0.000275806 3.01816e-05 
0.000577503 2.71037e-05 5.65567e-05 
0.000132 0.000377388 3.02615e-05 
3.03395e-05 0.000282028 7.15882e-05 
0.000376462 0.000439798 7.61273e-05 
0.000536268 0.00029818 1.72973e-05 
0.000845457 8.67432e-05 8.60366e-05 
0.000731081 9.30609e-05 1.9736e-05 
7.30441e-05 0.000171845 1.90548e-05 
6.00418e-05 0.000379464 1.99502e-05 
0.000269131 0.000210171 8.84025e-05 
0.000968455 0.000209165 2.00963e-05 
0.00027469 0.000243551 2.15282e-05 
0.000830752 0.000181346 9.65331e-05 
0.000887415 0.000348931 2.51018e-05 
0.000678012 0.000130465 1.75623e-05 
2.25729e-05 0.000251178 2.25665e-05 
0.000717673 0.000239609 2.65794e-05 
0.000113293 0.000243539 1.92066e-05 
0.000945947 0.000151737 1.71493e-05 
0.000891461 0.000446599 6.49789e-05 
0.000419832 0.000407997 2.19559e-05 
0.000111691 6.04819e-05 3.13144e-05 
0.000571512 0.000317102 6.20364e-05 
0.00086041 0.000208335 1.84577e-05 
0.000254934 0.00019255 5.05945e-05 
2.11361e-05 0.000366902 5.71963e-05 
0.000776208 0.000270094 6.89856e-05 
0.000240555 2.50589e-05 2.50547e-05 
0.000789009 6.17612e-05 3.80833e-05 
0.000261929 0.000267281 9.90865e-05 
0.000288046 0.000444379 7.63572e-05 
0.000702029 0.000174029 2.56866e-05 
0.000362966 0.000122958 1.80342e-05 
0.000968392 0.000424224 7.25587e-05 
0.000167048 0.000175198 2.17754e-05 
0.000138361 0.0003189 2.09982e-05 
0.000974649 0.000114639 6.67227e-05 
0.00021066 5.80496e-05 1.97796e-05 
0.000978448 0.000134198 2.87148e-05 
0.000802272 0.000287405 2.43519e-05 
0.000395973 0.000479589 9.58838e-05 
7.79935e-05 0.000127374 3.13359e-05 
0.000442766 0.00038849 8.1377e-05 
0.00012895 0.000315612 8.13799e-05 
0.000463941 2.27849e-05 2.26026e-05 
0.000941415 0.000383039 0.00010224 
0.000934645 0.000352068 2.23092e-05 
0.000227647 0.000310733 2.6244e-05 
0.0003572 0.000240258 9.05661e-05 
0.000823821 0.000413841 7.72172e-05 
0.000973258 0.000467792 5.6447e-05 
0.000226 0.000149265 4.79169e-05 
0.000402311 0.000195273 0.000114095 
0.000113683 0.000157983 2.08363e-05 
0.000278843 0.000341522 2.01132e-05 
0.000358624 1.97757e-05 8.00981e-05 
0.000646015 0.000445017 5.56574e-05 
2.02815e-05 0.000385643 2.02778e-05 
0.000519765 0.000482632 6.53495e-05 
0.000972971 0.000324205 5.94215e-05 
0.000604811 0.00043622 6.59802e-05 
0.000940869 0.000306173 2.40367e-05 
0.000373252 0.00016661 1.80004e-05 
0.000599004 6.31804e-05 6.97075e-05 
0.000880107 8.43419e-05 7.21027e-05 
0.000935529 2.11319e-05 2.11436e-05 
0.00044501 5.74811e-05 1.71704e-05 
0.000685752 0.000472171 7.44264e-05 
0.000690839 5.78293e-05 9.72921e-05 
0.000758568 0.000437716 4.02551e-05 
0.000330906 3.58536e-05 3.53005e-05 
0.000354703 0.000468005 6.24954e-05 
0.000671973 5.28888e-05 2.06415e-05 
0.000322919 0.000325668 2.72788e-05 
0.000490143 8.0974e-05 4.94605e-05 
0.00011536 0.000368642 8.64159e-05 
0.000227061 0.000383 6.47859e-05 
0.000506536 0.000117751 2.66797e-05 
1.92961e-05 6.63581e-05 5.39612e-05 
0.000503294 2.05526e-05 1.71847e-05 
0.000838941 0.000379176 9.00361e-05 
0.000309786 8.25453e-05 1.85945e-05 
4.4949e-05 0.00019451 1.70874e-05 
0.000162364 0.000229419 5.51633e-05 
0.00056608 0.000318906 1.90541e-05 
0.000424943 0.000328228 9.61491e-05 
0.00046651 0.000208447 2.06981e-05 
0.000822858 0.000116613 7.62572e-05 
0.000849016 0.00024173 8.46954e-05 
0.00017964 0.000305307 2.22259e-05 
0.000617736 0.000334489 4.32866e-05 
0.000539275 1.98716e-05 6.98186e-05 
0.000641969 0.000423703 1.888e-05 
0.000851267 1.83608e-05 9.73875e-05 
0.000314619 0.000436135 2.55392e-05 
0.000428305 0.00030848 1.87679e-05 
0.000972633 6.49694e-05 9.97508e-05 
0.000318212 0.000381791 2.9038e-05 
2.79236e-05 0.000205178 7.88453e-05 
0.000121947 0.000144756 9.627e-05 
0.000166936 0.000341802 4.10767e-05 
0.000941587 9.31532e-05 7.57592e-05 
0.000414237 0.000453178 2.57359e-05 
0.000474877 0.000209349 5.7735e-05 
8.02649e-05 0.000482604 8.12519e-05 
0.000484786 0.000464761 8.31385e-05 
0.000862062 0.000376621 5.30945e-05 
0.000133304 0.000482502 5.08724e-05 
0.000151298 0.000234934 1.97607e-05 
0.000495714 0.00045213 4.24565e-05 
0.000766079 3.87062e-05 8.52285e-05 
0.000757007 0.000150237 5.20476e-05 
0.000260906 0.000162527 2.21472e-05 
0.000486023 0.000257766 2.03994e-05 
0.000577135 9.68988e-05 1.79212e-05 
0.000808729 1.87366e-05 7.42265e-05 
0.00060595 0.000222898 2.27444e-05 
0.000715912 0.000338463 2.08475e-05 
0.000876722 9.4536e-05 1.7526e-05 
0.000169777 3.0624e-05 3.06232e-05 
0.000607941 2.20908e-05 8.37013e-05 
0.000599837 0.000350583 7.32551e-05 
0.000715731 5.31171e-05 2.31947e-05 
0.000208151 0.000170178 8.64115e-05 
0.000553764 0.000459112 3.373e-05 
0.000756284 0.000272324 2.40632e-05 
0.000732385 0.000473254 4.55302e-05 
0.000546142 0.000376359 2.3214e-05 
0.000616086 9.08598e-05 2.16766e-05 
0.000782859 0.000426308 9.58897e-05 
0.000532774 0.000300148 6.25372e-05 
0.000769109 0.000390074 0.000106597 
2.33481e-05 0.00034013 2.26357e-05 
0.000665981 0.000395349 1.81433e-05 
0.000560086 0.000470616 8.60532e-05 
0.000152902 0.000299933 5.20848e-05 
0.00039052 0.000149461 5.75637e-05 
0.000924183 0.000474256 7.38968e-05 
0.000724996 0.000380708 1.84416e-05 
6.11052e-05 8.06344e-05 2.30421e-05 
0.000660148 1.83884e-05 6.70261e-05 
0.000588747 0.000480865 1.91339e-05 
0.00056469 0.000201993 6.3896e-05 
0.000406534 0.000407549 5.88306e-05 
0.000173574 1.8366e-05 7.78911e-05 
0.000195258 0.000180451 4.80232e-05 
0.000409775 0.000359048 1.96263e-05 
0.000391889 0.000108531 5.97929e-05 
0.000497403 0.000352338 0.00010992 
0.000793967 7.46665e-05 7.46335e-05 
0.000808506 0.0002489 4.61241e-05 
0.000698619 0.000281159 8.62874e-05 
0.000832462 0.000148554 2.25254e-05 
0.000568441 0.000370296 5.84837e-05 
0.000976088 0.000172027 1.78722e-05 
0.000149072 0.000137339 2.01358e-05 
0.000479306 3.4927e-05 0.000106089 
0.000270468 3.24674e-05 6.17282e-05 
2.04112e-05 0.000211764 3.95904e-05 
0.000637092 0.000318678 7.00888e-05 
0.000281414 0.000200357 2.09004e-05 
0.000694569 0.000241135 0.000101588 
0.00056569 3.83028e-05 9.27418e-05 
0.000536106 0.000128246 0.000101252 
0.000278106 0.000247956 6.40844e-05 
0.00092035 0.000167624 4.25755e-05 
0.000881552 0.000271954 9.5443e-05 
0.000588701 5.44235e-05 2.39518e-05 
4.20289e-05 0.000238657 5.52577e-05 
0.000206211 0.000363477 9.45188e-05 
0.000838835 0.000184263 4.09744e-05 
6.46437e-05 7.25047e-05 6.36792e-05 
0.000237289 0.000416474 2.9633e-05 
0.000686648 9.91657e-05 7.71713e-05 
2.39977e-05 0.000348565 9.69749e-05 
0.000556075 0.000133158 2.19817e-05 
0.000751447 6.37203e-05 4.68046e-05 
0.000956969 0.00037216 5.3934e-05 
0.000480509 0.000479707 2.02958e-05 
0.000381998 1.88477e-05 4.10417e-05 
0.000977322 2.31379e-05 3.41597e-05 
0.00030836 2.52956e-05 9.05461e-05 
0.000446593 0.000348752 1.82639e-05 
0.000978451 0.000354124 2.15485e-05 
0.000354212 0.00014647 8.07152e-05 
0.000807485 0.000478631 0.00010602 
0.000468813 8.57952e-05 9.30668e-05 
0.000152996 0.000207897 8.68491e-05 
0.000917742 0.000255641 7.50337e-05 
0.000529363 0.000334096 3.73052e-05 
5.40209e-05 0.000112522 8.15428e-05 
0.00011447 0.000106576 1.70142e-05 
0.000160656 0.000477672 2.23281e-05 
0.000908337 0.000381338 0.00011304 
0.00050017 7.15519e-05 8.39372e-05 
0.00074345 0.000291448 9.96148e-05 
0.000949562 0.000348779 9.1398e-05 
0.000322102 0.000467055 9.22263e-05 
8.76592e-05 9.99128e-05 6.5184e-05 
0.000744254 0.000127776 8.07646e-05 
0.000364299 0.00020922 2.6326e-05 
0.000525196 0.000447245 6.34041e-05 
0.000218949 0.000479436 2.05482e-05 
8.80807e-05 0.00034867 2.70999e-05 
0.000104573 0.00028441 8.84369e-05 
0.000316587 0.000227096 3.4119e-05 
0.000230162 0.00022025 9.98784e-05 
0.00086954 0.000198864 5.585e-05 
0.000117559 2.22795e-05 6.84385e-05 
0.000934169 0.000284971 6.02118e-05 
1.80694e-05 0.000101221 6.73446e-05 
0.000931524 0.000198259 1.83509e-05 
0.000893041 0.000238732 5.46936e-05 
0.000501419 0.000138896 0.000105836 
0.000871179 0.000470576 2.94247e-05 
0.000507828 0.000308584 9.74014e-05 
9.43117e-05 0.000463614 5.30581e-05 
0.000752418 0.00040716 1.96562e-05 
0.000288555 0.000482311 7.37624e-05 
0.000754897 0.000353657 2.09906e-05 
0.000692947 2.02208e-05 1.72491e-05 
0.000632067 5.32313e-05 1.92771e-05 
0.00019669 0.000364684 4.73672e-05 
0.000252512 0.000140013 0.000101571 
0.000347833 0.000170528 4.58384e-05 
0.00046338 0.00029591 0.000111003 
0.000560037 0.00027343 2.51969e-05 
0.000284602 1.75578e-05 1.75553e-05 
0.000449829 0.000243779 1.84509e-05 
0.000168946 0.00037498 9.50457e-05 
0.000856273 0.000234115 4.67403e-05 
0.000656018 1.79884e-05 2.50114e-05 
0.000258035 0.000313316 0.00010945 
0.000397964 0.000464988 6.26207e-05 
0.000727814 2.23835e-05 5.97159e-05 
0.000962252 0.000438454 2.07522e-05 
0.000838261 0.000260232 2.08981e-05 
0.000445044 6.41666e-05 7.10237e-05 
0.000190934 0.000138687 2.17801e-05 
0.000936837 8.5496e-05 0.000113694 
0.000352549 0.000288591 3.85523e-05 
0.000135839 0.000423936 1.75956e-05 
0.000104661 0.000287042 2.56072e-05 
0.000378008 0.000185833 6.48177e-05 
0.000781593 0.00023672 1.98254e-05 
0.000497733 6.44021e-05 1.74841e-05 
0.000769667 8.71144e-05 1.93026e-05 
0.000334371 0.000433945 6.56165e-05 
0.000920908 1.80088e-05 6.78232e-05 
0.00093116 0.000119077 2.23183e-05 
0.000474103 0.000358669 8.39792e-05 
0.000964769 0.000132561 0.000100197 
0.000699691 0.000416333 8.29614e-05 
2.30683e-05 0.000160274 1.84739e-05 
0.000502937 3.50424e-05 5.37409e-05 
0.000272388 0.000374036 4.05985e-05 
0.000127969 7.79726e-05 7.8939e-05 
0.000196802 0.000340689 1.73779e-05 
0.00078713 0.000428924 1.79413e-05 
0.000849264 0.000110912 4.38294e-05 
0.000317424 0.000352533 7.09353e-05 
0.000545153 0.000249656 5.89141e-05 
0.000777699 3.65696e-05 1.70283e-05 
0.000665773 0.00011155 4.62307e-05 
0.000657658 0.000162462 2.04648e-05 
7.25725e-05 0.000390533 0.000104247 
0.000184225 0.000481008 0.00010797 
0.000658272 0.000463616 1.70778e-05 
6.75403e-05 0.000468784 2.19686e-05 
0.000110878 0.000323457 4.68466e-05 
0.000871955 0.000166113 0.00010934 
0.000566211 0.000275694 7.14142e-05 
0.000602905 9.32075e-05 0.000100705 
2.89429e-05 0.000481276 1.87244e-05 
0.000776827 0.000311467 6.06104e-05 
7.71705e-05 3.37225e-05 7.2105e-05 
0.000468925 0.000219022 9.59177e-05 
0.000373287 0.000476536 2.34661e-05 
1.80983e-05 0.000411168 7.04885e-05 
0.000356615 0.000381294 5.763e-05 
2.19004e-05 0.000295628 2.18942e-05 
0.000816882 2.0372e-05 0.000110486 
0.00024818 0.000270526 4.26314e-05 
0.000366058 0.000371041 2.06413e-05 
0.000915695 8.57584e-05 1.7917e-05 
0.000270367 9.74604e-05 1.7839e-05 
