0.000829016 0.000408534 3.10572e-05 
8.2531e-05 0.00029539 8.63113e-05 
0.000522631 0.000208215 0.000117049 
0.000315774 0.000239138 0.000141154 
0.000684126 0.000333043 6.4159e-05 
0.00036391 7.91507e-05 0.00011888 
0.000741401 0.000206781 5.31256e-05 
0.00086643 0.000291777 6.73141e-05 
0.000525157 5.51089e-05 0.000161137 
0.000782773 0.000237932 0.000155755 
0.000639773 0.000369187 4.78835e-05 
0.000175769 0.000388814 1.9744e-05 
0.000826596 0.000304929 0.000118923 
0.000209643 0.000218948 9.33109e-05 
0.000488309 0.000382015 3.62694e-05 
0.000803701 0.000161831 0.000108767 
0.000441079 0.000372497 8.30311e-05 
0.000236046 0.000359485 2.5262e-05 
0.000524075 0.00014108 7.15663e-05 
0.000887855 0.000240662 1.89395e-05 
0.000915929 0.000331813 6.36686e-05 
0.000416781 0.000311054 5.75357e-05 
0.000940981 6.38505e-05 7.35085e-05 
0.000871985 4.24315e-05 0.000100386 
0.000692994 9.32725e-05 3.56717e-05 
0.00025762 0.000304337 6.55507e-05 
8.85259e-05 0.000232887 9.43004e-05 
0.000556311 0.00023667 1.97555e-05 
0.000174417 9.11204e-05 2.98384e-05 
0.000971079 0.000462443 0.000152002 
0.000520931 0.000212608 5.2641e-05 
0.000964146 0.000205624 7.53996e-05 
0.000880617 0.000143747 2.57045e-05 
0.000763509 2.74411e-05 8.83885e-05 
5.49863e-05 0.000257208 5.36582e-05 
0.000718284 0.000339099 0.000120167 
0.000610149 0.000437586 0.00014947 
0.000306711 0.00017589 0.000121205 
0.000344163 0.000222863 8.82728e-05 
0.000322277 0.000180749 3.29486e-05 
0.000309712 0.000304423 8.66122e-05 
0.000484927 0.000308495 3.28628e-05 
0.000453693 2.87273e-05 9.20198e-05 
0.000345798 0.000105676 6.80267e-05 
0.000963408 0.000400681 3.10222e-05 
0.000574703 0.000463969 0.000101628 
0.000548672 0.000348016 0.000104972 
0.000703023 0.000160468 0.000131244 
0.000389528 0.000231324 6.78524e-05 
0.000413102 0.000257402 0.000115611 
0.00025094 0.000380489 0.000127531 
0.000564727 0.000173344 8.37384e-05 
0.000799119 5.31054e-05 0.000165635 
0.000849259 0.000461232 0.000106366 
9.23701e-05 6.29414e-05 0.000133256 
0.000163804 9.29548e-05 9.35656e-05 
0.000961999 8.45838e-05 2.75345e-05 
0.000516911 0.000417716 0.000124638 
0.00022823 9.64166e-05 2.45026e-05 
0.000360968 0.000427353 3.12588e-05 
0.000493075 0.000165068 2.60585e-05 
0.000288596 0.000409632 5.95526e-05 
0.00060392 0.000348332 2.37319e-05 
0.000789727 0.000183949 3.29726e-05 
0.000550341 8.48207e-05 7.27363e-05 
0.000230209 9.08794e-05 8.01684e-05 
0.000519937 0.000464655 3.67672e-05 
0.000394721 7.57882e-05 3.08117e-05 
0.000962535 0.000182544 0.000115602 
0.000890299 0.000191036 1.94447e-05 
0.000575155 0.000396868 0.000139005 
0.000624437 0.000143114 0.000112751 
0.00039511 0.000371763 0.000102181 
0.000681209 0.000386893 5.83124e-05 
0.000647493 6.70566e-05 0.000106786 
0.000157142 4.15785e-05 8.30821e-05 
0.000876532 0.000153136 7.79094e-05 
0.000453793 0.000107875 3.66584e-05 
0.000628595 0.000209772 0.000117848 
0.000705621 0.000147591 7.20821e-05 
0.0008043 0.000160415 6.21133e-05 
6.92176e-05 0.000340715 0.000104244 
0.000146939 0.000377956 9.61143e-05 
0.000441885 0.000430488 0.000107665 
0.000606421 0.000244418 7.51319e-05 
0.000785863 0.000377358 6.89226e-05 
2.99147e-05 0.000434273 2.99152e-05 
0.00035137 0.000289286 0.000156217 
0.000183378 0.000436081 2.88909e-05 
0.000143972 0.000278185 2.04312e-05 
0.000274577 6.345e-05 2.33368e-05 
0.000819453 0.000455702 6.14531e-05 
0.00068666 0.000131593 0.000159435 
0.000980374 0.000296285 3.64162e-05 
0.00012268 0.000269736 5.94937e-05 
0.000890094 0.000323077 0.000121568 
0.000213884 4.38261e-05 0.000124223 
0.000901976 0.000208485 0.000139545 
0.000372156 0.000323042 8.41069e-05 
0.00042598 0.000198715 3.29276e-05 
0.000568108 0.000394353 8.62266e-05 
0.000760846 0.000463832 2.21246e-05 
0.000706095 0.000377289 9.01905e-05 
0.000784781 0.000113943 0.000144918 
0.000411075 4.36347e-05 7.48022e-05 
0.000828 3.03113e-05 2.92556e-05 
0.000288509 8.24372e-05 0.000123579 
0.000725362 0.000259382 0.000106104 
9.1663e-05 0.000211572 3.28317e-05 
0.000672979 0.000193726 0.000100528 
0.000605037 0.000175479 4.02919e-05 
0.00040001 0.000269232 2.69505e-05 
0.000967818 0.000246401 0.000104632 
0.000640688 0.000273695 0.000130003 
0.000935191 0.000248039 3.0281e-05 
0.000606538 0.00013024 2.07368e-05 
8.42012e-05 0.000412991 4.56013e-05 
0.000157603 0.000433529 8.43307e-05 
0.000490535 0.000294751 0.000103153 
7.00935e-05 0.000150083 0.000105451 
0.000676078 0.000465418 5.65236e-05 
0.000651799 0.000376718 0.000107217 
0.000132406 0.00019582 6.38954e-05 
0.000308455 0.000271029 2.45261e-05 
0.000527632 0.000286774 5.77488e-05 
0.000754439 0.000186412 0.000118415 
0.00024773 0.000466168 0.000131423 
0.000971377 3.5544e-05 0.000108178 
0.000675962 0.000364116 2.10496e-05 
0.00023809 0.00024179 5.52894e-05 
0.000896074 0.000400869 3.66598e-05 
0.000413265 3.9459e-05 0.0001189 
0.000703211 4.79374e-05 9.01208e-05 
0.000757932 0.000471016 0.00012235 
0.000510641 0.000390718 9.48299e-05 
0.000452377 0.000162029 8.4475e-05 
0.000655986 0.000205233 3.29534e-05 
0.00042987 0.000106624 0.000116353 
0.000265689 0.000464738 5.7943e-05 
0.000977204 0.000381488 0.000114916 
0.000158263 0.000165213 0.000102637 
0.000901565 9.77173e-05 9.38541e-05 
0.000656939 0.000307553 2.30672e-05 
0.000356538 0.000414335 0.000137809 
0.000318906 0.000393141 0.0001006 
0.000869105 0.000125264 0.000153317 
0.000192758 0.000233128 1.80797e-05 
0.000705246 0.000437405 3.07344e-05 
6.17089e-05 2.90492e-05 5.068e-05 
0.00053912 3.14711e-05 2.56099e-05 
0.000730913 0.000296737 4.24354e-05 
0.000895993 4.56158e-05 3.64788e-05 
0.000224379 0.000265589 1.83533e-05 
0.000910031 0.000145902 0.000133449 
0.000307233 0.000157496 6.965e-05 
0.000786362 0.000347291 0.000122781 
0.000518506 0.000266107 0.000130323 
0.000720288 0.000300489 8.81937e-05 
0.000203188 0.000316975 8.33715e-05 
0.000785561 0.000444197 9.48497e-05 
0.000829076 0.00022703 2.07345e-05 
0.000609463 0.00040815 2.87202e-05 
2.62077e-05 0.000111941 2.61866e-05 
0.000461081 0.000329604 0.000137297 
0.000466177 0.000467336 0.000104754 
3.07634e-05 0.000392562 0.000120305 
0.000376858 0.000329387 2.80302e-05 
0.000556239 0.000409215 3.49474e-05 
0.000283285 0.000114098 8.79547e-05 
0.000907186 6.29484e-05 0.000145048 
0.00059732 0.000239958 0.000152137 
0.000811098 0.000210333 6.20507e-05 
0.000423441 0.000389611 5.28759e-05 
0.000249265 0.000127655 4.96861e-05 
0.00074609 3.57249e-05 3.72725e-05 
0.000399119 0.000136982 4.65189e-05 
0.000347331 0.000253464 5.65402e-05 
0.000242349 0.000346246 8.85837e-05 
0.000722967 8.30067e-05 0.000125165 
0.000757078 0.000313772 1.8583e-05 
0.000887808 0.00040809 0.000103723 
0.000637977 0.000138167 6.04036e-05 
0.000611595 3.70202e-05 5.89403e-05 
0.000349964 0.000470683 8.02671e-05 
0.000580734 0.000122277 9.47788e-05 
0.00012409 0.000122145 5.68749e-05 
0.000207338 0.00047189 6.60535e-05 
0.000198778 4.90118e-05 8.64867e-05 
4.74576e-05 6.2308e-05 0.00014137 
7.90402e-05 0.00032614 3.29043e-05 
0.000664757 0.000246516 0.000107724 
3.09775e-05 0.000466767 8.07085e-05 
0.000749254 0.000422928 0.000116749 
0.000445598 0.000267739 6.26145e-05 
0.00061123 0.000460336 3.9853e-05 
0.000826378 7.88352e-05 9.04152e-05 
0.000301584 0.000125996 3.35852e-05 
0.000914579 0.000458221 2.48139e-05 
0.0006451 0.000467236 0.000128822 
0.000200807 0.000409738 0.000118197 
0.000949969 0.000479161 1.71418e-05 
0.000826211 0.000337397 3.29518e-05 
4.86577e-05 0.000438748 0.00012307 
0.000463426 0.000442954 2.99943e-05 
0.000774266 0.000115011 9.99905e-05 
0.000745807 0.000324991 6.82758e-05 
0.000591261 0.00030319 0.000145696 
0.000105059 0.000454306 2.16837e-05 
0.000761054 0.000230214 0.000114841 
0.000808043 8.10667e-05 2.29185e-05 
0.000727505 0.000397013 5.24338e-05 
0.000474423 0.000402439 8.99808e-05 
0.00056132 0.000149907 0.000144941 
0.000333839 0.000148327 1.7967e-05 
0.000601442 0.000284777 3.392e-05 
0.000202129 0.000260237 0.000129021 
0.000509952 0.000105349 0.000139317 
0.000562299 0.0001912 2.24219e-05 
0.000426897 0.000475121 3.30305e-05 
0.000487636 0.000177101 0.000125434 
0.000748847 0.000134482 2.57244e-05 
0.000213023 0.00017542 3.42421e-05 
0.000109578 0.000434269 0.000157008 
0.000487801 0.000321665 8.13334e-05 
4.72235e-05 0.000189557 8.80976e-05 
0.00067028 0.000264081 5.07685e-05 
0.00059002 3.51519e-05 0.00010621 
0.000128873 0.000374912 3.02631e-05 
3.03308e-05 0.000290438 8.55273e-05 
0.00036779 0.000425955 0.000100172 
0.000536179 0.00030103 1.73014e-05 
0.000847861 8.0915e-05 0.000155446 
0.000730855 9.55183e-05 1.97362e-05 
6.97396e-05 0.000159758 1.90573e-05 
7.71418e-05 0.000370224 1.9948e-05 
0.000269893 0.000213852 0.000142961 
0.000965366 0.000207497 2.51458e-05 
0.000272459 0.000231818 2.15274e-05 
0.000831076 0.000174398 0.000147068 
0.000883669 0.000332136 2.51062e-05 
0.000672477 0.000125087 5.12169e-05 
2.26207e-05 0.000251567 2.36783e-05 
0.000720579 0.000253472 2.65926e-05 
0.000115748 0.000245638 1.92054e-05 
0.000947733 0.000144517 1.9339e-05 
0.000880264 0.000460837 7.20384e-05 
0.000426638 0.000413774 2.19564e-05 
0.000117975 6.57156e-05 3.13431e-05 
0.000574086 0.000311525 7.78251e-05 
0.00086963 0.000214885 4.83322e-05 
0.000262892 0.000193751 0.000103922 
3.10626e-05 0.000341295 7.77496e-05 
0.000781457 0.000276861 0.00010137 
0.00024386 3.51725e-05 5.33041e-05 
0.000792953 6.6735e-05 7.93318e-05 
0.000271576 0.000273738 0.000149208 
0.000301998 0.000437967 0.00011737 
0.000704784 0.000173319 2.5694e-05 
0.000344039 0.000109535 1.80426e-05 
0.000971908 0.000421075 0.000144217 
0.00016252 0.00017488 2.89454e-05 
0.000154017 0.000328102 2.09968e-05 
0.000970394 0.000102642 0.000105395 
0.000219919 5.27022e-05 1.97131e-05 
0.000962254 0.000136013 7.18444e-05 
0.000805941 0.000266411 2.43335e-05 
0.000396503 0.000475149 0.000149101 
7.06401e-05 0.000126936 5.18694e-05 
0.000444944 0.000381092 0.000129617 
0.000137801 0.000310453 0.000146681 
0.000473222 2.42294e-05 4.80142e-05 
0.000941849 0.000381186 0.000157671 
0.000926789 0.00035264 2.23104e-05 
0.000222944 0.000309509 2.62431e-05 
0.000365435 0.000218687 0.000143095 
0.000826651 0.000405952 0.000130826 
0.000957528 0.000468317 8.80087e-05 
0.000221195 0.000157351 7.20561e-05 
0.000421352 0.000182528 0.000146767 
0.000117403 0.000165678 2.30105e-05 
0.000274437 0.000317966 2.01103e-05 
0.000348497 2.652e-05 0.00012364 
0.000659194 0.000448084 8.96051e-05 
2.6225e-05 0.000387412 4.75528e-05 
0.00050451 0.000479168 0.000126395 
0.000969863 0.000319915 7.26568e-05 
0.000623277 0.00041656 7.89245e-05 
0.000935838 0.000303836 2.40378e-05 
0.00036716 0.000181198 4.8118e-05 
0.000572913 7.39028e-05 0.000125551 
0.000880109 8.25358e-05 0.000123971 
0.000954157 2.24389e-05 2.11447e-05 
0.000448129 5.4536e-05 3.11683e-05 
0.000704939 0.000461559 0.00010937 
0.00068836 5.81166e-05 0.00014203 
0.000766971 0.000425489 6.36858e-05 
0.000342503 3.53774e-05 3.53008e-05 
0.000339764 0.000456186 0.00011473 
0.000661961 5.32004e-05 3.40004e-05 
0.000322066 0.000321391 2.75448e-05 
0.000501852 8.35497e-05 9.76819e-05 
0.000113027 0.000373862 0.000127158 
0.000233491 0.000403131 8.59709e-05 
0.000516326 0.000108324 2.66773e-05 
2.00911e-05 8.19211e-05 0.000117571 
0.000498343 2.30478e-05 1.71838e-05 
0.000859416 0.000380037 0.000142115 
0.000313377 8.07281e-05 1.85935e-05 
4.22012e-05 0.000204194 1.70918e-05 
0.000160539 0.00024311 0.000112676 
0.000560158 0.000321715 3.54129e-05 
0.000418499 0.00031303 0.000122667 
0.000477739 0.000216349 2.06961e-05 
0.000830763 0.000112028 0.000126847 
0.000845603 0.000257219 0.000133815 
0.000171347 0.000298159 4.74646e-05 
0.000623942 0.000327184 5.2899e-05 
0.000541818 3.72985e-05 9.92762e-05 
0.000650055 0.000430213 5.08334e-05 
0.000852954 2.38479e-05 0.000142474 
0.000306304 0.000441808 2.55387e-05 
0.000427747 0.000309407 1.87677e-05 
0.000972633 6.49694e-05 0.000156544 
0.000312124 0.000376869 2.90444e-05 
2.97884e-05 0.000209136 0.000135021 
0.000123205 0.000128434 0.000128368 
0.000166799 0.000345508 7.10874e-05 
0.000935237 0.000109013 0.000134625 
0.000412903 0.000452576 6.48814e-05 
0.000486053 0.000202325 9.22515e-05 
8.33184e-05 0.000471194 0.000112344 
0.000473176 0.000458773 0.000147864 
0.000870034 0.000363343 9.32588e-05 
0.000127131 0.000479178 8.334e-05 
0.00016009 0.000221633 3.33358e-05 
0.000500096 0.000453623 7.85482e-05 
0.000766362 3.7776e-05 0.000142933 
0.000766671 0.000150504 8.00903e-05 
0.000254142 0.000155141 2.21477e-05 
0.000495296 0.000259544 5.11425e-05 
0.000597514 0.000103455 4.71062e-05 
0.000814169 2.16793e-05 0.00012372 
0.000599578 0.000227519 2.27673e-05 
0.000715296 0.00033284 2.08511e-05 
0.000871654 0.000108185 4.85998e-05 
0.000172138 3.07144e-05 3.06232e-05 
0.000597571 3.25264e-05 0.000156344 
0.000600281 0.000351217 0.00011351 
0.000708965 5.35486e-05 2.3193e-05 
0.000217723 0.000162495 0.000124467 
0.000556631 0.000460458 5.69035e-05 
0.000768449 0.000275166 5.37547e-05 
0.000734396 0.000473236 6.49369e-05 
0.000552972 0.000368566 2.31783e-05 
0.000622581 0.00010012 7.75747e-05 
0.00078201 0.000426169 0.000152727 
0.000538216 0.000304125 0.000115876 
0.000769109 0.000390074 0.000163081 
2.51981e-05 0.000344527 2.26355e-05 
0.000669241 0.000404783 2.55113e-05 
0.000548211 0.000470614 0.000140489 
0.000156807 0.000300561 0.000111773 
0.000385538 0.000138422 0.000119577 
0.000907623 0.000474264 0.00010346 
0.000731803 0.000378961 1.84531e-05 
5.60708e-05 7.27855e-05 2.30405e-05 
0.000670126 2.21685e-05 0.000124143 
0.000577673 0.000466821 1.91317e-05 
0.000569798 0.000206063 0.000124548 
0.000401882 0.000419407 9.75336e-05 
0.000172169 1.86148e-05 0.000117539 
0.000185802 0.000188167 7.71992e-05 
0.000405983 0.000356946 5.37938e-05 
0.000394692 8.94095e-05 8.07678e-05 
0.000494986 0.00035334 0.000166942 
0.000791026 6.62412e-05 0.000118362 
0.000814008 0.000257803 7.70364e-05 
0.000696095 0.000294801 0.000149087 
0.000820709 0.000145005 2.2527e-05 
0.000563224 0.000362539 6.3589e-05 
0.000974331 0.00016725 1.78722e-05 
0.000150222 0.000134349 2.01671e-05 
0.000479306 3.4927e-05 0.000162946 
0.00027282 4.57522e-05 9.3769e-05 
2.15979e-05 0.000212057 6.84851e-05 
0.000628902 0.000325817 0.000101435 
0.0002837 0.000204671 5.51042e-05 
0.000688835 0.000242881 0.000145677 
0.000553546 3.16395e-05 0.000140931 
0.000537294 0.000130579 0.000164 
0.000269462 0.000238849 0.000104568 
0.000915902 0.000176896 9.69557e-05 
0.000905623 0.000268147 0.000137967 
0.000581112 7.16216e-05 2.39511e-05 
3.48091e-05 0.000230088 0.000103032 
0.000199167 0.000356539 0.0001583 
0.000840163 0.000175831 9.36274e-05 
6.57597e-05 7.59666e-05 8.88067e-05 
0.00024721 0.000413026 2.96478e-05 
0.000703083 0.00011448 0.000106373 
3.29301e-05 0.000363613 0.000149442 
0.000548092 0.000149129 2.19819e-05 
0.000744721 7.04792e-05 7.44523e-05 
0.000951845 0.000373814 7.96199e-05 
0.000489505 0.000479674 2.03194e-05 
0.000375267 3.57447e-05 9.73668e-05 
0.00096307 2.29273e-05 6.41081e-05 
0.000306824 3.51303e-05 0.00013848 
0.000443877 0.000338432 3.91858e-05 
0.000970278 0.000351568 3.09101e-05 
0.000347158 0.000122199 0.000130861 
0.000810875 0.000471565 0.000146187 
0.000466952 8.38211e-05 0.000148244 
0.000151211 0.000219906 0.000142593 
0.000918562 0.000272321 9.54587e-05 
0.000526735 0.000339684 5.65795e-05 
3.3927e-05 0.000105834 0.000148523 
0.0001074 0.000113372 1.70138e-05 
0.000150085 0.000476027 2.23281e-05 
0.000908337 0.000381338 0.000168702 
0.000524485 7.19857e-05 0.000126198 
0.000747602 0.000284328 0.000143988 
0.000952974 0.00034156 0.000149399 
0.000307677 0.000469996 0.000150405 
8.60523e-05 9.99131e-05 0.000119842 
0.00073939 0.000132065 0.000135152 
0.000358178 0.000218767 2.63268e-05 
0.000527853 0.000451038 0.000102087 
0.000232432 0.000478293 2.05823e-05 
8.34766e-05 0.000359292 6.2778e-05 
9.76748e-05 0.000287483 0.000135309 
0.000302546 0.000247224 6.78013e-05 
0.000228207 0.000218331 0.000147314 
0.000860664 0.000202657 0.000109732 
0.000117796 2.22609e-05 0.000101801 
0.000933153 0.000291778 6.46632e-05 
1.80695e-05 0.000100487 8.52244e-05 
0.000923168 0.000190468 4.99758e-05 
0.000891612 0.000231355 9.57972e-05 
0.000496545 0.000141999 0.000163849 
0.000861927 0.000470623 2.94026e-05 
0.000503335 0.000314301 0.000137668 
0.00010691 0.000442223 7.89844e-05 
0.00076096 0.00040839 1.96722e-05 
0.00028928 0.000478922 0.000114612 
0.000752119 0.000349448 3.49634e-05 
0.000693866 3.56317e-05 5.61558e-05 
0.000616584 4.73455e-05 1.92759e-05 
0.000189463 0.000372153 5.609e-05 
0.000252512 0.000140013 0.000161677 
0.000343342 0.000181039 7.76532e-05 
0.00046338 0.00029591 0.000166484 
0.000569457 0.000258934 6.48932e-05 
0.000278296 2.2233e-05 1.76527e-05 
0.000459305 0.000250894 1.84589e-05 
0.000169786 0.000376768 0.000135048 
0.000858586 0.00023702 7.79941e-05 
0.000664495 3.14407e-05 8.12982e-05 
0.000260794 0.000312322 0.000167039 
0.000397947 0.000458267 0.000116029 
0.000713927 2.2437e-05 0.000122324 
0.000955402 0.000437449 5.19742e-05 
0.000853431 0.000261062 2.10306e-05 
0.000448485 7.14397e-05 8.12041e-05 
0.000191354 0.000142538 2.17779e-05 
0.000936837 8.5496e-05 0.000168709 
0.000362146 0.000288662 5.54724e-05 
0.000134377 0.000427038 2.54525e-05 
8.64501e-05 0.000279152 2.56083e-05 
0.000380957 0.000186662 0.000108515 
0.00076731 0.000235108 1.98296e-05 
0.000494643 7.82982e-05 6.19713e-05 
0.000765001 8.47897e-05 4.0126e-05 
0.000314693 0.000441316 7.75337e-05 
0.000907705 2.45281e-05 0.000106089 
0.000924432 0.000132748 5.12071e-05 
0.000474572 0.000356629 0.000108881 
0.000965413 0.000131278 0.00015803 
0.000716316 0.000401226 0.00013694 
2.30683e-05 0.000160274 4.0804e-05 
0.000500655 2.37284e-05 9.38984e-05 
0.000281795 0.000375965 8.9304e-05 
0.000115247 6.32313e-05 8.46198e-05 
0.000189756 0.000338894 3.36224e-05 
0.000790529 0.000442041 3.15349e-05 
0.000835965 0.000123468 6.29876e-05 
0.000311602 0.000347048 0.000150695 
0.000544924 0.000259907 0.00010418 
0.000780491 3.4546e-05 2.27523e-05 
0.000667702 0.000108415 8.98289e-05 
0.000642326 0.000154945 2.04671e-05 
7.2135e-05 0.000393616 0.000151031 
0.000196289 0.000477361 0.000135039 
0.000657446 0.000461319 1.99643e-05 
6.24704e-05 0.000471257 4.75085e-05 
0.000118702 0.000320477 8.7815e-05 
0.000871017 0.000164307 0.000158239 
0.000565599 0.000273983 0.00012972 
0.000604995 9.92406e-05 0.000155062 
3.55074e-05 0.000481274 1.87242e-05 
0.000758529 0.000313345 0.000116235 
6.74933e-05 4.38116e-05 0.000111092 
0.000468925 0.000219022 0.000151153 
0.000386799 0.000474966 2.34653e-05 
1.80979e-05 0.000428359 7.66683e-05 
0.000358157 0.000387494 7.78813e-05 
2.24858e-05 0.000297389 2.72481e-05 
0.000816441 2.08583e-05 0.000165808 
0.000240155 0.000278887 9.90625e-05 
0.000367724 0.000376988 2.0642e-05 
0.000913166 0.000101506 3.49163e-05 
0.000269343 0.000104003 1.78281e-05 
