0.00083581 0.000416545 3.10544e-05 
8.27234e-05 0.000295966 6.85656e-05 
0.000527091 0.000213334 0.000100463 
0.000315774 0.000239138 0.000113957 
0.000685497 0.000330421 6.43151e-05 
0.000365351 7.31842e-05 0.000100752 
0.000750147 0.000197288 3.55544e-05 
0.000880373 0.000290977 5.26961e-05 
0.000525442 5.18107e-05 0.000140234 
0.000782773 0.000237932 0.000131649 
0.00063842 0.000372918 2.67647e-05 
0.000178046 0.000386974 1.97504e-05 
0.000825641 0.000304696 8.88676e-05 
0.000203031 0.000213807 8.15497e-05 
0.000489537 0.000379085 3.62708e-05 
0.000799632 0.000159014 9.43224e-05 
0.000443136 0.000359751 6.45932e-05 
0.000235517 0.000364327 2.52282e-05 
0.000525545 0.000148986 6.07508e-05 
0.000888043 0.000239249 1.89339e-05 
0.000922457 0.000334583 6.26925e-05 
0.00041477 0.000312417 5.55086e-05 
0.000945146 5.97464e-05 6.11217e-05 
0.000868626 4.22736e-05 8.67629e-05 
0.00068957 9.51282e-05 2.14024e-05 
0.000262284 0.000305257 5.34046e-05 
8.76005e-05 0.000222678 8.44845e-05 
0.000560586 0.00023979 1.97555e-05 
0.000171622 9.10672e-05 2.98278e-05 
0.000971078 0.000462497 0.000123457 
0.000519675 0.000213901 4.09984e-05 
0.000963463 0.000208682 5.80719e-05 
0.000881984 0.000142292 2.57048e-05 
0.000763509 2.74411e-05 6.1633e-05 
6.00852e-05 0.000255949 4.57295e-05 
0.000730208 0.00034215 0.000107488 
0.000610149 0.000437586 0.000125477 
0.000310984 0.000181688 0.000101834 
0.000343545 0.000214603 7.44288e-05 
0.000322158 0.000183977 1.8717e-05 
0.000309615 0.000294566 8.12197e-05 
0.000480281 0.000310567 3.28602e-05 
0.000456381 2.31837e-05 7.24717e-05 
0.000334249 9.65462e-05 6.41309e-05 
0.000964649 0.000397373 2.18011e-05 
0.000578353 0.000463229 7.76865e-05 
0.000538901 0.000352722 8.98528e-05 
0.000703023 0.000160468 0.000106689 
0.000386737 0.000237514 6.2317e-05 
0.000406464 0.000263183 0.000112004 
0.000258802 0.000372117 0.000107142 
0.000567338 0.000170141 6.3527e-05 
0.000799119 5.31054e-05 0.000145851 
0.000841365 0.000460814 8.19402e-05 
9.06889e-05 6.27647e-05 0.000114724 
0.000171022 9.0981e-05 9.43988e-05 
0.0009693 9.13956e-05 2.75464e-05 
0.000516555 0.00042231 0.000106562 
0.000225207 9.86068e-05 2.45044e-05 
0.000364906 0.000425032 3.12634e-05 
0.000492451 0.000163537 2.60583e-05 
0.000286045 0.000412338 5.42197e-05 
0.000596146 0.000350479 2.37108e-05 
0.000793286 0.00018626 1.7177e-05 
0.000548913 8.18592e-05 6.35826e-05 
0.000237319 8.5087e-05 7.73924e-05 
0.00052172 0.000462343 1.73724e-05 
0.00039087 7.3272e-05 3.08111e-05 
0.000965476 0.000170994 8.46862e-05 
0.000890704 0.000188515 1.93947e-05 
0.000575155 0.000396868 0.00011724 
0.00062358 0.000135276 9.97547e-05 
0.000394946 0.000370745 7.76692e-05 
0.000684243 0.000391064 5.09328e-05 
0.000649965 6.08423e-05 7.46664e-05 
0.000153267 4.36819e-05 7.33741e-05 
0.000869381 0.000155911 7.55632e-05 
0.000449145 0.000106743 3.66397e-05 
0.000630513 0.000201459 9.20111e-05 
0.000713016 0.000129386 5.43535e-05 
0.000794626 0.000160533 4.80113e-05 
6.53322e-05 0.000333203 8.96474e-05 
0.000151439 0.000378453 7.55134e-05 
0.000440338 0.00043461 8.60612e-05 
0.000597346 0.000238514 6.60046e-05 
0.000786283 0.000382082 5.60702e-05 
2.99304e-05 0.000433972 2.99145e-05 
0.00035137 0.000289286 0.000134994 
0.000185223 0.000434152 2.88137e-05 
0.000143159 0.000277719 2.0362e-05 
0.000275094 6.19586e-05 2.33089e-05 
0.000808644 0.000466855 3.82121e-05 
0.00068666 0.000131593 0.000138231 
0.000980862 0.000295175 1.75308e-05 
0.000126103 0.000262737 5.94139e-05 
0.000885324 0.000332554 0.000105047 
0.000216533 3.9565e-05 0.000100319 
0.00090767 0.000204537 0.000106193 
0.000368988 0.000318456 8.34725e-05 
0.000419673 0.000196752 3.29337e-05 
0.00056806 0.000397736 6.27628e-05 
0.000766661 0.000462793 2.00602e-05 
0.000713346 0.000374951 7.35433e-05 
0.000784781 0.000113943 0.000117095 
0.000416098 3.57352e-05 5.25402e-05 
0.000828021 2.92439e-05 2.92595e-05 
0.000289159 8.23988e-05 9.28752e-05 
0.000725551 0.000255197 7.60628e-05 
8.36932e-05 0.000212456 2.46818e-05 
0.000679765 0.000191779 8.0894e-05 
0.000611787 0.00017501 3.10412e-05 
0.000398264 0.000276801 2.69569e-05 
0.00097175 0.000250575 7.57136e-05 
0.000639135 0.000275411 9.85337e-05 
0.000934921 0.000248989 3.02676e-05 
0.000608659 0.000129026 2.07348e-05 
8.78605e-05 0.000417198 3.0396e-05 
0.000142566 0.000429319 7.20351e-05 
0.000489699 0.000292188 8.34302e-05 
7.25151e-05 0.000157621 8.90262e-05 
0.000676069 0.00047393 4.27679e-05 
0.000643514 0.000379021 9.01082e-05 
0.00013058 0.000194416 4.32754e-05 
0.000304674 0.000275 2.45243e-05 
0.000526364 0.000278629 4.67622e-05 
0.000755389 0.000183275 8.9968e-05 
0.00024773 0.000466168 0.000101466 
0.000973306 4.18227e-05 9.45353e-05 
0.000681882 0.000361527 2.10529e-05 
0.000234197 0.00023701 4.5955e-05 
0.000902307 0.000403515 3.66753e-05 
0.000413027 3.71783e-05 9.67657e-05 
0.000703711 5.12115e-05 6.74068e-05 
0.000760522 0.000473492 0.000100611 
0.000514033 0.000389242 8.29417e-05 
0.000459809 0.00016476 7.83646e-05 
0.00065817 0.000212131 3.29648e-05 
0.00043082 0.000109223 0.00010373 
0.000268587 0.000468752 5.13288e-05 
0.000978078 0.000381717 9.00806e-05 
0.000157645 0.000156537 7.40747e-05 
0.000901565 9.77173e-05 7.56688e-05 
0.000652009 0.000314585 2.30552e-05 
0.000353523 0.00041075 0.00011385 
0.000319488 0.000395407 7.84525e-05 
0.000869105 0.000125264 0.000135436 
0.000196498 0.000234286 1.80797e-05 
0.00070185 0.000435347 3.072e-05 
6.46757e-05 2.89901e-05 2.95017e-05 
0.000542746 3.21305e-05 2.52995e-05 
0.000724793 0.000295296 2.24179e-05 
0.000891858 4.31324e-05 3.64706e-05 
0.000218756 0.00027045 1.83527e-05 
0.000914817 0.000144488 0.000101177 
0.000306248 0.000161596 5.13669e-05 
0.000788247 0.000345707 0.000105752 
0.000517001 0.000266485 0.000106446 
0.000724438 0.00029634 6.72102e-05 
0.000200789 0.000319354 7.33881e-05 
0.000788816 0.000443794 7.67334e-05 
0.000827501 0.000219939 2.07694e-05 
0.000601036 0.000410274 2.86672e-05 
2.6182e-05 0.000114124 2.61557e-05 
0.000461081 0.000329604 0.000116592 
0.000466956 0.000470862 7.83804e-05 
3.01848e-05 0.000393306 9.82454e-05 
0.000376316 0.000327211 2.80244e-05 
0.000554345 0.000416564 1.91676e-05 
0.000283285 0.000114098 6.37372e-05 
0.000907186 6.29484e-05 0.000122944 
0.000597319 0.000239959 0.000124085 
0.000801104 0.000211426 5.99995e-05 
0.00042419 0.000389434 4.81932e-05 
0.000252671 0.000126185 3.92324e-05 
0.00074677 3.0813e-05 2.03322e-05 
0.000399119 0.000136982 2.25311e-05 
0.000343128 0.000256781 4.05886e-05 
0.00024513 0.000342352 6.6025e-05 
0.000728657 8.17479e-05 0.000101037 
0.000759747 0.000313405 1.85829e-05 
0.000881987 0.000413055 9.36282e-05 
0.00063926 0.000134252 4.77785e-05 
0.000608413 2.63112e-05 4.90054e-05 
0.000350401 0.000471311 6.12881e-05 
0.000579501 0.000123709 7.54272e-05 
0.000128201 0.000115692 5.63309e-05 
0.000208621 0.000471902 6.43794e-05 
0.000198028 5.09648e-05 6.55712e-05 
4.82468e-05 5.95346e-05 0.000119097 
7.59007e-05 0.000326751 2.2512e-05 
0.000665759 0.000244667 8.58797e-05 
2.99622e-05 0.000477337 5.98281e-05 
0.00075038 0.000423651 9.3148e-05 
0.000443571 0.000267099 6.13629e-05 
0.000618907 0.000460233 2.08372e-05 
0.000825905 7.75588e-05 7.24576e-05 
0.000303418 0.000121831 2.42602e-05 
0.000916296 0.000462045 2.4653e-05 
0.000643485 0.000470148 0.000104485 
0.00019269 0.000409941 9.56185e-05 
0.00095278 0.00048111 1.71404e-05 
0.000828754 0.000334998 3.3e-05 
6.22353e-05 0.000434887 9.03012e-05 
0.00046667 0.000439584 2.56005e-05 
0.000774314 0.000114906 7.56703e-05 
0.000743972 0.000327118 5.14469e-05 
0.000592615 0.00030474 0.0001126 
0.000111436 0.000463272 2.1654e-05 
0.000761054 0.000230214 9.62784e-05 
0.000809813 8.10558e-05 2.30142e-05 
0.00073313 0.000400554 5.0963e-05 
0.000477658 0.000406978 8.48208e-05 
0.000561461 0.00015002 0.000127098 
0.000337616 0.000149848 1.79661e-05 
0.000604227 0.000284968 3.39279e-05 
0.000195243 0.000266704 9.49241e-05 
0.000509575 0.000106321 0.000117492 
0.000565748 0.000189101 2.24171e-05 
0.000428752 0.000477329 1.77283e-05 
0.000497951 0.000179717 0.000116705 
0.000748847 0.000134482 2.04239e-05 
0.000213189 0.000178433 1.94796e-05 
0.000109578 0.000434269 0.000131318 
0.00048914 0.000329033 7.8816e-05 
4.49039e-05 0.000192291 6.69799e-05 
0.000674593 0.000271828 4.53256e-05 
0.000588426 3.5022e-05 8.49421e-05 
0.000130792 0.000374326 3.02601e-05 
3.18704e-05 0.000291913 7.29329e-05 
0.000367639 0.000428703 7.9872e-05 
0.00053464 0.000301721 1.7298e-05 
0.000847861 8.0915e-05 0.000130275 
0.000730696 9.60023e-05 1.97362e-05 
6.88719e-05 0.000166662 1.90539e-05 
6.88976e-05 0.000371605 1.99493e-05 
0.000267941 0.000210914 0.000119685 
0.000965464 0.000207515 2.00959e-05 
0.00027671 0.000232917 2.15247e-05 
0.000835658 0.000176505 0.000118781 
0.000885993 0.000345021 2.5177e-05 
0.000673688 0.000128917 3.25848e-05 
2.25671e-05 0.000250097 2.25666e-05 
0.000721879 0.000246633 2.65844e-05 
0.000117106 0.000244343 1.92054e-05 
0.000947709 0.000145528 1.7136e-05 
0.000887019 0.000448337 6.40084e-05 
0.000424038 0.000418791 2.19551e-05 
0.000116678 6.40568e-05 3.13143e-05 
0.000568726 0.000316894 6.73677e-05 
0.000864576 0.000213058 3.16512e-05 
0.000261984 0.000193248 7.88926e-05 
2.91507e-05 0.000349149 6.52814e-05 
0.0007808 0.000271973 8.26838e-05 
0.000244784 2.51477e-05 3.12702e-05 
0.000792926 6.65863e-05 5.70261e-05 
0.000271576 0.000273738 0.00013095 
0.000296766 0.000435629 0.000100974 
0.000700342 0.000172069 2.56827e-05 
0.000346518 0.000112041 1.80317e-05 
0.00097191 0.000420988 0.000120028 
0.000171317 0.000173273 2.17748e-05 
0.000149188 0.000324836 2.10004e-05 
0.000970408 0.000102559 7.78198e-05 
0.000214291 5.59451e-05 1.9778e-05 
0.000964953 0.000134875 5.01075e-05 
0.000808887 0.000270753 2.43335e-05 
0.000396503 0.000475149 0.000129101 
7.63641e-05 0.0001261 4.03326e-05 
0.000442271 0.000384049 0.000105162 
0.000134505 0.000312169 0.000120534 
0.00046366 2.26027e-05 2.7256e-05 
0.000941849 0.000381186 0.000139641 
0.000934647 0.000356357 2.2312e-05 
0.000225087 0.000313884 2.62462e-05 
0.000361791 0.000220505 0.000118447 
0.000826651 0.000405952 0.00011117 
0.00096638 0.000471706 5.7784e-05 
0.000224613 0.000152437 5.13837e-05 
0.000412609 0.00019549 0.000123977 
0.000111696 0.00015427 2.08379e-05 
0.000274263 0.000325424 2.0112e-05 
0.000349165 2.57386e-05 0.000100714 
0.000655642 0.000447413 6.65902e-05 
2.51386e-05 0.000383991 2.73069e-05 
0.00050531 0.000481075 0.000106615 
0.000972954 0.000322293 5.77414e-05 
0.000618363 0.000425675 7.09625e-05 
0.000937373 0.000307957 2.40386e-05 
0.000371892 0.000172389 2.96891e-05 
0.000581743 6.94563e-05 0.000110343 
0.000880109 8.25358e-05 0.000106348 
0.000947601 2.23045e-05 2.1149e-05 
0.000445737 5.66499e-05 1.71715e-05 
0.000699497 0.000458476 9.14612e-05 
0.000690344 5.86213e-05 0.000111584 
0.000762823 0.000433378 4.69896e-05 
0.000336933 3.53046e-05 3.53014e-05 
0.000343098 0.000457748 9.56303e-05 
0.000666666 5.38974e-05 2.06403e-05 
0.000321085 0.000324071 2.72725e-05 
0.00049626 8.3685e-05 7.8511e-05 
0.000109976 0.000376611 9.57152e-05 
0.00023131 0.000397384 7.32324e-05 
0.00051122 0.000114252 2.66774e-05 
1.9274e-05 7.88521e-05 9.70392e-05 
0.000502163 2.25328e-05 1.71845e-05 
0.000858306 0.000378595 0.000114074 
0.000312456 8.03217e-05 1.85941e-05 
4.28287e-05 0.000203949 1.70904e-05 
0.000154852 0.00024152 9.02064e-05 
0.00056544 0.000321066 1.9056e-05 
0.000420145 0.000316359 0.000100381 
0.000469934 0.00021097 2.06973e-05 
0.000830763 0.000112028 0.000106465 
0.000845603 0.000257219 0.000111095 
0.000180154 0.000296196 3.05356e-05 
0.000623642 0.000330686 4.71249e-05 
0.000540522 2.95212e-05 7.86589e-05 
0.000644015 0.000430583 2.91573e-05 
0.000852954 2.38479e-05 0.000122022 
0.000310566 0.000440509 2.55341e-05 
0.000430669 0.000308132 1.87687e-05 
0.000972633 6.49694e-05 0.000138289 
0.000315811 0.00038011 2.90464e-05 
2.95553e-05 0.00020815 0.000111916 
0.000123205 0.000128434 0.000104842 
0.000167015 0.000345931 5.2337e-05 
0.000936235 0.000107422 0.000113802 
0.000414491 0.000454281 4.90942e-05 
0.000486871 0.0002102 7.90616e-05 
8.77936e-05 0.000476373 9.34269e-05 
0.000473353 0.0004551 0.000119595 
0.000869621 0.000363974 6.48032e-05 
0.000127131 0.000479178 6.47638e-05 
0.000159735 0.000225451 1.97605e-05 
0.000497313 0.000453866 5.63491e-05 
0.000766362 3.7776e-05 0.000123781 
0.00075761 0.000147528 6.26254e-05 
0.000258239 0.000161082 2.21572e-05 
0.000494459 0.000259413 2.85421e-05 
0.000587952 9.81884e-05 3.14438e-05 
0.000814169 2.16793e-05 0.000102459 
0.000599981 0.000224072 2.27451e-05 
0.000716618 0.00033594 2.08482e-05 
0.000872733 0.000100454 3.14426e-05 
0.000172072 3.06218e-05 3.06274e-05 
0.000597571 3.25264e-05 0.000129448 
0.000594791 0.000348222 8.70138e-05 
0.000711515 5.63501e-05 2.327e-05 
0.000216796 0.000163976 9.66134e-05 
0.000551746 0.000451972 4.47649e-05 
0.000762417 0.000275093 3.71337e-05 
0.000737489 0.000473244 5.51364e-05 
0.000550772 0.000374402 2.32123e-05 
0.000621304 9.64699e-05 5.28508e-05 
0.00078201 0.000426169 0.00013424 
0.00053989 0.000303518 9.53736e-05 
0.000769109 0.000390074 0.000144925 
2.35482e-05 0.000341013 2.26359e-05 
0.000666864 0.000403597 1.81407e-05 
0.000550452 0.000470621 0.000115412 
0.000158187 0.000299843 8.94697e-05 
0.000386167 0.000138664 9.45901e-05 
0.000918636 0.000474232 7.98041e-05 
0.000727257 0.000380237 1.84427e-05 
6.27835e-05 8.07142e-05 2.30417e-05 
0.000669368 2.07394e-05 0.000103078 
0.00058079 0.000472197 1.91292e-05 
0.000574001 0.000205692 9.89939e-05 
0.00040095 0.000418481 7.88526e-05 
0.000172169 1.86148e-05 9.70984e-05 
0.000185443 0.000185356 5.59294e-05 
0.000413284 0.000356193 3.60205e-05 
0.000387438 9.87045e-05 7.55915e-05 
0.000494986 0.00035334 0.00014748 
0.000790727 6.61647e-05 9.60622e-05 
0.000818124 0.000254994 6.44301e-05 
0.000696095 0.000294801 0.000124104 
0.000828315 0.000143546 2.25257e-05 
0.000570781 0.000358861 5.69629e-05 
0.000974965 0.000167794 1.78722e-05 
0.000152037 0.000136044 2.01465e-05 
0.000479306 3.4927e-05 0.000144671 
0.000272949 4.50758e-05 6.6251e-05 
2.04156e-05 0.000212996 4.57605e-05 
0.000629635 0.000325146 8.28432e-05 
0.000278486 0.000195244 4.09645e-05 
0.000688835 0.000242881 0.000127866 
0.000553546 3.16395e-05 0.000117516 
0.000536997 0.00013034 0.000143671 
0.000265475 0.000239341 8.38363e-05 
0.000918813 0.000173144 6.26447e-05 
0.00089865 0.000267867 0.000115664 
0.000585202 5.70802e-05 2.39543e-05 
3.47325e-05 0.000231354 8.28339e-05 
0.000199167 0.000356539 0.000134202 
0.000831627 0.000181594 7.55989e-05 
6.57597e-05 7.59666e-05 6.79291e-05 
0.000241598 0.000418684 2.96341e-05 
0.000697454 0.000106566 9.32648e-05 
3.32799e-05 0.000359632 0.00012161 
0.000550305 0.000147448 2.19843e-05 
0.000744495 7.02624e-05 4.93784e-05 
0.000952881 0.000375467 5.70322e-05 
0.000488372 0.000479687 2.02969e-05 
0.0003754 3.60679e-05 7.42246e-05 
0.000977166 2.2779e-05 5.35517e-05 
0.000305022 3.54215e-05 0.000101199 
0.000444464 0.000344003 1.82661e-05 
0.000978434 0.000354224 2.15476e-05 
0.000347577 0.000125682 0.000108945 
0.000810259 0.00047177 0.000119231 
0.000466952 8.38211e-05 0.000128994 
0.000150053 0.000216285 0.00011955 
0.000918144 0.000260183 7.62539e-05 
0.000531152 0.000335245 4.18281e-05 
3.53833e-05 0.000108324 0.000121383 
0.000110399 0.000109801 1.70141e-05 
0.000153214 0.000477035 2.23292e-05 
0.000908337 0.000381338 0.000150811 
0.000521102 7.26162e-05 0.00010776 
0.000743035 0.000279299 0.000114111 
0.000952974 0.00034156 0.00012609 
0.000312397 0.000468835 0.000125393 
8.60523e-05 9.99131e-05 0.000101769 
0.00073939 0.000132065 0.000111508 
0.000355396 0.000213409 2.63258e-05 
0.000525885 0.000452139 7.89686e-05 
0.000228311 0.000479369 2.0549e-05 
8.7813e-05 0.000355967 5.43524e-05 
9.76748e-05 0.000287483 0.000116792 
0.000304635 0.000238697 5.85581e-05 
0.000227807 0.000218403 0.000128968 
0.000859703 0.00020286 8.79499e-05 
0.000117964 2.22837e-05 7.27688e-05 
0.000938041 0.000287053 6.0992e-05 
1.80876e-05 0.000102299 6.7997e-05 
0.000927354 0.000192081 2.77305e-05 
0.000890492 0.000235539 7.0297e-05 
0.000496545 0.000141999 0.000143817 
0.000863108 0.000470554 2.94174e-05 
0.000505282 0.000317239 0.000115593 
9.89187e-05 0.000454521 6.14222e-05 
0.000756523 0.000408657 1.96564e-05 
0.000287911 0.000481075 9.45623e-05 
0.000755345 0.000352664 2.09856e-05 
0.000691325 2.66702e-05 4.1909e-05 
0.000627206 4.79649e-05 1.92803e-05 
0.000196523 0.000369285 4.65395e-05 
0.000252512 0.000140013 0.000142357 
0.00034759 0.00017438 5.86998e-05 
0.00046338 0.00029591 0.00014865 
0.000564326 0.000257593 5.2321e-05 
0.000284918 2.10679e-05 1.75523e-05 
0.000458625 0.000248367 1.84381e-05 
0.000168853 0.000375595 0.000113624 
0.00085458 0.000239328 5.87717e-05 
0.000662353 1.79811e-05 5.99695e-05 
0.000260794 0.000312322 0.000147827 
0.000397947 0.000458267 9.59114e-05 
0.000717557 2.23821e-05 9.53158e-05 
0.000955525 0.000439146 2.31851e-05 
0.000850923 0.000254407 2.09119e-05 
0.000443431 6.53638e-05 7.65647e-05 
0.000194714 0.000136524 2.17725e-05 
0.000936837 8.5496e-05 0.000151025 
0.000361421 0.000289452 4.80835e-05 
0.000134377 0.000427038 1.75956e-05 
9.41212e-05 0.000282315 2.56088e-05 
0.000376447 0.000186563 8.23738e-05 
0.000777275 0.000237608 1.98204e-05 
0.000495224 7.62326e-05 4.2481e-05 
0.000767731 8.33474e-05 1.9339e-05 
0.000320036 0.000438957 6.92152e-05 
0.000907705 2.45281e-05 8.64173e-05 
0.000923009 0.000129458 3.83143e-05 
0.000473978 0.00035819 9.09063e-05 
0.000965413 0.000131278 0.000138659 
0.000713764 0.000403125 0.000107336 
2.30683e-05 0.000160274 2.00992e-05 
0.000500958 2.3732e-05 6.41092e-05 
0.000283142 0.000373287 6.42209e-05 
0.000120534 6.71641e-05 8.4365e-05 
0.000189484 0.000339813 1.7379e-05 
0.000789765 0.000432685 1.79403e-05 
0.000840213 0.000111939 5.43471e-05 
0.000311602 0.000347048 0.000121211 
0.00054574 0.00025883 8.33087e-05 
0.000783749 3.4881e-05 1.70241e-05 
0.000667136 0.000108362 6.78217e-05 
0.0006551 0.000160267 2.04642e-05 
7.03567e-05 0.000393186 0.000123739 
0.000196289 0.000477361 0.000113168 
0.00065674 0.000461977 1.7079e-05 
6.88992e-05 0.000468641 2.97935e-05 
0.000118702 0.000320477 7.0278e-05 
0.000871017 0.000164307 0.000140554 
0.000565169 0.000273032 0.000109739 
0.000604649 9.78829e-05 0.000133696 
3.18264e-05 0.000481271 1.87368e-05 
0.000763175 0.00030992 9.42813e-05 
6.81968e-05 4.19736e-05 8.98094e-05 
0.000468925 0.000219022 0.000133399 
0.00038167 0.000476537 2.34687e-05 
1.8102e-05 0.000419585 7.41986e-05 
0.000354455 0.000383406 5.72266e-05 
2.18946e-05 0.000296504 2.18955e-05 
0.000816441 2.08583e-05 0.000145105 
0.000242977 0.000275488 7.66251e-05 
0.00036608 0.000374212 2.06352e-05 
0.000912759 0.000100341 1.79324e-05 
0.000266903 0.000101878 1.78373e-05 
