0.00084407 0.000421861 3.10543e-05 
8.05503e-05 0.000292018 6.14138e-05 
0.000531061 0.000220764 9.07298e-05 
0.00032219 0.000246491 5.8946e-05 
0.000690291 0.000329736 6.67987e-05 
0.000368157 6.17116e-05 7.39014e-05 
0.000754462 0.000194307 3.09911e-05 
0.000886885 0.000288893 3.57918e-05 
0.000514651 3.97085e-05 9.45256e-05 
0.000774569 0.000234648 8.64274e-05 
0.00063329 0.000365836 2.42408e-05 
0.000189501 0.000382983 1.97441e-05 
0.000828526 0.000286299 7.74295e-05 
0.000206026 0.000214844 7.4107e-05 
0.000489249 0.000389413 3.62702e-05 
0.000804954 0.000158113 6.41702e-05 
0.000439043 0.000340776 5.24863e-05 
0.000232009 0.000363153 2.52284e-05 
0.000525027 0.000162939 2.40418e-05 
0.000895522 0.000225633 1.89333e-05 
0.000918943 0.000333677 6.19034e-05 
0.00042159 0.000296351 4.94044e-05 
0.000942518 5.2692e-05 5.40635e-05 
0.00084025 5.5206e-05 6.42417e-05 
0.00068845 9.21479e-05 2.14024e-05 
0.000276388 0.000304603 2.06131e-05 
8.43887e-05 0.00022984 8.67776e-05 
0.000563129 0.000235164 1.97564e-05 
0.000159042 9.07386e-05 2.98302e-05 
0.000949649 0.000441979 8.86905e-05 
0.000514797 0.000218426 3.31028e-05 
0.000973728 0.00022475 5.66085e-05 
0.000896365 0.000134904 2.57046e-05 
0.000774594 2.10032e-05 4.99784e-05 
6.6952e-05 0.000260121 2.191e-05 
0.000741034 0.000352958 9.65246e-05 
0.000616918 0.000433563 9.14904e-05 
0.000304118 0.000143936 9.02757e-05 
0.00032896 0.000200283 6.86166e-05 
0.000333027 0.000175616 1.87161e-05 
0.000295046 0.000299178 7.72141e-05 
0.000474953 0.000303199 3.2858e-05 
0.000462093 2.31831e-05 6.83827e-05 
0.000337036 0.000101883 5.74069e-05 
0.000978181 0.000403782 2.1802e-05 
0.000598652 0.000481876 5.60261e-05 
0.000539104 0.000352098 7.17115e-05 
0.000723302 0.000173613 6.58244e-05 
0.000394601 0.000226454 6.60242e-05 
0.000384512 0.000281615 8.52679e-05 
0.000263787 0.000384806 7.88537e-05 
0.000573182 0.000156712 4.88611e-05 
0.000791386 5.18758e-05 8.01305e-05 
0.000846309 0.000463561 7.31432e-05 
9.15086e-05 5.67606e-05 8.04931e-05 
0.000192637 0.000109291 8.17639e-05 
0.000972458 8.97342e-05 2.75355e-05 
0.000511625 0.000428139 7.5625e-05 
0.000212142 0.000100979 2.45084e-05 
0.00036681 0.000414009 3.12563e-05 
0.000475296 0.00016868 2.6059e-05 
0.000283604 0.000413736 4.04424e-05 
0.000586362 0.000355995 2.37094e-05 
0.00080047 0.000190778 1.71768e-05 
0.000541498 7.49534e-05 5.98986e-05 
0.000240585 6.89866e-05 6.04826e-05 
0.000513311 0.000479196 1.7398e-05 
0.000396996 6.69056e-05 3.08113e-05 
0.000971767 0.000173759 6.26674e-05 
0.000894101 0.000179502 1.93954e-05 
0.000594552 0.000405908 7.59075e-05 
0.000619179 0.000132427 7.15197e-05 
0.000397435 0.000363692 6.65236e-05 
0.000693397 0.000383268 4.60785e-05 
0.000652642 6.63042e-05 6.33597e-05 
0.000161609 6.17449e-05 6.76154e-05 
0.000864988 0.000167206 5.40325e-05 
0.000444176 0.000115283 3.66387e-05 
0.000615815 0.000198582 8.14997e-05 
0.000707172 0.000127964 4.85514e-05 
0.000784586 0.000150213 2.30043e-05 
5.94603e-05 0.000340457 5.33976e-05 
0.000179952 0.000388201 5.50515e-05 
0.000423598 0.000445063 6.94736e-05 
0.000579165 0.000235462 5.93196e-05 
0.000793063 0.000383965 4.61862e-05 
2.99255e-05 0.000435213 2.99129e-05 
0.00034557 0.000277834 5.11254e-05 
0.000176368 0.00042885 2.88143e-05 
0.000153734 0.000270693 2.0355e-05 
0.000278745 5.67107e-05 2.3278e-05 
0.000822239 0.000474151 2.58496e-05 
0.000666722 0.000148518 5.59766e-05 
0.000980947 0.00029515 1.74972e-05 
0.000132776 0.00025033 5.5948e-05 
0.000868287 0.000332808 8.65312e-05 
0.000209641 2.35549e-05 6.1057e-05 
0.000931283 0.00021381 8.39149e-05 
0.000351514 0.00033163 7.5346e-05 
0.000418298 0.000182262 3.29359e-05 
0.000563975 0.000422908 5.78319e-05 
0.000777069 0.000479941 2.00575e-05 
0.000728586 0.000364037 4.93243e-05 
0.000798297 0.000116333 7.96906e-05 
0.000419755 2.36674e-05 1.9365e-05 
0.000819633 2.92595e-05 2.92555e-05 
0.000294395 6.84154e-05 6.47538e-05 
0.000731282 0.000248885 7.02054e-05 
7.53436e-05 0.000214373 2.46842e-05 
0.00068058 0.000180855 6.27476e-05 
0.000612872 0.00017575 2.64947e-05 
0.000393534 0.000263864 2.69506e-05 
0.000971748 0.000267729 7.3463e-05 
0.000651036 0.000275505 7.83949e-05 
0.00093909 0.00024555 3.02678e-05 
0.000595837 0.000132078 2.07352e-05 
8.75014e-05 0.000412957 3.03965e-05 
0.000131024 0.000436049 6.88484e-05 
0.000494235 0.000260709 5.12196e-05 
7.34907e-05 0.0001665 6.82337e-05 
0.000689391 0.000482788 1.72096e-05 
0.000647356 0.000383211 8.09873e-05 
0.000122689 0.000198839 4.43448e-05 
0.000308735 0.000273366 2.4524e-05 
0.000516683 0.000271203 2.10382e-05 
0.00076587 0.000179761 8.42083e-05 
0.000237088 0.000449034 7.08975e-05 
0.00097736 2.26404e-05 6.4529e-05 
0.000676828 0.000353778 2.10524e-05 
0.000229498 0.000223238 2.76747e-05 
0.00090956 0.000405592 3.66551e-05 
0.000414224 2.49834e-05 6.33492e-05 
0.000686123 2.74058e-05 5.01111e-05 
0.000766994 0.000475772 6.29792e-05 
0.000537091 0.000396371 5.95734e-05 
0.00045268 0.000164907 8.96416e-05 
0.000657863 0.000214063 3.29423e-05 
0.000412329 8.6129e-05 9.09317e-05 
0.000267046 0.000468754 3.12441e-05 
0.000979271 0.000402443 7.67891e-05 
0.000164913 0.0001603 6.12107e-05 
0.000914994 9.74881e-05 3.58946e-05 
0.000647628 0.000320784 2.30543e-05 
0.000361373 0.00041119 8.5544e-05 
0.000317314 0.000407197 7.22312e-05 
0.000871023 0.00012315 5.82284e-05 
0.00018714 0.000237639 1.80798e-05 
0.000690791 0.00043261 3.07159e-05 
5.49355e-05 2.89695e-05 2.89693e-05 
0.000541533 2.53031e-05 2.52995e-05 
0.000718838 0.000296841 2.06404e-05 
0.000884522 3.68125e-05 3.64749e-05 
0.0002121 0.000270595 1.83522e-05 
0.000909294 0.000132678 7.56148e-05 
0.000299074 0.000172984 4.44084e-05 
0.000789008 0.000328856 7.39397e-05 
0.000524364 0.000264257 7.35754e-05 
0.000733602 0.000288671 5.68486e-05 
0.000197502 0.000318985 6.75525e-05 
0.000799992 0.000442615 5.59276e-05 
0.00082531 0.000226793 2.07608e-05 
0.000599826 0.000406533 2.86319e-05 
2.6156e-05 0.000120039 2.61552e-05 
0.000462371 0.000322076 7.89092e-05 
0.00044282 0.000481273 5.29239e-05 
4.64872e-05 0.00039391 4.862e-05 
0.000382979 0.000318797 2.8022e-05 
0.000555696 0.000422207 1.91484e-05 
0.00026672 0.000116232 4.96915e-05 
0.000914043 8.22233e-05 6.89355e-05 
0.000612595 0.000253114 8.27164e-05 
0.000803238 0.000208712 5.93743e-05 
0.000437734 0.000374576 3.33912e-05 
0.000248057 0.000120555 1.70667e-05 
0.000745808 2.0329e-05 2.0329e-05 
0.000394688 0.000136851 1.98848e-05 
0.000347915 0.000250568 2.09447e-05 
0.000259559 0.000338059 5.44058e-05 
0.000717236 8.21705e-05 5.56045e-05 
0.000756004 0.000309208 1.85835e-05 
0.000865592 0.000410553 8.10728e-05 
0.000636681 0.000126883 2.04336e-05 
0.000617551 2.08742e-05 2.20128e-05 
0.000327242 0.000482966 1.70363e-05 
0.000578914 0.000110487 4.77795e-05 
0.000124333 0.000125869 5.70135e-05 
0.000193183 0.000471918 6.19733e-05 
0.000192545 6.49589e-05 5.09436e-05 
2.19496e-05 4.60169e-05 6.38119e-05 
6.59403e-05 0.000304527 2.25124e-05 
0.000689213 0.000240905 6.51312e-05 
2.25203e-05 0.00047748 6.00454e-05 
0.000758579 0.000430616 5.17726e-05 
0.000446292 0.000252356 6.29704e-05 
0.000623556 0.000454488 2.08295e-05 
0.000837034 7.19471e-05 1.7535e-05 
0.000300518 0.000129215 2.42607e-05 
0.000935987 0.000459605 2.4653e-05 
0.000631915 0.000477949 7.82094e-05 
0.00019415 0.000420678 8.0438e-05 
0.000969893 0.00048286 1.71391e-05 
0.000833098 0.000331612 3.29534e-05 
6.01484e-05 0.0004393 8.29236e-05 
0.000454404 0.000439412 2.56006e-05 
0.000771931 0.000117315 4.77148e-05 
0.000742136 0.000326884 5.03965e-05 
0.00061147 0.00029847 8.80908e-05 
0.000120401 0.000465222 2.16539e-05 
0.000764458 0.000237548 5.051e-05 
0.000806154 0.000109551 2.29187e-05 
0.000728467 0.000404671 5.06524e-05 
0.000467868 0.000430935 6.93704e-05 
0.000536916 0.00016527 6.33623e-05 
0.000341247 0.00013844 1.79663e-05 
0.000610072 0.000279269 3.39185e-05 
0.000185949 0.000263738 5.85404e-05 
0.000495488 0.000102311 6.95384e-05 
0.000564356 0.000192421 2.24172e-05 
0.000433383 0.000482273 1.77268e-05 
0.000501125 0.000176773 6.39378e-05 
0.000745551 0.000131353 2.0424e-05 
0.000225764 0.000176952 1.94787e-05 
9.90627e-05 0.000411328 0.000102648 
0.000497226 0.000340822 5.77477e-05 
4.33524e-05 0.000199628 4.88354e-05 
0.000673926 0.00027505 3.01818e-05 
0.000576887 2.0019e-05 5.31557e-05 
0.000139899 0.000382395 3.0261e-05 
3.22946e-05 0.000276926 6.94387e-05 
0.000380108 0.000454364 5.52626e-05 
0.000539418 0.000302637 1.72969e-05 
0.000848931 9.35323e-05 6.48839e-05 
0.000729487 9.45469e-05 1.97365e-05 
8.00153e-05 0.000171252 1.90546e-05 
5.71649e-05 0.000370857 1.99494e-05 
0.000278499 0.00020233 7.68795e-05 
0.000977668 0.000214806 2.00958e-05 
0.000274938 0.000241156 2.15249e-05 
0.000833967 0.000183658 9.07338e-05 
0.000887988 0.000348832 2.51027e-05 
0.000674767 0.000128427 1.75611e-05 
2.25667e-05 0.000254465 2.25674e-05 
0.000713432 0.00023445 2.65798e-05 
0.000111702 0.000238337 1.92055e-05 
0.000944274 0.000155697 1.71468e-05 
0.000888221 0.000444418 6.86865e-05 
0.000419237 0.000407397 2.19545e-05 
0.00010883 5.58798e-05 3.13137e-05 
0.000575584 0.000316949 6.23372e-05 
0.00086506 0.000203765 1.84593e-05 
0.000248156 0.000183872 5.08043e-05 
2.11341e-05 0.000365913 6.01533e-05 
0.000774735 0.000275405 6.7184e-05 
0.000242266 2.50546e-05 2.50545e-05 
0.000799097 6.98787e-05 1.76988e-05 
0.000251936 0.000268994 7.80242e-05 
0.000296364 0.000444372 6.59703e-05 
0.000701308 0.000175375 2.56837e-05 
0.000366605 0.000111437 1.80345e-05 
0.000959839 0.000427281 5.10633e-05 
0.000166884 0.000188661 2.17745e-05 
0.000127639 0.000324901 2.09964e-05 
0.000978653 0.00012466 6.22965e-05 
0.00021121 5.69552e-05 1.9778e-05 
0.000978449 0.000138086 2.15524e-05 
0.000794757 0.000289893 2.43343e-05 
0.000379356 0.000481842 7.80462e-05 
7.93527e-05 0.000125603 2.73439e-05 
0.000442287 0.000392488 7.67317e-05 
0.000128102 0.000330176 6.4418e-05 
0.000461585 2.26177e-05 2.26027e-05 
0.000942246 0.000394143 7.79474e-05 
0.000934991 0.000354355 2.23055e-05 
0.000230417 0.000311716 2.62431e-05 
0.000351757 0.000233455 8.45537e-05 
0.000823601 0.000414991 7.51061e-05 
0.000973258 0.000472808 5.97197e-05 
0.000229745 0.000138513 4.8153e-05 
0.000391134 0.000190002 0.000118504 
0.0001166 0.000155459 2.08335e-05 
0.000283226 0.000344745 2.01104e-05 
0.000370638 1.97721e-05 7.20833e-05 
0.00064371 0.000438851 5.74256e-05 
2.0278e-05 0.000386903 2.02777e-05 
0.000524558 0.000482671 5.00701e-05 
0.000972974 0.00032259 6.22626e-05 
0.000597816 0.000444251 5.86258e-05 
0.000942151 0.000308582 2.40379e-05 
0.000367599 0.00016327 1.80002e-05 
0.000599917 7.63138e-05 6.16744e-05 
0.000883943 9.21647e-05 5.15944e-05 
0.000937804 2.11457e-05 2.11455e-05 
0.00044487 5.83012e-05 1.71714e-05 
0.000681158 0.000472173 7.27763e-05 
0.000700778 5.19293e-05 8.58732e-05 
0.000764024 0.000444569 1.7705e-05 
0.00033405 3.8254e-05 3.53008e-05 
0.000334807 0.000479402 5.37254e-05 
0.000673926 5.27006e-05 2.06403e-05 
0.000324517 0.00032263 2.72741e-05 
0.000480738 7.66177e-05 1.93221e-05 
9.91913e-05 0.00037235 7.20793e-05 
0.000216291 0.000384415 6.18832e-05 
0.000506688 0.000113882 2.66775e-05 
1.92751e-05 5.99769e-05 1.92707e-05 
0.000500627 1.71882e-05 1.71843e-05 
0.000832124 0.000371663 8.46561e-05 
0.000308812 8.54707e-05 1.85937e-05 
4.66428e-05 0.000184989 1.70879e-05 
0.000174206 0.000219109 4.58699e-05 
0.000573373 0.000315498 1.90547e-05 
0.000420886 0.000323907 9.04058e-05 
0.000460676 0.00021277 2.06966e-05 
0.000828022 0.000124438 5.45665e-05 
0.000838381 0.000238777 6.51908e-05 
0.000183242 0.000301338 2.22253e-05 
0.000612806 0.000330006 4.16329e-05 
0.000540784 1.98716e-05 7.01368e-05 
0.000644151 0.000420591 1.88801e-05 
0.000844113 1.83619e-05 6.86173e-05 
0.000317908 0.000442311 2.55337e-05 
0.000428767 0.000321464 1.87678e-05 
0.000982654 6.21595e-05 6.14471e-05 
0.000318092 0.000378548 2.90379e-05 
2.00789e-05 0.000222827 6.81244e-05 
0.000122687 0.000165917 8.00615e-05 
0.000164388 0.000337978 3.59257e-05 
0.00094212 0.000109238 5.65113e-05 
0.000406555 0.000451247 2.37262e-05 
0.000472746 0.000201066 5.47394e-05 
6.26437e-05 0.000482604 6.09125e-05 
0.000485045 0.000474204 6.50852e-05 
0.000859847 0.000375687 5.11785e-05 
0.000137111 0.000482501 5.25592e-05 
0.000149941 0.000230762 1.976e-05 
0.000496782 0.000447557 1.81854e-05 
0.000757017 4.21588e-05 7.73112e-05 
0.00075226 0.000150247 5.42075e-05 
0.000262097 0.000156815 2.21467e-05 
0.000474639 0.00025142 2.03992e-05 
0.000572532 9.19753e-05 1.792e-05 
0.000806105 1.87207e-05 7.40653e-05 
0.000604039 0.000224045 2.27443e-05 
0.000715729 0.000338214 2.08481e-05 
0.000887199 8.73056e-05 1.75249e-05 
0.000165379 3.06232e-05 3.06232e-05 
0.000614112 3.43694e-05 6.29258e-05 
0.000598755 0.000355605 6.66212e-05 
0.00071768 5.34179e-05 2.31928e-05 
0.000211231 0.00016657 8.14371e-05 
0.000553032 0.000465507 2.45706e-05 
0.000752059 0.000267101 2.40619e-05 
0.000731228 0.00047325 2.67495e-05 
0.000546671 0.000381016 2.32142e-05 
0.000611941 9.28313e-05 2.16733e-05 
0.000778238 0.000419274 8.09513e-05 
0.000538638 0.000291634 5.0793e-05 
0.000753388 0.000395272 7.71235e-05 
2.28063e-05 0.000343429 2.26355e-05 
0.000667259 0.000391675 1.81428e-05 
0.000558932 0.000468097 7.81307e-05 
0.000148958 0.000301047 4.36662e-05 
0.000378817 0.000152898 5.30273e-05 
0.000920192 0.000474255 7.02265e-05 
0.000721564 0.000384376 1.8442e-05 
5.60861e-05 8.11143e-05 2.30419e-05 
0.000648886 1.83916e-05 5.33754e-05 
0.000593584 0.000480864 1.91317e-05 
0.000562442 0.000195601 6.53926e-05 
0.000406133 0.000407537 5.88925e-05 
0.000171504 1.83555e-05 7.76436e-05 
0.000199572 0.000187395 4.2802e-05 
0.000405998 0.000361326 1.96257e-05 
0.000388513 0.000113055 5.22996e-05 
0.000498181 0.000353772 9.0643e-05 
0.000791941 8.16461e-05 5.427e-05 
0.000807478 0.000253411 4.55184e-05 
0.00069929 0.000278328 7.37023e-05 
0.000830114 0.000150072 2.25256e-05 
0.00057077 0.000382649 5.77702e-05 
0.000982128 0.000177166 1.78722e-05 
0.000154342 0.00013953 2.01362e-05 
0.000480533 5.48672e-05 8.56907e-05 
0.000278739 2.43032e-05 5.60973e-05 
2.04166e-05 0.000211596 2.04108e-05 
0.000639701 0.000320252 6.45244e-05 
0.000271034 0.000198912 2.09017e-05 
0.000704598 0.000204701 5.73681e-05 
0.000580736 4.49406e-05 8.37745e-05 
0.000534954 0.000130255 5.77418e-05 
0.000279906 0.000246228 6.3852e-05 
0.000923758 0.000170668 4.72987e-05 
0.000876559 0.000257769 8.8831e-05 
0.000583904 5.2132e-05 2.39509e-05 
4.83094e-05 0.000237016 4.7805e-05 
0.000193493 0.000362097 8.58456e-05 
0.000833287 0.000189895 3.02645e-05 
5.81183e-05 6.40165e-05 6.09041e-05 
0.000233756 0.00041781 2.96326e-05 
0.000687889 9.70366e-05 7.9325e-05 
2.2743e-05 0.000327669 8.16335e-05 
0.000553381 0.000126744 2.19815e-05 
0.000756489 6.01155e-05 4.30494e-05 
0.000961195 0.000375764 4.98096e-05 
0.000475732 0.000479704 2.02965e-05 
0.00038185 1.88491e-05 1.88481e-05 
0.000977325 4.00013e-05 2.26731e-05 
0.000312478 2.52949e-05 9.0423e-05 
0.000457421 0.00034895 1.82638e-05 
0.000978455 0.00034855 2.15477e-05 
0.000364935 0.000136133 9.03019e-05 
0.000802656 0.000478631 9.12435e-05 
0.000463947 8.46657e-05 7.70946e-05 
0.000158775 0.000204702 7.86516e-05 
0.000917272 0.000261021 7.08278e-05 
0.000522459 0.000340048 2.43855e-05 
5.27741e-05 0.000104345 6.33566e-05 
0.000115374 0.000101857 1.70138e-05 
0.000162585 0.000477673 2.2328e-05 
0.000898319 0.000368581 7.4086e-05 
0.000489061 6.91311e-05 5.47131e-05 
0.000743379 0.000297635 9.86381e-05 
0.000950103 0.000356743 8.42765e-05 
0.000323975 0.000466704 9.45777e-05 
8.99104e-05 9.3147e-05 5.60659e-05 
0.000742325 0.000108076 7.26288e-05 
0.000364715 0.000206711 2.63264e-05 
0.000525448 0.000435143 3.70253e-05 
0.000217511 0.000479445 2.05468e-05 
9.60571e-05 0.000354501 2.23078e-05 
0.000122881 0.000290311 6.55306e-05 
0.000313977 0.000215719 2.52163e-05 
0.000246165 0.000227816 6.93385e-05 
0.000894692 0.000202348 4.98869e-05 
0.00012884 2.22777e-05 6.79549e-05 
0.000933878 0.000292733 6.25525e-05 
1.80679e-05 8.28822e-05 4.87332e-05 
0.000937735 0.000197832 1.83511e-05 
0.000894735 0.000238773 5.33087e-05 
0.00048856 0.000140742 5.76844e-05 
0.000883236 0.000470573 2.94245e-05 
0.000509882 0.000306521 7.81067e-05 
8.77352e-05 0.000460233 4.59879e-05 
0.00075325 0.00040884 1.96561e-05 
0.000298673 0.000482316 6.60269e-05 
0.000754857 0.000353017 2.09863e-05 
0.000700589 1.72495e-05 1.72495e-05 
0.000634487 5.87183e-05 1.92759e-05 
0.000195147 0.000357918 4.64147e-05 
0.000265935 0.000152393 6.17123e-05 
0.000338859 0.000155968 5.14402e-05 
0.000472769 0.00028806 8.08186e-05 
0.000561398 0.000275575 1.75462e-05 
0.000288776 1.75516e-05 1.75529e-05 
0.000429193 0.000236279 1.84385e-05 
0.000158291 0.000358677 6.94131e-05 
0.00086202 0.000238968 3.37036e-05 
0.000657232 1.79781e-05 1.79786e-05 
0.000242972 0.000301181 6.7119e-05 
0.000405175 0.00048179 5.24324e-05 
0.000727373 2.23919e-05 5.88015e-05 
0.000979239 0.00044632 2.07507e-05 
0.000835714 0.000269158 2.08963e-05 
0.000442362 6.06486e-05 5.53194e-05 
0.000195006 0.000149555 2.17765e-05 
0.000952426 8.39666e-05 7.96822e-05 
0.000351192 0.000288434 1.72418e-05 
0.000131347 0.000427747 1.75958e-05 
0.00010866 0.000282586 2.56083e-05 
0.000369244 0.000188044 6.72707e-05 
0.000785239 0.000233172 1.98249e-05 
0.000509077 5.20696e-05 1.7484e-05 
0.000768308 9.03416e-05 1.93033e-05 
0.000340282 0.000441432 6.42441e-05 
0.000923423 1.80095e-05 6.9659e-05 
0.000938087 0.000120058 1.90747e-05 
0.000467371 0.000357316 7.34955e-05 
0.00095124 0.000139689 8.59747e-05 
0.000699321 0.000416129 8.30434e-05 
1.84743e-05 0.000163326 1.84739e-05 
0.000503938 3.20871e-05 5.34252e-05 
0.000271414 0.000381854 1.88527e-05 
0.000127327 8.07744e-05 7.46369e-05 
0.000197694 0.000339158 1.73746e-05 
0.000795483 0.000427809 1.7941e-05 
0.000852973 0.000109716 2.38752e-05 
0.000306725 0.000355139 7.29974e-05 
0.000545249 0.00025793 4.28582e-05 
0.000776612 4.1207e-05 1.70274e-05 
0.000661339 0.000110118 4.60937e-05 
0.000657408 0.000162139 2.04636e-05 
5.1147e-05 0.000381887 8.71807e-05 
0.000153284 0.000481012 8.52308e-05 
0.000659469 0.000466039 1.70778e-05 
5.91626e-05 0.000478031 2.19697e-05 
9.63244e-05 0.000320519 4.20696e-05 
0.000901025 0.000174732 7.91537e-05 
0.000567891 0.000274933 6.46711e-05 
0.000579316 0.000101385 9.03768e-05 
1.87293e-05 0.000481275 1.87244e-05 
0.000783219 0.000329267 2.99376e-05 
9.10837e-05 1.75845e-05 5.60042e-05 
0.000485688 0.000227124 7.30794e-05 
0.000366707 0.000476531 2.34652e-05 
1.80972e-05 0.000407311 6.71509e-05 
0.000352683 0.000377157 6.21065e-05 
2.18953e-05 0.000298915 2.1893e-05 
0.000829141 3.83177e-05 9.57158e-05 
0.000246252 0.000268296 3.93121e-05 
0.00036461 0.00036325 2.06414e-05 
0.000930601 7.15185e-05 1.79168e-05 
0.000273967 9.71805e-05 1.78373e-05 
