0.000828828 0.000412834 3.10816e-05 
8.2531e-05 0.00029539 0.000106883 
0.000522531 0.000207893 0.000151026 
0.000315774 0.000239138 0.000162306 
0.000678021 0.000335015 7.53548e-05 
0.00036391 7.91507e-05 0.000140284 
0.000728471 0.000214756 6.69284e-05 
0.000854367 0.000295579 7.38534e-05 
0.000525111 5.62676e-05 0.00017933 
0.000782773 0.000237932 0.000174504 
0.000633875 0.000369777 6.83837e-05 
0.000174627 0.000394484 2.78086e-05 
0.000829568 0.000304977 0.000145699 
0.000211055 0.000220573 0.000111485 
0.000490942 0.00037903 3.65079e-05 
0.00080486 0.000162102 0.000132324 
0.000438549 0.000374328 0.000101622 
0.00023698 0.000363146 4.42697e-05 
0.000524075 0.00014108 9.88397e-05 
0.000888467 0.000241471 2.74632e-05 
0.000916502 0.000332126 8.87386e-05 
0.000419383 0.000307756 7.57949e-05 
0.000938776 6.16284e-05 9.86536e-05 
0.000871985 4.24315e-05 0.000117297 
0.000696043 8.80136e-05 5.38252e-05 
0.000260112 0.000304481 8.66148e-05 
9.16065e-05 0.0002354 0.000126554 
0.000556256 0.000236618 2.49975e-05 
0.000178393 9.54062e-05 5.92634e-05 
0.000971079 0.000462443 0.000174207 
0.000529068 0.000212624 6.5001e-05 
0.000964136 0.000205492 9.08368e-05 
0.000880549 0.000146401 2.5839e-05 
0.000763509 2.74411e-05 0.000109198 
6.21756e-05 0.000265702 6.887e-05 
0.000719576 0.000340598 0.000147858 
0.000610149 0.000437586 0.000168131 
0.000306426 0.000173157 0.000155117 
0.000346905 0.000222631 0.000109951 
0.000322277 0.000180749 4.94766e-05 
0.000310382 0.000308088 0.000110799 
0.000486237 0.000309458 3.28764e-05 
0.000452922 3.86788e-05 0.000112617 
0.000345281 0.000107287 8.31456e-05 
0.000963408 0.000400681 5.34461e-05 
0.000572014 0.000464599 0.000121253 
0.000548657 0.000347694 0.000139581 
0.000703023 0.000160468 0.000150342 
0.000397919 0.000221113 8.16549e-05 
0.000416775 0.000255379 0.000142315 
0.000254307 0.000378466 0.000154682 
0.000564727 0.000173344 0.000108443 
0.000799119 5.31054e-05 0.000181022 
0.00084971 0.000459684 0.0001269 
9.13287e-05 6.21406e-05 0.000152665 
0.000163734 8.9528e-05 0.000124193 
0.000961999 8.45838e-05 4.04635e-05 
0.00051612 0.000414557 0.000145614 
0.000220241 9.43886e-05 2.45968e-05 
0.00035765 0.000429404 3.86562e-05 
0.000493073 0.000165068 4.1462e-05 
0.00029336 0.000400233 6.90361e-05 
0.000608133 0.00034835 2.37149e-05 
0.000790724 0.000182456 4.85818e-05 
0.000550603 8.59714e-05 7.60613e-05 
0.000229451 9.65413e-05 0.0001052 
0.000520158 0.000465675 5.08379e-05 
0.000397344 7.6712e-05 3.08131e-05 
0.000953425 0.000181271 0.000148039 
0.000890299 0.000191036 3.57585e-05 
0.000575155 0.000396868 0.000155933 
0.00062343 0.0001413 0.000137404 
0.000389009 0.000367472 0.0001306 
0.000676506 0.000388075 8.10038e-05 
0.000644847 7.1465e-05 0.000135128 
0.000157388 4.35916e-05 9.8759e-05 
0.000883506 0.000154367 7.84222e-05 
0.000455237 0.000110853 3.66409e-05 
0.000638943 0.000204247 0.00015428 
0.000705947 0.00015783 7.73737e-05 
0.000806287 0.00015938 7.75747e-05 
6.90046e-05 0.000341884 0.000130182 
0.000143806 0.000377589 0.000114276 
0.000440345 0.00042894 0.000133123 
0.000606421 0.000244418 9.99486e-05 
0.000791353 0.000370881 8.53065e-05 
3.61664e-05 0.000432509 2.99487e-05 
0.00035137 0.000289286 0.000172724 
0.000178958 0.000437976 4.89793e-05 
0.00014162 0.000277474 4.2379e-05 
0.000274543 6.37411e-05 4.5794e-05 
0.000826523 0.000451766 7.86553e-05 
0.00068666 0.000131593 0.000175926 
0.000979885 0.000297383 5.2928e-05 
0.000116045 0.000269341 7.89196e-05 
0.000886268 0.000328616 0.000158778 
0.000211644 4.4595e-05 0.000143759 
0.000899173 0.00020847 0.000161143 
0.000374044 0.00032242 9.49396e-05 
0.000424794 0.000196095 3.3098e-05 
0.000568031 0.00039391 0.000105555 
0.000761407 0.000463451 4.12766e-05 
0.000707358 0.000372989 0.000111702 
0.000784781 0.000113943 0.000166559 
0.000411162 4.34177e-05 9.49585e-05 
0.000828 3.03113e-05 3.52295e-05 
0.000288509 8.24372e-05 0.000147624 
0.000725362 0.000259382 0.000130455 
9.4384e-05 0.000215026 5.92451e-05 
0.000670594 0.000194497 0.000116467 
0.000600065 0.000181654 6.02022e-05 
0.00040189 0.000269027 3.27324e-05 
0.000967818 0.000246401 0.000142286 
0.000641804 0.000272259 0.000154121 
0.000933043 0.000247191 4.83657e-05 
0.000606093 0.000128776 2.34545e-05 
7.44499e-05 0.000413057 7.23813e-05 
0.000156294 0.000434896 0.000119487 
0.000491431 0.00029789 0.00011892 
6.70175e-05 0.000147095 0.000124141 
0.000675166 0.000464326 7.2911e-05 
0.00065774 0.000384363 0.000136486 
0.000138152 0.000208361 8.97944e-05 
0.000310526 0.000277841 2.46019e-05 
0.000526693 0.000287258 7.8002e-05 
0.000754439 0.000186412 0.000148723 
0.00024773 0.000466168 0.000154723 
0.000971377 3.5544e-05 0.000132365 
0.000675865 0.00036176 2.1196e-05 
0.00023715 0.00024173 7.08255e-05 
0.000893728 0.00039987 4.54778e-05 
0.00041102 3.9569e-05 0.000143027 
0.000702352 4.62209e-05 0.000103935 
0.000760659 0.00046851 0.000146944 
0.000510186 0.000392934 0.000111644 
0.000447187 0.000160931 8.81522e-05 
0.000653726 0.0002107 3.29755e-05 
0.000422677 0.000104057 0.000152022 
0.000265074 0.000452118 7.57789e-05 
0.000977204 0.000381488 0.000135176 
0.000164202 0.000170951 0.000128525 
0.000901565 9.77173e-05 0.000107998 
0.00066162 0.00030541 3.14747e-05 
0.000356766 0.000414566 0.000162818 
0.000318906 0.000393141 0.000125126 
0.000869105 0.000125264 0.000167224 
0.000186313 0.000230587 2.11215e-05 
0.000708323 0.000441443 3.07312e-05 
5.84433e-05 3.4359e-05 6.37383e-05 
0.000533584 3.03663e-05 4.95826e-05 
0.00073097 0.000289462 5.75029e-05 
0.000899014 4.67842e-05 3.66083e-05 
0.000226601 0.000262061 3.08852e-05 
0.000910769 0.000144956 0.000164692 
0.000308071 0.000159597 0.000102327 
0.000787153 0.000346246 0.000146456 
0.000518719 0.000266057 0.000149742 
0.000720154 0.000303209 0.000108299 
0.000201236 0.000319483 0.000116394 
0.000785186 0.000444309 0.000114535 
0.000829664 0.000228178 2.50644e-05 
0.00061263 0.00040342 2.88181e-05 
3.61518e-05 0.000112457 2.6208e-05 
0.000461081 0.000329604 0.000153402 
0.000465847 0.000465161 0.00012576 
3.08536e-05 0.000391728 0.000137211 
0.000372549 0.000332136 2.80506e-05 
0.000556225 0.000409031 5.21927e-05 
0.000283285 0.000114098 0.00010679 
0.000907186 6.29484e-05 0.000162241 
0.000598483 0.000238903 0.000173204 
0.000812341 0.00021153 9.41489e-05 
0.000422305 0.000385384 6.80142e-05 
0.000248508 0.000126785 6.42244e-05 
0.000743071 3.80924e-05 5.2487e-05 
0.000399119 0.000136982 6.51759e-05 
0.000352082 0.000247087 6.66154e-05 
0.000242435 0.000347681 0.000113764 
0.000721167 8.17147e-05 0.000145277 
0.000755936 0.000318869 2.71628e-05 
0.000887808 0.00040809 0.000132177 
0.000639025 0.000137531 8.55316e-05 
0.000612068 4.11999e-05 6.17593e-05 
0.000349964 0.000470683 9.39592e-05 
0.000582274 0.000122057 0.000110215 
0.000118158 0.000125046 7.43388e-05 
0.000204965 0.000471633 8.68271e-05 
0.000200044 4.85773e-05 0.000104524 
4.73015e-05 6.24211e-05 0.000163963 
8.01469e-05 0.00031795 5.39898e-05 
0.000661377 0.000243965 0.000128216 
3.23721e-05 0.000463585 0.000108965 
0.000748319 0.000422312 0.000135468 
0.00044746 0.000265214 8.81159e-05 
0.000607451 0.000461016 5.74323e-05 
0.000826378 7.88352e-05 0.000104924 
0.000299582 0.000124107 5.42715e-05 
0.000915238 0.000457267 4.63982e-05 
0.000645282 0.000467032 0.000151301 
0.000203147 0.000409222 0.000148492 
0.000947509 0.000477721 2.94709e-05 
0.000822582 0.00034094 3.30167e-05 
4.97331e-05 0.000446394 0.000156867 
0.00046286 0.000446751 5.07626e-05 
0.000774266 0.000115011 0.00011894 
0.000746062 0.000326538 8.36845e-05 
0.000589849 0.000301585 0.000170697 
0.000104982 0.000454153 3.54192e-05 
0.000761054 0.000230214 0.000129278 
0.000808043 8.10667e-05 2.29723e-05 
0.000726235 0.000399191 6.85822e-05 
0.000473412 0.000403912 0.000112185 
0.00056132 0.000149907 0.000158741 
0.000331831 0.000146955 2.82641e-05 
0.000595478 0.000286119 3.39288e-05 
0.00020022 0.00025634 0.000157626 
0.000509952 0.000105349 0.000156546 
0.000559619 0.000193327 2.25298e-05 
0.000423003 0.000473359 4.93218e-05 
0.000484235 0.000175947 0.000141846 
0.000748847 0.000134482 4.54071e-05 
0.000212936 0.000173992 5.37059e-05 
0.000109578 0.000434269 0.00017699 
0.000487761 0.000319211 9.17399e-05 
4.824e-05 0.000187579 0.000104291 
0.000676781 0.000265381 6.4166e-05 
0.00059002 3.51519e-05 0.00012512 
0.000127053 0.000379377 3.14752e-05 
3.16098e-05 0.000286177 0.000116168 
0.000369222 0.000425534 0.000115111 
0.000536384 0.00030121 3.01134e-05 
0.000847861 8.0915e-05 0.000175024 
0.00073034 9.54737e-05 2.13589e-05 
6.95909e-05 0.000156005 3.06423e-05 
7.73593e-05 0.000371965 2.87223e-05 
0.000269322 0.00021446 0.000170103 
0.000964752 0.000208285 4.41822e-05 
0.000267122 0.000233265 2.15543e-05 
0.000831076 0.000174398 0.000172683 
0.000879151 0.000325123 2.53067e-05 
0.000670057 0.000125996 6.68734e-05 
2.35627e-05 0.000251939 4.91142e-05 
0.000718814 0.000254857 2.67838e-05 
0.000112544 0.000246298 2.85437e-05 
0.000947792 0.000144567 3.32081e-05 
0.00087822 0.000461111 9.05129e-05 
0.000431643 0.000417317 2.76962e-05 
0.000119743 6.65333e-05 3.15147e-05 
0.000576843 0.00030866 9.9845e-05 
0.000869182 0.000216167 6.58514e-05 
0.000263219 0.000193613 0.000122269 
3.19617e-05 0.000339052 9.98999e-05 
0.000784487 0.000276477 0.000129156 
0.000241452 3.70485e-05 7.87637e-05 
0.000792828 6.67028e-05 9.69027e-05 
0.000271576 0.000273738 0.000163409 
0.000301998 0.000437967 0.000136871 
0.000707063 0.000169666 2.5447e-05 
0.00034459 0.000108814 3.2978e-05 
0.000971908 0.000421075 0.000163024 
0.000162792 0.000173943 5.26388e-05 
0.000154017 0.000328102 2.45782e-05 
0.000970394 0.000102642 0.000126898 
0.000222423 5.33816e-05 4.15591e-05 
0.000962254 0.000136013 9.37608e-05 
0.000804144 0.00026684 3.3124e-05 
0.000396503 0.000475149 0.000164657 
6.40368e-05 0.000129091 6.91583e-05 
0.000448437 0.000377912 0.000155906 
0.000140088 0.000309263 0.000166265 
0.000479382 2.39716e-05 6.21787e-05 
0.000941849 0.000381186 0.000171693 
0.000920095 0.000352515 2.22848e-05 
0.000223137 0.000306423 3.44107e-05 
0.000365435 0.000218687 0.000162077 
0.000826651 0.000405952 0.000146115 
0.000956537 0.000464869 0.000116868 
0.000220315 0.000159129 9.31655e-05 
0.000429471 0.000175488 0.000158838 
0.000117403 0.000165678 4.349e-05 
0.000275958 0.000318028 3.28045e-05 
0.000347046 2.69143e-05 0.000142764 
0.000662731 0.000451801 0.000109902 
2.64563e-05 0.000390161 6.56234e-05 
0.000504696 0.000477504 0.000143138 
0.000971691 0.000315806 9.92944e-05 
0.000625974 0.000413678 9.99885e-05 
0.000935386 0.000301157 2.40397e-05 
0.000365194 0.000187462 5.99073e-05 
0.000569518 7.56636e-05 0.000141803 
0.000880109 8.25358e-05 0.000137678 
0.00095457 2.24542e-05 3.83301e-05 
0.000448528 5.76966e-05 4.48665e-05 
0.000708366 0.000462995 0.000134367 
0.000687517 5.74495e-05 0.000167677 
0.000771934 0.000419016 8.20927e-05 
0.000344463 3.68152e-05 3.65793e-05 
0.000339764 0.000456186 0.000134744 
0.000661961 5.32004e-05 5.41023e-05 
0.000323414 0.000321089 5.09323e-05 
0.000503015 8.34998e-05 0.000113992 
0.000121296 0.000374961 0.000154923 
0.000232852 0.000402472 0.000108202 
0.00051731 0.000103026 2.66909e-05 
2.03268e-05 8.26776e-05 0.000134589 
0.000498253 2.34291e-05 2.7034e-05 
0.000859416 0.000380037 0.000164787 
0.00031338 8.07241e-05 2.86107e-05 
4.22012e-05 0.000204194 2.85231e-05 
0.000163151 0.000243347 0.000130346 
0.00055881 0.000321178 5.25693e-05 
0.000418448 0.000312518 0.000149489 
0.000481952 0.000216159 3.55779e-05 
0.000830763 0.000112028 0.000142699 
0.000845603 0.000257219 0.000151487 
0.000171347 0.000298159 7.07724e-05 
0.000622788 0.000329631 6.46686e-05 
0.000542185 3.92889e-05 0.000116682 
0.000650055 0.000430213 6.76528e-05 
0.000852954 2.38479e-05 0.00015838 
0.000301613 0.000444491 2.80032e-05 
0.000427089 0.00030943 3.53572e-05 
0.000972633 6.49694e-05 0.000170743 
0.000309876 0.00037181 2.90385e-05 
2.97884e-05 0.000209136 0.000154043 
0.000123205 0.000128434 0.000146666 
0.000168831 0.000344853 9.19833e-05 
0.00093482 0.000109626 0.000151325 
0.000414585 0.000455706 8.58715e-05 
0.00048222 0.000198013 0.000104869 
8.17399e-05 0.000469915 0.000127703 
0.000474447 0.000461341 0.000169269 
0.000871576 0.000360044 0.000118828 
0.000127131 0.000479178 9.77881e-05 
0.000164266 0.000221169 5.06943e-05 
0.000501189 0.000453549 9.51247e-05 
0.000766362 3.7776e-05 0.000157828 
0.000766671 0.000150504 9.68762e-05 
0.000254068 0.000154728 2.20718e-05 
0.000494632 0.000255299 7.0685e-05 
0.000601972 0.000104364 6.61806e-05 
0.000814169 2.16793e-05 0.000140257 
0.000599583 0.000227035 4.10904e-05 
0.000713074 0.000332937 3.4305e-05 
0.000870895 0.000112056 6.15778e-05 
0.000172178 3.2346e-05 3.10425e-05 
0.000597571 3.25264e-05 0.000177264 
0.000600334 0.000351169 0.000134212 
0.0007093 5.34889e-05 2.32105e-05 
0.000217723 0.000162495 0.000151841 
0.000556506 0.000462399 7.15633e-05 
0.000767688 0.000275933 7.91244e-05 
0.000721756 0.000465463 8.11886e-05 
0.000553432 0.000368465 2.32181e-05 
0.00062142 9.99422e-05 0.000100389 
0.00078201 0.000426169 0.000167106 
0.000537599 0.000304479 0.000131574 
0.000769109 0.000390074 0.000177202 
2.51981e-05 0.000344527 2.33884e-05 
0.000674682 0.000406686 4.49833e-05 
0.000546986 0.00046957 0.000161325 
0.000155876 0.000301046 0.000129374 
0.000385175 0.00013799 0.000139145 
0.000907329 0.000473828 0.000133606 
0.000735939 0.000373428 2.22362e-05 
5.3836e-05 6.65056e-05 2.30477e-05 
0.000670917 2.37549e-05 0.000141047 
0.000576375 0.000466047 3.28098e-05 
0.000569631 0.000206069 0.000144817 
0.000403584 0.000420511 0.000113047 
0.000172169 1.86148e-05 0.000133437 
0.000186477 0.000190131 9.58447e-05 
0.000400269 0.000354125 6.41359e-05 
0.000396646 9.14926e-05 0.000105209 
0.000494986 0.00035334 0.000182078 
0.000791205 6.6287e-05 0.000135948 
0.000812742 0.000258573 9.6562e-05 
0.000696095 0.000294801 0.000168519 
0.000818848 0.000146774 3.41671e-05 
0.000562474 0.000363054 7.87727e-05 
0.000974317 0.000167238 2.51473e-05 
0.000147326 0.000129151 3.81174e-05 
0.000479306 3.4927e-05 0.000177161 
0.00027282 4.57522e-05 0.000118397 
2.15979e-05 0.000212057 8.81421e-05 
0.000628824 0.000325886 0.000118799 
0.0002837 0.000204671 7.5717e-05 
0.000688835 0.000242881 0.00015953 
0.000553546 3.16395e-05 0.000159143 
0.000537294 0.000130579 0.000179974 
0.000269474 0.000238136 0.000127312 
0.000909948 0.000173985 0.000118217 
0.000908143 0.00026896 0.000160302 
0.000575483 7.30245e-05 2.39575e-05 
3.8888e-05 0.000230512 0.000117649 
0.000199167 0.000356539 0.000177042 
0.000844004 0.000172911 0.000106965 
6.57597e-05 7.59666e-05 0.000105045 
0.000250275 0.000414621 2.97277e-05 
0.000703136 0.0001152 0.000125303 
3.27928e-05 0.000365472 0.000171767 
0.000548571 0.000150635 3.63238e-05 
0.000744721 7.04792e-05 9.50865e-05 
0.000951845 0.000373814 0.000101023 
0.00048529 0.000479695 2.79996e-05 
0.000377009 3.58926e-05 0.000115623 
0.000961362 2.27179e-05 8.32022e-05 
0.000309843 3.45135e-05 0.000167057 
0.000444987 0.000337634 5.46975e-05 
0.000969542 0.000351579 5.26437e-05 
0.000348212 0.000122642 0.000155313 
0.000810875 0.000471565 0.000167733 
0.000466951 8.38216e-05 0.000163215 
0.000151952 0.000221569 0.000161624 
0.000917218 0.000271888 0.000116701 
0.000524666 0.000340988 7.83996e-05 
3.37093e-05 0.000105457 0.000171274 
0.0001074 0.000113372 2.6016e-05 
0.000152489 0.00047302 2.26028e-05 
0.000908337 0.000381338 0.000182618 
0.000524526 7.09774e-05 0.000143425 
0.000749291 0.00028904 0.000167001 
0.000952974 0.00034156 0.000167529 
0.000305156 0.000471219 0.000170693 
8.60523e-05 9.99131e-05 0.000133898 
0.00073939 0.000132065 0.000153542 
0.000359251 0.000223396 2.63359e-05 
0.000528449 0.000452773 0.000120724 
0.000234131 0.000477457 3.82569e-05 
8.25332e-05 0.000356585 8.69438e-05 
9.76748e-05 0.000287483 0.00014971 
0.000310896 0.000252501 8.69099e-05 
0.000228507 0.000218376 0.000161697 
0.000861459 0.000202774 0.000126899 
0.000117757 2.24044e-05 0.000124761 
0.000933034 0.000293759 7.63096e-05 
1.80852e-05 9.99716e-05 0.00010157 
0.000923168 0.000190468 6.58659e-05 
0.000891673 0.000229002 0.000115694 
0.000496545 0.000141999 0.00017943 
0.000854463 0.000469137 2.94269e-05 
0.000502047 0.000310783 0.000157106 
0.000110574 0.000440877 9.65729e-05 
0.00076096 0.00040839 3.44392e-05 
0.000290738 0.000478215 0.000132714 
0.000752358 0.000351304 5.04405e-05 
0.000697372 3.97805e-05 6.72619e-05 
0.000611113 4.82759e-05 2.10839e-05 
0.000188977 0.000371562 7.05757e-05 
0.000252512 0.000140013 0.000176703 
0.000344312 0.000182751 9.37738e-05 
0.00046338 0.00029591 0.000180354 
0.000572699 0.000262139 7.48432e-05 
0.000278296 2.2233e-05 3.13249e-05 
0.000455325 0.000254892 3.37337e-05 
0.000169786 0.000376768 0.000152204 
0.000861306 0.000242963 9.30533e-05 
0.000662461 3.56719e-05 9.99338e-05 
0.000260794 0.000312322 0.000181981 
0.000397947 0.000458267 0.000131676 
0.000713018 2.34875e-05 0.000145109 
0.000955538 0.000440245 7.62719e-05 
0.000854924 0.000271577 2.1167e-05 
0.000451527 7.50343e-05 8.73189e-05 
0.000188451 0.000145748 2.91778e-05 
0.000936837 8.5496e-05 0.000182463 
0.000361264 0.000284319 7.29035e-05 
0.000134387 0.000427041 4.00636e-05 
7.89179e-05 0.000275787 2.55974e-05 
0.000384274 0.000186008 0.000127945 
0.000764606 0.000232519 3.12226e-05 
0.000494886 7.84508e-05 7.74482e-05 
0.000765001 8.47897e-05 5.7707e-05 
0.000314693 0.000441316 9.48957e-05 
0.000907705 2.45281e-05 0.000121388 
0.00092428 0.000132329 6.814e-05 
0.000472402 0.000358395 0.000125548 
0.000965413 0.000131278 0.000173096 
0.000719532 0.000403345 0.000163307 
2.30683e-05 0.000160274 5.69076e-05 
0.000500655 2.37284e-05 0.000117026 
0.000278163 0.000376439 0.000111554 
0.000116477 6.28728e-05 0.000106896 
0.000189756 0.000338894 4.78661e-05 
0.000794791 0.000443001 4.9778e-05 
0.000840228 0.000124216 8.67536e-05 
0.000311602 0.000347048 0.000173627 
0.000544748 0.000260017 0.000118619 
0.000777239 3.47849e-05 3.77462e-05 
0.000667702 0.000108415 0.000106687 
0.000638705 0.000157374 2.79085e-05 
7.24278e-05 0.000393479 0.000174331 
0.000196289 0.000477361 0.00015205 
0.000657446 0.000461319 3.37251e-05 
5.78882e-05 0.000473009 6.39982e-05 
0.000118702 0.000320477 0.000101455 
0.000871017 0.000164307 0.000171994 
0.000566896 0.000275494 0.000146875 
0.000604995 9.92406e-05 0.000174084 
3.7103e-05 0.000481227 2.99081e-05 
0.000757186 0.000313978 0.000134639 
6.8714e-05 4.47503e-05 0.000126932 
0.000468925 0.000219022 0.000164962 
0.000388836 0.000471806 2.35626e-05 
1.80982e-05 0.000429327 9.24562e-05 
0.000361067 0.000385838 9.73214e-05 
2.24858e-05 0.000297389 4.9864e-05 
0.000816441 2.08583e-05 0.00018191 
0.00023561 0.000276317 0.000125386 
0.000367031 0.000380361 2.44975e-05 
0.000913273 0.000101803 5.02283e-05 
0.000274245 0.000107214 2.52001e-05 
