0.000840617 0.000420212 3.10534e-05 
7.69119e-05 0.000296567 6.10291e-05 
0.000534672 0.000224213 8.98445e-05 
0.000321554 0.000251236 6.30089e-05 
0.000690099 0.000331001 6.65445e-05 
0.000369918 6.06973e-05 7.54079e-05 
0.000755618 0.000195662 3.09922e-05 
0.000885543 0.000287896 3.57902e-05 
0.00052006 4.41451e-05 9.66713e-05 
0.000777038 0.000235447 8.58651e-05 
0.000633426 0.000366496 2.42388e-05 
0.000181244 0.000381855 1.97442e-05 
0.000831343 0.000285955 7.42562e-05 
0.000199687 0.000211684 6.91133e-05 
0.000487951 0.000381325 3.62707e-05 
0.000810526 0.000155534 6.27838e-05 
0.000444273 0.000342202 5.72153e-05 
0.000232376 0.000361978 2.52298e-05 
0.000529851 0.000159861 4.42458e-05 
0.000886517 0.000235824 1.89339e-05 
0.000920808 0.000330131 6.20272e-05 
0.00041623 0.000306389 5.70831e-05 
0.00094155 5.27029e-05 5.32822e-05 
0.000839033 4.7766e-05 6.94483e-05 
0.00068818 9.08587e-05 2.14048e-05 
0.000273477 0.00029932 2.06131e-05 
8.51591e-05 0.000229518 8.63035e-05 
0.000564745 0.000235583 1.97559e-05 
0.00016038 9.09872e-05 2.98301e-05 
0.00096433 0.00045646 0.000103239 
0.000517913 0.000214622 3.31037e-05 
0.000964499 0.00021723 5.70062e-05 
0.000892324 0.000135197 2.57043e-05 
0.000774119 2.10005e-05 4.9661e-05 
6.61941e-05 0.000260874 2.19094e-05 
0.000748697 0.000347007 9.22124e-05 
0.000616729 0.000441745 9.75072e-05 
0.000310143 0.000172337 0.000100635 
0.000334308 0.000205541 6.55163e-05 
0.000327742 0.000183225 1.8718e-05 
0.000296623 0.00029989 7.70685e-05 
0.000477997 0.00030733 3.28584e-05 
0.000461787 2.31851e-05 6.83576e-05 
0.000339723 9.991e-05 5.52692e-05 
0.000975805 0.000397312 2.17999e-05 
0.000598001 0.00047865 5.56951e-05 
0.000540808 0.000350123 8.15016e-05 
0.000721208 0.000168921 6.71647e-05 
0.000395429 0.000231597 6.30937e-05 
0.000394394 0.000279488 9.80251e-05 
0.000270322 0.000376808 8.59076e-05 
0.000576191 0.000156072 5.0577e-05 
0.000799084 4.95145e-05 9.28668e-05 
0.000839324 0.000460683 7.43593e-05 
9.32033e-05 6.23254e-05 8.14046e-05 
0.000191884 0.00010941 8.31037e-05 
0.000972464 8.57874e-05 2.75388e-05 
0.000514484 0.000415674 8.38102e-05 
0.000213367 0.000101811 2.45088e-05 
0.000368032 0.000419495 3.12559e-05 
0.000482166 0.000165201 2.60585e-05 
0.000283186 0.000411366 4.92316e-05 
0.000586838 0.000355152 2.37078e-05 
0.000801515 0.000190825 1.71766e-05 
0.000543219 7.67601e-05 5.71553e-05 
0.0002406 6.97663e-05 6.22849e-05 
0.000514648 0.000475677 1.73981e-05 
0.000396168 6.68636e-05 3.08123e-05 
0.000968081 0.000171175 6.26318e-05 
0.000892223 0.000185737 1.93966e-05 
0.000590312 0.000401037 7.76175e-05 
0.000623886 0.000133976 7.19986e-05 
0.000398625 0.000359057 6.65248e-05 
0.000691644 0.00038425 4.87594e-05 
0.000650369 6.7852e-05 6.24548e-05 
0.000150412 4.75258e-05 7.28316e-05 
0.000861844 0.00016188 6.01885e-05 
0.000445698 0.000112866 3.66391e-05 
0.000616445 0.000199943 8.10236e-05 
0.000711317 0.000127414 4.63184e-05 
0.000786488 0.00015208 2.30044e-05 
5.99843e-05 0.000342075 5.91528e-05 
0.000171558 0.000389104 5.46511e-05 
0.000429165 0.000438621 6.77546e-05 
0.000581115 0.000237589 5.91313e-05 
0.000790035 0.000383889 5.15686e-05 
2.99137e-05 0.000434017 2.9916e-05 
0.000345766 0.00027837 8.31878e-05 
0.000179225 0.000429524 2.88141e-05 
0.000149741 0.000275709 2.0354e-05 
0.000276703 5.69071e-05 2.32764e-05 
0.000819028 0.000474149 2.58491e-05 
0.000682338 0.000137418 8.05813e-05 
0.000980863 0.000295175 1.74972e-05 
0.000131259 0.000256005 5.65581e-05 
0.000869478 0.000335374 8.46104e-05 
0.000210138 2.38852e-05 6.30931e-05 
0.000922404 0.000207416 8.31272e-05 
0.000355536 0.000324485 7.92856e-05 
0.000419422 0.000185507 3.29369e-05 
0.000560266 0.000417304 5.80827e-05 
0.000773493 0.000473378 2.00593e-05 
0.000726435 0.000364048 5.07406e-05 
0.000783736 0.000117497 8.76896e-05 
0.000421637 2.5139e-05 1.93648e-05 
0.000819938 2.92576e-05 2.92591e-05 
0.000294646 7.00051e-05 6.33862e-05 
0.000729746 0.000247723 7.29145e-05 
7.7928e-05 0.000215813 2.46922e-05 
0.000685054 0.000183947 6.36576e-05 
0.000614486 0.000175868 2.64951e-05 
0.000400369 0.000271544 2.69521e-05 
0.000971749 0.000263891 7.13329e-05 
0.000648368 0.000275743 7.68496e-05 
0.000934922 0.000244354 3.0268e-05 
0.000598074 0.000131958 2.07347e-05 
8.83251e-05 0.000419006 3.03979e-05 
0.000134129 0.00043646 6.91744e-05 
0.000489506 0.000277125 7.11992e-05 
8.48416e-05 0.000164295 7.14386e-05 
0.000688861 0.000482746 1.72096e-05 
0.000643807 0.000385897 8.11267e-05 
0.000125758 0.0002007 4.34867e-05 
0.000310968 0.000274487 2.45238e-05 
0.000515182 0.000268527 2.88139e-05 
0.00076542 0.000178868 8.38747e-05 
0.00024043 0.000452124 7.42852e-05 
0.000977347 2.68578e-05 6.99802e-05 
0.000677448 0.000355944 2.10516e-05 
0.000228894 0.000226044 2.76747e-05 
0.000910507 0.000404024 3.66561e-05 
0.000413918 2.49836e-05 6.3123e-05 
0.000689636 3.19666e-05 5.13279e-05 
0.000770167 0.000475775 7.30218e-05 
0.000535064 0.000389197 6.07425e-05 
0.0004596 0.000165108 8.46007e-05 
0.000659484 0.000214156 3.29382e-05 
0.000418847 0.000107218 9.95251e-05 
0.000267443 0.000468756 3.12452e-05 
0.000979266 0.000392433 8.32313e-05 
0.000163547 0.000161516 6.65252e-05 
0.000903867 9.69824e-05 4.17484e-05 
0.000649379 0.000321979 2.30557e-05 
0.000363358 0.000411611 8.52061e-05 
0.000317434 0.000400318 7.77411e-05 
0.000869482 0.000123164 8.21084e-05 
0.000187334 0.000242609 1.80804e-05 
0.000691603 0.000432746 3.07163e-05 
5.60263e-05 2.8973e-05 2.89686e-05 
0.000543424 2.53078e-05 2.52991e-05 
0.00071875 0.000298128 2.06406e-05 
0.00088345 4.45652e-05 3.6469e-05 
0.000214879 0.000268891 1.8352e-05 
0.000916214 0.000129065 7.10409e-05 
0.000299245 0.000169374 4.72919e-05 
0.000805657 0.000336286 8.73531e-05 
0.000525939 0.000267999 7.44686e-05 
0.00073068 0.000286612 5.69888e-05 
0.000200824 0.000322969 7.02104e-05 
0.000796378 0.000441242 5.41005e-05 
0.000824347 0.000222637 2.07605e-05 
0.000598413 0.000405959 2.86329e-05 
2.61631e-05 0.00011777 2.61563e-05 
0.000469265 0.000322319 8.11717e-05 
0.00045301 0.000471163 4.96752e-05 
5.03351e-05 0.000395434 5.29693e-05 
0.000379469 0.000322376 2.80222e-05 
0.000553584 0.00041953 1.91487e-05 
0.000266759 0.000116626 4.99648e-05 
0.000910303 7.33456e-05 7.56759e-05 
0.000610916 0.000253925 8.77628e-05 
0.000804378 0.000205985 6.11273e-05 
0.000434689 0.000375412 3.94878e-05 
0.000248362 0.000123009 1.70662e-05 
0.000745006 2.03293e-05 2.0329e-05 
0.000398375 0.000138846 1.98878e-05 
0.000353256 0.000253682 2.09459e-05 
0.000257221 0.000335759 5.5803e-05 
0.000720152 8.04845e-05 5.64871e-05 
0.000768427 0.000316309 1.85846e-05 
0.000867431 0.000412944 7.92295e-05 
0.000639119 0.000126498 2.04352e-05 
0.000617061 2.20125e-05 3.69138e-05 
0.000331397 0.000475535 1.70346e-05 
0.000579898 0.000114324 4.97631e-05 
0.000124832 0.000126447 5.54818e-05 
0.000195561 0.00047191 6.30741e-05 
0.0001931 6.5063e-05 5.19719e-05 
3.01336e-05 4.58517e-05 6.94329e-05 
6.37106e-05 0.000311571 2.25122e-05 
0.000678166 0.000246098 6.99559e-05 
2.2521e-05 0.000476697 5.94649e-05 
0.00075756 0.000425008 6.66884e-05 
0.000444878 0.000261707 6.23386e-05 
0.000622691 0.000456318 2.08295e-05 
0.000836829 7.16714e-05 3.95949e-05 
0.000301234 0.00012707 2.42616e-05 
0.000927214 0.000461779 2.46536e-05 
0.000629935 0.000477949 8.00614e-05 
0.000195629 0.000415552 7.96461e-05 
0.00096251 0.00048286 1.71388e-05 
0.000831523 0.000334384 3.29515e-05 
6.09053e-05 0.000437122 8.25481e-05 
0.000457694 0.000434229 2.56011e-05 
0.000780699 0.000116377 4.63554e-05 
0.000742982 0.000323061 4.72913e-05 
0.000609625 0.000299171 8.85611e-05 
0.000121577 0.000460389 2.1654e-05 
0.000762612 0.000239085 5.14029e-05 
0.000812427 9.93237e-05 2.29206e-05 
0.000728117 0.000403458 5.08897e-05 
0.000474495 0.000426762 6.839e-05 
0.000559463 0.000151129 8.65564e-05 
0.000337448 0.000147858 1.79701e-05 
0.000610383 0.000279491 3.39184e-05 
0.000188149 0.000268404 5.87449e-05 
0.000501033 0.000108122 7.09281e-05 
0.000566833 0.00019033 2.24204e-05 
0.000439421 0.000482271 1.7727e-05 
0.000511821 0.00018426 7.68601e-05 
0.000751375 0.000126651 2.04249e-05 
0.000224839 0.000179669 1.94785e-05 
0.000103334 0.00042974 0.000111382 
0.000500851 0.000338098 6.54585e-05 
4.7823e-05 0.000189542 5.20914e-05 
0.000674274 0.00027546 3.01842e-05 
0.000578561 2.24472e-05 5.37874e-05 
0.000132539 0.000377472 3.02618e-05 
3.07253e-05 0.000275977 6.90411e-05 
0.000379785 0.000446345 7.03814e-05 
0.000536857 0.000297975 1.72961e-05 
0.000843531 8.58454e-05 7.81238e-05 
0.000729227 9.30198e-05 1.97351e-05 
7.63985e-05 0.000172468 1.90545e-05 
6.00796e-05 0.000378636 1.99498e-05 
0.000270965 0.000206752 8.31504e-05 
0.000970741 0.000210431 2.00961e-05 
0.000273771 0.000245255 2.15248e-05 
0.000831431 0.000181268 9.5953e-05 
0.000887472 0.000347822 2.51033e-05 
0.000676935 0.000128793 1.75636e-05 
2.2578e-05 0.000252115 2.25658e-05 
0.000716341 0.000237522 2.65808e-05 
0.000111743 0.000243276 1.9207e-05 
0.000944553 0.00015232 1.71481e-05 
0.000891178 0.000445832 6.61114e-05 
0.00041891 0.000406936 2.19549e-05 
0.000107852 5.97197e-05 3.13147e-05 
0.000573028 0.000314953 6.20221e-05 
0.00086155 0.000207932 1.84592e-05 
0.000249525 0.000189126 4.88947e-05 
2.11367e-05 0.000367487 5.7457e-05 
0.000776637 0.000276704 6.74835e-05 
0.000240385 2.50579e-05 2.50552e-05 
0.000791639 6.63699e-05 3.44146e-05 
0.000255743 0.000268265 8.69746e-05 
0.000287079 0.000444462 7.45739e-05 
0.000702923 0.000175464 2.56846e-05 
0.000363819 0.000123342 1.80339e-05 
0.000965453 0.000420367 5.70733e-05 
0.000166727 0.00018024 2.17744e-05 
0.000137608 0.000320734 2.09952e-05 
0.000978613 0.000119898 6.20092e-05 
0.000210301 5.78821e-05 1.9778e-05 
0.000978448 0.000134166 2.15508e-05 
0.00079973 0.000287516 2.43335e-05 
0.000395773 0.000481841 9.17064e-05 
7.88764e-05 0.000126862 2.7347e-05 
0.000440683 0.000390097 7.96812e-05 
0.000128802 0.000316138 7.98929e-05 
0.000463416 2.27875e-05 2.26029e-05 
0.000940206 0.000389094 8.54287e-05 
0.000934611 0.000352158 2.23075e-05 
0.000228363 0.000310661 2.62451e-05 
0.000354692 0.000240657 8.51448e-05 
0.000821649 0.000417523 7.62157e-05 
0.000973253 0.000468418 5.7159e-05 
0.000230056 0.000140508 4.83964e-05 
0.000401253 0.000195145 0.000115382 
0.000115332 0.000157687 2.08394e-05 
0.000279414 0.000339614 2.01112e-05 
0.000366373 1.97781e-05 7.54752e-05 
0.000644493 0.000441294 5.67309e-05 
2.02785e-05 0.000385706 2.02777e-05 
0.000523387 0.000482659 5.02821e-05 
0.000972974 0.000324082 5.98797e-05 
0.000601266 0.000441451 6.11692e-05 
0.00094124 0.000306314 2.40374e-05 
0.000371069 0.000165043 1.80007e-05 
0.000598787 6.23884e-05 6.86944e-05 
0.000879267 8.98662e-05 6.46664e-05 
0.000933812 2.11486e-05 2.11505e-05 
0.000444944 5.76045e-05 1.71704e-05 
0.000682764 0.000472172 7.30799e-05 
0.000697528 5.48798e-05 9.0162e-05 
0.000760293 0.000440405 3.29145e-05 
0.000332311 3.58725e-05 3.53033e-05 
0.000352122 0.000472192 6.28682e-05 
0.000671977 5.20661e-05 2.06404e-05 
0.000324251 0.000325994 2.72731e-05 
0.000489184 7.77896e-05 4.00859e-05 
0.000110324 0.000364295 8.355e-05 
0.000225059 0.00038307 6.4531e-05 
0.000508049 0.000117571 2.66799e-05 
1.92964e-05 6.63494e-05 3.14293e-05 
0.000502468 1.74411e-05 1.71837e-05 
0.000834235 0.000378134 8.57785e-05 
0.000308894 8.32644e-05 1.8595e-05 
4.53134e-05 0.000190801 1.70879e-05 
0.000163111 0.00022789 5.40205e-05 
0.000567645 0.00031722 1.90545e-05 
0.000426838 0.000326906 9.61307e-05 
0.000465813 0.000209479 2.06973e-05 
0.000819416 0.00011524 7.02973e-05 
0.000846096 0.000238772 8.23009e-05 
0.000180369 0.000305229 2.2226e-05 
0.000614267 0.000330163 4.15752e-05 
0.000539256 1.98786e-05 6.99482e-05 
0.000642148 0.000421757 1.88803e-05 
0.000854614 1.83702e-05 8.63097e-05 
0.000314433 0.000437389 2.55312e-05 
0.000428351 0.000308854 1.87702e-05 
0.00097249 6.60365e-05 8.202e-05 
0.000319646 0.000382702 2.90397e-05 
2.44444e-05 0.000207491 7.62506e-05 
0.000127801 0.000151159 9.44596e-05 
0.000166926 0.000341679 4.21093e-05 
0.000943694 9.49113e-05 6.26257e-05 
0.000411724 0.000452016 2.37261e-05 
0.000474397 0.00020822 5.76666e-05 
7.77422e-05 0.000482604 7.88199e-05 
0.000489903 0.000470498 7.45613e-05 
0.000861351 0.000376244 5.16207e-05 
0.000135697 0.000482501 5.07173e-05 
0.00014996 0.000235597 1.97598e-05 
0.000497598 0.000449741 3.48033e-05 
0.000763357 4.60032e-05 7.72856e-05 
0.000755877 0.000150233 5.15209e-05 
0.000261899 0.000159492 2.21469e-05 
0.000477339 0.00025389 2.04028e-05 
0.000574658 9.39585e-05 1.79204e-05 
0.000805575 1.87219e-05 7.38113e-05 
0.000605579 0.000224151 2.2744e-05 
0.000716001 0.000339527 2.08483e-05 
0.000878905 9.49207e-05 1.7523e-05 
0.000167261 3.06234e-05 3.06234e-05 
0.000610576 2.10613e-05 7.94887e-05 
0.000599135 0.000351073 7.00511e-05 
0.000715732 5.24158e-05 2.31982e-05 
0.00021142 0.000166221 8.34929e-05 
0.000552805 0.000462222 2.85481e-05 
0.000754224 0.000271047 2.40601e-05 
0.000731242 0.000473253 4.02085e-05 
0.000545894 0.000378068 2.3214e-05 
0.000614053 9.26865e-05 2.16754e-05 
0.000786778 0.000423612 8.93163e-05 
0.000535466 0.00029801 5.25357e-05 
0.000765638 0.000391905 9.62807e-05 
2.36318e-05 0.000341084 2.2637e-05 
0.000665751 0.000393238 1.8148e-05 
0.000558931 0.000470616 8.14837e-05 
0.000152127 0.000299528 5.06081e-05 
0.000383764 0.000152594 5.46189e-05 
0.000923655 0.000474251 7.33544e-05 
0.000722619 0.000383006 1.84418e-05 
5.84069e-05 8.07349e-05 2.30414e-05 
0.000653727 1.84069e-05 5.43401e-05 
0.000591196 0.000480867 1.91347e-05 
0.000564991 0.000197338 6.49444e-05 
0.000404826 0.000403234 5.83511e-05 
0.000171299 1.83604e-05 7.78743e-05 
0.000198193 0.000177541 4.44681e-05 
0.000407486 0.00035999 1.96285e-05 
0.00039121 0.000112266 5.48466e-05 
0.00049954 0.000350772 9.97391e-05 
0.000798464 8.15008e-05 6.97939e-05 
0.000808179 0.00025056 4.67896e-05 
0.000697398 0.000280009 7.7424e-05 
0.000831859 0.000148303 2.25252e-05 
0.000570557 0.000375855 5.73373e-05 
0.000978902 0.000173416 1.78725e-05 
0.000152229 0.000139835 2.01414e-05 
0.000482149 3.90307e-05 9.96275e-05 
0.000276735 2.46166e-05 5.62481e-05 
2.04143e-05 0.000211384 3.6136e-05 
0.000640503 0.000315273 6.37857e-05 
0.000276918 0.000200426 2.09009e-05 
0.000700187 0.000237641 9.78561e-05 
0.000568427 3.92615e-05 8.82825e-05 
0.000537205 0.000123822 8.21361e-05 
0.000279143 0.000247578 6.40435e-05 
0.000921113 0.000168814 4.42191e-05 
0.000882354 0.000272644 9.60101e-05 
0.000586483 5.38022e-05 2.39502e-05 
4.80823e-05 0.000234464 4.79275e-05 
0.000200989 0.000365199 9.08579e-05 
0.000835121 0.000187394 3.33359e-05 
5.96001e-05 7.30916e-05 6.39098e-05 
0.000236204 0.000416531 2.96355e-05 
0.000687863 9.74489e-05 7.50952e-05 
2.27449e-05 0.000336681 8.90362e-05 
0.000555219 0.00012857 2.19818e-05 
0.000754311 6.10526e-05 4.27452e-05 
0.000957228 0.000373737 5.27286e-05 
0.000477282 0.000479698 2.02974e-05 
0.000383269 1.88614e-05 2.26395e-05 
0.000977326 2.48783e-05 2.46839e-05 
0.000310303 2.53069e-05 9.0764e-05 
0.000446837 0.000349427 1.82666e-05 
0.000978451 0.00035341 2.15488e-05 
0.000353057 0.000144998 8.39897e-05 
0.000803676 0.000478629 0.000103811 
0.000465609 8.75805e-05 8.05659e-05 
0.000154347 0.000205194 8.45074e-05 
0.000917949 0.000257243 7.39253e-05 
0.000527966 0.000335242 3.37122e-05 
5.22226e-05 0.000113086 6.67783e-05 
0.000116453 0.000105571 1.70138e-05 
0.000163209 0.000477672 2.23281e-05 
0.000908142 0.000381309 9.52095e-05 
0.000494341 6.71797e-05 7.53091e-05 
0.000741645 0.00029248 9.90314e-05 
0.000949434 0.00035347 8.73887e-05 
0.000321142 0.00046537 9.35483e-05 
8.86952e-05 9.57071e-05 5.7731e-05 
0.000744372 0.000126523 7.97529e-05 
0.000364525 0.000208092 2.63274e-05 
0.000525811 0.000445965 5.76256e-05 
0.000217907 0.000479449 2.05474e-05 
8.94816e-05 0.00034838 2.23073e-05 
0.00010726 0.000282176 7.95411e-05 
0.000315723 0.000224977 2.52162e-05 
0.00023386 0.000224559 9.0785e-05 
0.000879568 0.000203468 5.06551e-05 
0.000119608 2.22787e-05 6.78143e-05 
0.000933187 0.000288344 6.16606e-05 
1.80704e-05 9.24046e-05 6.14671e-05 
0.00093432 0.000197219 1.83524e-05 
0.000893822 0.000237975 5.49472e-05 
0.00050524 0.000137912 9.29759e-05 
0.00087407 0.000470574 2.9425e-05 
0.000510935 0.000306726 9.1247e-05 
9.39472e-05 0.000463585 5.18299e-05 
0.000752795 0.00040629 1.96546e-05 
0.000290019 0.000482314 7.24891e-05 
0.000755399 0.000353596 2.09858e-05 
0.000693546 1.727e-05 1.72527e-05 
0.000632288 5.60977e-05 1.9275e-05 
0.000196826 0.000364363 4.84332e-05 
0.000252756 0.000140006 8.26219e-05 
0.000347319 0.000168143 4.83818e-05 
0.000462368 0.000291088 9.68761e-05 
0.000561711 0.000273557 1.75454e-05 
0.000285978 1.75503e-05 1.75506e-05 
0.000441189 0.000239816 1.84381e-05 
0.000162937 0.000371687 8.52749e-05 
0.000857259 0.000235795 4.46582e-05 
0.000653984 1.79893e-05 1.79777e-05 
0.000249651 0.000316292 9.5546e-05 
0.000397137 0.000474246 5.61602e-05 
0.000730017 2.2418e-05 6.02709e-05 
0.00096616 0.000438751 2.07527e-05 
0.000837168 0.00026237 2.08971e-05 
0.000441169 6.21772e-05 6.39763e-05 
0.000193886 0.000144135 2.18205e-05 
0.000937118 8.55741e-05 9.66315e-05 
0.000348899 0.000289461 3.35581e-05 
0.000134582 0.000423579 1.75957e-05 
0.000105558 0.000287231 2.56053e-05 
0.000376588 0.000189408 6.57141e-05 
0.000782428 0.000237372 1.98247e-05 
0.00050501 5.34271e-05 1.74842e-05 
0.000768193 9.06805e-05 1.93e-05 
0.00033488 0.000436427 6.52881e-05 
0.000920567 1.80109e-05 6.62376e-05 
0.000933208 0.000117965 1.90738e-05 
0.000470096 0.000358332 8.15104e-05 
0.000960067 0.000136708 9.22019e-05 
0.000698269 0.000414576 8.27566e-05 
2.29717e-05 0.000161626 1.84739e-05 
0.000502687 3.48889e-05 5.24281e-05 
0.000273119 0.000374312 3.66805e-05 
0.000130504 8.2001e-05 7.40887e-05 
0.000195963 0.000341304 1.73741e-05 
0.000788036 0.000423769 1.79403e-05 
0.000852181 0.000112445 4.38418e-05 
0.000315096 0.000353806 7.09195e-05 
0.000546354 0.000254208 4.59569e-05 
0.000776533 4.03756e-05 1.70271e-05 
0.000664019 0.000110966 4.66314e-05 
0.00065902 0.000162232 2.04659e-05 
6.3461e-05 0.000384126 8.97515e-05 
0.000177456 0.000481009 0.00010556 
0.000659347 0.000465271 1.7079e-05 
6.61399e-05 0.0004703 2.19686e-05 
0.000109388 0.000324329 4.61914e-05 
0.000874904 0.000168493 0.000102288 
0.000564228 0.000273839 6.98903e-05 
0.000596775 9.48339e-05 9.73378e-05 
2.70866e-05 0.000481271 1.87238e-05 
0.000782537 0.000315243 5.13167e-05 
8.02261e-05 2.84519e-05 6.87368e-05 
0.000467002 0.000222714 8.79507e-05 
0.000371379 0.000476517 2.34654e-05 
1.80987e-05 0.000405507 6.66951e-05 
0.000356923 0.000379202 5.8877e-05 
2.18971e-05 0.000296576 2.18934e-05 
0.000822993 2.03772e-05 0.000106639 
0.000245829 0.000269578 4.39679e-05 
0.00036657 0.000368716 2.06404e-05 
0.000923345 7.98399e-05 1.7917e-05 
0.000272075 9.73952e-05 1.78397e-05 
