0.000843333 0.0004214 3.10541e-05 
7.79098e-05 0.00029501 6.07094e-05 
0.000534474 0.000223347 8.95052e-05 
0.000318883 0.000249904 6.22458e-05 
0.000692345 0.000332525 6.75844e-05 
0.000367773 6.33083e-05 7.36416e-05 
0.000756101 0.000195662 3.09906e-05 
0.000886169 0.000288067 3.57927e-05 
0.000516257 4.02313e-05 9.42026e-05 
0.000775873 0.00023575 8.55537e-05 
0.000633338 0.000365897 2.4239e-05 
0.000183331 0.000381461 1.97442e-05 
0.000831745 0.000286508 7.58711e-05 
0.000200834 0.000214266 7.08011e-05 
0.000488524 0.000386267 3.62699e-05 
0.000809622 0.000157112 6.2718e-05 
0.000443428 0.000341713 5.61238e-05 
0.000231324 0.000362189 2.5229e-05 
0.000527389 0.000160612 4.00076e-05 
0.000888672 0.000236059 1.89328e-05 
0.000919609 0.000331967 6.16678e-05 
0.000418154 0.00030251 5.71686e-05 
0.000943414 5.2243e-05 5.33685e-05 
0.000838446 5.21813e-05 6.7397e-05 
0.000687292 9.09454e-05 2.14037e-05 
0.00027558 0.000301268 2.06135e-05 
8.41003e-05 0.000231298 8.46634e-05 
0.000564555 0.000234149 1.97555e-05 
0.000160082 9.08435e-05 2.98328e-05 
0.000955133 0.000442889 9.27947e-05 
0.000515572 0.000216094 3.31041e-05 
0.000967774 0.00021969 5.68483e-05 
0.000895408 0.000135053 2.57047e-05 
0.000773636 2.10027e-05 4.99613e-05 
6.66036e-05 0.000260495 2.19104e-05 
0.000746835 0.000351321 9.38532e-05 
0.00061707 0.000438909 9.22306e-05 
0.000312696 0.000165318 9.94287e-05 
0.000332446 0.000202695 6.61309e-05 
0.000328743 0.000180721 1.87158e-05 
0.000295158 0.000299155 7.64846e-05 
0.000476829 0.000305794 3.28608e-05 
0.000462948 2.31879e-05 6.8386e-05 
0.000336533 0.000103077 5.63918e-05 
0.000978199 0.000402594 2.18e-05 
0.000598273 0.000481876 5.60029e-05 
0.00054137 0.000351824 7.68953e-05 
0.000725818 0.000172266 6.5432e-05 
0.000394665 0.000230191 6.39092e-05 
0.000387044 0.000280242 9.47645e-05 
0.000267285 0.000382562 8.06379e-05 
0.000575234 0.000156888 4.93844e-05 
0.000797227 5.31954e-05 8.36712e-05 
0.000843332 0.000461952 7.42984e-05 
9.09674e-05 6.21896e-05 8.04094e-05 
0.000192997 0.000110445 8.18191e-05 
0.000972463 8.69004e-05 2.75341e-05 
0.00051209 0.000420378 7.90798e-05 
0.000213119 0.000101432 2.45094e-05 
0.000367395 0.000417501 3.12572e-05 
0.00047955 0.000165917 2.60594e-05 
0.000284282 0.000414671 4.34205e-05 
0.000586482 0.000355742 2.37086e-05 
0.000802106 0.000190764 1.71766e-05 
0.000541939 7.56497e-05 5.8849e-05 
0.000240107 6.8881e-05 6.10988e-05 
0.000514144 0.000479047 1.73979e-05 
0.000397159 6.75024e-05 3.08114e-05 
0.00096967 0.00017323 6.22485e-05 
0.000890857 0.000179635 1.93965e-05 
0.000594159 0.000405281 7.59059e-05 
0.000621067 0.000132089 7.18074e-05 
0.00039835 0.000359343 6.6639e-05 
0.000693283 0.000383086 4.66049e-05 
0.000651516 6.64087e-05 6.30139e-05 
0.000154345 5.10924e-05 7.31836e-05 
0.000864473 0.000164151 5.77438e-05 
0.000445084 0.000114611 3.66386e-05 
0.000617226 0.000198877 8.13101e-05 
0.000709431 0.000127591 4.70493e-05 
0.000785918 0.00015136 2.30042e-05 
6.07078e-05 0.000343339 5.72986e-05 
0.000173614 0.000390662 5.41802e-05 
0.000424575 0.000439811 6.90462e-05 
0.000581011 0.000236341 5.90865e-05 
0.000792145 0.000385141 4.92587e-05 
2.9914e-05 0.000434471 2.99136e-05 
0.000347667 0.000277605 5.96244e-05 
0.000177878 0.000428866 2.88155e-05 
0.000151311 0.000274989 2.03547e-05 
0.000277559 5.63121e-05 2.3276e-05 
0.000822624 0.00047415 2.58497e-05 
0.000671225 0.000146063 6.47403e-05 
0.000980947 0.000295151 1.74972e-05 
0.000132599 0.000254477 5.59864e-05 
0.000868708 0.000336133 8.54335e-05 
0.000209028 2.35544e-05 6.18676e-05 
0.000925383 0.00020955 8.26178e-05 
0.000352804 0.000326643 7.5692e-05 
0.000419214 0.000184922 3.29381e-05 
0.000562744 0.000420665 5.78254e-05 
0.000777185 0.000477185 2.00573e-05 
0.000729305 0.000365363 4.91196e-05 
0.000788266 0.000122897 8.77434e-05 
0.000421215 2.46982e-05 1.9365e-05 
0.00081995 2.92588e-05 2.92572e-05 
0.000294011 6.95155e-05 6.3984e-05 
0.000730448 0.00024951 7.11775e-05 
7.58991e-05 0.000214915 2.46838e-05 
0.000681704 0.000180241 6.23642e-05 
0.000614861 0.000175528 2.64943e-05 
0.000399863 0.000269349 2.69521e-05 
0.000971751 0.000265386 7.13315e-05 
0.000652185 0.000276923 7.86057e-05 
0.000935854 0.000244183 3.02678e-05 
0.000596971 0.000132198 2.07348e-05 
8.74829e-05 0.000416493 3.03991e-05 
0.000132594 0.000436237 6.88874e-05 
0.000491899 0.000269433 6.3928e-05 
8.30496e-05 0.000166227 6.91802e-05 
0.00068855 0.000482758 1.72096e-05 
0.000646962 0.000383407 8.11429e-05 
0.00012418 0.000200558 4.29121e-05 
0.00031189 0.000274734 2.45236e-05 
0.000514254 0.000268857 2.10377e-05 
0.000766734 0.000179459 8.3893e-05 
0.000237316 0.0004481 7.08824e-05 
0.000977356 2.26414e-05 6.74472e-05 
0.000677097 0.000353836 2.10512e-05 
0.000229379 0.000224365 2.76748e-05 
0.000909334 0.000405165 3.66547e-05 
0.000413494 2.49838e-05 6.30348e-05 
0.000687426 2.97133e-05 5.16591e-05 
0.000766257 0.000475769 6.29476e-05 
0.000536079 0.000393557 6.00628e-05 
0.000458106 0.000165708 8.60307e-05 
0.000659561 0.000214168 3.29395e-05 
0.000411648 8.87166e-05 9.0675e-05 
0.00026666 0.000468752 3.12452e-05 
0.000979278 0.000399615 7.92113e-05 
0.000164355 0.000161496 6.26695e-05 
0.000911867 9.69739e-05 3.7159e-05 
0.000647836 0.000320895 2.30554e-05 
0.000361839 0.000411267 8.52501e-05 
0.000314889 0.000405991 7.43263e-05 
0.000872379 0.000122931 7.31453e-05 
0.000187228 0.000239359 1.80799e-05 
0.000690398 0.000432245 3.07162e-05 
5.57044e-05 2.89726e-05 2.89691e-05 
0.000543418 2.52997e-05 2.52998e-05 
0.00071882 0.000298554 2.06403e-05 
0.000883648 4.38081e-05 3.64693e-05 
0.00021392 0.000268927 1.83525e-05 
0.000914523 0.00013182 7.35305e-05 
0.000298283 0.000171932 4.72599e-05 
0.00080238 0.000336274 8.53665e-05 
0.00052828 0.000267368 7.35542e-05 
0.000732284 0.000289037 5.70269e-05 
0.000199612 0.000320795 6.88599e-05 
0.000799301 0.000442798 5.5295e-05 
0.000823741 0.000225987 2.07605e-05 
0.00059942 0.00040622 2.86321e-05 
2.61557e-05 0.000120139 2.61557e-05 
0.000468826 0.000323 8.05615e-05 
0.000447568 0.000473242 5.14872e-05 
4.85059e-05 0.000394684 4.99517e-05 
0.000382925 0.000321647 2.80203e-05 
0.000554411 0.000421156 1.91491e-05 
0.000265185 0.000115558 4.97613e-05 
0.000912105 7.67269e-05 7.1378e-05 
0.000614413 0.000253418 8.29068e-05 
0.00080465 0.000207688 6.08323e-05 
0.000436047 0.000374991 3.74987e-05 
0.000248569 0.000121844 1.7066e-05 
0.000744831 2.03325e-05 2.03289e-05 
0.000396862 0.000138879 1.98846e-05 
0.000351038 0.000251885 2.0945e-05 
0.000257716 0.000337324 5.56349e-05 
0.000718291 8.12754e-05 5.60942e-05 
0.00076489 0.000316063 1.8583e-05 
0.000867015 0.000411637 8.04139e-05 
0.000637783 0.000126768 2.04344e-05 
0.000616758 2.2013e-05 3.27047e-05 
0.000329957 0.000482964 1.70344e-05 
0.000579914 0.000111104 4.8092e-05 
0.000124876 0.000126165 5.61186e-05 
0.000193778 0.000471896 6.2535e-05 
0.000192412 6.42312e-05 5.173e-05 
2.1951e-05 4.66219e-05 6.27601e-05 
6.46305e-05 0.000310746 2.25129e-05 
0.000679717 0.000245696 6.95332e-05 
2.25347e-05 0.000476995 5.97466e-05 
0.000758732 0.00043011 5.25594e-05 
0.000445378 0.000257925 6.05404e-05 
0.000622868 0.000454322 2.08291e-05 
0.000837334 7.26771e-05 1.7535e-05 
0.000298514 0.000129564 2.42614e-05 
0.000931529 0.000461043 2.46535e-05 
0.000631473 0.00047795 7.82814e-05 
0.000196969 0.000420365 7.99204e-05 
0.000966383 0.00048285 1.71391e-05 
0.000831977 0.000333513 3.29516e-05 
6.11707e-05 0.000436464 8.24448e-05 
0.000457093 0.000438482 2.56007e-05 
0.000776251 0.000117956 4.83755e-05 
0.000743217 0.00032638 4.92565e-05 
0.000612051 0.000299088 8.7802e-05 
0.00012282 0.000462028 2.16546e-05 
0.000763412 0.000239463 5.04592e-05 
0.000809064 0.00010697 2.29187e-05 
0.000728134 0.000404754 5.11724e-05 
0.000469752 0.000428999 6.94057e-05 
0.000554009 0.000155607 8.32451e-05 
0.000337297 0.000145036 1.79671e-05 
0.000610697 0.000279076 3.39198e-05 
0.000186201 0.000266308 5.79848e-05 
0.000495996 0.000102805 6.90021e-05 
0.000565945 0.000192081 2.2417e-05 
0.000437202 0.000482273 1.77267e-05 
0.000510371 0.000182721 7.47202e-05 
0.000748998 0.000128635 2.04237e-05 
0.000225601 0.000178082 1.94791e-05 
0.00010248 0.000419477 0.000108736 
0.000501704 0.000339977 6.0133e-05 
4.62626e-05 0.000192926 5.14069e-05 
0.000674584 0.000275422 3.01828e-05 
0.000579293 2.00193e-05 5.24846e-05 
0.00013455 0.00037823 3.02624e-05 
3.035e-05 0.000278051 6.91335e-05 
0.000380921 0.000453549 6.12479e-05 
0.000537163 0.000299366 1.72976e-05 
0.000843723 9.03294e-05 7.53198e-05 
0.000728275 9.42423e-05 1.97366e-05 
7.96642e-05 0.0001717 1.90557e-05 
5.98082e-05 0.000373712 1.99536e-05 
0.000278363 0.000203426 7.80835e-05 
0.000972312 0.000210957 2.00957e-05 
0.000274177 0.000243999 2.15257e-05 
0.000833814 0.000182734 9.3734e-05 
0.000887646 0.000347999 2.51045e-05 
0.000675652 0.000127931 1.75614e-05 
2.25751e-05 0.000254216 2.2566e-05 
0.000714774 0.000235499 2.65805e-05 
0.000111072 0.0002413 1.92054e-05 
0.000943879 0.000152094 1.7148e-05 
0.000889767 0.000445424 6.80441e-05 
0.000419966 0.000407397 2.19546e-05 
0.000108168 5.85725e-05 3.13134e-05 
0.000575778 0.00031655 6.18608e-05 
0.000864801 0.00020728 1.84583e-05 
0.000249149 0.000187238 4.93478e-05 
2.1137e-05 0.000367609 5.87571e-05 
0.000775559 0.000276874 6.71224e-05 
0.000240735 2.5055e-05 2.50542e-05 
0.000795616 6.87021e-05 2.00787e-05 
0.000251148 0.000270764 8.16462e-05 
0.000289463 0.000445514 7.12537e-05 
0.00070332 0.000175698 2.56841e-05 
0.000363711 0.000120562 1.80333e-05 
0.000960226 0.000424035 5.28155e-05 
0.000168322 0.000187481 2.17734e-05 
0.000130848 0.000325196 2.0997e-05 
0.000978646 0.000120993 6.20154e-05 
0.000210225 5.74835e-05 1.9778e-05 
0.000978446 0.00013526 2.15515e-05 
0.000797407 0.000288652 2.43363e-05 
0.000392279 0.000481843 8.7083e-05 
7.93154e-05 0.000126046 2.73446e-05 
0.000442142 0.000392039 7.71143e-05 
0.000132075 0.000322332 7.8149e-05 
0.000463015 2.27733e-05 2.26027e-05 
0.000940159 0.000394778 7.96289e-05 
0.00093461 0.000353859 2.2309e-05 
0.000230032 0.000310743 2.62433e-05 
0.000352131 0.000237295 8.31112e-05 
0.000823853 0.000417073 7.58685e-05 
0.000973257 0.000472818 5.93011e-05 
0.000229496 0.000139808 4.76816e-05 
0.000398769 0.000194 0.000116528 
0.000116568 0.000156667 2.08334e-05 
0.000280067 0.000341779 2.01105e-05 
0.000370005 1.97774e-05 7.22401e-05 
0.000643342 0.000438948 5.73588e-05 
2.02779e-05 0.00038597 2.02777e-05 
0.000525094 0.000482671 5.01533e-05 
0.000972975 0.000324505 6.05734e-05 
0.000597632 0.000444227 5.8271e-05 
0.000941331 0.000308034 2.4038e-05 
0.00036815 0.000163524 1.80015e-05 
0.00059939 6.71122e-05 6.63479e-05 
0.000883173 9.31296e-05 5.72403e-05 
0.000934351 2.11452e-05 2.11432e-05 
0.00044486 5.77636e-05 1.71704e-05 
0.000680666 0.000472173 7.24084e-05 
0.000699536 5.44646e-05 8.82081e-05 
0.000761598 0.000442843 1.77048e-05 
0.000333963 3.90013e-05 3.53007e-05 
0.000338539 0.000478502 5.48347e-05 
0.000672644 5.15413e-05 2.06402e-05 
0.000323825 0.000325062 2.72731e-05 
0.000483764 7.71719e-05 1.93219e-05 
0.000104528 0.000366062 7.98391e-05 
0.000219916 0.000383652 6.33366e-05 
0.000507599 0.000115856 2.66775e-05 
1.92851e-05 6.38969e-05 1.92707e-05 
0.000502034 1.71846e-05 1.71845e-05 
0.000833929 0.000376235 8.57473e-05 
0.000308568 8.40545e-05 1.85938e-05 
4.63184e-05 0.000185508 1.70874e-05 
0.000163278 0.000224592 5.3149e-05 
0.000568875 0.000317051 1.90538e-05 
0.000426438 0.000326015 9.5077e-05 
0.000463317 0.000212877 2.06965e-05 
0.00081792 0.000116017 6.21817e-05 
0.00083775 0.000236814 7.59286e-05 
0.000182162 0.000304279 2.22267e-05 
0.000612972 0.000329829 4.16897e-05 
0.000542301 1.98728e-05 7.01337e-05 
0.000643661 0.000420548 1.88801e-05 
0.00085277 1.83611e-05 7.39578e-05 
0.000317113 0.000443277 2.55335e-05 
0.000427372 0.000310334 1.87675e-05 
0.000980808 6.60143e-05 6.63783e-05 
0.00031933 0.000381166 2.90384e-05 
2.00794e-05 0.000214645 6.85693e-05 
0.000127625 0.000156602 9.08196e-05 
0.000164759 0.000338628 4.13515e-05 
0.000940559 9.86362e-05 5.89127e-05 
0.000409653 0.000451863 2.37261e-05 
0.000472157 0.000207812 5.72739e-05 
6.88049e-05 0.000482601 6.90494e-05 
0.000488172 0.000471977 6.96664e-05 
0.000860955 0.000376028 5.14713e-05 
0.000137423 0.0004825 5.1663e-05 
0.000149679 0.000234907 1.97601e-05 
0.000499471 0.00044663 1.81856e-05 
0.000762667 4.71846e-05 7.6381e-05 
0.000755474 0.000150604 5.23415e-05 
0.000262124 0.000158288 2.2147e-05 
0.000476493 0.000251807 2.03992e-05 
0.00057338 9.31575e-05 1.79196e-05 
0.000805377 1.87262e-05 7.37375e-05 
0.000605658 0.000223756 2.27446e-05 
0.00071664 0.000339987 2.08485e-05 
0.000883207 9.43674e-05 1.75247e-05 
0.000165336 3.06221e-05 3.06236e-05 
0.000613231 2.1056e-05 7.56206e-05 
0.000598678 0.0003553 6.66759e-05 
0.000716376 5.31401e-05 2.31927e-05 
0.000211345 0.000167495 8.14688e-05 
0.000552873 0.000464519 2.45709e-05 
0.000752846 0.000269765 2.40602e-05 
0.000730459 0.000473251 2.67494e-05 
0.000546197 0.000379797 2.32151e-05 
0.000612794 9.28634e-05 2.16744e-05 
0.000781057 0.000421372 8.44696e-05 
0.000535749 0.000298705 5.25302e-05 
0.000755704 0.000397555 8.35793e-05 
2.46238e-05 0.000343132 2.26356e-05 
0.000666577 0.00039148 1.81426e-05 
0.000559005 0.000466875 7.81229e-05 
0.000150129 0.000302927 4.69175e-05 
0.000380529 0.000154494 5.30085e-05 
0.000922404 0.000474247 7.2433e-05 
0.000720832 0.000385457 1.84413e-05 
5.79761e-05 8.0604e-05 2.30417e-05 
0.000650763 1.83962e-05 5.4219e-05 
0.000593038 0.000480864 1.91317e-05 
0.000565102 0.000196176 6.53494e-05 
0.000405251 0.00040333 5.80521e-05 
0.000170572 1.83567e-05 7.77526e-05 
0.000199192 0.000181305 4.46027e-05 
0.000406142 0.000362405 1.96272e-05 
0.000387999 0.000114137 5.09385e-05 
0.000499964 0.000348223 9.44812e-05 
0.000795474 8.23145e-05 5.71294e-05 
0.000808133 0.000252482 4.70976e-05 
0.000697842 0.00028064 7.4675e-05 
0.000831446 0.000151073 2.25256e-05 
0.000570466 0.000382032 5.76214e-05 
0.000982127 0.000174338 1.78724e-05 
0.000153739 0.000139449 2.01367e-05 
0.000479776 5.20918e-05 9.1298e-05 
0.000277453 2.35889e-05 5.5782e-05 
2.04114e-05 0.000211366 2.52384e-05 
0.000643237 0.000317192 6.48604e-05 
0.000274885 0.000200485 2.09009e-05 
0.000703417 0.000227679 9.07124e-05 
0.000572916 3.9671e-05 8.6344e-05 
0.000538907 0.000128761 6.55855e-05 
0.000276459 0.000247067 6.42762e-05 
0.000922284 0.000169831 4.49516e-05 
0.000883543 0.000274142 9.62641e-05 
0.000584083 5.31299e-05 2.39508e-05 
4.53938e-05 0.000232856 4.76201e-05 
0.000192372 0.000364397 8.48618e-05 
0.000835169 0.000190491 3.19262e-05 
5.62962e-05 6.80864e-05 6.26706e-05 
0.00023505 0.000416746 2.96317e-05 
0.000687384 9.74896e-05 7.67744e-05 
2.27448e-05 0.00032875 8.2897e-05 
0.000554472 0.000128058 2.1983e-05 
0.000756022 6.09867e-05 4.08646e-05 
0.000958283 0.000377295 5.04585e-05 
0.000476564 0.000479704 2.02965e-05 
0.000383269 1.88615e-05 1.88478e-05 
0.000977317 2.95991e-05 2.26727e-05 
0.00031142 2.52943e-05 8.98519e-05 
0.000452279 0.000349694 1.82647e-05 
0.000978451 0.000352908 2.15487e-05 
0.000359418 0.000141619 8.83988e-05 
0.000800492 0.000478627 9.29272e-05 
0.000465041 8.45127e-05 7.73919e-05 
0.000152864 0.000203064 8.39544e-05 
0.000918671 0.000259086 7.32081e-05 
0.000523353 0.000338052 2.43857e-05 
5.2396e-05 0.000108581 6.50971e-05 
0.000117096 0.000105213 1.70138e-05 
0.000163923 0.000477666 2.23276e-05 
0.000906135 0.000374553 8.08162e-05 
0.000489448 6.92178e-05 5.51314e-05 
0.000742772 0.000296306 9.8973e-05 
0.000949144 0.000356625 8.45491e-05 
0.000323456 0.00046718 9.49641e-05 
8.84464e-05 9.44409e-05 5.74664e-05 
0.000746294 0.000117853 7.45735e-05 
0.000364584 0.000206917 2.63275e-05 
0.000524093 0.0004395 4.41437e-05 
0.000217116 0.000479448 2.05468e-05 
9.27549e-05 0.000347356 2.23064e-05 
0.000112938 0.000287178 7.42187e-05 
0.00031535 0.000222184 2.52162e-05 
0.000241098 0.000229273 7.09552e-05 
0.000886364 0.00020378 4.85251e-05 
0.000126905 2.22772e-05 6.60066e-05 
0.000933661 0.000290712 6.20399e-05 
1.8068e-05 8.48346e-05 5.15315e-05 
0.000936512 0.000197044 1.8353e-05 
0.000894807 0.000238756 5.51292e-05 
0.00050387 0.000139865 6.87016e-05 
0.000878509 0.000470573 2.94267e-05 
0.000508056 0.000306014 8.3748e-05 
9.20601e-05 0.000462525 4.88139e-05 
0.000752539 0.000406648 1.96555e-05 
0.000297739 0.000482315 6.65243e-05 
0.000755871 0.000354517 2.09871e-05 
0.00069471 1.72529e-05 1.72495e-05 
0.000633187 5.74323e-05 1.92758e-05 
0.000195305 0.000360408 4.77611e-05 
0.000262085 0.000146107 7.18569e-05 
0.000341493 0.000163429 5.07944e-05 
0.00046809 0.00028854 8.95452e-05 
0.000562077 0.000275007 1.75458e-05 
0.000289037 1.75525e-05 1.75529e-05 
0.000431991 0.000236245 1.84386e-05 
0.000155613 0.000362432 7.19782e-05 
0.00085699 0.000237149 4.15754e-05 
0.000653728 1.79778e-05 1.79771e-05 
0.000242499 0.00030892 7.91607e-05 
0.000400668 0.000481791 5.16962e-05 
0.000728463 2.24194e-05 5.97252e-05 
0.000973881 0.000445083 2.07503e-05 
0.000836245 0.000265724 2.09005e-05 
0.000442147 6.05867e-05 5.68855e-05 
0.000194212 0.000150212 2.17778e-05 
0.000942499 8.17101e-05 9.0399e-05 
0.000350888 0.000289743 2.59407e-05 
0.000133067 0.000424356 1.75955e-05 
0.000106867 0.000285459 2.56075e-05 
0.00037257 0.000189948 6.74837e-05 
0.000784491 0.000236304 1.98233e-05 
0.000510227 5.11487e-05 1.7484e-05 
0.000767312 9.30006e-05 1.9304e-05 
0.000337628 0.000440068 6.51509e-05 
0.000921493 1.80085e-05 6.59691e-05 
0.00093654 0.000116676 1.90734e-05 
0.000470055 0.000358937 7.87727e-05 
0.000955216 0.000138119 8.83927e-05 
0.000698812 0.00041652 8.32937e-05 
1.84768e-05 0.000163426 1.84743e-05 
0.000504735 3.23393e-05 5.33705e-05 
0.000271812 0.000379844 1.89803e-05 
0.000128724 8.1551e-05 7.47703e-05 
0.000194109 0.000342994 1.73749e-05 
0.000793476 0.000426886 1.79403e-05 
0.000852778 0.000113073 3.84585e-05 
0.000310504 0.000354158 7.1492e-05 
0.000544414 0.000256596 4.12505e-05 
0.000776567 3.97905e-05 1.7028e-05 
0.000662188 0.000110147 4.64249e-05 
0.000659491 0.000162228 2.04667e-05 
5.57601e-05 0.000380065 8.7189e-05 
0.00016449 0.000481012 9.82388e-05 
0.000658881 0.000465552 1.70777e-05 
6.27322e-05 0.000473895 2.19686e-05 
0.000105279 0.000321157 4.88157e-05 
0.000882613 0.000171844 9.77215e-05 
0.000566294 0.000274853 6.28275e-05 
0.000581672 9.95028e-05 8.90116e-05 
2.28436e-05 0.000481275 1.87243e-05 
0.000785614 0.000321157 4.71538e-05 
8.75062e-05 2.75294e-05 6.29433e-05 
0.000467916 0.000224873 8.68183e-05 
0.000369427 0.000476535 2.34684e-05 
1.8111e-05 0.000405917 6.66724e-05 
0.000355828 0.000378035 5.9865e-05 
2.18936e-05 0.000298686 2.18932e-05 
0.000829257 2.27495e-05 0.000101974 
0.000245622 0.000268507 4.29702e-05 
0.000366114 0.000366714 2.06426e-05 
0.000929411 7.3243e-05 1.79168e-05 
0.000272864 9.67953e-05 1.78377e-05 
