0.000843151 0.000421357 3.10533e-05 
7.77814e-05 0.000295108 6.06559e-05 
0.000534603 0.000223422 8.94919e-05 
0.000318969 0.000250041 6.22865e-05 
0.000692294 0.00033257 6.75876e-05 
0.000367578 6.32397e-05 7.35818e-05 
0.0007561 0.000195619 3.09906e-05 
0.000886131 0.000288068 3.57911e-05 
0.000516213 4.03769e-05 9.42279e-05 
0.000775951 0.00023579 8.55066e-05 
0.00063325 0.000365858 2.42416e-05 
0.000183195 0.000381484 1.97438e-05 
0.000831911 0.000286381 7.57303e-05 
0.000200619 0.000213915 7.05251e-05 
0.000488438 0.00038604 3.62694e-05 
0.000809674 0.000156969 6.27194e-05 
0.000443557 0.000341709 5.62213e-05 
0.000231279 0.000362202 2.52307e-05 
0.00052759 0.000160476 4.0431e-05 
0.000888554 0.000236041 1.89334e-05 
0.000919717 0.000331816 6.17355e-05 
0.00041808 0.000302762 5.72236e-05 
0.000943381 5.21847e-05 5.3405e-05 
0.000838436 5.18123e-05 6.75957e-05 
0.000687199 9.09341e-05 2.14048e-05 
0.000275333 0.000300873 2.06137e-05 
8.4094e-05 0.000231361 8.46399e-05 
0.00056456 0.000234143 1.97559e-05 
0.00016017 9.08496e-05 2.98311e-05 
0.000955872 0.000444089 9.44673e-05 
0.000515768 0.000215902 3.31053e-05 
0.000967627 0.000219537 5.68471e-05 
0.000894973 0.000135128 2.57047e-05 
0.000773504 2.10008e-05 5.00006e-05 
6.65748e-05 0.000260493 2.191e-05 
0.000746995 0.000350939 9.36582e-05 
0.000616911 0.000439153 9.21976e-05 
0.000312612 0.000165851 9.94888e-05 
0.000332628 0.000203027 6.60904e-05 
0.000328535 0.000180923 1.87173e-05 
0.000295288 0.000299308 7.64602e-05 
0.000476741 0.000305654 3.28572e-05 
0.000462967 2.31832e-05 6.83858e-05 
0.000336575 0.000103173 5.63076e-05 
0.0009782 0.000401927 2.18002e-05 
0.000598338 0.000481878 5.59764e-05 
0.000541292 0.000351696 7.70171e-05 
0.000725605 0.000171752 6.54694e-05 
0.000394535 0.000230344 6.38714e-05 
0.000387763 0.000280177 9.52722e-05 
0.000267742 0.000382089 8.114e-05 
0.000575266 0.000156866 4.93869e-05 
0.000797261 5.29674e-05 8.4492e-05 
0.000843152 0.000461882 7.43265e-05 
9.09777e-05 6.23233e-05 8.04242e-05 
0.000192962 0.000110405 8.19146e-05 
0.000972464 8.67867e-05 2.75348e-05 
0.000512269 0.000420073 7.93682e-05 
0.000213212 0.000101378 2.45093e-05 
0.000367459 0.00041764 3.12562e-05 
0.000479864 0.000165594 2.60598e-05 
0.000284203 0.000414305 4.37762e-05 
0.000586406 0.000355615 2.37082e-05 
0.000802106 0.000190764 1.71766e-05 
0.000541997 7.5697e-05 5.87791e-05 
0.000240127 6.88778e-05 6.12e-05 
0.000514116 0.000479037 1.73977e-05 
0.000397055 6.73873e-05 3.08113e-05 
0.000969533 0.000173213 6.22137e-05 
0.000891057 0.000180423 1.93956e-05 
0.000594046 0.00040509 7.59175e-05 
0.000621178 0.000132218 7.18131e-05 
0.000398448 0.000359348 6.66179e-05 
0.000693192 0.000383127 4.67053e-05 
0.000651445 6.65101e-05 6.29783e-05 
0.000154193 5.09237e-05 7.32176e-05 
0.000864137 0.000164 5.8044e-05 
0.00044511 0.000114453 3.66391e-05 
0.000617113 0.000199016 8.12666e-05 
0.000709474 0.000127719 4.70506e-05 
0.000785937 0.00015133 2.30043e-05 
6.06304e-05 0.000343335 5.75091e-05 
0.000173435 0.00039071 5.41625e-05 
0.000424875 0.000439802 6.90007e-05 
0.000581013 0.000236359 5.90837e-05 
0.000792069 0.000385043 4.94703e-05 
2.99125e-05 0.000434431 2.99149e-05 
0.000347708 0.000277802 6.13718e-05 
0.000177924 0.000428896 2.88167e-05 
0.00015126 0.000275164 2.03553e-05 
0.000277495 5.63729e-05 2.32771e-05 
0.000822562 0.000474151 2.58495e-05 
0.000671698 0.00014557 6.6237e-05 
0.000980947 0.000295151 1.74972e-05 
0.000132567 0.000254621 5.59782e-05 
0.000868776 0.000336139 8.5366e-05 
0.000209043 2.35548e-05 6.18923e-05 
0.000925113 0.000209327 8.26497e-05 
0.000353222 0.00032628 7.60356e-05 
0.000419184 0.000185111 3.29355e-05 
0.000562519 0.000420367 5.78626e-05 
0.00077712 0.000477173 2.00574e-05 
0.000729197 0.00036534 4.91463e-05 
0.000787986 0.000122491 8.78785e-05 
0.000421215 2.46979e-05 1.93654e-05 
0.000819905 2.92585e-05 2.92561e-05 
0.000294036 6.96405e-05 6.39296e-05 
0.000730369 0.000249231 7.12749e-05 
7.60175e-05 0.00021495 2.46842e-05 
0.000681632 0.000180196 6.23656e-05 
0.000614829 0.00017556 2.64939e-05 
0.000400093 0.000269487 2.69507e-05 
0.000971751 0.000265165 7.13086e-05 
0.000652107 0.000277014 7.85498e-05 
0.000935752 0.000244092 3.02683e-05 
0.000597016 0.0001322 2.07351e-05 
8.75164e-05 0.000416576 3.03972e-05 
0.000132648 0.000436252 6.8903e-05 
0.000491595 0.000270266 6.51274e-05 
8.3179e-05 0.000166292 6.91214e-05 
0.000688512 0.00048274 1.72101e-05 
0.000646803 0.000383414 8.11482e-05 
0.00012433 0.000200557 4.27963e-05 
0.000311983 0.00027481 2.45239e-05 
0.000514105 0.000268654 2.1038e-05 
0.000766584 0.000179426 8.39247e-05 
0.000237337 0.000448101 7.08795e-05 
0.000977359 2.26426e-05 6.75318e-05 
0.000677102 0.000353909 2.10511e-05 
0.000229401 0.000224499 2.76751e-05 
0.000909405 0.000405 3.66546e-05 
0.000413632 2.49824e-05 6.30596e-05 
0.000687566 2.98523e-05 5.16685e-05 
0.000766168 0.000475769 6.29413e-05 
0.000535967 0.000393125 6.01679e-05 
0.000458159 0.000165676 8.59025e-05 
0.00065956 0.000214169 3.29398e-05 
0.000411865 9.12458e-05 9.19911e-05 
0.000266694 0.000468756 3.12451e-05 
0.000979279 0.000398786 7.96968e-05 
0.00016419 0.000161562 6.32497e-05 
0.000911323 9.71306e-05 3.75217e-05 
0.000647908 0.000320908 2.30549e-05 
0.000362107 0.000411444 8.52706e-05 
0.000315327 0.000405196 7.47954e-05 
0.00087231 0.000122863 7.34173e-05 
0.000187249 0.000239488 1.80798e-05 
0.000690293 0.000432253 3.07162e-05 
5.5786e-05 2.89693e-05 2.89697e-05 
0.000543479 2.53035e-05 2.53002e-05 
0.000718861 0.000298527 2.06408e-05 
0.000883581 4.38668e-05 3.64698e-05 
0.00021398 0.000268919 1.8352e-05 
0.000914499 0.000131529 7.33389e-05 
0.000298116 0.00017212 4.73019e-05 
0.000802662 0.000336155 8.55485e-05 
0.000528226 0.000267397 7.34974e-05 
0.000732099 0.000288733 5.70374e-05 
0.000199868 0.000320898 6.9129e-05 
0.000799159 0.000442761 5.51898e-05 
0.000823666 0.000225749 2.07607e-05 
0.000599263 0.00040612 2.86328e-05 
2.61573e-05 0.000120061 2.61555e-05 
0.000469133 0.000323093 8.05396e-05 
0.000447908 0.000473224 5.14357e-05 
4.8636e-05 0.000394847 5.0233e-05 
0.000382864 0.000321697 2.80206e-05 
0.000554378 0.000421021 1.91485e-05 
0.000265331 0.000115574 4.97964e-05 
0.000911967 7.65179e-05 7.14312e-05 
0.000614314 0.000253559 8.2971e-05 
0.000804635 0.000207537 6.09019e-05 
0.000435883 0.000375134 3.79856e-05 
0.000248647 0.000121822 1.70693e-05 
0.000744739 2.03294e-05 2.03299e-05 
0.000397019 0.000138975 1.98847e-05 
0.000351151 0.000251989 2.09456e-05 
0.000257687 0.000337272 5.55706e-05 
0.000718361 8.12441e-05 5.61244e-05 
0.000765411 0.000316325 1.85833e-05 
0.000867043 0.000411689 8.03365e-05 
0.000637824 0.000126773 2.04343e-05 
0.000616773 2.20135e-05 3.30073e-05 
0.000330042 0.000482431 1.7035e-05 
0.000580098 0.000111022 4.81077e-05 
0.0001249 0.000126144 5.6067e-05 
0.000193813 0.000471902 6.2533e-05 
0.000192445 6.42059e-05 5.1776e-05 
2.19488e-05 4.6911e-05 6.25241e-05 
6.45062e-05 0.000310977 2.25123e-05 
0.000679577 0.000245724 6.95851e-05 
2.25208e-05 0.000476927 5.97378e-05 
0.000758501 0.000430331 5.26463e-05 
0.000445399 0.000257826 6.07373e-05 
0.000622786 0.000454383 2.08295e-05 
0.000837334 7.26771e-05 1.75751e-05 
0.000298555 0.000129762 2.42605e-05 
0.000931272 0.000461005 2.46538e-05 
0.000631475 0.000477949 7.8349e-05 
0.000197324 0.000420344 7.97934e-05 
0.000966094 0.000482859 1.71391e-05 
0.000831947 0.000333516 3.29519e-05 
6.11371e-05 0.00043637 8.24743e-05 
0.000457238 0.000438395 2.56043e-05 
0.000776282 0.000117869 4.83779e-05 
0.000743194 0.000325987 4.90764e-05 
0.000611898 0.000299028 8.78382e-05 
0.000122893 0.000461909 2.16545e-05 
0.000763352 0.00023943 5.04536e-05 
0.000809033 0.000106702 2.2919e-05 
0.000728079 0.000404775 5.10816e-05 
0.00047006 0.00042897 6.93711e-05 
0.000554623 0.000155292 8.35952e-05 
0.000337319 0.000145283 1.79692e-05 
0.000610733 0.000279115 3.39204e-05 
0.000186118 0.000266558 5.78997e-05 
0.000496087 0.000103094 6.9088e-05 
0.000566065 0.00019208 2.24172e-05 
0.000437385 0.000482271 1.77272e-05 
0.000510448 0.000182817 7.49343e-05 
0.000749046 0.000128562 2.04243e-05 
0.00022557 0.000178222 1.94791e-05 
0.000102605 0.000420549 0.000109227 
0.0005017 0.000339774 6.01334e-05 
4.60159e-05 0.00019257 5.15008e-05 
0.000674617 0.000275411 3.01825e-05 
0.000579339 2.00194e-05 5.25075e-05 
0.000134413 0.000378102 3.02613e-05 
3.03146e-05 0.000277908 6.91194e-05 
0.000381279 0.000453373 6.14854e-05 
0.000537032 0.00029915 1.72974e-05 
0.000843229 9.00132e-05 7.55059e-05 
0.000728175 9.42574e-05 1.97361e-05 
7.95012e-05 0.000171712 1.90541e-05 
5.97438e-05 0.000374171 1.9949e-05 
0.000278237 0.000203603 7.81824e-05 
0.000972149 0.000210793 2.00959e-05 
0.000274163 0.000244281 2.15241e-05 
0.000833465 0.000182513 9.40513e-05 
0.000887616 0.000347999 2.51048e-05 
0.000675691 0.00012797 1.75631e-05 
2.25665e-05 0.000254053 2.25669e-05 
0.000714781 0.000235464 2.65797e-05 
0.000111064 0.000241389 1.92054e-05 
0.000943895 0.000152011 1.7148e-05 
0.000889905 0.000445396 6.79057e-05 
0.00041988 0.000407338 2.19548e-05 
0.000108147 5.87531e-05 3.13138e-05 
0.000575625 0.000316406 6.18494e-05 
0.000864506 0.000207404 1.84594e-05 
0.000249174 0.000187355 4.93188e-05 
2.11347e-05 0.000367746 5.85546e-05 
0.000775617 0.00027694 6.71287e-05 
0.000240723 2.5059e-05 2.50547e-05 
0.000795148 6.85375e-05 2.224e-05 
0.000251307 0.000270902 8.17604e-05 
0.000288934 0.000445349 7.1467e-05 
0.000703273 0.000175787 2.56839e-05 
0.000363758 0.000120843 1.80347e-05 
0.000960456 0.000423149 5.30899e-05 
0.000168255 0.000186598 2.17739e-05 
0.000131649 0.000324695 2.09967e-05 
0.000978646 0.000120886 6.2012e-05 
0.000210171 5.74435e-05 1.9778e-05 
0.000978449 0.000135142 2.15519e-05 
0.000797578 0.000288504 2.43331e-05 
0.000392763 0.000481843 8.71405e-05 
7.93074e-05 0.000126061 2.73448e-05 
0.000442178 0.000392232 7.71764e-05 
0.00013174 0.000321508 7.86137e-05 
0.000463015 2.27798e-05 2.26028e-05 
0.000939993 0.000394499 7.97758e-05 
0.000934605 0.000353659 2.23084e-05 
0.00022988 0.000310758 2.62426e-05 
0.000352159 0.000237606 8.33543e-05 
0.000823719 0.00041716 7.59018e-05 
0.000973258 0.00047227 5.91171e-05 
0.000229559 0.000139711 4.77719e-05 
0.000398922 0.000194118 0.000116447 
0.0001164 0.000156659 2.08353e-05 
0.000280193 0.000341423 2.01118e-05 
0.000370103 1.97758e-05 7.20642e-05 
0.000643234 0.000438952 5.73566e-05 
2.02779e-05 0.00038597 2.02777e-05 
0.000525105 0.00048267 5.01395e-05 
0.000972974 0.000324491 6.05242e-05 
0.000597558 0.000444224 5.81528e-05 
0.000941369 0.000307839 2.40378e-05 
0.000368279 0.000163587 1.80021e-05 
0.000599335 6.6511e-05 6.65817e-05 
0.000882632 9.28271e-05 5.80496e-05 
0.000934257 2.11432e-05 2.11445e-05 
0.000444864 5.77558e-05 1.71704e-05 
0.000680662 0.000472173 7.24408e-05 
0.000699531 5.45622e-05 8.82968e-05 
0.000761467 0.000442798 1.77049e-05 
0.000333784 3.88187e-05 3.5301e-05 
0.000340024 0.000478298 5.60963e-05 
0.000672572 5.15215e-05 2.06404e-05 
0.000324101 0.000325098 2.72731e-05 
0.00048403 7.70191e-05 1.93437e-05 
0.000104742 0.000365582 7.99572e-05 
0.000220494 0.000383618 6.35417e-05 
0.000507621 0.000115928 2.6677e-05 
1.92746e-05 6.3934e-05 1.92707e-05 
0.00050208 1.7306e-05 1.71892e-05 
0.000834009 0.000376255 8.58225e-05 
0.000308585 8.40236e-05 1.85932e-05 
4.61877e-05 0.000185591 1.70894e-05 
0.000163058 0.000224878 5.32795e-05 
0.000568656 0.00031699 1.90538e-05 
0.000426465 0.000326168 9.51892e-05 
0.000463517 0.0002127 2.06966e-05 
0.0008176 0.000115797 6.22288e-05 
0.000837694 0.000236654 7.61284e-05 
0.00018197 0.000304601 2.22257e-05 
0.000613048 0.000329865 4.16869e-05 
0.000542239 1.98811e-05 7.01275e-05 
0.000643474 0.000420544 1.8881e-05 
0.000853411 1.83608e-05 7.44909e-05 
0.00031689 0.000442843 2.55336e-05 
0.000427295 0.00031032 1.87685e-05 
0.000980315 6.66843e-05 6.68863e-05 
0.000319474 0.000381193 2.90389e-05 
2.00819e-05 0.000214583 6.86657e-05 
0.000127399 0.000156082 9.12115e-05 
0.000164961 0.000338891 4.18081e-05 
0.000940363 9.81698e-05 5.88439e-05 
0.000409823 0.000451868 2.37279e-05 
0.000472323 0.000207849 5.73098e-05 
6.97738e-05 0.000482604 7.00323e-05 
0.000488349 0.000471998 6.99786e-05 
0.00086092 0.000376037 5.14573e-05 
0.000137412 0.0004825 5.16238e-05 
0.000149699 0.000235082 1.97602e-05 
0.000499613 0.000446551 1.8185e-05 
0.00076281 4.73071e-05 7.6398e-05 
0.000755559 0.000150557 5.23169e-05 
0.000262038 0.000158328 2.2148e-05 
0.00047627 0.000251769 2.03993e-05 
0.000573443 9.31354e-05 1.79207e-05 
0.000805287 1.87208e-05 7.37204e-05 
0.000605672 0.000223794 2.27448e-05 
0.000716613 0.000339954 2.08482e-05 
0.000882926 9.44242e-05 1.75243e-05 
0.000165368 3.0624e-05 3.06233e-05 
0.000613087 2.1056e-05 7.5911e-05 
0.000598602 0.000355093 6.68247e-05 
0.000716301 5.3149e-05 2.31965e-05 
0.000211353 0.000167261 8.16526e-05 
0.0005528 0.000464374 2.45703e-05 
0.000752949 0.000269792 2.40611e-05 
0.000730365 0.000473248 2.67477e-05 
0.000546121 0.000379669 2.3214e-05 
0.000612858 9.2873e-05 2.16739e-05 
0.000781749 0.000421325 8.48628e-05 
0.000535655 0.000298783 5.25345e-05 
0.000756588 0.0003973 8.48196e-05 
2.44852e-05 0.000342955 2.2638e-05 
0.000666435 0.000391511 1.81432e-05 
0.000559038 0.00046695 7.81171e-05 
0.000150407 0.00030262 4.74301e-05 
0.000380622 0.000154519 5.30114e-05 
0.000922493 0.000474255 7.24799e-05 
0.000720652 0.000385367 1.84423e-05 
5.79942e-05 8.06006e-05 2.30418e-05 
0.000650952 1.83878e-05 5.42411e-05 
0.000592907 0.000480868 1.91327e-05 
0.00056517 0.000196171 6.53473e-05 
0.000405249 0.000403368 5.81007e-05 
0.000170594 1.83573e-05 7.77524e-05 
0.000199134 0.000180677 4.46615e-05 
0.000406376 0.000362279 1.96258e-05 
0.000388065 0.000114108 5.08154e-05 
0.000499848 0.000347905 9.44981e-05 
0.000795653 8.27198e-05 5.86509e-05 
0.000808186 0.00025231 4.71092e-05 
0.000697625 0.000280692 7.47976e-05 
0.000831461 0.000150853 2.25253e-05 
0.00057041 0.000381797 5.76095e-05 
0.000982118 0.000174225 1.78723e-05 
0.00015356 0.000139419 2.01383e-05 
0.000479383 5.12328e-05 9.2623e-05 
0.000277406 2.36683e-05 5.5833e-05 
2.0413e-05 0.000211276 2.61539e-05 
0.000643033 0.00031712 6.48238e-05 
0.000274929 0.000200509 2.0901e-05 
0.000703074 0.000228557 9.16759e-05 
0.000572535 3.94517e-05 8.64225e-05 
0.000538722 0.000128689 6.62663e-05 
0.000276542 0.000247227 6.42762e-05 
0.000922185 0.000169657 4.49188e-05 
0.000883691 0.000274239 9.62989e-05 
0.000584159 5.31097e-05 2.39506e-05 
4.53818e-05 0.000232678 4.76032e-05 
0.000192826 0.000364562 8.50647e-05 
0.000835091 0.000190264 3.19716e-05 
5.62993e-05 6.83652e-05 6.27579e-05 
0.000235089 0.000416752 2.96337e-05 
0.000687392 9.75268e-05 7.66535e-05 
2.27435e-05 0.000329641 8.37019e-05 
0.00055452 0.000128031 2.1984e-05 
0.000755966 6.09247e-05 4.08462e-05 
0.000958156 0.000376968 5.06567e-05 
0.000476538 0.000479701 2.0302e-05 
0.000383269 1.88615e-05 1.88478e-05 
0.000977324 2.90607e-05 2.26716e-05 
0.000311345 2.53047e-05 8.99412e-05 
0.000451709 0.000349959 1.82645e-05 
0.00097845 0.000352955 2.15484e-05 
0.00035917 0.000141916 8.82864e-05 
0.000800352 0.000478622 9.29782e-05 
0.000465027 8.52736e-05 7.80859e-05 
0.000152637 0.000203364 8.4084e-05 
0.000918731 0.000258915 7.32889e-05 
0.000523355 0.000337882 2.43861e-05 
5.23745e-05 0.000108885 6.52244e-05 
0.000117096 0.000105213 1.70138e-05 
0.000163955 0.000477671 2.23278e-05 
0.000906227 0.000375416 8.15105e-05 
0.0004894 6.9259e-05 5.53391e-05 
0.000742555 0.000295966 9.90003e-05 
0.000949172 0.000356375 8.48327e-05 
0.00032284 0.000466478 9.51148e-05 
8.83148e-05 9.44998e-05 5.75524e-05 
0.000746375 0.000118236 7.46085e-05 
0.000364493 0.00020696 2.63255e-05 
0.000523659 0.000440413 4.49196e-05 
0.000217159 0.000479452 2.05485e-05 
9.24238e-05 0.000347485 2.23072e-05 
0.000112288 0.000286483 7.50005e-05 
0.000315298 0.000222394 2.52162e-05 
0.000240603 0.000229069 7.11405e-05 
0.000885555 0.000203903 4.88938e-05 
0.000126807 2.22786e-05 6.58652e-05 
0.000933683 0.000290532 6.20433e-05 
1.80689e-05 8.5452e-05 5.24691e-05 
0.000936307 0.000196957 1.83516e-05 
0.000894797 0.000238751 5.5112e-05 
0.000503883 0.000139861 7.09251e-05 
0.000878259 0.000470575 2.94246e-05 
0.000508335 0.000306112 8.40887e-05 
9.22468e-05 0.000462531 4.89402e-05 
0.000752609 0.000406551 1.96559e-05 
0.000296819 0.00048231 6.73408e-05 
0.000755787 0.000354632 2.09863e-05 
0.000694565 1.72562e-05 1.72491e-05 
0.000633108 5.73608e-05 1.92769e-05 
0.000195397 0.000360884 4.80026e-05 
0.000261543 0.000145256 7.2942e-05 
0.000341656 0.000163763 5.07312e-05 
0.000467299 0.000288798 8.99874e-05 
0.000562121 0.000274962 1.75453e-05 
0.000288769 1.75512e-05 1.75515e-05 
0.00043239 0.00023633 1.84383e-05 
0.000156078 0.000363312 7.20447e-05 
0.000857063 0.000237043 4.18485e-05 
0.00065362 1.79779e-05 1.7978e-05 
0.000242979 0.000309815 8.04963e-05 
0.000400615 0.00048179 5.16306e-05 
0.000728556 2.23898e-05 5.98062e-05 
0.000973315 0.000444281 2.07503e-05 
0.000836335 0.000265437 2.08964e-05 
0.000442112 6.09116e-05 5.81228e-05 
0.000194191 0.000149598 2.17774e-05 
0.000941935 8.22163e-05 9.08566e-05 
0.000350955 0.000289596 2.75673e-05 
0.000133132 0.000424236 1.75956e-05 
0.000106789 0.00028554 2.56078e-05 
0.000372657 0.00018999 6.74451e-05 
0.000784442 0.000236301 1.98267e-05 
0.000510262 5.11219e-05 1.7484e-05 
0.000767203 9.29684e-05 1.93027e-05 
0.000337317 0.000439655 6.51835e-05 
0.000921371 1.80071e-05 6.59802e-05 
0.000935786 0.00011676 1.90742e-05 
0.000469983 0.000359061 7.89996e-05 
0.00095512 0.000138028 8.829e-05 
0.000698738 0.000416388 8.32419e-05 
1.84744e-05 0.000163349 1.84739e-05 
0.000504725 3.24314e-05 5.33904e-05 
0.000271884 0.000379514 2.0866e-05 
0.000128799 8.15721e-05 7.48062e-05 
0.000193977 0.000342976 1.73751e-05 
0.000793238 0.000426637 1.7941e-05 
0.000852606 0.000112898 3.88157e-05 
0.000311189 0.000354163 7.15869e-05 
0.000544369 0.000256584 4.12133e-05 
0.000776506 3.97071e-05 1.70273e-05 
0.000662233 0.000110237 4.64863e-05 
0.000659465 0.000162238 2.04644e-05 
5.61497e-05 0.000380134 8.73859e-05 
0.000165642 0.000481011 9.91239e-05 
0.000658816 0.000465559 1.70781e-05 
6.29405e-05 0.000473666 2.1969e-05 
0.000105706 0.000321426 4.85718e-05 
0.000881948 0.000171562 9.8194e-05 
0.000566026 0.000274744 6.31003e-05 
0.000581933 9.93688e-05 8.88151e-05 
2.30955e-05 0.000481271 1.87259e-05 
0.0007858 0.000320743 4.75005e-05 
8.74361e-05 2.78828e-05 6.30914e-05 
0.000467766 0.000224618 8.69781e-05 
0.00036959 0.000476529 2.34656e-05 
1.80975e-05 0.000405994 6.67567e-05 
0.000355975 0.000378168 5.9882e-05 
2.18931e-05 0.000298506 2.1893e-05 
0.000829214 2.24239e-05 0.000101963 
0.000245573 0.000268619 4.31165e-05 
0.000366295 0.000366852 2.0641e-05 
0.000928996 7.37948e-05 1.79175e-05 
0.000273054 9.68841e-05 1.78366e-05 
