0.000841617 0.000415853 3.10536e-05 
8.04664e-05 0.000293805 6.70268e-05 
0.000528607 0.000219856 9.20053e-05 
0.000316074 0.000239431 8.96531e-05 
0.000687809 0.000325871 6.44267e-05 
0.000373947 6.52567e-05 8.04769e-05 
0.000753471 0.000195803 3.09911e-05 
0.00088395 0.000289065 4.1857e-05 
0.000525523 4.76289e-05 0.000118763 
0.000782836 0.000237955 0.00010495 
0.000636743 0.000368297 2.42439e-05 
0.000178785 0.000385775 1.97465e-05 
0.000828876 0.000291617 7.95484e-05 
0.000200413 0.000215799 7.76779e-05 
0.000487683 0.000379087 3.62704e-05 
0.000799535 0.00015675 6.83326e-05 
0.000443843 0.00034759 5.79341e-05 
0.000234795 0.000362622 2.52289e-05 
0.000526441 0.000152345 5.53346e-05 
0.000886485 0.000239392 1.89348e-05 
0.000921775 0.000332216 6.29395e-05 
0.000414166 0.000309716 5.65484e-05 
0.000944373 5.33523e-05 5.32702e-05 
0.000856579 4.7986e-05 8.28587e-05 
0.000689578 9.10255e-05 2.14023e-05 
0.000271699 0.000302445 3.90439e-05 
8.49866e-05 0.00022557 8.43202e-05 
0.000564904 0.00023691 1.97591e-05 
0.000169109 9.10433e-05 2.98301e-05 
0.000970467 0.000464059 0.000103237 
0.000517993 0.000216369 3.3106e-05 
0.000960094 0.000214795 5.67603e-05 
0.000884633 0.000136362 2.57032e-05 
0.000770651 2.53206e-05 5.22761e-05 
6.52576e-05 0.000256485 3.4071e-05 
0.000738385 0.00034198 9.88545e-05 
0.000609846 0.00043839 0.000105205 
0.000308246 0.000177274 0.000102198 
0.000344162 0.000204878 7.31562e-05 
0.000323145 0.000184835 1.8714e-05 
0.000308553 0.000294939 8.0921e-05 
0.000477642 0.000310775 3.28579e-05 
0.000458695 2.31901e-05 6.80709e-05 
0.00033751 9.80554e-05 5.91228e-05 
0.000968039 0.000397172 2.18019e-05 
0.000589555 0.000465724 5.77032e-05 
0.000534272 0.000349373 8.76963e-05 
0.000703855 0.000159364 8.00413e-05 
0.000389067 0.00023559 6.30436e-05 
0.000401589 0.000272696 0.000107562 
0.00026656 0.000372097 9.52404e-05 
0.000574227 0.000162771 5.71224e-05 
0.000799119 5.31054e-05 0.00012387 
0.000842436 0.000452038 7.80271e-05 
8.89887e-05 6.34932e-05 9.74245e-05 
0.000176253 0.000101239 9.31945e-05 
0.000972467 8.8861e-05 2.75349e-05 
0.000522785 0.000423356 9.82964e-05 
0.000222342 0.000101819 2.45107e-05 
0.000370082 0.00042249 3.12559e-05 
0.000487988 0.000165591 2.60609e-05 
0.000284772 0.000412601 5.21434e-05 
0.000590858 0.00035436 2.37086e-05 
0.000799297 0.000190251 1.71766e-05 
0.000546957 8.11601e-05 5.71226e-05 
0.000237557 8.39368e-05 7.52645e-05 
0.000516683 0.000465207 1.73988e-05 
0.000389777 6.64163e-05 3.08147e-05 
0.000965615 0.000171181 7.09099e-05 
0.000890987 0.000187123 1.93994e-05 
0.000575155 0.000396868 9.30562e-05 
0.000623594 0.000129192 7.87108e-05 
0.000395469 0.000363698 6.51323e-05 
0.000687485 0.000387365 4.83599e-05 
0.000647831 6.72674e-05 6.24588e-05 
0.00014998 4.61781e-05 7.13784e-05 
0.000867656 0.000153563 7.31032e-05 
0.000443792 0.00010777 3.6639e-05 
0.000621236 0.000195927 8.40057e-05 
0.000711464 0.000126413 4.67797e-05 
0.000788764 0.000151802 2.31718e-05 
5.69286e-05 0.00033244 7.64056e-05 
0.000161261 0.00037981 6.65282e-05 
0.000442035 0.000431763 7.17076e-05 
0.000586243 0.00024084 6.0468e-05 
0.000789363 0.000383977 5.38878e-05 
2.99202e-05 0.000433964 2.99147e-05 
0.000350055 0.000286894 0.000114582 
0.000182882 0.000433308 2.8816e-05 
0.000145256 0.000278021 2.0355e-05 
0.000277886 5.76981e-05 2.32754e-05 
0.000812263 0.000474142 2.58556e-05 
0.00068666 0.000131593 0.000114672 
0.000980862 0.000295175 1.74972e-05 
0.000127909 0.000259815 5.78827e-05 
0.000872296 0.000334488 8.97485e-05 
0.000220004 3.00464e-05 7.32838e-05 
0.000913123 0.000199891 8.17107e-05 
0.00036829 0.000317411 8.33853e-05 
0.000416599 0.000191428 3.29356e-05 
0.000558722 0.000402998 5.56355e-05 
0.000767763 0.00046435 2.00594e-05 
0.000719867 0.000365871 5.88731e-05 
0.000785379 0.000113916 8.84444e-05 
0.00042192 2.78602e-05 2.93344e-05 
0.000822796 2.92546e-05 2.92558e-05 
0.000290759 7.46811e-05 7.52506e-05 
0.000722203 0.000252802 7.45273e-05 
8.22147e-05 0.000214113 2.4683e-05 
0.00068338 0.000188133 6.81291e-05 
0.000612097 0.000174486 2.64963e-05 
0.000398147 0.000274849 2.69552e-05 
0.000971746 0.000256189 7.36688e-05 
0.000644508 0.000279073 7.91513e-05 
0.000933979 0.00024549 3.02704e-05 
0.000600523 0.000129039 2.07448e-05 
8.83311e-05 0.000418955 3.04007e-05 
0.00013594 0.000434929 6.76032e-05 
0.000487568 0.000286785 7.57579e-05 
7.02788e-05 0.000160125 8.39542e-05 
0.000683105 0.000482734 3.12465e-05 
0.00064009 0.000389286 8.14179e-05 
0.000128853 0.000196205 4.40237e-05 
0.000304707 0.000275289 2.45235e-05 
0.000524142 0.000272437 4.21147e-05 
0.000758442 0.000181533 8.52789e-05 
0.000248732 0.000464067 8.6695e-05 
0.00097736 3.64264e-05 8.24624e-05 
0.000680327 0.000356164 2.10513e-05 
0.000230343 0.000225793 3.54101e-05 
0.000909074 0.000404282 3.6657e-05 
0.000414399 3.24988e-05 8.45395e-05 
0.000691974 4.62926e-05 5.82151e-05 
0.00076975 0.000474019 8.69537e-05 
0.000523926 0.000390624 7.41358e-05 
0.000458101 0.000163792 7.99755e-05 
0.000659015 0.000214117 3.29402e-05 
0.000426767 0.000108416 0.0001031 
0.000270286 0.000468752 3.79713e-05 
0.000979258 0.000384117 8.75929e-05 
0.000164402 0.000155461 6.65035e-05 
0.000901565 9.77173e-05 5.5463e-05 
0.00065105 0.000323231 2.30556e-05 
0.000357246 0.000402708 9.84778e-05 
0.000316175 0.000395768 7.85489e-05 
0.000869105 0.000125264 0.000115569 
0.000189723 0.000237775 1.80799e-05 
0.000695496 0.000435343 3.07162e-05 
6.39595e-05 2.89701e-05 2.89691e-05 
0.000544469 2.97462e-05 2.53008e-05 
0.000720191 0.000295553 2.06452e-05 
0.000886542 4.35485e-05 3.64697e-05 
0.000218429 0.000268727 1.83537e-05 
0.000918222 0.000137278 7.8768e-05 
0.000301287 0.000165001 4.95135e-05 
0.000796167 0.000337411 9.35992e-05 
0.000515524 0.000265115 8.87642e-05 
0.000726786 0.000291937 5.98791e-05 
0.00020147 0.000324101 7.10545e-05 
0.000795074 0.000443134 5.96445e-05 
0.000823518 0.00021932 2.07728e-05 
0.000599648 0.000405728 2.86329e-05 
2.61566e-05 0.000115161 2.61556e-05 
0.000464286 0.000329528 9.43628e-05 
0.000465359 0.000471667 5.47447e-05 
3.81018e-05 0.000387534 8.48482e-05 
0.000376868 0.000325535 2.80207e-05 
0.000554283 0.000417712 1.91689e-05 
0.000277646 0.000111998 5.95391e-05 
0.000907645 6.2612e-05 9.8607e-05 
0.000598029 0.00024158 0.000103311 
0.000801459 0.000207668 6.18018e-05 
0.000432193 0.000380092 4.01375e-05 
0.000255279 0.000125728 3.3043e-05 
0.000744585 2.2453e-05 2.03301e-05 
0.0003986 0.000137316 1.98879e-05 
0.000345974 0.000256482 2.09456e-05 
0.000253729 0.000335581 5.91403e-05 
0.000727365 8.33211e-05 7.78129e-05 
0.000764032 0.000314929 1.85844e-05 
0.000879069 0.000415596 8.88097e-05 
0.000640989 0.000125169 2.74244e-05 
0.000615185 2.20151e-05 4.14568e-05 
0.000339891 0.000471407 4.3699e-05 
0.00057955 0.000122705 5.24685e-05 
0.000127252 0.000118429 5.65745e-05 
0.000204094 0.000471911 6.48379e-05 
0.00019983 6.05955e-05 5.48654e-05 
4.66448e-05 5.09673e-05 0.000102733 
6.49651e-05 0.000319514 2.25176e-05 
0.000671472 0.000246902 7.17905e-05 
2.78463e-05 0.000477189 5.95749e-05 
0.00075073 0.000422375 7.74615e-05 
0.000443526 0.000265222 6.12814e-05 
0.00062076 0.000461002 2.08296e-05 
0.000827032 7.38535e-05 5.92624e-05 
0.000301535 0.000123942 2.42616e-05 
0.000920678 0.000463277 2.46528e-05 
0.000638925 0.000477935 8.90351e-05 
0.000191565 0.0004091 7.76713e-05 
0.00095683 0.000482855 1.71394e-05 
0.000830397 0.000334957 3.29523e-05 
6.22176e-05 0.000434354 8.40949e-05 
0.000463447 0.000436824 2.56026e-05 
0.000775226 0.000113647 4.82561e-05 
0.000745047 0.000327623 5.01322e-05 
0.000603441 0.000298816 9.04977e-05 
0.000117103 0.000462107 2.16574e-05 
0.000760932 0.000230061 7.56084e-05 
0.000813902 8.58123e-05 2.29166e-05 
0.000729902 0.000402912 4.97459e-05 
0.000482876 0.000412225 8.26943e-05 
0.000561775 0.000150273 0.000107188 
0.000335988 0.000149574 1.7969e-05 
0.00061013 0.000285106 3.39203e-05 
0.00019164 0.000266776 5.86647e-05 
0.000508926 0.000109062 9.34023e-05 
0.00056611 0.000190754 2.24197e-05 
0.000436722 0.000482274 1.7728e-05 
0.000508155 0.00017812 0.000100895 
0.000751048 0.000130323 2.04237e-05 
0.000213536 0.000181382 1.94796e-05 
0.000106391 0.000434563 0.000111217 
0.000494225 0.000335986 7.31227e-05 
4.92896e-05 0.000189333 5.09615e-05 
0.000673518 0.000275492 3.01801e-05 
0.000581759 3.58811e-05 6.30304e-05 
0.000130913 0.000375759 3.02619e-05 
3.03654e-05 0.000283773 7.19196e-05 
0.000373833 0.000434308 7.8456e-05 
0.000536081 0.000299108 1.73013e-05 
0.000846944 8.08652e-05 0.000102811 
0.000733486 9.3988e-05 1.97362e-05 
6.82798e-05 0.000169657 1.90546e-05 
6.20151e-05 0.000377311 1.99535e-05 
0.000264602 0.000209676 9.33142e-05 
0.00096735 0.000207658 2.00967e-05 
0.000275422 0.000239796 2.15241e-05 
0.000830504 0.000181311 9.38352e-05 
0.000887638 0.000347493 2.5101e-05 
0.000677526 0.000128581 1.75544e-05 
2.25703e-05 0.000251605 2.25673e-05 
0.000719038 0.000241753 2.65892e-05 
0.000115369 0.00024292 1.92059e-05 
0.000947813 0.000148557 1.71488e-05 
0.000890893 0.000448072 6.3895e-05 
0.000421826 0.00041344 2.19539e-05 
0.000114967 6.21369e-05 3.13138e-05 
0.000568984 0.000316142 6.21252e-05 
0.000861838 0.000211261 1.84592e-05 
0.0002594 0.000191368 5.353e-05 
2.20272e-05 0.000359573 6.20566e-05 
0.000779142 0.000267951 6.86063e-05 
0.000240911 2.50553e-05 2.5056e-05 
0.000787683 6.05783e-05 4.09602e-05 
0.00027111 0.000273475 0.000111048 
0.000290161 0.000438186 8.48397e-05 
0.000701342 0.000174085 2.56819e-05 
0.00035629 0.000119844 1.80329e-05 
0.000970666 0.000423211 9.50356e-05 
0.000168602 0.000174042 2.17745e-05 
0.000140235 0.000319113 2.09963e-05 
0.000971436 0.000108848 7.21316e-05 
0.000212082 5.8997e-05 1.97791e-05 
0.000978446 0.000136549 3.7525e-05 
0.000806378 0.000283573 2.43336e-05 
0.000396365 0.000476747 0.000109981 
7.7205e-05 0.00012752 3.63331e-05 
0.000438356 0.000384208 9.05281e-05 
0.000129614 0.000314638 9.11897e-05 
0.00046408 2.28438e-05 2.26039e-05 
0.000941849 0.000381186 0.000119609 
0.000934639 0.000353123 2.23116e-05 
0.000227577 0.000311661 2.62462e-05 
0.000356934 0.000231939 0.000104449 
0.000821928 0.000410882 8.88869e-05 
0.000973259 0.000468066 5.50482e-05 
0.000226942 0.000151062 4.63861e-05 
0.000404782 0.000199564 0.000113562 
0.000113679 0.00015493 2.0834e-05 
0.000275433 0.000338322 2.01119e-05 
0.000350199 1.99151e-05 8.45903e-05 
0.000648483 0.000449726 5.42135e-05 
2.24228e-05 0.000384529 2.02777e-05 
0.000513754 0.000482656 8.39898e-05 
0.000972965 0.000323175 5.77448e-05 
0.000609479 0.000434748 6.58846e-05 
0.000938202 0.000306949 2.40383e-05 
0.000372492 0.000169041 1.80006e-05 
0.000594171 6.81482e-05 8.90577e-05 
0.00088041 8.28583e-05 8.62e-05 
0.000937368 2.11436e-05 2.11435e-05 
0.000445007 5.75782e-05 1.71704e-05 
0.00068989 0.000463216 8.1899e-05 
0.000685545 5.99582e-05 0.00010143 
0.000758014 0.000436692 4.38809e-05 
0.000331045 3.53012e-05 3.53011e-05 
0.000351247 0.000465044 7.90135e-05 
0.000672123 5.27822e-05 2.06412e-05 
0.00032159 0.00032435 2.72766e-05 
0.00049246 8.31853e-05 5.6089e-05 
0.000114652 0.000376651 8.71972e-05 
0.000228114 0.000383733 6.46295e-05 
0.000505786 0.00011595 2.66788e-05 
1.92718e-05 6.9253e-05 7.79194e-05 
0.000503489 2.19856e-05 1.71857e-05 
0.000848196 0.000381462 9.52806e-05 
0.000311238 8.25728e-05 1.85942e-05 
4.47112e-05 0.000197362 1.70877e-05 
0.000159 0.0002344 7.19976e-05 
0.000565774 0.000320015 1.90544e-05 
0.000422105 0.000327437 9.75539e-05 
0.000466529 0.000206786 2.07014e-05 
0.000830749 0.000112029 8.38513e-05 
0.000849408 0.000247053 8.9449e-05 
0.000180134 0.000302515 2.22249e-05 
0.000619316 0.000334306 4.57104e-05 
0.000542101 2.25229e-05 6.98287e-05 
0.00064116 0.000426983 1.88811e-05 
0.000850625 1.88294e-05 0.000105338 
0.000315354 0.000436532 2.55336e-05 
0.000428029 0.000308473 1.87699e-05 
0.000972633 6.49694e-05 0.000118006 
0.000316163 0.000380374 2.90411e-05 
2.91015e-05 0.000205882 8.69035e-05 
0.000120984 0.000136166 9.88113e-05 
0.000167172 0.000342207 4.30366e-05 
0.000938745 0.000100598 9.37969e-05 
0.000413703 0.000455074 3.89129e-05 
0.000480711 0.000210321 6.64365e-05 
8.41779e-05 0.000482593 8.40959e-05 
0.000480305 0.00045746 9.42485e-05 
0.000862445 0.000373552 5.47764e-05 
0.000131139 0.000482493 5.20073e-05 
0.00015251 0.000231108 1.97608e-05 
0.000497591 0.00045542 4.57838e-05 
0.000766362 3.7776e-05 0.000102502 
0.000754937 0.000149596 5.44531e-05 
0.000263571 0.000162491 2.21477e-05 
0.000490859 0.0002607 2.03994e-05 
0.0005793 9.67291e-05 1.7927e-05 
0.000814169 2.16793e-05 7.88352e-05 
0.00060503 0.000223213 2.27443e-05 
0.000717569 0.000336965 2.08547e-05 
0.000874502 9.51243e-05 1.75239e-05 
0.000171154 3.06241e-05 3.06232e-05 
0.000600336 2.61571e-05 0.000102259 
0.000599084 0.00034706 7.58221e-05 
0.000715826 5.501e-05 2.31932e-05 
0.000210558 0.000168555 8.71705e-05 
0.000553306 0.000457824 3.65324e-05 
0.000758873 0.000272943 2.40622e-05 
0.000733697 0.000473244 5.09258e-05 
0.000547327 0.000376115 2.32132e-05 
0.000617626 9.01827e-05 2.54244e-05 
0.00078201 0.000426169 0.000113698 
0.000534353 0.000297933 7.81418e-05 
0.000769109 0.000390074 0.000124753 
2.28457e-05 0.000340569 2.26357e-05 
0.00066537 0.000398965 1.81405e-05 
0.000561041 0.000470591 9.53831e-05 
0.000158003 0.000300868 6.49378e-05 
0.00038997 0.000144819 7.29299e-05 
0.000924583 0.000474246 7.36901e-05 
0.00072589 0.000380516 1.84423e-05 
6.22756e-05 8.10841e-05 2.30417e-05 
0.000669325 2.06619e-05 8.02743e-05 
0.000586118 0.000480868 1.91435e-05 
0.000568915 0.000202897 7.33381e-05 
0.000403244 0.000414805 6.58087e-05 
0.000173107 1.83558e-05 7.80022e-05 
0.000193278 0.000185089 4.97273e-05 
0.000409237 0.000359489 1.96254e-05 
0.000389643 0.000104429 6.57361e-05 
0.000494986 0.00035334 0.000125855 
0.000791208 6.73507e-05 7.92852e-05 
0.00081726 0.000250865 5.22036e-05 
0.000697383 0.000290141 0.000101892 
0.000834322 0.000149033 2.25274e-05 
0.000567005 0.000362795 5.80491e-05 
0.000975408 0.000170621 1.78722e-05 
0.00015022 0.000136414 2.01354e-05 
0.000479306 3.4927e-05 0.000124364 
0.00026627 3.82712e-05 6.34865e-05 
2.04115e-05 0.000212874 4.10683e-05 
0.000636475 0.000321406 7.54471e-05 
0.00028649 0.000198892 2.41203e-05 
0.000688835 0.000242881 0.000108076 
0.000560224 3.31301e-05 0.000103307 
0.00053637 0.000129837 0.000121239 
0.000271863 0.000244192 6.40727e-05 
0.00092019 0.000165379 3.96849e-05 
0.00088556 0.000272289 0.000101635 
0.00058849 5.50886e-05 2.39585e-05 
3.573e-05 0.000236611 6.63252e-05 
0.000202238 0.000354518 0.000108834 
0.000833757 0.000176518 5.25424e-05 
6.76797e-05 7.47086e-05 6.37858e-05 
0.000239049 0.000417163 2.96309e-05 
0.000691078 0.000101459 8.19642e-05 
2.47842e-05 0.000353305 0.000105396 
0.000556222 0.000141424 2.1985e-05 
0.000750325 6.78121e-05 4.7512e-05 
0.000954569 0.000373576 5.52676e-05 
0.000481842 0.000479666 2.02953e-05 
0.000378866 2.72957e-05 5.94111e-05 
0.00097733 2.26763e-05 3.90408e-05 
0.000305542 2.96975e-05 8.99864e-05 
0.00044513 0.000347429 1.82646e-05 
0.000978442 0.000355093 2.15459e-05 
0.000351543 0.000139996 9.20099e-05 
0.00081104 0.000478561 0.000105782 
0.000469005 8.24764e-05 0.000108439 
0.000147934 0.000207839 9.83313e-05 
0.000917419 0.000256701 7.45447e-05 
0.00052943 0.000334603 3.81241e-05 
4.24687e-05 0.000110236 0.000100185 
0.000112159 0.000108216 1.7014e-05 
0.000158256 0.000477663 2.23282e-05 
0.000908337 0.000381338 0.000130932 
0.000509322 7.2109e-05 9.33692e-05 
0.000744878 0.000286601 9.94872e-05 
0.000952974 0.00034156 0.00010019 
0.000316613 0.000465788 0.000106356 
8.60523e-05 9.99131e-05 8.16885e-05 
0.00073939 0.000132065 8.52362e-05 
0.00035932 0.000210569 2.63288e-05 
0.000525666 0.000452658 6.89078e-05 
0.000222701 0.00047945 2.05453e-05 
8.59386e-05 0.000352515 4.44251e-05 
9.93611e-05 0.000286813 9.96702e-05 
0.000315366 0.00023081 4.40772e-05 
0.000227317 0.000218867 0.000110399 
0.000860471 0.000199125 6.99583e-05 
0.000118024 2.2277e-05 6.70047e-05 
0.000936983 0.000284088 5.97999e-05 
1.80697e-05 0.000105368 6.85159e-05 
0.000930038 0.000198518 1.83522e-05 
0.000893407 0.000237888 5.50567e-05 
0.000496545 0.000141999 0.000121559 
0.000867309 0.000470583 2.94304e-05 
0.000504422 0.000311056 0.000105151 
9.36958e-05 0.000461691 5.53633e-05 
0.000755554 0.000408343 1.96565e-05 
0.000288054 0.000482253 8.15388e-05 
0.000755794 0.000354929 2.09901e-05 
0.000692781 2.10763e-05 2.31379e-05 
0.000632229 5.23943e-05 1.92765e-05 
0.000197191 0.000365693 4.48416e-05 
0.000252512 0.000140013 0.00012089 
0.00034791 0.000170815 4.69546e-05 
0.00046338 0.00029591 0.000128836 
0.000562392 0.000267311 4.12563e-05 
0.000284403 1.77873e-05 1.75545e-05 
0.000455692 0.000244325 1.84388e-05 
0.000170619 0.000376095 0.000101372 
0.000856024 0.000232823 5.13962e-05 
0.000660828 1.79777e-05 3.8911e-05 
0.000260794 0.000312322 0.000126481 
0.000398313 0.000460368 7.75641e-05 
0.00072474 2.25053e-05 7.11518e-05 
0.000958629 0.000438658 2.07514e-05 
0.000842521 0.00025653 2.08959e-05 
0.000445846 6.49669e-05 7.5381e-05 
0.000192099 0.00013675 2.17762e-05 
0.000936837 8.5496e-05 0.000131377 
0.000357393 0.000286834 4.11191e-05 
0.000134377 0.000427038 1.75956e-05 
0.000100524 0.000287218 2.56073e-05 
0.000379007 0.000181942 6.73469e-05 
0.000783497 0.000235358 1.98252e-05 
0.00049409 7.27785e-05 2.04623e-05 
0.000771844 8.67401e-05 1.93026e-05 
0.000327273 0.000435033 6.8606e-05 
0.000913191 1.88546e-05 7.70813e-05 
0.00092696 0.000123445 3.28676e-05 
0.00047568 0.000362668 8.60763e-05 
0.000965413 0.000131278 0.000117136 
0.000703325 0.000408705 8.57123e-05 
2.30683e-05 0.000160274 1.84739e-05 
0.00050242 2.54973e-05 5.63388e-05 
0.000272872 0.000369445 4.63659e-05 
0.000126365 7.66948e-05 8.12843e-05 
0.000195287 0.000339624 1.73746e-05 
0.000789981 0.000432407 1.79403e-05 
0.000847022 0.000110443 4.49428e-05 
0.000314483 0.000351233 9.00655e-05 
0.000545038 0.000253737 6.82413e-05 
0.000778834 3.70243e-05 1.70264e-05 
0.000668342 0.000108894 5.06296e-05 
0.000657052 0.000162216 2.04619e-05 
7.00766e-05 0.000387731 0.000109965 
0.000190414 0.000480446 0.000109058 
0.000658395 0.000463615 1.70795e-05 
7.00608e-05 0.000467744 2.19685e-05 
0.000117994 0.000320516 5.17862e-05 
0.000871017 0.000164307 0.000120903 
0.000566318 0.000273695 8.89142e-05 
0.000605572 9.75625e-05 0.000118748 
3.18008e-05 0.000481278 1.87249e-05 
0.000768908 0.000308766 7.1966e-05 
7.09183e-05 3.91081e-05 7.38699e-05 
0.000468925 0.000219022 0.000113672 
0.000374607 0.000476531 2.3466e-05 
1.8102e-05 0.000415453 7.26174e-05 
0.000353607 0.000383934 5.86645e-05 
2.18957e-05 0.000296055 2.18931e-05 
0.000816441 2.08583e-05 0.000122101 
0.000242891 0.000274063 5.19621e-05 
0.000364419 0.000372001 2.06455e-05 
0.000909955 9.41901e-05 1.79193e-05 
0.000269017 9.74738e-05 1.78375e-05 
