0.000828196 0.000412509 3.10539e-05 
8.2531e-05 0.00029539 0.000103944 
0.0005224 0.000207898 0.000146197 
0.000315774 0.000239138 0.000159285 
0.000678168 0.000335204 7.0553e-05 
0.00036391 7.91507e-05 0.000137226 
0.000729177 0.00021187 6.34831e-05 
0.000855501 0.000294801 7.30716e-05 
0.000525117 5.61079e-05 0.000176744 
0.000782773 0.000237932 0.000171826 
0.000633557 0.000370025 6.4377e-05 
0.000174616 0.000393386 2.46211e-05 
0.000829843 0.000305159 0.000139456 
0.00021129 0.000220957 0.000107893 
0.000490942 0.00037903 3.63531e-05 
0.00080486 0.000162102 0.00012857 
0.000438755 0.000374188 9.89511e-05 
0.000236634 0.000361809 4.03648e-05 
0.000524075 0.00014108 9.49435e-05 
0.000888004 0.000241411 2.48384e-05 
0.000916382 0.000332405 8.45647e-05 
0.000419039 0.00030828 7.25393e-05 
0.000938776 6.16284e-05 9.45925e-05 
0.000871985 4.24315e-05 0.000114881 
0.000696043 8.80136e-05 5.07376e-05 
0.000259821 0.00030446 8.36092e-05 
9.11243e-05 0.000236129 0.00011983 
0.000556307 0.000236667 2.22832e-05 
0.000176661 9.46923e-05 5.47742e-05 
0.000971079 0.000462443 0.000171035 
0.000526953 0.000212971 6.19018e-05 
0.000964136 0.000205492 8.86648e-05 
0.000880425 0.000146063 2.57339e-05 
0.000763509 2.74411e-05 0.000106225 
6.15374e-05 0.000265317 6.72504e-05 
0.000719148 0.00033984 0.000143519 
0.000610149 0.000437586 0.000165465 
0.000306382 0.000173513 0.000150231 
0.000346918 0.000222834 0.000106398 
0.000322277 0.000180749 4.71154e-05 
0.000310484 0.000308007 0.000107013 
0.000486237 0.000309458 3.28579e-05 
0.000452926 3.85854e-05 0.000109059 
0.000345433 0.000107159 7.93357e-05 
0.000963408 0.000400681 5.02427e-05 
0.000572406 0.00046452 0.000118413 
0.000548706 0.000347885 0.000134622 
0.000703023 0.000160468 0.000147614 
0.000396265 0.000222667 7.98353e-05 
0.000416289 0.000255223 0.00013621 
0.000253667 0.000379001 0.000150585 
0.000564727 0.000173344 0.000104914 
0.000799119 5.31054e-05 0.000178823 
0.000848969 0.000459713 0.000123263 
9.14843e-05 6.22603e-05 0.000149916 
0.000164023 9.08439e-05 0.00011841 
0.000961999 8.45838e-05 3.53531e-05 
0.000516245 0.000415011 0.000142669 
0.000222226 9.48354e-05 2.45752e-05 
0.000356627 0.000429496 3.28747e-05 
0.000493075 0.000165068 3.68836e-05 
0.000292745 0.000401278 6.73486e-05 
0.000608133 0.00034835 2.37082e-05 
0.000790568 0.000182687 4.63058e-05 
0.000550915 8.58542e-05 7.59561e-05 
0.000229451 9.65413e-05 9.85516e-05 
0.00051987 0.000465701 4.86348e-05 
0.000396916 7.64625e-05 3.08122e-05 
0.000953425 0.000181271 0.000142667 
0.000890299 0.000191036 3.32229e-05 
0.000575155 0.000396868 0.000153515 
0.000622566 0.000141564 0.000133597 
0.000389607 0.000367079 0.000125986 
0.000676811 0.000388206 7.73895e-05 
0.000645598 7.0452e-05 0.000130678 
0.000157342 4.32559e-05 9.64135e-05 
0.000883505 0.000154988 7.80917e-05 
0.000455277 0.000109853 3.66336e-05 
0.000637274 0.000204877 0.000149868 
0.000705844 0.000156744 7.70075e-05 
0.000806563 0.000158971 7.45226e-05 
6.88714e-05 0.000341739 0.000126292 
0.000144193 0.000377634 0.000111598 
0.000440697 0.000429428 0.000129511 
0.000606421 0.000244418 9.64034e-05 
0.000789837 0.000371293 8.30661e-05 
3.49136e-05 0.000432625 2.99114e-05 
0.00035137 0.000289286 0.000170366 
0.000180359 0.000437008 4.52704e-05 
0.000142049 0.000277609 3.89849e-05 
0.000274543 6.37411e-05 4.21423e-05 
0.000827065 0.000451904 7.44358e-05 
0.00068666 0.000131593 0.00017357 
0.000979885 0.000297383 5.08643e-05 
0.00011572 0.000269451 7.51391e-05 
0.00088672 0.000327651 0.000153506 
0.000211914 4.45022e-05 0.00014093 
0.000900118 0.000207712 0.00015745 
0.000374457 0.00032365 9.0153e-05 
0.000424793 0.00019681 3.2963e-05 
0.000568031 0.00039391 0.000102746 
0.000761407 0.000463451 3.85648e-05 
0.000707213 0.000373575 0.000108512 
0.000784781 0.000113943 0.000163467 
0.000411162 4.34177e-05 9.24307e-05 
0.000828 3.03113e-05 2.94604e-05 
0.000288509 8.24372e-05 0.000144189 
0.000725362 0.000259382 0.000126976 
9.42619e-05 0.000215042 5.50543e-05 
0.000670974 0.00019438 0.000114041 
0.000600068 0.00018141 5.5575e-05 
0.00040189 0.000269027 2.78364e-05 
0.000967818 0.000246401 0.000136907 
0.00064174 0.000272349 0.000150578 
0.000933488 0.000247661 4.25745e-05 
0.000606093 0.000128776 2.06891e-05 
7.64427e-05 0.00041206 6.85019e-05 
0.000157432 0.000434748 0.000113182 
0.000491289 0.000297607 0.000116463 
6.75479e-05 0.000147301 0.00012125 
0.000675289 0.00046445 7.05521e-05 
0.000657175 0.000383442 0.000131605 
0.000138021 0.000206898 8.56005e-05 
0.000309925 0.000275821 2.45786e-05 
0.000526693 0.000287258 7.50185e-05 
0.000754439 0.000186412 0.000144393 
0.00024773 0.000466168 0.000151394 
0.000971377 3.5544e-05 0.000128909 
0.000675865 0.00036176 2.11494e-05 
0.000237848 0.000241059 6.70094e-05 
0.000894336 0.000400324 3.9334e-05 
0.000411459 3.96165e-05 0.000139177 
0.000702384 4.62625e-05 0.000101455 
0.00076059 0.000468578 0.00014308 
0.000510262 0.000392632 0.0001092 
0.000448134 0.000161284 8.68913e-05 
0.000653726 0.0002107 3.31018e-05 
0.000423434 0.000103773 0.000145901 
0.000266008 0.00045449 7.23346e-05 
0.000977204 0.000381488 0.000132281 
0.000163414 0.000170272 0.000124843 
0.000901565 9.77173e-05 0.000105978 
0.000661294 0.000305254 2.70366e-05 
0.000356766 0.000414566 0.000159135 
0.000318906 0.000393141 0.000121622 
0.000869105 0.000125264 0.000165237 
0.00018677 0.000230783 1.82994e-05 
0.000707757 0.000440208 3.0757e-05 
5.88057e-05 3.18184e-05 6.14581e-05 
0.000534256 3.04975e-05 4.5704e-05 
0.000731223 0.000290531 5.54715e-05 
0.000899014 4.67842e-05 3.6496e-05 
0.000226402 0.000262347 2.7835e-05 
0.000910616 0.000145179 0.000160252 
0.000307972 0.000159292 9.76159e-05 
0.000787153 0.000346246 0.000141431 
0.000518719 0.000266057 0.000146937 
0.000720154 0.000303209 0.000105786 
0.00020166 0.000319151 0.00011178 
0.000785251 0.000444245 0.000110859 
0.000829664 0.000228178 2.2159e-05 
0.00061263 0.00040342 2.86334e-05 
3.42476e-05 0.000111662 2.62976e-05 
0.000461081 0.000329604 0.000151101 
0.000465763 0.000465262 0.00012279 
3.08536e-05 0.000391728 0.00013494 
0.000374194 0.000332111 2.80192e-05 
0.000556225 0.000409031 4.97212e-05 
0.000283285 0.000114098 0.0001041 
0.000907186 6.29484e-05 0.000159785 
0.000598483 0.000238903 0.000170087 
0.000812341 0.000211527 8.91435e-05 
0.000422161 0.000385482 6.56733e-05 
0.000248508 0.000126785 6.22612e-05 
0.000742938 3.81053e-05 4.97585e-05 
0.000399119 0.000136982 6.25106e-05 
0.000352119 0.00024762 6.54786e-05 
0.000242328 0.000347403 0.000110106 
0.000721167 8.17147e-05 0.000142544 
0.000755936 0.000318869 2.48351e-05 
0.000887808 0.00040809 0.000128112 
0.000638823 0.000137648 8.1955e-05 
0.000612102 4.08844e-05 6.03161e-05 
0.000349964 0.000470683 9.20032e-05 
0.000582084 0.000121965 0.000107961 
0.00011918 0.000124788 7.09263e-05 
0.000205606 0.00047189 8.25115e-05 
0.000199886 4.86312e-05 0.000101952 
4.73015e-05 6.24211e-05 0.000160715 
8.01447e-05 0.000318069 5.06468e-05 
0.000661746 0.000244421 0.000125257 
3.22256e-05 0.000464136 0.000104945 
0.000748467 0.00042241 0.00013276 
0.00044685 0.000264812 8.18126e-05 
0.000607521 0.000461005 5.45627e-05 
0.000826378 7.88352e-05 0.000102851 
0.000299973 0.00012438 5.07622e-05 
0.000914766 0.000458067 4.28564e-05 
0.000645282 0.000467032 0.000148024 
0.000203147 0.000409222 0.000143797 
0.00094809 0.000478087 2.71904e-05 
0.000823124 0.000340679 3.29689e-05 
4.97289e-05 0.000445469 0.000152291 
0.000462625 0.000446407 4.65847e-05 
0.000774266 0.000115011 0.000116233 
0.000746062 0.000326538 8.08895e-05 
0.000590044 0.000301806 0.000167153 
0.000104982 0.000454153 3.22585e-05 
0.000761054 0.000230214 0.000127215 
0.000808043 8.10667e-05 2.29214e-05 
0.000726235 0.000399191 6.58181e-05 
0.000473525 0.00040373 0.000109021 
0.00056132 0.000149907 0.00015677 
0.000331831 0.000146955 2.60883e-05 
0.000595592 0.000286239 3.39183e-05 
0.000200779 0.000256485 0.000153414 
0.000509952 0.000105349 0.000154085 
0.000560582 0.000192727 2.25635e-05 
0.000423196 0.000473595 4.67815e-05 
0.000484759 0.000175951 0.000138851 
0.000748847 0.000134482 4.25953e-05 
0.000212886 0.000174095 5.08776e-05 
0.000109578 0.000434269 0.000174135 
0.000487745 0.000319305 8.95688e-05 
4.81388e-05 0.000187795 0.000101992 
0.000674584 0.000265659 6.04349e-05 
0.00059002 3.51519e-05 0.000122419 
0.000126923 0.000379329 3.05083e-05 
3.16098e-05 0.000286177 0.000109976 
0.000369015 0.000425564 0.000113049 
0.000536384 0.00030121 2.80967e-05 
0.000847861 8.0915e-05 0.000172227 
0.00073034 9.54737e-05 1.99515e-05 
6.96149e-05 0.000156144 2.7998e-05 
7.73521e-05 0.000371963 2.60394e-05 
0.000269566 0.000214436 0.000166136 
0.000964955 0.000208036 4.14369e-05 
0.000267122 0.000233265 2.15248e-05 
0.000831076 0.000174398 0.000169024 
0.000879998 0.000326152 2.53911e-05 
0.000670471 0.000125842 6.45497e-05 
2.35627e-05 0.000251939 4.56815e-05 
0.000719073 0.000255134 2.65916e-05 
0.000113182 0.000245725 2.61042e-05 
0.000947792 0.000144567 3.12259e-05 
0.000878628 0.000461131 8.78106e-05 
0.000431643 0.000417317 2.44471e-05 
0.000119743 6.65333e-05 3.13166e-05 
0.000576843 0.00030866 9.58617e-05 
0.000869265 0.000215874 6.32782e-05 
0.000263219 0.000193613 0.000119668 
3.19617e-05 0.000339052 9.68891e-05 
0.000784298 0.000276358 0.000124828 
0.000241882 3.66787e-05 7.53722e-05 
0.000792844 6.6707e-05 9.43942e-05 
0.000271576 0.000273738 0.00016138 
0.000301998 0.000437967 0.000134085 
0.000707183 0.000170938 2.58032e-05 
0.000344568 0.000108863 2.92013e-05 
0.000971908 0.000421075 0.000160337 
0.000162792 0.000173943 4.94428e-05 
0.000154017 0.000328102 2.16064e-05 
0.000970394 0.000102642 0.000123826 
0.000221995 5.26506e-05 3.84496e-05 
0.000962254 0.000136013 9.06299e-05 
0.000804144 0.00026684 2.91327e-05 
0.000396503 0.000475149 0.000162435 
6.56651e-05 0.00012949 6.59549e-05 
0.000447864 0.000378378 0.000152156 
0.00013978 0.000309423 0.000163498 
0.000478986 2.39831e-05 5.94704e-05 
0.000941849 0.000381186 0.00016969 
0.000921136 0.000350644 2.2314e-05 
0.000223107 0.000306807 2.98022e-05 
0.000365435 0.000218687 0.000159365 
0.000826651 0.000405952 0.000143931 
0.000956556 0.00046534 0.00011283 
0.000220424 0.00015891 9.01098e-05 
0.000428821 0.000175361 0.000155949 
0.000117403 0.000165678 4.05644e-05 
0.000275958 0.000318028 3.00784e-05 
0.000347297 2.6863e-05 0.000139966 
0.00066236 0.000451427 0.0001072 
2.64555e-05 0.00039016 6.28515e-05 
0.000504574 0.000477761 0.000140646 
0.000971691 0.000315806 9.43714e-05 
0.000625172 0.000414422 9.6488e-05 
0.000935386 0.000301157 2.40378e-05 
0.000365194 0.000187462 5.77233e-05 
0.000569518 7.56636e-05 0.000138161 
0.000880109 8.25358e-05 0.00013572 
0.00095457 2.24542e-05 3.53166e-05 
0.000448419 5.68287e-05 4.29988e-05 
0.000707886 0.000462926 0.000131162 
0.00068752 5.75569e-05 0.000163403 
0.000771583 0.000419892 7.99273e-05 
0.000344315 3.6541e-05 3.66979e-05 
0.000339764 0.000456186 0.000131885 
0.000661961 5.32004e-05 5.12306e-05 
0.000323444 0.00032093 4.71592e-05 
0.000503015 8.34998e-05 0.000111475 
0.000120295 0.000374844 0.000151087 
0.000232852 0.000402472 0.000105514 
0.000517618 0.000103247 2.66769e-05 
2.03352e-05 8.26132e-05 0.000132208 
0.000498103 2.33643e-05 2.45599e-05 
0.000859416 0.000380037 0.000161548 
0.000313377 8.07279e-05 2.62795e-05 
4.22012e-05 0.000204194 2.65548e-05 
0.000162623 0.000243162 0.000127843 
0.00055881 0.000321178 5.01221e-05 
0.000418448 0.000312518 0.000145647 
0.00048171 0.000216175 3.25355e-05 
0.000830763 0.000112028 0.000140434 
0.000845603 0.000257219 0.000148962 
0.000171347 0.000298159 6.74427e-05 
0.000622788 0.000329631 6.26103e-05 
0.000542185 3.92889e-05 0.000114021 
0.000650055 0.000430213 6.52501e-05 
0.000852954 2.38479e-05 0.000156108 
0.000301613 0.000444491 2.61532e-05 
0.000427089 0.00030943 3.29829e-05 
0.000972633 6.49694e-05 0.000168714 
0.000309913 0.000372833 2.90532e-05 
2.97884e-05 0.000209136 0.000151326 
0.000123205 0.000128434 0.000144052 
0.000168578 0.000345051 8.88867e-05 
0.000934924 0.000109473 0.000148905 
0.000414389 0.000455295 8.29274e-05 
0.00048269 0.000198517 0.000103081 
8.20468e-05 0.000470145 0.000125391 
0.000474226 0.000461011 0.00016628 
0.000871348 0.000360533 0.000115026 
0.000127131 0.000479178 9.57241e-05 
0.00016448 0.000221376 4.74258e-05 
0.000501189 0.000453549 9.28954e-05 
0.000766362 3.7776e-05 0.0001557 
0.000766671 0.000150504 9.44782e-05 
0.000254068 0.000154728 2.22685e-05 
0.000495138 0.00025562 6.76412e-05 
0.00060149 0.000104475 6.31751e-05 
0.000814169 2.16793e-05 0.000137895 
0.000599581 0.000227224 3.75238e-05 
0.000713591 0.000332903 3.07795e-05 
0.000871095 0.000111976 5.93449e-05 
0.000172181 3.23445e-05 3.07193e-05 
0.000597571 3.25264e-05 0.000174275 
0.000600334 0.000351169 0.000131251 
0.0007093 5.34889e-05 2.31927e-05 
0.000217723 0.000162495 0.00014793 
0.000556657 0.000462281 6.85438e-05 
0.000768389 0.000275674 7.56324e-05 
0.000723293 0.000467518 7.89318e-05 
0.000553432 0.000368465 2.3214e-05 
0.00062155 9.97506e-05 9.70582e-05 
0.00078201 0.000426169 0.000165052 
0.000537568 0.000304355 0.000129378 
0.000769109 0.000390074 0.000175184 
2.51981e-05 0.000344527 2.26639e-05 
0.000674356 0.000406487 4.26571e-05 
0.000547127 0.000469974 0.000158261 
0.000156002 0.00030098 0.000126846 
0.000385113 0.000138193 0.000136282 
0.000907329 0.000473828 0.000129138 
0.000735847 0.000373551 1.9787e-05 
5.40294e-05 6.66691e-05 2.30432e-05 
0.000670917 2.37549e-05 0.000138769 
0.000576555 0.000466101 2.98211e-05 
0.000569715 0.000206066 0.000141913 
0.000403359 0.000420382 0.000110804 
0.000172169 1.86148e-05 0.000131165 
0.000186591 0.000190139 9.3216e-05 
0.000400269 0.000354125 6.15395e-05 
0.000396366 9.13629e-05 0.000101826 
0.000494986 0.00035334 0.000179916 
0.000791181 6.62809e-05 0.000133437 
0.000812742 0.000258573 9.39388e-05 
0.000696095 0.000294801 0.000165743 
0.000818848 0.000146774 3.07468e-05 
0.000562474 0.000363054 7.63529e-05 
0.000974317 0.000167238 2.29942e-05 
0.000147436 0.000129907 3.4123e-05 
0.000479306 3.4927e-05 0.00017513 
0.00027282 4.57522e-05 0.000114879 
2.15979e-05 0.000212057 8.5334e-05 
0.000628824 0.000325886 0.000116323 
0.0002837 0.000204671 7.27723e-05 
0.000688835 0.000242881 0.000157551 
0.000553546 3.16395e-05 0.000156541 
0.000537294 0.000130579 0.000177692 
0.000269474 0.000238136 0.000124227 
0.000910667 0.000174058 0.000115277 
0.00090783 0.000268859 0.000157149 
0.000576122 7.28091e-05 2.39588e-05 
3.78883e-05 0.000230415 0.00011544 
0.000199167 0.000356539 0.000174365 
0.000844004 0.000172911 0.000104741 
6.57597e-05 7.59666e-05 0.000102725 
0.0002499 0.000414065 2.96617e-05 
0.000703136 0.0001152 0.000122492 
3.27928e-05 0.000365472 0.000168281 
0.000548571 0.000150635 3.30667e-05 
0.000744721 7.04792e-05 9.21387e-05 
0.000951845 0.000373814 9.79655e-05 
0.000485626 0.0004797 2.4928e-05 
0.000376586 3.5847e-05 0.000112891 
0.000961362 2.27179e-05 7.97376e-05 
0.000309373 3.46096e-05 0.000163055 
0.000444987 0.000337634 5.2449e-05 
0.000969542 0.000351579 4.95139e-05 
0.000348011 0.000122559 0.00015185 
0.000810875 0.000471565 0.000164655 
0.000466952 8.38211e-05 0.000161077 
0.000151952 0.000221569 0.000158579 
0.000917382 0.00027194 0.00011366 
0.000524666 0.000340988 7.43913e-05 
3.37093e-05 0.000105457 0.000167951 
0.0001074 0.000113372 2.40647e-05 
0.000152247 0.000473338 2.23481e-05 
0.000908337 0.000381338 0.00018063 
0.00052452 7.11128e-05 0.000140961 
0.000749117 0.000288485 0.000163666 
0.000952974 0.00034156 0.000164939 
0.000305487 0.000471059 0.000167834 
8.60523e-05 9.99131e-05 0.00013189 
0.00073939 0.000132065 0.000150915 
0.000359643 0.000222101 2.63269e-05 
0.000528266 0.000452606 0.000118069 
0.000234131 0.000477457 3.54111e-05 
8.26461e-05 0.000356708 8.32288e-05 
9.76748e-05 0.000287483 0.000147653 
0.00030962 0.000252238 8.30639e-05 
0.000228407 0.000218329 0.000159627 
0.000861192 0.000202734 0.0001243 
0.000117758 2.23761e-05 0.000121428 
0.000933112 0.000293576 7.39636e-05 
1.80775e-05 0.000100031 9.92563e-05 
0.000923168 0.000190468 6.35959e-05 
0.000891529 0.000229392 0.000112689 
0.000496545 0.000141999 0.000177204 
0.000854463 0.000469137 2.94245e-05 
0.000502375 0.00031118 0.000154279 
0.000110125 0.000440936 9.3819e-05 
0.00076096 0.00040839 3.18351e-05 
0.000290547 0.000478307 0.000130106 
0.000752444 0.000351115 4.76544e-05 
0.000697342 3.97423e-05 6.5041e-05 
0.00061155 4.82276e-05 1.94288e-05 
0.000188977 0.000371562 6.85606e-05 
0.000252512 0.000140013 0.000174557 
0.000344483 0.000182645 9.09713e-05 
0.00046338 0.00029591 0.000178372 
0.000572484 0.000261913 7.31397e-05 
0.000278296 2.2233e-05 2.92483e-05 
0.000455325 0.000254892 3.1442e-05 
0.000169786 0.000376768 0.000149753 
0.000861374 0.000242203 9.09811e-05 
0.000662461 3.56719e-05 9.77553e-05 
0.000260794 0.000312322 0.000179846 
0.000397947 0.000458267 0.00012944 
0.000713208 2.32344e-05 0.000141565 
0.000955523 0.000439869 7.27518e-05 
0.000854918 0.000270441 2.10465e-05 
0.00045152 7.52275e-05 8.41753e-05 
0.000188451 0.000145748 2.59815e-05 
0.000936837 8.5496e-05 0.000180498 
0.000361167 0.000284411 7.03691e-05 
0.000134377 0.000427038 3.79744e-05 
8.10162e-05 0.000277002 2.55828e-05 
0.000383397 0.000186212 0.000124938 
0.000764606 0.000232519 2.85733e-05 
0.000494886 7.84508e-05 7.53876e-05 
0.000765001 8.47897e-05 5.51954e-05 
0.000314693 0.000441316 9.24154e-05 
0.000907705 2.45281e-05 0.000119203 
0.000924293 0.000132362 6.57069e-05 
0.000472745 0.000358116 0.00012305 
0.000965413 0.000131278 0.000170944 
0.000719049 0.000403027 0.000159632 
2.30683e-05 0.000160274 5.46071e-05 
0.000500655 2.37284e-05 0.000113722 
0.000278714 0.00037639 0.000108172 
0.000116347 6.28369e-05 0.000103572 
0.000189756 0.000338894 4.58313e-05 
0.000793717 0.000443304 4.73827e-05 
0.000839707 0.000124423 8.3337e-05 
0.000311602 0.000347048 0.000170351 
0.000544748 0.000260017 0.000116606 
0.000777399 3.47694e-05 3.57237e-05 
0.000667702 0.000108415 0.000104279 
0.000638705 0.000157374 2.50857e-05 
7.24278e-05 0.000393479 0.000170979 
0.000196289 0.000477361 0.00014962 
0.000657446 0.000461319 3.17592e-05 
5.81082e-05 0.000472922 6.11055e-05 
0.000118702 0.000320477 9.95063e-05 
0.000871017 0.000164307 0.000170029 
0.000566695 0.000275266 0.000144371 
0.000604995 9.92406e-05 0.000171366 
3.69625e-05 0.000481249 2.73395e-05 
0.000757843 0.000314008 0.00013198 
6.85394e-05 4.4616e-05 0.00012465 
0.000468925 0.000219022 0.000162989 
0.000389227 0.000472466 2.35074e-05 
1.81033e-05 0.000429048 9.01276e-05 
0.00036056 0.000386172 9.4332e-05 
2.24858e-05 0.000297389 4.66332e-05 
0.000816441 2.08583e-05 0.00017961 
0.000236334 0.000276726 0.000121528 
0.000367156 0.000379899 2.1325e-05 
0.000913264 0.000101778 4.80499e-05 
0.000273896 0.000106982 2.26601e-05 
