0.000833929 0.000411753 3.55682e-05 
8.2531e-05 0.00029539 0.000121575 
0.00052348 0.000207856 0.000174982 
0.000315774 0.000239138 0.000177414 
0.00067545 0.000333588 0.000102516 
0.00036391 7.91507e-05 0.000155571 
0.000727771 0.000217475 9.57421e-05 
0.000856665 0.000300572 0.000104907 
0.000525081 5.70151e-05 0.000192252 
0.000782773 0.000237932 0.000187896 
0.000634073 0.000369608 8.82329e-05 
0.000173985 0.000396892 4.26696e-05 
0.000828217 0.000303278 0.000176249 
0.000208988 0.000218017 0.000130693 
0.000490942 0.00037903 4.25214e-05 
0.00080486 0.000162102 0.000151084 
0.000438496 0.000374364 0.000116981 
0.000237407 0.000364775 6.51219e-05 
0.000524075 0.00014108 0.000118309 
0.000888467 0.000241471 3.95448e-05 
0.000917065 0.000330819 0.000109459 
0.000419698 0.000307286 9.15191e-05 
0.000938776 6.16284e-05 0.000118943 
0.000871985 4.24315e-05 0.000129376 
0.000696043 8.80136e-05 6.92617e-05 
0.000262405 0.000304622 0.000102449 
8.36128e-05 0.000234869 0.000163485 
0.000554559 0.000235013 4.14382e-05 
0.000183322 9.52144e-05 8.35451e-05 
0.000971079 0.000462443 0.000190066 
0.000534193 0.000215743 9.18051e-05 
0.000964136 0.000205492 0.000101697 
0.00088068 0.000146742 2.99911e-05 
0.000763509 2.74411e-05 0.000124061 
6.21773e-05 0.000265703 8.50421e-05 
0.000721394 0.000343011 0.000168786 
0.000610149 0.000437586 0.00018146 
0.000306631 0.000171646 0.000179573 
0.000346905 0.000222631 0.000128117 
0.000322277 0.000180749 6.12821e-05 
0.000305869 0.000306423 0.000137573 
0.000486237 0.000309458 3.47839e-05 
0.000452901 3.92126e-05 0.000130325 
0.000340543 0.000108908 0.000108999 
0.000963408 0.000400681 6.94606e-05 
0.000570397 0.00046483 0.000135095 
0.000548657 0.000347694 0.000164473 
0.000703023 0.000160468 0.000163983 
0.000399631 0.000219496 0.000103076 
0.000417343 0.000255564 0.000175755 
0.000254186 0.000375017 0.000177712 
0.000564727 0.000173344 0.000126084 
0.000799119 5.31054e-05 0.000192012 
0.000853896 0.000459778 0.000145243 
9.07789e-05 6.17178e-05 0.000166623 
0.000158713 8.63515e-05 0.00016018 
0.000961999 8.45838e-05 6.59454e-05 
0.000515856 0.000413615 0.000162313 
0.000217782 9.38493e-05 3.18058e-05 
0.000359157 0.000425652 6.84575e-05 
0.000491713 0.00016465 6.55833e-05 
0.00029336 0.000400233 8.46658e-05 
0.000608133 0.00034835 3.30776e-05 
0.000791047 0.000181977 5.91702e-05 
0.000551849 8.31803e-05 8.80331e-05 
0.000229451 9.65413e-05 0.000138147 
0.000521562 0.000465559 6.19583e-05 
0.000397196 7.64792e-05 3.19684e-05 
0.000953425 0.000181271 0.000174806 
0.000890299 0.000191036 4.84364e-05 
0.000575155 0.000396868 0.000168025 
0.000628013 0.00014119 0.000157926 
0.000388846 0.000367579 0.000156935 
0.000676087 0.000386779 9.72648e-05 
0.000641292 7.56939e-05 0.000156922 
0.000157428 4.38885e-05 0.000109688 
0.000883534 0.00015122 9.6216e-05 
0.000454381 0.000113481 4.34796e-05 
0.000647005 0.000203262 0.000174469 
0.000705959 0.000157959 0.000101811 
0.000805772 0.000160144 9.43729e-05 
6.92619e-05 0.000342163 0.000150895 
0.000143433 0.000377546 0.000124949 
0.000438496 0.000426985 0.000151303 
0.000606421 0.000244418 0.000117669 
0.000793927 0.000365121 0.000107022 
3.92263e-05 0.000431267 3.31782e-05 
0.00035137 0.000289286 0.000184514 
0.000176286 0.000435656 7.2356e-05 
0.00014147 0.000277426 5.65605e-05 
0.000274543 6.37411e-05 6.40454e-05 
0.000823614 0.000450958 9.81228e-05 
0.00068666 0.000131593 0.000187706 
0.000979885 0.000297383 6.32465e-05 
0.000116216 0.000269395 9.94081e-05 
0.0008847 0.000331972 0.00018601 
0.000211498 4.46451e-05 0.000161945 
0.000894357 0.000211913 0.000179796 
0.000372687 0.000318374 0.000118772 
0.000424183 0.000196192 4.6404e-05 
0.000568031 0.00039391 0.000119603 
0.000761407 0.000463451 5.48349e-05 
0.000707078 0.000370582 0.000128912 
0.000784781 0.000113943 0.000182015 
0.000411162 4.34177e-05 0.000107597 
0.000828 3.03113e-05 6.39345e-05 
0.000288509 8.24372e-05 0.000164795 
0.000725362 0.000259382 0.000147843 
9.56364e-05 0.000214882 8.06112e-05 
0.000668541 0.000195186 0.000129764 
0.00060005 0.000183023 8.31168e-05 
0.00040189 0.000269027 5.7158e-05 
0.000967818 0.000246401 0.000169086 
0.000641804 0.000272259 0.000172241 
0.00093477 0.000245071 7.8065e-05 
0.000606093 0.000128776 3.79441e-05 
6.97744e-05 0.000414827 9.7151e-05 
0.000149636 0.000435767 0.000148237 
0.000492091 0.000298993 0.000131587 
6.55348e-05 0.000150249 0.000153461 
0.000675033 0.000463884 8.43325e-05 
0.000662748 0.000383447 0.000175339 
0.00013941 0.000210208 0.000112065 
0.000310654 0.000278264 4.17438e-05 
0.000526693 0.000287258 9.29178e-05 
0.000754439 0.000186412 0.000170346 
0.00024773 0.000466168 0.000171362 
0.000971377 3.5544e-05 0.000149636 
0.000675865 0.00036176 3.61304e-05 
0.000235702 0.000244381 9.04601e-05 
0.000890836 0.000396418 7.7174e-05 
0.000409465 3.9401e-05 0.000162598 
0.000702352 4.62209e-05 0.000117502 
0.000760659 0.00046851 0.000166709 
0.000510235 0.000393553 0.000122834 
0.000447944 0.000151207 0.000107131 
0.000653726 0.0002107 4.96969e-05 
0.00041984 0.000107321 0.000182703 
0.000263223 0.000447369 0.000100704 
0.000977204 0.000381488 0.000149646 
0.000167784 0.000174073 0.000146302 
0.000901565 9.77173e-05 0.000118101 
0.000662913 0.000307894 5.36624e-05 
0.000356766 0.000414566 0.000181226 
0.000318906 0.000393141 0.000142639 
0.000869105 0.000125264 0.000177158 
0.00018488 0.000229969 3.41369e-05 
0.000710468 0.000445535 3.66047e-05 
5.73862e-05 4.17349e-05 7.81771e-05 
0.000529997 3.03848e-05 6.80602e-05 
0.000731403 0.000289303 7.21349e-05 
0.000899014 4.67842e-05 3.88917e-05 
0.000227231 0.000261327 4.54028e-05 
0.000910769 0.000144956 0.000187268 
0.000308131 0.000160683 0.0001259 
0.000787153 0.000346246 0.00017152 
0.000518719 0.000266057 0.000163767 
0.000720154 0.000303209 0.000120862 
0.000199584 0.000320777 0.000139536 
0.000785186 0.000444309 0.000132479 
0.000829664 0.000228178 3.959e-05 
0.00061263 0.00040342 4.55957e-05 
3.70111e-05 0.000112964 4.768e-05 
0.000461081 0.000329604 0.000164904 
0.000466048 0.000465083 0.00013858 
3.08536e-05 0.000391728 0.00014857 
0.000368872 0.000332118 4.18592e-05 
0.000556225 0.000409031 6.45504e-05 
0.000283285 0.000114098 0.000120244 
0.000907186 6.29484e-05 0.000174521 
0.000598483 0.000238903 0.000188787 
0.000812343 0.000211665 0.000119105 
0.000422354 0.000385351 7.83395e-05 
0.000248508 0.000126785 7.40405e-05 
0.000743821 3.80199e-05 6.6036e-05 
0.000400144 0.00013728 7.90551e-05 
0.000350743 0.000247162 8.19842e-05 
0.000243198 0.00034947 0.00013303 
0.000721167 8.17147e-05 0.00015894 
0.000755936 0.000318869 3.88016e-05 
0.000887808 0.00040809 0.000152485 
0.000639002 0.000137418 0.000104833 
0.000612055 4.12959e-05 7.75247e-05 
0.000349964 0.000470683 0.000103739 
0.000582274 0.000122057 0.000120879 
0.000119365 0.000125425 9.48168e-05 
0.000204083 0.000470535 0.000112038 
0.000200153 4.85397e-05 0.00011513 
4.73015e-05 6.24211e-05 0.000180197 
8.01469e-05 0.00031795 7.10665e-05 
0.000660663 0.000242362 0.000142101 
3.32901e-05 0.000461136 0.000130003 
0.00074762 0.000421851 0.000149082 
0.000447692 0.000265411 0.000119988 
0.000607214 0.000461053 7.18686e-05 
0.000826378 7.88352e-05 0.000115287 
0.000299378 0.000121531 7.23656e-05 
0.000917193 0.000456662 6.49475e-05 
0.000645282 0.000467032 0.000167685 
0.000203147 0.000409222 0.00017193 
0.000945729 0.000476497 4.05476e-05 
0.000820933 0.000342454 3.77063e-05 
4.71186e-05 0.000448784 0.000180811 
0.000463455 0.000447639 7.21285e-05 
0.000774266 0.000115011 0.000132475 
0.000746062 0.000326538 9.76591e-05 
0.000589784 0.000301511 0.000189344 
0.000104982 0.000454153 5.12201e-05 
0.000761054 0.000230214 0.00013959 
0.000808043 8.10667e-05 3.56525e-05 
0.000726235 0.000399191 8.2402e-05 
0.000472265 0.000404768 0.000127853 
0.00056132 0.000149907 0.000168599 
0.000331831 0.000146955 3.9143e-05 
0.000595478 0.000286119 3.45532e-05 
0.000198846 0.000254882 0.000179743 
0.000509952 0.000105349 0.000168852 
0.000559079 0.000193683 3.15669e-05 
0.0004225 0.000472305 6.23814e-05 
0.000481139 0.000176014 0.00015731 
0.000748847 0.000134482 5.94653e-05 
0.000212936 0.000173992 6.64932e-05 
0.000109578 0.000434269 0.000191261 
0.00048781 0.000318948 0.000102355 
4.88516e-05 0.000186259 0.000116157 
0.000677954 0.00026508 9.35536e-05 
0.00059002 3.51519e-05 0.000138626 
0.00012766 0.000379788 5.67749e-05 
3.16098e-05 0.000286177 0.000146925 
0.000369335 0.000425517 0.000125481 
0.000536384 0.00030121 4.0197e-05 
0.000847861 8.0915e-05 0.000189007 
0.00073034 9.54737e-05 3.44866e-05 
6.95358e-05 0.000155737 4.32571e-05 
7.79119e-05 0.000372049 4.2183e-05 
0.000267269 0.000214674 0.000189438 
0.00096401 0.000209196 5.81703e-05 
0.000267122 0.000233265 3.22589e-05 
0.000831076 0.000174398 0.000190972 
0.000876552 0.000323061 5.12078e-05 
0.000668871 0.000126434 7.80908e-05 
2.35627e-05 0.000251939 6.62732e-05 
0.00071858 0.00025314 3.7949e-05 
0.000112471 0.000246362 4.09639e-05 
0.000947792 0.000144567 4.31188e-05 
0.000876243 0.000461004 0.000104523 
0.000431643 0.000417317 4.39386e-05 
0.000119535 6.73248e-05 4.50782e-05 
0.000576843 0.00030866 0.000119747 
0.000868907 0.000217134 7.82525e-05 
0.000263219 0.000193613 0.000135272 
3.19617e-05 0.000339052 0.000114952 
0.000785595 0.000277169 0.000150984 
0.000241216 3.72586e-05 9.94251e-05 
0.000792788 6.66926e-05 0.000108456 
0.000271576 0.000273738 0.000173552 
0.000301998 0.000437967 0.000150799 
0.000707042 0.000169451 4.43087e-05 
0.000344598 0.000108737 4.71442e-05 
0.000971908 0.000421075 0.000176457 
0.000162792 0.000173943 6.86161e-05 
0.000154017 0.000328102 3.94357e-05 
0.000970394 0.000102642 0.000142255 
0.000222672 5.41078e-05 5.49071e-05 
0.000962254 0.000136013 0.000109413 
0.000804144 0.00026684 5.30666e-05 
0.000396503 0.000475149 0.000175768 
6.36317e-05 0.000128853 9.13603e-05 
0.000449736 0.000376854 0.000176432 
0.000141534 0.00030851 0.000179967 
0.000479468 2.39691e-05 7.92323e-05 
0.000941849 0.000381186 0.000181709 
0.000915931 0.000359272 3.86793e-05 
0.000223313 0.000304402 5.72057e-05 
0.000365435 0.000218687 0.000175635 
0.000826651 0.000405952 0.000157035 
0.000956495 0.00046382 0.000139052 
0.000220315 0.000159129 0.000111326 
0.000429834 0.000177989 0.000182833 
0.000117403 0.000165678 5.8117e-05 
0.000275958 0.000318028 4.64345e-05 
0.000346321 2.70624e-05 0.000156469 
0.000663964 0.00045304 0.000124867 
2.69437e-05 0.000390438 7.96021e-05 
0.000503123 0.000476324 0.000155663 
0.000971691 0.000315806 0.000123854 
0.000626201 0.00041347 0.000113197 
0.000935386 0.000301157 3.35897e-05 
0.000365194 0.000187462 7.08274e-05 
0.000569518 7.56636e-05 0.000160003 
0.000880109 8.25358e-05 0.000147469 
0.00095457 2.24542e-05 5.33958e-05 
0.000448673 5.87871e-05 5.45939e-05 
0.000709228 0.000462979 0.000155956 
0.000687997 5.68104e-05 0.000189436 
0.000772437 0.000417811 9.27187e-05 
0.000346931 4.3962e-05 6.78062e-05 
0.000339764 0.000456186 0.000149038 
0.000661961 5.32004e-05 6.84599e-05 
0.000325374 0.000323569 7.56349e-05 
0.000503015 8.34998e-05 0.000126575 
0.000121884 0.00037503 0.000181947 
0.000232852 0.000402472 0.00012164 
0.000516428 0.000102353 3.03821e-05 
2.03078e-05 8.28246e-05 0.00014682 
0.000500058 2.38081e-05 3.8629e-05 
0.000859416 0.000380037 0.000180979 
0.000314292 7.966e-05 4.0828e-05 
4.22012e-05 0.000204194 3.83645e-05 
0.000165421 0.000244121 0.000142985 
0.00055881 0.000321178 6.48052e-05 
0.000418448 0.000312518 0.000168689 
0.000481952 0.000216159 5.00138e-05 
0.000830763 0.000112028 0.000154021 
0.000845491 0.000257524 0.000164171 
0.000171347 0.000298159 8.74172e-05 
0.000622788 0.000329631 7.49601e-05 
0.000542185 3.92889e-05 0.000129991 
0.000650055 0.000430213 7.96665e-05 
0.000852954 2.38479e-05 0.000169742 
0.000301613 0.000444491 4.99498e-05 
0.000427089 0.00030943 4.72286e-05 
0.000972633 6.49694e-05 0.000180884 
0.000310998 0.000368191 3.86307e-05 
2.97884e-05 0.000209136 0.000167629 
0.000123205 0.000128434 0.000159736 
0.000169885 0.000344028 0.000107471 
0.00093482 0.000109626 0.000163145 
0.00041546 0.000457541 0.000100489 
0.00048222 0.000198013 0.000114923 
8.17399e-05 0.000469915 0.000137902 
0.000476895 0.000462884 0.000187145 
0.000872474 0.000358124 0.000137691 
0.000127131 0.000479178 0.000108108 
0.000163985 0.000220951 6.48504e-05 
0.000501189 0.000453549 0.000106271 
0.000766362 3.7776e-05 0.000168468 
0.000766671 0.000150504 0.000108866 
0.000254068 0.000154728 3.85116e-05 
0.000493823 0.000255475 8.50539e-05 
0.000603647 0.000103966 8.01993e-05 
0.000814169 2.16793e-05 0.000152069 
0.000599594 0.000225991 5.90485e-05 
0.000713074 0.000332937 4.89531e-05 
0.000871083 0.00011292 7.23656e-05 
0.000171514 3.27792e-05 4.91191e-05 
0.000597571 3.25264e-05 0.000192204 
0.000600334 0.000351169 0.000149015 
0.0007093 5.34889e-05 3.38563e-05 
0.000217723 0.000162495 0.000171381 
0.000555425 0.000462904 8.67066e-05 
0.000767137 0.000276136 9.82738e-05 
0.000717595 0.000460873 9.52134e-05 
0.000553432 0.000368465 3.22481e-05 
0.000621273 9.89514e-05 0.000116384 
0.00078201 0.000426169 0.000177377 
0.000537599 0.000304479 0.000142456 
0.000769109 0.000390074 0.000187288 
2.51981e-05 0.000344527 4.06523e-05 
0.000674682 0.000406686 5.60768e-05 
0.000547667 0.000467011 0.000176772 
0.000155291 0.00030135 0.000142055 
0.000386559 0.000136001 0.000154507 
0.000907329 0.000473828 0.000155914 
0.000736766 0.000372414 3.51685e-05 
5.43513e-05 6.29102e-05 3.07524e-05 
0.000670917 2.37549e-05 0.000152441 
0.000575482 0.000465834 4.74718e-05 
0.00056902 0.000206093 0.000159431 
0.000405306 0.000420896 0.000124323 
0.000172169 1.86148e-05 0.000144792 
0.000185861 0.000189952 0.000109412 
0.000400269 0.000354125 7.71171e-05 
0.000396646 9.14926e-05 0.000119786 
0.000494986 0.00035334 0.000192891 
0.000791259 6.6301e-05 0.000149983 
0.000812741 0.000258498 0.000109683 
0.000696095 0.000294801 0.000182398 
0.000818848 0.000146774 5.12639e-05 
0.000562474 0.000363054 9.08716e-05 
0.000974317 0.000167238 3.59127e-05 
0.000145714 0.000128936 5.393e-05 
0.000479306 3.4927e-05 0.000187314 
0.00027282 4.57522e-05 0.000135983 
2.15979e-05 0.000212057 0.000102182 
0.000628824 0.000325886 0.000131177 
0.0002837 0.000204671 9.04391e-05 
0.000688835 0.000242881 0.000169424 
0.000553546 3.16395e-05 0.000172151 
0.000537294 0.000130579 0.000191385 
0.000269474 0.000238136 0.000142736 
0.000909948 0.000173985 0.000134932 
0.000909122 0.000269276 0.000178284 
0.000567715 7.6806e-05 3.13167e-05 
4.20186e-05 0.000230804 0.000129682 
0.000199167 0.000356539 0.000190429 
0.000844004 0.000172911 0.000118086 
6.57597e-05 7.59666e-05 0.000116643 
0.00025181 0.000418039 3.66069e-05 
0.000703136 0.0001152 0.000139358 
3.27928e-05 0.000365472 0.000189195 
0.000548571 0.000150635 5.26062e-05 
0.000744721 7.04792e-05 0.000109824 
0.000951845 0.000373814 0.000116309 
0.000484366 0.00047886 4.2905e-05 
0.000378538 3.60579e-05 0.000129006 
0.000961362 2.27179e-05 0.00010052 
0.00031104 3.42689e-05 0.000187717 
0.000444987 0.000337634 6.594e-05 
0.000969542 0.000351579 6.82906e-05 
0.000349472 0.000123116 0.00017247 
0.000810875 0.000471565 0.000183121 
0.000465899 8.43282e-05 0.00017392 
0.000151952 0.000221569 0.000176845 
0.000916683 0.000271715 0.000130887 
0.000524666 0.000340988 9.84267e-05 
3.37093e-05 0.000105457 0.000187885 
0.000107448 0.000113189 3.58061e-05 
0.000153334 0.000471847 3.9292e-05 
0.000908337 0.000381338 0.000192557 
0.000524552 7.03251e-05 0.000155797 
0.000749761 0.000290864 0.00018471 
0.000952974 0.00034156 0.000180478 
0.000303643 0.000471954 0.000184836 
8.60523e-05 9.99131e-05 0.000143938 
0.00073939 0.000132065 0.000166677 
0.000359209 0.000223534 3.60201e-05 
0.00052961 0.000453715 0.000134662 
0.000234131 0.000477457 5.24847e-05 
8.23005e-05 0.000356332 0.000104479 
9.76383e-05 0.000287321 0.000159992 
0.000313048 0.000254099 0.000107895 
0.000229174 0.000218857 0.000172383 
0.000862863 0.000203097 0.000140245 
0.000117761 2.27924e-05 0.000141324 
0.000932637 0.000294678 8.81608e-05 
1.81025e-05 9.98382e-05 0.00011283 
0.000923168 0.000190468 7.72159e-05 
0.000892146 0.000227206 0.000131398 
0.000496545 0.000141999 0.000190559 
0.000854463 0.000469137 3.2704e-05 
0.000500619 0.000309084 0.000171173 
0.000113324 0.000440517 0.00011142 
0.00076096 0.00040839 4.74595e-05 
0.00029161 0.000477792 0.000145834 
0.000753177 0.00035288 6.52462e-05 
0.000697372 3.97805e-05 7.72897e-05 
0.000611126 4.81847e-05 3.41416e-05 
0.000188977 0.000371562 8.06514e-05 
0.000252512 0.000140013 0.000187436 
0.000344047 0.000182584 0.000107192 
0.00046338 0.00029591 0.000190261 
0.000572699 0.000262139 8.52186e-05 
0.000278296 2.2233e-05 4.17077e-05 
0.000455325 0.000254892 4.51921e-05 
0.000169786 0.000376768 0.000164459 
0.000861336 0.000243997 0.00010475 
0.000662461 3.56719e-05 0.000110826 
0.000260794 0.000312322 0.000192654 
0.000397947 0.000458267 0.000142852 
0.00071212 2.46827e-05 0.0001629 
0.000955573 0.000441105 9.23083e-05 
0.000854924 0.000271577 3.43537e-05 
0.000451562 7.41178e-05 0.000103049 
0.000188451 0.000145748 4.5157e-05 
0.000936837 8.5496e-05 0.000192287 
0.000362428 0.000287789 8.58801e-05 
0.000135816 0.000427362 5.1116e-05 
7.90134e-05 0.000275698 3.11047e-05 
0.000389733 0.000184934 0.000144562 
0.000764606 0.000232519 4.44691e-05 
0.000494886 7.84508e-05 8.7751e-05 
0.000765001 8.47897e-05 7.02646e-05 
0.000314693 0.000441316 0.000107297 
0.000907705 2.45281e-05 0.000132317 
0.000923433 0.000132729 8.06635e-05 
0.000471581 0.000359064 0.00013707 
0.000965413 0.000131278 0.000183858 
0.000722054 0.000405007 0.000181127 
2.30683e-05 0.000160274 6.84101e-05 
0.000500655 2.37284e-05 0.000133542 
0.000277092 0.0003765 0.000125631 
0.000119543 6.4084e-05 0.0001255 
0.000189756 0.000338894 5.80402e-05 
0.000797634 0.000443572 6.35041e-05 
0.000840349 0.000124168 0.000105854 
0.000311602 0.000347048 0.000190004 
0.000544748 0.000260017 0.000128683 
0.000776363 3.48696e-05 4.79568e-05 
0.000667702 0.000108415 0.000118729 
0.000638705 0.000157374 4.20217e-05 
7.24278e-05 0.000393479 0.000191087 
0.000196289 0.000477361 0.0001642 
0.000657446 0.000461319 4.35542e-05 
5.75093e-05 0.000473157 7.96201e-05 
0.000118702 0.000320477 0.000111197 
0.000871017 0.000164307 0.00018182 
0.00056699 0.000275601 0.000158462 
0.000604995 9.92406e-05 0.00018767 
3.73998e-05 0.00048102 4.21892e-05 
0.000754091 0.000314855 0.000147708 
6.93196e-05 4.5216e-05 0.00013809 
0.000468925 0.000219022 0.000174825 
0.000388173 0.000470889 3.57891e-05 
1.83747e-05 0.000430543 0.000104227 
0.000361297 0.000385688 0.000109557 
2.24858e-05 0.000297389 6.60155e-05 
0.000816441 2.08583e-05 0.000193412 
0.000232817 0.000274732 0.000144027 
0.000366447 0.000382273 4.05934e-05 
0.000913273 0.000101803 6.10475e-05 
0.000276631 0.000108686 3.91238e-05 
