0.000842442 0.000421172 3.10601e-05 
7.74485e-05 0.000295493 6.06259e-05 
0.000534823 0.000223659 8.9493e-05 
0.000319244 0.000250396 6.25143e-05 
0.000692135 0.000332783 6.76687e-05 
0.000367541 6.21141e-05 7.36998e-05 
0.000756193 0.000195658 3.09934e-05 
0.000886122 0.000288052 3.57934e-05 
0.000517869 4.18457e-05 9.56394e-05 
0.000776229 0.000235859 8.54434e-05 
0.000633 0.000365795 2.424e-05 
0.000182888 0.000381439 1.97437e-05 
0.000831916 0.000286157 7.5384e-05 
0.00020021 0.000212843 6.97858e-05 
0.000488065 0.000385416 3.62703e-05 
0.000809735 0.000156503 6.2742e-05 
0.000443719 0.000341676 5.65569e-05 
0.000230901 0.000362273 2.52283e-05 
0.000528591 0.000160261 4.14991e-05 
0.000888254 0.000236032 1.89339e-05 
0.000920163 0.000331401 6.18206e-05 
0.00041785 0.000303384 5.73741e-05 
0.00094264 5.2515e-05 5.32325e-05 
0.000838481 5.08794e-05 6.80824e-05 
0.000687092 9.09429e-05 2.14034e-05 
0.000274541 0.000299692 2.06133e-05 
8.4184e-05 0.000231366 8.48028e-05 
0.000564428 0.000234204 1.97553e-05 
0.000160405 9.08625e-05 2.98304e-05 
0.000958175 0.000447695 9.84014e-05 
0.000516288 0.00021543 3.31034e-05 
0.000967087 0.000219061 5.6872e-05 
0.000894261 0.000135266 2.57056e-05 
0.000773762 2.10009e-05 4.98855e-05 
6.6484e-05 0.000260569 2.19119e-05 
0.000747405 0.000349839 9.3191e-05 
0.000616809 0.000439749 9.20823e-05 
0.000311894 0.000168532 0.000100102 
0.000333344 0.00020414 6.59277e-05 
0.000327967 0.000181576 1.87163e-05 
0.000295479 0.000299708 7.63017e-05 
0.000476306 0.0003053 3.28578e-05 
0.000462379 2.31837e-05 6.83815e-05 
0.00033737 0.000102541 5.60739e-05 
0.000978201 0.000400111 2.17994e-05 
0.000598578 0.000481877 5.58864e-05 
0.000541 0.000351251 7.72705e-05 
0.000725169 0.000170417 6.56111e-05 
0.000394171 0.000230756 6.38421e-05 
0.000389499 0.000280036 9.64706e-05 
0.000268721 0.000380579 8.2928e-05 
0.000575329 0.000156831 4.93114e-05 
0.000797137 5.18306e-05 8.75177e-05 
0.000842938 0.000461357 7.46545e-05 
9.09801e-05 6.28747e-05 8.04544e-05 
0.000193035 0.000110398 8.20202e-05 
0.000972453 8.66244e-05 2.75376e-05 
0.000512839 0.000419662 7.98666e-05 
0.000213483 0.000101246 2.45094e-05 
0.000367629 0.000417846 3.12573e-05 
0.000481186 0.000165309 2.60598e-05 
0.000283832 0.000412897 4.5086e-05 
0.000586168 0.000355377 2.37087e-05 
0.000802106 0.000190764 1.71766e-05 
0.000542245 7.60397e-05 5.82493e-05 
0.000240233 6.88615e-05 6.14203e-05 
0.000514092 0.000479016 1.73984e-05 
0.00039673 6.70069e-05 3.08111e-05 
0.000969364 0.000173236 6.21656e-05 
0.000891742 0.000182396 1.93963e-05 
0.000593487 0.000404169 7.58675e-05 
0.0006214 0.000132517 7.17821e-05 
0.000398425 0.000359021 6.66049e-05 
0.000693022 0.000383084 4.69383e-05 
0.000651306 6.67885e-05 6.2882e-05 
0.000153405 5.0321e-05 7.32615e-05 
0.000863484 0.000163619 5.85537e-05 
0.000445168 0.000114059 3.66385e-05 
0.000617065 0.000199252 8.11904e-05 
0.000709685 0.00012774 4.70271e-05 
0.00078594 0.000151311 2.30056e-05 
6.0469e-05 0.000343329 5.79717e-05 
0.000173053 0.00039078 5.41094e-05 
0.000425905 0.000440697 6.90333e-05 
0.000580848 0.000236279 5.9107e-05 
0.000791713 0.000384701 5.01062e-05 
2.99141e-05 0.000434338 2.99129e-05 
0.000347554 0.000278319 6.55657e-05 
0.000178036 0.000428898 2.8816e-05 
0.000151002 0.000275728 2.03547e-05 
0.00027742 5.6518e-05 2.32759e-05 
0.000822319 0.000474145 2.58478e-05 
0.000672981 0.000142476 7.04753e-05 
0.000980947 0.000295151 1.74972e-05 
0.000132339 0.000255078 5.59824e-05 
0.00086909 0.000336051 8.51072e-05 
0.000209117 2.35588e-05 6.19156e-05 
0.000924673 0.000208924 8.27733e-05 
0.000354022 0.000325285 7.68871e-05 
0.000419065 0.000185646 3.29347e-05 
0.000561908 0.000419368 5.79536e-05 
0.000776744 0.000476977 2.00615e-05 
0.000728975 0.000365197 4.92475e-05 
0.000787146 0.00012141 8.81344e-05 
0.000421238 2.46957e-05 1.93645e-05 
0.000819819 2.92543e-05 2.92597e-05 
0.000294152 6.9915e-05 6.38064e-05 
0.000729985 0.000248775 7.17876e-05 
7.61035e-05 0.000215062 2.46834e-05 
0.000682773 0.000181313 6.28133e-05 
0.000614938 0.000175604 2.64947e-05 
0.00040077 0.000269764 2.6951e-05 
0.000971748 0.000264552 7.13001e-05 
0.000651679 0.000277179 7.83052e-05 
0.000935478 0.000243932 3.02684e-05 
0.000597222 0.000132204 2.07343e-05 
8.75877e-05 0.000416699 3.03962e-05 
0.000132751 0.000436324 6.88827e-05 
0.000490607 0.000272519 6.80086e-05 
8.35946e-05 0.000166343 6.9091e-05 
0.000688247 0.000482711 1.721e-05 
0.000646378 0.000383527 8.10484e-05 
0.000124511 0.000200776 4.26307e-05 
0.000311944 0.000274726 2.45243e-05 
0.000513507 0.000268136 2.10381e-05 
0.000766339 0.000179287 8.3946e-05 
0.000237514 0.00044812 7.08871e-05 
0.000977352 2.39617e-05 6.78164e-05 
0.000677017 0.000354026 2.10537e-05 
0.000229461 0.000224996 2.76749e-05 
0.000909577 0.000404814 3.66574e-05 
0.000414112 2.49821e-05 6.31344e-05 
0.000688242 3.04054e-05 5.16706e-05 
0.000765968 0.000475719 6.30213e-05 
0.0005357 0.000392199 6.03703e-05 
0.000458166 0.00016561 8.55651e-05 
0.000659669 0.000214207 3.29419e-05 
0.000412547 9.75507e-05 9.46974e-05 
0.000266873 0.000468755 3.12451e-05 
0.000979273 0.0003968 8.10174e-05 
0.000163793 0.000161745 6.46057e-05 
0.000909545 9.72876e-05 3.8927e-05 
0.000647942 0.00032092 2.30556e-05 
0.000362763 0.000411626 8.53161e-05 
0.000316378 0.000403305 7.57954e-05 
0.000872322 0.000122758 7.43124e-05 
0.000187171 0.000239653 1.80801e-05 
0.000690247 0.000432152 3.07139e-05 
5.60126e-05 2.89699e-05 2.89688e-05 
0.000543779 2.53025e-05 2.52997e-05 
0.000719001 0.000298467 2.06403e-05 
0.00088346 4.40235e-05 3.64705e-05 
0.000214248 0.000268883 1.83528e-05 
0.000914602 0.00013085 7.29335e-05 
0.000297973 0.000171931 4.74781e-05 
0.000803377 0.000335713 8.60002e-05 
0.000527586 0.000267381 7.31813e-05 
0.000731766 0.000288088 5.70429e-05 
0.000200526 0.000321087 6.98921e-05 
0.000798759 0.000442608 5.48994e-05 
0.000823792 0.000225102 2.07683e-05 
0.000598862 0.000405928 2.8632e-05 
2.61567e-05 0.000119305 2.61555e-05 
0.000469915 0.0003234 8.04684e-05 
0.00044945 0.000473541 5.1106e-05 
4.88936e-05 0.000395181 5.0811e-05 
0.000382356 0.000321548 2.80192e-05 
0.000554253 0.000420556 1.91498e-05 
0.000265745 0.000115761 4.98394e-05 
0.000911289 7.60518e-05 7.23953e-05 
0.00061391 0.000253766 8.31233e-05 
0.000804702 0.000207118 6.11203e-05 
0.000435426 0.000375127 3.86382e-05 
0.000248768 0.00012194 1.7066e-05 
0.000744878 2.03287e-05 2.03323e-05 
0.000397429 0.000139263 1.98847e-05 
0.000351952 0.00025254 2.09472e-05 
0.000257515 0.000337268 5.53269e-05 
0.000718438 8.09941e-05 5.61523e-05 
0.000766705 0.000316847 1.85878e-05 
0.000867018 0.000411931 8.00793e-05 
0.000638023 0.000126699 2.04342e-05 
0.000617089 2.20125e-05 3.39373e-05 
0.000330183 0.000480309 1.70346e-05 
0.000580172 0.000111787 4.85992e-05 
0.000124965 0.00012618 5.58024e-05 
0.000193958 0.000471887 6.25125e-05 
0.000192563 6.41466e-05 5.18592e-05 
2.19516e-05 4.75121e-05 6.19642e-05 
6.42104e-05 0.000311463 2.25123e-05 
0.000679306 0.000245874 6.97094e-05 
2.25204e-05 0.000476843 5.9712e-05 
0.000757835 0.000430681 5.45336e-05 
0.000445444 0.000257541 6.1374e-05 
0.000622536 0.000454479 2.08318e-05 
0.000837334 7.26771e-05 2.23348e-05 
0.000299055 0.000129691 2.42635e-05 
0.000930561 0.000461154 2.4654e-05 
0.000631471 0.000477949 7.86122e-05 
0.000198207 0.000420277 7.94804e-05 
0.000965501 0.000482851 1.71391e-05 
0.000831885 0.000333606 3.29527e-05 
6.10898e-05 0.00043629 8.24925e-05 
0.000457603 0.000438204 2.56009e-05 
0.000776781 0.000117608 4.81664e-05 
0.000743202 0.000325125 4.85241e-05 
0.000611361 0.000298836 8.79144e-05 
0.000122695 0.000461492 2.16538e-05 
0.000762903 0.000239468 5.06559e-05 
0.000809361 0.000105499 2.29182e-05 
0.000728021 0.000404595 5.10303e-05 
0.000470851 0.000428909 6.92727e-05 
0.00055633 0.000154406 8.44141e-05 
0.000337476 0.000146044 1.79662e-05 
0.000610812 0.000279091 3.39202e-05 
0.000185858 0.000267208 5.7559e-05 
0.000496107 0.000104141 6.92344e-05 
0.000566339 0.000192158 2.24178e-05 
0.000437677 0.000482266 1.77265e-05 
0.000510563 0.000182917 7.53442e-05 
0.00074928 0.00012817 2.04239e-05 
0.000225481 0.000178632 1.94788e-05 
0.000102879 0.000423451 0.000110321 
0.000501527 0.00033921 6.01556e-05 
4.56936e-05 0.000191792 5.18146e-05 
0.0006747 0.000275451 3.01819e-05 
0.000579498 2.00219e-05 5.26974e-05 
0.000134127 0.000377769 3.0262e-05 
3.03158e-05 0.000277406 6.91205e-05 
0.000382227 0.000452955 6.18494e-05 
0.000536552 0.000298542 1.72971e-05 
0.000842236 8.91987e-05 7.59793e-05 
0.000728095 9.40578e-05 1.97365e-05 
7.91263e-05 0.000171786 1.90541e-05 
5.96546e-05 0.000375201 1.9949e-05 
0.000275498 0.000204679 8.02634e-05 
0.000971822 0.000210534 2.00962e-05 
0.00027403 0.000244924 2.15261e-05 
0.000832833 0.000181895 9.47044e-05 
0.000887584 0.000347985 2.51067e-05 
0.000675887 0.000128065 1.75611e-05 
2.25685e-05 0.000253558 2.25669e-05 
0.00071519 0.00023583 2.65805e-05 
0.000111023 0.000241801 1.92054e-05 
0.00094396 0.000151987 1.7149e-05 
0.000890175 0.000445456 6.76539e-05 
0.000419732 0.00040715 2.19547e-05 
0.000108061 5.92924e-05 3.13139e-05 
0.000574938 0.000315702 6.18122e-05 
0.000863699 0.00020783 1.84612e-05 
0.000249195 0.000187775 4.92188e-05 
2.11338e-05 0.000368037 5.80384e-05 
0.000775936 0.00027704 6.71419e-05 
0.000240776 2.50549e-05 2.50544e-05 
0.00079375 6.82647e-05 2.73662e-05 
0.000251642 0.000271155 8.21015e-05 
0.000288146 0.000444883 7.1754e-05 
0.000703379 0.000175799 2.56839e-05 
0.000363922 0.000121611 1.80331e-05 
0.000961107 0.000420915 5.37337e-05 
0.000167681 0.00018442 2.17749e-05 
0.00013409 0.000323207 2.09993e-05 
0.000978538 0.000120754 6.20259e-05 
0.000210119 5.73398e-05 1.97785e-05 
0.000978444 0.000134981 2.15535e-05 
0.000798098 0.000288155 2.43328e-05 
0.000394066 0.000481843 8.71893e-05 
7.92077e-05 0.000126132 2.73441e-05 
0.000442249 0.000392833 7.74766e-05 
0.000130854 0.000319332 7.97297e-05 
0.000463039 2.27651e-05 2.26027e-05 
0.000939448 0.000393727 8.01287e-05 
0.000934607 0.000353392 2.23077e-05 
0.000229374 0.000310827 2.62435e-05 
0.000352285 0.000238564 8.41528e-05 
0.000823277 0.00041731 7.60525e-05 
0.000973258 0.000470893 5.86465e-05 
0.000229729 0.000139541 4.79063e-05 
0.000399176 0.000194399 0.000116267 
0.000116087 0.000156893 2.08336e-05 
0.000280578 0.000340416 2.01217e-05 
0.000370467 1.97739e-05 7.15618e-05 
0.000643162 0.000439102 5.72745e-05 
2.0278e-05 0.00038597 2.02777e-05 
0.000525204 0.000482669 5.00962e-05 
0.000972975 0.000324476 6.04787e-05 
0.000597509 0.000444223 5.79238e-05 
0.000941445 0.000307583 2.40375e-05 
0.000368702 0.000163894 1.80011e-05 
0.000599263 6.52731e-05 6.70663e-05 
0.000881202 9.19311e-05 6.02262e-05 
0.000934065 2.11431e-05 2.11445e-05 
0.000444866 5.77521e-05 1.71704e-05 
0.000680635 0.000472161 7.23624e-05 
0.000699687 5.4733e-05 8.87212e-05 
0.000761283 0.000442317 1.78741e-05 
0.000333413 3.83551e-05 3.53011e-05 
0.000344365 0.000477111 5.92755e-05 
0.000672473 5.15299e-05 2.06412e-05 
0.000324854 0.000325126 2.72734e-05 
0.000485006 7.64895e-05 2.49812e-05 
0.000105313 0.000364283 8.02163e-05 
0.000222034 0.000383604 6.40751e-05 
0.000507648 0.000116509 2.66821e-05 
1.92632e-05 6.4124e-05 1.92707e-05 
0.000502063 1.71856e-05 1.7185e-05 
0.000834242 0.000376714 8.59485e-05 
0.000308688 8.39687e-05 1.85947e-05 
4.62295e-05 0.000186627 1.70888e-05 
0.000162823 0.000225502 5.33458e-05 
0.00056784 0.000316986 1.90541e-05 
0.000426613 0.000326253 9.55739e-05 
0.00046404 0.000212177 2.06959e-05 
0.000816737 0.000115157 6.23423e-05 
0.000839952 0.000236823 7.80063e-05 
0.000181362 0.000305527 2.22286e-05 
0.000613051 0.000329851 4.16434e-05 
0.000540985 1.98756e-05 7.00569e-05 
0.000643026 0.000420521 1.88803e-05 
0.000855085 1.83588e-05 7.57447e-05 
0.000316102 0.000441042 2.55345e-05 
0.000426897 0.000310352 1.87682e-05 
0.000978517 6.83512e-05 6.8097e-05 
0.000319812 0.000381186 2.90377e-05 
2.00801e-05 0.000213883 6.93591e-05 
0.000126959 0.000154691 9.21529e-05 
0.000165515 0.000339628 4.30721e-05 
0.000939738 9.68528e-05 5.86039e-05 
0.000410221 0.000451796 2.3727e-05 
0.000472802 0.000207903 5.73912e-05 
7.23523e-05 0.000482603 7.26743e-05 
0.000489153 0.000471895 7.11495e-05 
0.000860919 0.000376112 5.14008e-05 
0.000137212 0.000482501 5.13315e-05 
0.000149576 0.000235635 1.97597e-05 
0.000500011 0.000446196 1.81863e-05 
0.000763364 4.72368e-05 7.64669e-05 
0.000755819 0.000150488 5.20852e-05 
0.00026186 0.000158566 2.21475e-05 
0.000475499 0.000251643 2.03992e-05 
0.000573583 9.28647e-05 1.792e-05 
0.000805405 1.87246e-05 7.37912e-05 
0.00060553 0.000223792 2.27451e-05 
0.000716456 0.000339879 2.08481e-05 
0.000882193 9.45699e-05 1.75243e-05 
0.000165457 3.06244e-05 3.06225e-05 
0.000612774 2.10577e-05 7.67781e-05 
0.0005986 0.000353879 6.7929e-05 
0.000716212 5.29508e-05 2.31978e-05 
0.000211383 0.00016663 8.20731e-05 
0.000552645 0.000463912 2.45733e-05 
0.000753274 0.000269908 2.40606e-05 
0.000730225 0.000473249 2.67483e-05 
0.00054577 0.000379249 2.32148e-05 
0.000612998 9.28481e-05 2.16735e-05 
0.000783325 0.000421264 8.57118e-05 
0.000535214 0.000298932 5.25349e-05 
0.00075931 0.000396273 8.85109e-05 
2.41627e-05 0.000342476 2.26361e-05 
0.000666093 0.00039156 1.81426e-05 
0.000559237 0.000467195 7.80901e-05 
0.00015124 0.000301634 4.8925e-05 
0.000380664 0.000154379 5.30268e-05 
0.000922759 0.000474253 7.26918e-05 
0.000720442 0.000385137 1.84416e-05 
5.80602e-05 8.06027e-05 2.30422e-05 
0.000651801 1.83962e-05 5.42976e-05 
0.000592557 0.000480861 1.91326e-05 
0.000565089 0.000196055 6.53606e-05 
0.000405195 0.000403049 5.81224e-05 
0.000170662 1.83597e-05 7.7756e-05 
0.000198793 0.000179162 4.45108e-05 
0.000406611 0.000361695 1.96268e-05 
0.000388743 0.000114011 5.05761e-05 
0.000499513 0.000347287 9.45656e-05 
0.000793432 8.29543e-05 6.35815e-05 
0.000808323 0.000251782 4.70063e-05 
0.00069722 0.000280893 7.50288e-05 
0.000831456 0.00015027 2.25259e-05 
0.00057071 0.000380328 5.71961e-05 
0.000982132 0.000174059 1.78726e-05 
0.000153097 0.000139334 2.01369e-05 
0.000479935 4.759e-05 9.55853e-05 
0.000277369 2.39618e-05 5.59447e-05 
2.0413e-05 0.000211107 2.89439e-05 
0.000642401 0.000316929 6.47234e-05 
0.000275436 0.000200158 2.0901e-05 
0.000702107 0.000231093 9.41339e-05 
0.000571372 3.91011e-05 8.65159e-05 
0.000538203 0.000128597 6.80781e-05 
0.000276739 0.000247595 6.42773e-05 
0.000922014 0.000169374 4.48981e-05 
0.000883595 0.00027417 9.628e-05 
0.000584549 5.29076e-05 2.39514e-05 
4.54308e-05 0.00023247 4.78004e-05 
0.000193976 0.000365462 8.58812e-05 
0.000835038 0.000189632 3.21954e-05 
5.62392e-05 6.90456e-05 6.2957e-05 
0.000235207 0.000416787 2.96328e-05 
0.000687497 9.7533e-05 7.65355e-05 
2.27431e-05 0.000332227 8.5584e-05 
0.000554748 0.000127805 2.19834e-05 
0.000755775 6.08015e-05 4.10412e-05 
0.000957975 0.000376076 5.13062e-05 
0.000476509 0.000479703 2.02963e-05 
0.000383269 1.88614e-05 1.88478e-05 
0.000977329 2.79122e-05 2.26709e-05 
0.000311216 2.52957e-05 9.01501e-05 
0.000450265 0.000349852 1.82639e-05 
0.000978452 0.00035303 2.15485e-05 
0.000357305 0.000143114 8.75351e-05 
0.000800207 0.000478617 9.29897e-05 
0.00046507 8.69191e-05 7.94567e-05 
0.000152309 0.000204135 8.422e-05 
0.000918618 0.000258558 7.34268e-05 
0.000523162 0.000337375 2.43878e-05 
5.24072e-05 0.000109555 6.55822e-05 
0.000116974 0.000105281 1.70138e-05 
0.000164077 0.000477671 2.23287e-05 
0.000906514 0.000377995 8.32284e-05 
0.000489798 6.86906e-05 6.11104e-05 
0.000742317 0.000294976 9.90408e-05 
0.000949219 0.000355701 8.56759e-05 
0.00032158 0.000465099 9.5111e-05 
8.8186e-05 9.48196e-05 5.78132e-05 
0.000746935 0.000119172 7.44216e-05 
0.00036422 0.000207202 2.63265e-05 
0.000522707 0.000442455 4.64993e-05 
0.000217337 0.000479451 2.05469e-05 
9.17051e-05 0.000347759 2.23091e-05 
0.000110534 0.000284745 7.67788e-05 
0.000315205 0.000223109 2.52169e-05 
0.000239189 0.000228508 7.58927e-05 
0.000883687 0.000204197 4.95872e-05 
0.000125649 2.22794e-05 6.58506e-05 
0.000933756 0.000289989 6.19113e-05 
1.80711e-05 8.67186e-05 5.49463e-05 
0.00093595 0.000196796 1.83511e-05 
0.00089454 0.000238692 5.51185e-05 
0.000504582 0.000139571 7.74283e-05 
0.000877512 0.000470538 2.94306e-05 
0.000509032 0.000306398 8.50346e-05 
9.25304e-05 0.000462432 4.9462e-05 
0.000752643 0.000406005 1.96571e-05 
0.000294364 0.000482314 6.93819e-05 
0.000755561 0.000354739 2.09892e-05 
0.000694208 1.72889e-05 1.7249e-05 
0.000632983 5.71874e-05 1.92764e-05 
0.000195529 0.000362312 4.88272e-05 
0.000259848 0.000142791 7.56333e-05 
0.000342012 0.000164809 5.05359e-05 
0.000465253 0.000289653 9.08893e-05 
0.000562195 0.000274942 1.75463e-05 
0.000288182 1.75529e-05 1.75515e-05 
0.000433576 0.000236662 1.84385e-05 
0.000155786 0.00036458 7.25786e-05 
0.000857416 0.000237041 4.27163e-05 
0.000653534 1.79774e-05 1.79777e-05 
0.000244516 0.000312646 8.38946e-05 
0.000400617 0.00048179 5.14176e-05 
0.000729101 2.23971e-05 5.99711e-05 
0.000971773 0.000442277 2.07512e-05 
0.000836645 0.000264736 2.09001e-05 
0.000441861 6.17424e-05 6.09093e-05 
0.00019408 0.000147958 2.17759e-05 
0.000940768 8.37766e-05 9.19157e-05 
0.000350846 0.00028923 3.14735e-05 
0.000133278 0.000423911 1.75981e-05 
0.000106495 0.000285934 2.56086e-05 
0.000373002 0.00019001 6.72385e-05 
0.000783768 0.000236854 1.98272e-05 
0.000510332 5.08546e-05 1.74848e-05 
0.000767133 9.26742e-05 1.93031e-05 
0.000336591 0.000438546 6.5203e-05 
0.0009212 1.8008e-05 6.59109e-05 
0.000934685 0.000117022 1.90733e-05 
0.00046971 0.000359396 7.96343e-05 
0.000954988 0.000138015 8.82079e-05 
0.000698636 0.000416056 8.31942e-05 
1.98472e-05 0.000162818 1.84766e-05 
0.000504506 3.23724e-05 5.33766e-05 
0.000272042 0.000377877 2.78963e-05 
0.000128982 8.17567e-05 7.48635e-05 
0.000193712 0.000342942 1.73745e-05 
0.000792883 0.000425812 1.7941e-05 
0.000852394 0.000112661 3.98542e-05 
0.000312747 0.000354188 7.18237e-05 
0.000544108 0.000256678 4.1054e-05 
0.000776485 3.99636e-05 1.70281e-05 
0.000662527 0.000110553 4.66344e-05 
0.000659563 0.000162284 2.04655e-05 
5.72048e-05 0.000380348 8.77429e-05 
0.000168977 0.000481012 0.000101348 
0.00065867 0.000465348 1.70778e-05 
6.35344e-05 0.000473078 2.19686e-05 
0.000107242 0.000322258 4.78738e-05 
0.000879957 0.000170713 9.93524e-05 
0.000564977 0.000274175 6.42086e-05 
0.00058482 9.80829e-05 9.1392e-05 
2.38077e-05 0.000481276 1.87248e-05 
0.000786261 0.000319819 4.82574e-05 
8.61702e-05 2.76571e-05 6.44108e-05 
0.000467435 0.000223874 8.73583e-05 
0.000370029 0.000476533 2.34658e-05 
1.81031e-05 0.000406162 6.69487e-05 
0.000356206 0.000378457 6.00234e-05 
2.18955e-05 0.000298007 2.1893e-05 
0.000829453 2.15878e-05 0.000102027 
0.000245528 0.000269015 4.35062e-05 
0.000366694 0.000367043 2.06415e-05 
0.000927617 7.55272e-05 1.79168e-05 
0.000273238 9.70544e-05 1.7839e-05 
