0.000833929 0.000411753 4.66577e-05 
8.2531e-05 0.00029539 0.000127329 
0.00052348 0.000207856 0.000183882 
0.000315774 0.000239138 0.000183318 
0.000675356 0.000334233 0.000114099 
0.00036391 7.91507e-05 0.00016154 
0.000727771 0.000217475 0.0001068 
0.000856996 0.000300947 0.000117307 
0.000525076 5.71463e-05 0.000197706 
0.000782773 0.000237932 0.00019317 
0.000634165 0.000369528 9.5787e-05 
0.000174006 0.000397262 4.81455e-05 
0.000828014 0.000303154 0.000187038 
0.000208273 0.000217149 0.000137882 
0.000490942 0.00037903 5.60483e-05 
0.00080486 0.000162102 0.000158263 
0.000438496 0.000374364 0.000123016 
0.000237407 0.000364775 7.31719e-05 
0.000524075 0.00014108 0.000125724 
0.000888467 0.000241471 4.43264e-05 
0.000917065 0.000330819 0.000117472 
0.000419698 0.000307286 9.75877e-05 
0.000938776 6.16284e-05 0.000126628 
0.000871985 4.24315e-05 0.000134157 
0.000696043 8.80136e-05 7.52843e-05 
0.000263537 0.000304653 0.000109107 
8.34004e-05 0.000234848 0.000176767 
0.000554559 0.000235013 4.66236e-05 
0.000183322 9.52144e-05 9.40171e-05 
0.000971079 0.000462443 0.00019624 
0.000534193 0.000215743 0.000103893 
0.000964136 0.000205492 0.000106011 
0.00088068 0.000146742 3.8296e-05 
0.000763509 2.74411e-05 0.000129876 
6.21773e-05 0.000265703 9.13288e-05 
0.000721835 0.000342632 0.00017946 
0.000610149 0.000437586 0.000186711 
0.000306657 0.000171456 0.000189469 
0.000346905 0.000222631 0.000135095 
0.000322277 0.000180749 6.59586e-05 
0.000303721 0.000305534 0.000148027 
0.000486237 0.000309458 4.67548e-05 
0.000452896 3.93469e-05 0.000137175 
0.000339847 0.000109116 0.000119969 
0.000963408 0.000400681 7.56898e-05 
0.000569905 0.00046487 0.000140431 
0.000548657 0.000347694 0.000173579 
0.000703023 0.000160468 0.00016935 
0.000399631 0.000219496 0.000112147 
0.000417343 0.000255564 0.000187381 
0.000253791 0.0003741 0.000186798 
0.000564727 0.000173344 0.000132882 
0.000799119 5.31054e-05 0.000196376 
0.000854411 0.000459806 0.000153908 
9.07789e-05 6.17178e-05 0.000172353 
0.000157644 8.57419e-05 0.000171977 
0.000961999 8.45838e-05 7.52237e-05 
0.000515856 0.000413615 0.000169332 
0.000217782 9.38493e-05 3.94706e-05 
0.000359182 0.000425497 7.95467e-05 
0.000490928 0.000164409 7.48767e-05 
0.00029336 0.000400233 9.07577e-05 
0.000608133 0.00034835 4.03149e-05 
0.000791047 0.000181977 6.31287e-05 
0.000551676 8.16606e-05 9.88661e-05 
0.000229451 9.65413e-05 0.000149412 
0.0005219 0.000465532 6.62786e-05 
0.000397196 7.64792e-05 4.29368e-05 
0.000953425 0.000181271 0.000184451 
0.000890299 0.000191036 5.34434e-05 
0.000575155 0.000396868 0.00017281 
0.000628785 0.00014093 0.000166289 
0.000388846 0.000367579 0.000166513 
0.000676083 0.000386477 0.00010315 
0.000640969 7.60691e-05 0.00016628 
0.000157428 4.38885e-05 0.000113962 
0.000883747 0.000151121 0.000105382 
0.000454381 0.000113481 5.71657e-05 
0.000649122 0.000203379 0.000181442 
0.000705959 0.000157959 0.000110954 
0.000805772 0.000160144 0.000101236 
6.92619e-05 0.000342163 0.000158988 
0.000143433 0.000377546 0.000128918 
0.000438496 0.000426985 0.00015949 
0.000606421 0.000244418 0.000124494 
0.000793927 0.000365121 0.000119653 
3.92263e-05 0.000431267 4.36925e-05 
0.00035137 0.000289286 0.000189185 
0.000176137 0.00043514 8.18453e-05 
0.00014147 0.000277426 6.20467e-05 
0.000274543 6.37411e-05 7.10523e-05 
0.000823299 0.000450868 0.00010607 
0.00068666 0.000131593 0.000192373 
0.000979885 0.000297383 6.73508e-05 
0.000116216 0.000269395 0.000107237 
0.0008847 0.000331972 0.000197153 
0.000211498 4.46451e-05 0.0001691 
0.000892882 0.0002115 0.000189566 
0.000372567 0.000318016 0.000128204 
0.000424183 0.000196192 5.84117e-05 
0.000568031 0.00039391 0.00012512 
0.000761407 0.000463451 6.01712e-05 
0.000707078 0.000370582 0.000133822 
0.000784781 0.000113943 0.000188044 
0.000411162 4.34177e-05 0.000112589 
0.000828 3.03113e-05 7.41117e-05 
0.000288509 8.24372e-05 0.00017143 
0.000725362 0.000259382 0.000154554 
9.56364e-05 0.000214882 8.83693e-05 
0.000667856 0.000195463 0.00013529 
0.000600046 0.000183438 9.15975e-05 
0.00040189 0.000269027 6.6127e-05 
0.000967818 0.000246401 0.00017874 
0.000641804 0.000272259 0.000179203 
0.00093552 0.000244151 8.81517e-05 
0.000606093 0.000128776 4.36235e-05 
6.97744e-05 0.000414827 0.000107911 
0.000148942 0.000435858 0.000159105 
0.000492091 0.000298993 0.000135594 
6.55348e-05 0.000150249 0.000164415 
0.000675207 0.000463871 8.83569e-05 
0.000662748 0.000383447 0.000189073 
0.00013941 0.000210208 0.000122049 
0.000310654 0.000278264 4.94168e-05 
0.000526693 0.000287258 9.87524e-05 
0.000754439 0.000186412 0.000178458 
0.00024773 0.000466168 0.000177812 
0.000971377 3.5544e-05 0.000156307 
0.000675865 0.00036176 4.19718e-05 
0.000235702 0.000244381 9.98123e-05 
0.000890908 0.000396312 9.07562e-05 
0.000409465 3.9401e-05 0.000170517 
0.000702352 4.62209e-05 0.000122842 
0.000760659 0.00046851 0.000174222 
0.000510235 0.000393553 0.000126894 
0.000448996 0.00015153 0.000119296 
0.000653726 0.0002107 6.17066e-05 
0.00041848 0.000108493 0.000192905 
0.000263223 0.000447369 0.000111888 
0.000977204 0.000381488 0.000155318 
0.000167784 0.000174073 0.000155213 
0.000901565 9.77173e-05 0.000122122 
0.000662913 0.000307894 6.0552e-05 
0.000356766 0.000414566 0.000188286 
0.000318906 0.000393141 0.000149393 
0.000869105 0.000125264 0.000181112 
0.00018488 0.000229969 3.85112e-05 
0.000710468 0.000445535 4.75254e-05 
5.73153e-05 4.22295e-05 8.70513e-05 
0.000528874 3.09267e-05 7.49117e-05 
0.000731403 0.000289303 7.77659e-05 
0.000899014 4.67842e-05 5.25052e-05 
0.000227231 0.000261327 4.99056e-05 
0.000910769 0.000144956 0.000195678 
0.00030811 0.000160838 0.000134044 
0.000787153 0.000346246 0.000180676 
0.000518719 0.000266057 0.000169276 
0.000720154 0.000303209 0.000125826 
0.000199584 0.000320777 0.00014857 
0.000785186 0.000444309 0.000139381 
0.000829664 0.000228178 4.52826e-05 
0.00061263 0.00040342 5.54496e-05 
3.70459e-05 0.000112984 5.6283e-05 
0.000461081 0.000329604 0.000169465 
0.000466048 0.000465083 0.000143261 
3.08536e-05 0.000391728 0.000153076 
0.000368872 0.000332118 5.13929e-05 
0.000556225 0.000409031 6.94366e-05 
0.000283285 0.000114098 0.000125541 
0.000907186 6.29484e-05 0.000179377 
0.000598483 0.000238903 0.000194862 
0.000812343 0.000211665 0.000128233 
0.000422354 0.000385351 8.2407e-05 
0.000248508 0.000126785 7.79493e-05 
0.00074409 3.79938e-05 7.13517e-05 
0.000400144 0.00013728 8.43049e-05 
0.000350548 0.000247199 8.79077e-05 
0.000243465 0.000350091 0.000140568 
0.000721167 8.17147e-05 0.000164315 
0.000755936 0.000318869 4.34145e-05 
0.000887808 0.00040809 0.000160175 
0.000638587 0.000137561 0.00011254 
0.000612055 4.12959e-05 8.38651e-05 
0.000349964 0.000470683 0.000107634 
0.000582274 0.000122057 0.000125117 
0.000119365 0.000125425 0.000103568 
0.000204083 0.000470535 0.000121604 
0.000200153 4.85397e-05 0.000119199 
4.73015e-05 6.24211e-05 0.000186504 
8.01469e-05 0.00031795 7.76693e-05 
0.000660529 0.000241932 0.000147483 
3.35228e-05 0.000460928 0.000137498 
0.000747485 0.000421763 0.000154323 
0.000447692 0.000265411 0.000130928 
0.000607214 0.000461053 7.7596e-05 
0.000826378 7.88352e-05 0.000119408 
0.000299421 0.000121066 7.96331e-05 
0.000917193 0.000456662 7.26897e-05 
0.000645282 0.000467032 0.000174044 
0.000203147 0.000409222 0.000180603 
0.000945729 0.000476497 4.44892e-05 
0.000820933 0.000342454 4.97219e-05 
4.68113e-05 0.000449059 0.000190824 
0.000463455 0.000447639 8.03777e-05 
0.000774266 0.000115011 0.000137803 
0.000746062 0.000326538 0.000103149 
0.000589784 0.000301511 0.000196508 
0.000104982 0.000454153 5.73732e-05 
0.000761054 0.000230214 0.000143692 
0.000808043 8.10667e-05 4.247e-05 
0.000726235 0.000399191 8.78352e-05 
0.000472265 0.000404768 0.000133652 
0.00056132 0.000149907 0.000172523 
0.000331831 0.000146955 4.34641e-05 
0.000595478 0.000286119 4.40095e-05 
0.000198846 0.000254882 0.000190343 
0.000509952 0.000105349 0.000173719 
0.000559079 0.000193683 3.81196e-05 
0.000422348 0.000471986 6.74526e-05 
0.000480491 0.000176042 0.000163205 
0.000748847 0.000134482 6.49864e-05 
0.000212936 0.000173992 7.15414e-05 
0.000109578 0.000434269 0.000196861 
0.00048781 0.000318948 0.000106438 
4.88516e-05 0.000186259 0.000120505 
0.000677954 0.00026508 0.000104205 
0.00059002 3.51519e-05 0.000143943 
0.00012766 0.000379788 6.74661e-05 
3.16098e-05 0.000286177 0.000157642 
0.000369335 0.000425517 0.000129607 
0.000536384 0.00030121 4.421e-05 
0.000847861 8.0915e-05 0.000194501 
0.00073034 9.54737e-05 3.96624e-05 
6.95358e-05 0.000155737 4.80973e-05 
7.79119e-05 0.000372049 4.7465e-05 
0.000267135 0.000214689 0.000196992 
0.000963576 0.000209728 6.38745e-05 
0.000267122 0.000233265 3.8345e-05 
0.000831076 0.000174398 0.000197992 
0.000876268 0.00032274 5.99776e-05 
0.000668871 0.000126434 8.22244e-05 
2.35627e-05 0.000251939 7.29046e-05 
0.00071858 0.00025314 4.67208e-05 
0.000112471 0.000246362 4.58779e-05 
0.000947792 0.000144567 4.70645e-05 
0.000875908 0.000460985 0.000109504 
0.000431643 0.000417317 5.02486e-05 
0.000119386 6.78912e-05 5.61343e-05 
0.000576843 0.00030866 0.000127305 
0.000868881 0.000217224 8.28962e-05 
0.000263219 0.000193613 0.000140401 
3.19617e-05 0.000339052 0.000120836 
0.000785779 0.000277281 0.000159094 
0.000241216 3.72586e-05 0.000107382 
0.000792788 6.66926e-05 0.000112653 
0.000271576 0.000273738 0.000177588 
0.000301998 0.000437967 0.000156272 
0.000707042 0.000169451 5.26025e-05 
0.000344598 0.000108737 5.14966e-05 
0.000971908 0.000421075 0.000181747 
0.000162792 0.000173943 7.48321e-05 
0.000154017 0.000328102 4.52492e-05 
0.000970394 0.000102642 0.000148249 
0.000222672 5.41078e-05 6.01037e-05 
0.000962254 0.000136013 0.000115513 
0.000804144 0.00026684 6.06377e-05 
0.000396503 0.000475149 0.000180179 
6.35736e-05 0.000128818 0.000100442 
0.000449736 0.000376854 0.000184784 
0.000141939 0.000308299 0.000185535 
0.000479468 2.39691e-05 8.58827e-05 
0.000941849 0.000381186 0.000185696 
0.000915813 0.000359446 4.53571e-05 
0.000223313 0.000304402 6.57982e-05 
0.000365435 0.000218687 0.000180971 
0.000826651 0.000405952 0.000161372 
0.000956495 0.00046382 0.00014791 
0.000220315 0.000159129 0.000118302 
0.000428421 0.000178458 0.00019218 
0.000117403 0.000165678 6.38466e-05 
0.000275958 0.000318028 5.17974e-05 
0.000346321 2.70624e-05 0.000161663 
0.000663964 0.00045304 0.000132139 
2.69437e-05 0.000390438 8.50492e-05 
0.000502777 0.000476147 0.000160125 
0.000971691 0.000315806 0.000132862 
0.000626201 0.00041347 0.000118305 
0.000935386 0.000301157 4.10029e-05 
0.000365194 0.000187462 7.51644e-05 
0.000569518 7.56636e-05 0.000166992 
0.000880109 8.25358e-05 0.000151367 
0.00095457 2.24542e-05 5.92848e-05 
0.000448673 5.87871e-05 5.85496e-05 
0.000709228 0.000462979 0.000165388 
0.000688014 5.6787e-05 0.000197723 
0.000772437 0.000417811 9.69185e-05 
0.000346931 4.3962e-05 8.09068e-05 
0.000339764 0.000456186 0.000154646 
0.000661961 5.32004e-05 7.4091e-05 
0.000325374 0.000323569 8.4775e-05 
0.000503015 8.34998e-05 0.000131546 
0.000121884 0.00037503 0.00019197 
0.000232852 0.000402472 0.000126931 
0.000516428 0.000102353 3.92058e-05 
2.03078e-05 8.28246e-05 0.000151766 
0.000500923 2.40127e-05 4.35192e-05 
0.000859416 0.000380037 0.000187271 
0.000314292 7.966e-05 4.54459e-05 
4.22012e-05 0.000204194 4.22831e-05 
0.000165421 0.000244121 0.000147201 
0.00055881 0.000321178 6.96453e-05 
0.000418448 0.000312518 0.000176015 
0.000481952 0.000216159 5.56736e-05 
0.000830763 0.000112028 0.000158513 
0.000845491 0.000257524 0.000169157 
0.000171347 0.000298159 9.3869e-05 
0.000622788 0.000329631 7.90539e-05 
0.000542185 3.92889e-05 0.000135234 
0.000650055 0.000430213 8.44223e-05 
0.000852954 2.38479e-05 0.000174249 
0.000301613 0.000444491 5.81633e-05 
0.000427089 0.00030943 5.19302e-05 
0.000972633 6.49694e-05 0.00018492 
0.000310998 0.000368191 4.86953e-05 
2.97884e-05 0.000209136 0.000172976 
0.000123205 0.000128434 0.00016489 
0.000169885 0.000344028 0.000113167 
0.00093482 0.000109626 0.000167827 
0.000415694 0.000458031 0.000106407 
0.00048222 0.000198013 0.000118925 
8.17399e-05 0.000469915 0.00014196 
0.000477211 0.000463046 0.000195093 
0.000872474 0.000358124 0.000143883 
0.000127131 0.000479178 0.000112213 
0.000163985 0.000220951 7.0038e-05 
0.000501189 0.000453549 0.000110695 
0.000766362 3.7776e-05 0.000172697 
0.000766671 0.000150504 0.000113613 
0.000254068 0.000154728 4.49223e-05 
0.000493823 0.000255475 9.05623e-05 
0.000603647 0.000103966 8.44988e-05 
0.000814169 2.16793e-05 0.000156748 
0.000599598 0.000225649 6.5976e-05 
0.000713074 0.000332937 5.46903e-05 
0.000871083 0.00011292 7.64823e-05 
0.000171514 3.27792e-05 5.99932e-05 
0.000597571 3.25264e-05 0.000198048 
0.000600334 0.000351169 0.000154808 
0.0007093 5.34889e-05 4.08192e-05 
0.000217723 0.000162495 0.00017882 
0.000554895 0.000462946 9.39933e-05 
0.000767137 0.000276136 0.000105699 
0.000717305 0.000460894 0.00010399 
0.000553432 0.000368465 3.92223e-05 
0.000621521 9.86633e-05 0.000123069 
0.00078201 0.000426169 0.000181463 
0.000537599 0.000304479 0.000146778 
0.000769109 0.000390074 0.000191302 
2.51981e-05 0.000344527 4.73201e-05 
0.000674682 0.000406686 6.04806e-05 
0.000548117 0.000466567 0.000183942 
0.000155117 0.000301441 0.000146989 
0.000387304 0.000135349 0.00016066 
0.000907329 0.000473828 0.00016424 
0.000736856 0.000372307 3.98818e-05 
5.44055e-05 6.25316e-05 3.85179e-05 
0.000670917 2.37549e-05 0.000156959 
0.000575482 0.000465834 5.23499e-05 
0.00056902 0.000206093 0.000165101 
0.000405306 0.000420896 0.00012831 
0.000172169 1.86148e-05 0.000149297 
0.000186269 0.000190448 0.000113765 
0.000400269 0.000354125 8.2238e-05 
0.000396646 9.14926e-05 0.000125497 
0.000494986 0.00035334 0.000197186 
0.000791259 6.6301e-05 0.000155994 
0.000812741 0.000258498 0.000114855 
0.000696095 0.000294801 0.000187853 
0.000818848 0.000146774 5.78738e-05 
0.000562474 0.000363054 9.56597e-05 
0.000974317 0.000167238 4.019e-05 
0.000145714 0.000128936 5.93058e-05 
0.000479306 3.4927e-05 0.000191354 
0.00027282 4.57522e-05 0.000142762 
2.15979e-05 0.000212057 0.000107696 
0.000628824 0.000325886 0.000136071 
0.0002837 0.000204671 9.62034e-05 
0.000688835 0.000242881 0.000173364 
0.000553546 3.16395e-05 0.000177281 
0.000537294 0.000130579 0.00019591 
0.000269474 0.000238136 0.000148754 
0.000909948 0.000173985 0.000141409 
0.000909122 0.000269276 0.000186916 
0.000567146 7.70037e-05 4.07878e-05 
4.22468e-05 0.000230826 0.000133969 
0.000199167 0.000356539 0.000195701 
0.000844004 0.000172911 0.0001225 
6.57597e-05 7.59666e-05 0.000121241 
0.00025181 0.000418039 4.69779e-05 
0.000703136 0.0001152 0.000144878 
3.27928e-05 0.000365472 0.00019592 
0.000548571 0.000150635 5.89304e-05 
0.000744721 7.04792e-05 0.000115594 
0.000951845 0.000373814 0.000122278 
0.000484366 0.00047886 4.83615e-05 
0.000378538 3.60579e-05 0.000133746 
0.000961362 2.27179e-05 0.000107207 
0.00031104 3.42689e-05 0.000195802 
0.000444987 0.000337634 7.04011e-05 
0.000969542 0.000351579 7.43887e-05 
0.000349487 0.000123121 0.000179298 
0.000810875 0.000471565 0.000189126 
0.000465899 8.43282e-05 0.00017817 
0.000151952 0.000221569 0.00018279 
0.000916683 0.000271715 0.000135371 
0.000524666 0.000340988 0.000106026 
3.37093e-05 0.000105457 0.000194325 
0.000107523 0.000112907 3.97724e-05 
0.000153334 0.000471847 4.57978e-05 
0.000908337 0.000381338 0.000196514 
0.000524557 7.01927e-05 0.000160409 
0.000749761 0.000290864 0.000192389 
0.000952974 0.00034156 0.000185587 
0.000303302 0.000472119 0.000190828 
8.60523e-05 9.99131e-05 0.000147935 
0.00073939 0.000132065 0.000171856 
0.000359209 0.000223534 4.4657e-05 
0.000529932 0.000453944 0.000139897 
0.000234131 0.000477457 5.80683e-05 
8.23005e-05 0.000356332 0.000110974 
9.76383e-05 0.000287321 0.000164084 
0.000313174 0.000254763 0.000116197 
0.000229301 0.000218844 0.000176516 
0.00086372 0.000203337 0.000146101 
0.000117764 2.28465e-05 0.000147782 
0.000932637 0.000294678 9.26978e-05 
1.81025e-05 9.98382e-05 0.000117199 
0.000923168 0.000190468 8.17183e-05 
0.000892146 0.000227206 0.000135678 
0.000496545 0.000141999 0.000194976 
0.000854463 0.000469137 4.29681e-05 
0.000500619 0.000309084 0.000178776 
0.00011386 0.000440447 0.000116992 
0.00076096 0.00040839 5.25952e-05 
0.000291837 0.000477682 0.000150789 
0.000753063 0.000353016 7.08405e-05 
0.000697372 3.97805e-05 8.1281e-05 
0.000611126 4.81847e-05 3.90901e-05 
0.000188977 0.000371562 8.46614e-05 
0.000252512 0.000140013 0.000191701 
0.000344047 0.000182584 0.000112446 
0.00046338 0.00029591 0.000194205 
0.000572699 0.000262139 8.93449e-05 
0.000278296 2.2233e-05 4.5837e-05 
0.000455325 0.000254892 4.9736e-05 
0.000169786 0.000376768 0.000169306 
0.000861415 0.000243718 0.000109789 
0.000662461 3.56719e-05 0.000115153 
0.000260794 0.000312322 0.000196896 
0.000397947 0.000458267 0.000147288 
0.000712064 2.47576e-05 0.000169497 
0.000955573 0.000441105 9.79953e-05 
0.000854924 0.000271577 4.01156e-05 
0.000451576 7.37626e-05 0.000109215 
0.000188451 0.000145748 5.13737e-05 
0.000936837 8.5496e-05 0.000196199 
0.000362586 0.00028826 9.03959e-05 
0.000136049 0.000427408 5.53932e-05 
7.90134e-05 0.000275698 3.93578e-05 
0.00039126 0.000184678 0.00015091 
0.000764606 0.000232519 4.96892e-05 
0.000494886 7.84508e-05 9.18492e-05 
0.000765001 8.47897e-05 7.52263e-05 
0.000314693 0.000441316 0.0001122 
0.000907705 2.45281e-05 0.000136657 
0.000923149 0.000132861 8.56338e-05 
0.000471581 0.000359064 0.000141188 
0.000965413 0.000131278 0.000188134 
0.00072273 0.000405452 0.000188057 
2.30683e-05 0.000160274 7.29709e-05 
0.000500655 2.37284e-05 0.000139949 
0.000277092 0.0003765 0.000130373 
0.000120504 6.45576e-05 0.00013279 
0.000189756 0.000338894 6.20884e-05 
0.000797964 0.000443666 6.82689e-05 
0.000840349 0.000124168 0.00011318 
0.000311602 0.000347048 0.000196362 
0.000544748 0.000260017 0.000132688 
0.00077606 3.4899e-05 5.2025e-05 
0.000667702 0.000108415 0.000123495 
0.000638705 0.000157374 4.75631e-05 
7.24278e-05 0.000393479 0.000197577 
0.000196289 0.000477361 0.000169008 
0.000657446 0.000461319 4.74681e-05 
5.75093e-05 0.000473157 8.59373e-05 
0.000118702 0.000320477 0.000115078 
0.000871017 0.000164307 0.000185732 
0.00056699 0.000275601 0.000163017 
0.000604995 9.92406e-05 0.000193017 
3.73998e-05 0.00048102 4.68697e-05 
0.000753676 0.000315213 0.00015192 
6.93196e-05 4.5216e-05 0.000142234 
0.000468925 0.000219022 0.000178753 
0.000388173 0.000470889 4.2897e-05 
1.83747e-05 0.000430543 0.000108609 
0.000361297 0.000385688 0.000114291 
2.24858e-05 0.000297389 7.22932e-05 
0.000816441 2.08583e-05 0.000197972 
0.000232817 0.000274732 0.000150249 
0.00036641 0.000382495 4.63703e-05 
0.000913273 0.000101803 6.53457e-05 
0.000277205 0.000108999 4.42469e-05 
