0.000843668 0.000421656 3.10548e-05 
8.02944e-05 0.000291779 6.13559e-05 
0.000532566 0.000221116 9.02807e-05 
0.000320927 0.000246452 5.9581e-05 
0.000691026 0.000329636 6.66561e-05 
0.000368318 6.24841e-05 7.38067e-05 
0.000754837 0.000194193 3.09902e-05 
0.000886077 0.000288353 3.57905e-05 
0.00051506 3.99986e-05 9.44794e-05 
0.00077481 0.00023526 8.57886e-05 
0.000633815 0.00036587 2.42397e-05 
0.000188615 0.000382614 1.97439e-05 
0.000829343 0.000286614 7.67464e-05 
0.000205233 0.000213949 7.35421e-05 
0.000489562 0.000388812 3.62697e-05 
0.0008085 0.000158218 6.25381e-05 
0.000440103 0.000339716 5.29911e-05 
0.000232173 0.000363093 2.52287e-05 
0.00052496 0.000163015 2.43211e-05 
0.0008931 0.000232343 1.89327e-05 
0.000918562 0.000332948 6.17085e-05 
0.0004219 0.00029887 5.11006e-05 
0.000942968 5.28005e-05 5.35628e-05 
0.000839721 5.51897e-05 6.482e-05 
0.000688173 9.19116e-05 2.1405e-05 
0.00027631 0.000304222 2.06131e-05 
8.43403e-05 0.000230328 8.66949e-05 
0.000563413 0.00023438 1.9755e-05 
0.000159275 9.07412e-05 2.98306e-05 
0.00095058 0.000441603 8.886e-05 
0.000514768 0.000218557 3.31052e-05 
0.000972879 0.000222835 5.66669e-05 
0.000896829 0.000134478 2.5705e-05 
0.000775055 2.10065e-05 4.99646e-05 
6.67474e-05 0.000260359 2.1911e-05 
0.000741674 0.000353318 9.61497e-05 
0.000617237 0.000433745 9.12348e-05 
0.000308517 0.000146951 9.11232e-05 
0.00033028 0.000199766 6.77926e-05 
0.000333211 0.000175913 1.87157e-05 
0.000294886 0.000298999 7.74729e-05 
0.000475267 0.000303564 3.28579e-05 
0.000462533 2.31836e-05 6.8382e-05 
0.000336443 0.000102087 5.73643e-05 
0.000978187 0.000404005 2.18034e-05 
0.000598747 0.000481877 5.60286e-05 
0.000539299 0.00035234 7.17518e-05 
0.0007235 0.000173957 6.59411e-05 
0.000395064 0.000227764 6.52401e-05 
0.000385183 0.000282225 8.64829e-05 
0.000263803 0.00038471 7.90146e-05 
0.000573877 0.000156641 4.91938e-05 
0.000793824 5.25236e-05 8.09916e-05 
0.000845932 0.000463225 7.32693e-05 
9.17953e-05 5.81687e-05 8.04691e-05 
0.000192697 0.000109553 8.17853e-05 
0.000972465 8.81219e-05 2.75373e-05 
0.000512499 0.000426924 7.58962e-05 
0.000212399 0.000100857 2.45096e-05 
0.000366492 0.000414735 3.12562e-05 
0.000475239 0.000168912 2.60587e-05 
0.000283603 0.000413708 4.06504e-05 
0.000586875 0.000356082 2.37097e-05 
0.000802105 0.000190764 1.71766e-05 
0.000541779 7.51263e-05 5.96441e-05 
0.000240514 6.89385e-05 6.08051e-05 
0.000514032 0.000479551 1.7399e-05 
0.000397426 6.69046e-05 3.08115e-05 
0.000971765 0.000172759 6.27092e-05 
0.000891639 0.000178836 1.93955e-05 
0.000595098 0.000405762 7.59206e-05 
0.000619782 0.000132001 7.16505e-05 
0.000398088 0.000362394 6.66105e-05 
0.000694481 0.000382909 4.61806e-05 
0.000652702 6.45241e-05 6.37291e-05 
0.000161565 6.10834e-05 6.8136e-05 
0.000865478 0.000165369 5.59044e-05 
0.000444529 0.000115279 3.66397e-05 
0.000616708 0.000198181 8.1704e-05 
0.000707704 0.000127627 4.8108e-05 
0.000785152 0.000150227 2.30042e-05 
6.00686e-05 0.000340722 5.34909e-05 
0.000179705 0.000388179 5.51648e-05 
0.000424139 0.000443271 6.94179e-05 
0.000579767 0.000236331 5.91402e-05 
0.000792337 0.00038476 4.7498e-05 
2.99148e-05 0.000435251 2.99128e-05 
0.000344052 0.000277639 5.04742e-05 
0.000176398 0.000428727 2.88164e-05 
0.000153489 0.00027061 2.03559e-05 
0.000278279 5.6444e-05 2.32757e-05 
0.000822332 0.000474149 2.58517e-05 
0.000667223 0.000148038 5.57408e-05 
0.000980947 0.00029515 1.74972e-05 
0.000132892 0.000250452 5.58789e-05 
0.000867898 0.00033404 8.62892e-05 
0.000209507 2.35546e-05 6.15798e-05 
0.000929284 0.000211518 8.23998e-05 
0.000351358 0.000331355 7.50444e-05 
0.000418304 0.000182758 3.29349e-05 
0.000564228 0.000422379 5.78711e-05 
0.000777157 0.000479942 2.00587e-05 
0.000730224 0.000364635 4.8751e-05 
0.000794533 0.00012087 8.3428e-05 
0.000420195 2.36783e-05 1.93646e-05 
0.0008201 2.9257e-05 2.92564e-05 
0.00029435 6.79266e-05 6.46583e-05 
0.000730735 0.000249275 7.05051e-05 
7.5334e-05 0.000214475 2.46829e-05 
0.000680705 0.000180508 6.26297e-05 
0.000613258 0.000175924 2.64937e-05 
0.000395793 0.000265966 2.69508e-05 
0.00097175 0.000267326 7.35656e-05 
0.000651731 0.000276331 7.84719e-05 
0.00093924 0.000245131 3.02683e-05 
0.000596198 0.000132261 2.07356e-05 
8.72423e-05 0.000413936 3.03969e-05 
0.000131159 0.000436114 6.89362e-05 
0.00049461 0.000261065 5.11497e-05 
7.54692e-05 0.000166553 6.84736e-05 
0.000689469 0.000482791 1.72096e-05 
0.000648253 0.00038344 8.08351e-05 
0.000122604 0.000198971 4.45457e-05 
0.000308812 0.000273145 2.45252e-05 
0.00051679 0.000271298 2.10387e-05 
0.000767624 0.000178997 8.37104e-05 
0.000237267 0.000448856 7.09795e-05 
0.00097736 2.26409e-05 6.51586e-05 
0.000677357 0.000353825 2.10507e-05 
0.000229433 0.000223289 2.76763e-05 
0.000909073 0.000405066 3.66543e-05 
0.000414664 2.49838e-05 6.33463e-05 
0.000686394 2.73867e-05 5.0386e-05 
0.000767105 0.000475556 6.29623e-05 
0.000537328 0.00039586 5.97052e-05 
0.000454074 0.000164641 8.85308e-05 
0.000658372 0.000214078 3.29393e-05 
0.00041272 8.68286e-05 9.03976e-05 
0.000266998 0.000468755 3.12443e-05 
0.000979279 0.000403088 7.61594e-05 
0.000166384 0.000160848 6.01195e-05 
0.000914537 9.69969e-05 3.72086e-05 
0.000648165 0.000320822 2.30549e-05 
0.000360674 0.000410465 8.54108e-05 
0.000316491 0.00040695 7.24637e-05 
0.000873294 0.000121746 6.14547e-05 
0.000187089 0.000237727 1.80813e-05 
0.000691311 0.000432186 3.07161e-05 
5.51676e-05 2.89728e-05 2.89689e-05 
0.000541977 2.52999e-05 2.52999e-05 
0.000718841 0.000297859 2.06403e-05 
0.000884633 3.94224e-05 3.64705e-05 
0.000212096 0.000269738 1.8352e-05 
0.000912258 0.000134557 7.49519e-05 
0.000299163 0.000173243 4.42795e-05 
0.000792397 0.000331315 7.80783e-05 
0.000524914 0.000264515 7.32896e-05 
0.000732974 0.000288994 5.69372e-05 
0.000197382 0.000318837 6.74995e-05 
0.000800229 0.000442484 5.58962e-05 
0.000824902 0.000227612 2.07607e-05 
0.000600266 0.000406496 2.8632e-05 
2.61556e-05 0.000120073 2.61558e-05 
0.000464218 0.000322082 7.94415e-05 
0.000442981 0.000479684 5.28485e-05 
4.66527e-05 0.000394036 4.8659e-05 
0.000383241 0.000319486 2.80217e-05 
0.000556106 0.000422087 1.91487e-05 
0.000266122 0.000116028 4.95715e-05 
0.000913784 8.08621e-05 6.98337e-05 
0.000613952 0.000252744 8.23414e-05 
0.000803562 0.000208731 5.94057e-05 
0.000437933 0.000374105 3.50621e-05 
0.000248194 0.000120658 1.7066e-05 
0.000746255 2.03313e-05 2.03291e-05 
0.000395156 0.000137108 1.98844e-05 
0.000348574 0.000251325 2.09447e-05 
0.000259197 0.00033792 5.48199e-05 
0.000717403 8.18361e-05 5.56824e-05 
0.000756568 0.00031005 1.85831e-05 
0.000866059 0.00041107 8.08647e-05 
0.000637024 0.000126893 2.04336e-05 
0.000617749 2.20127e-05 2.65589e-05 
0.00032849 0.000482966 1.70344e-05 
0.000579237 0.000110707 4.77931e-05 
0.000124473 0.000125946 5.68064e-05 
0.000193434 0.000471917 6.21459e-05 
0.00019238 6.47858e-05 5.13483e-05 
2.19491e-05 4.59436e-05 6.36282e-05 
6.59611e-05 0.000304771 2.25129e-05 
0.00068541 0.000241273 6.85592e-05 
2.25215e-05 0.000477478 6.01058e-05 
0.00075956 0.000430367 5.17945e-05 
0.000446472 0.000254296 6.2915e-05 
0.00062375 0.000454592 2.08294e-05 
0.000837334 7.26766e-05 1.7535e-05 
0.00029986 0.000129397 2.42609e-05 
0.000935311 0.000459165 2.46535e-05 
0.000631933 0.00047795 7.83259e-05 
0.000194245 0.000420606 8.04254e-05 
0.000968912 0.000482862 1.71389e-05 
0.000832336 0.000332711 3.29519e-05 
6.07495e-05 0.000439087 8.25889e-05 
0.000455383 0.00043927 2.56037e-05 
0.000772712 0.000117705 4.83176e-05 
0.000742368 0.000327018 5.06345e-05 
0.000611903 0.000298912 8.80181e-05 
0.000120819 0.00046543 2.16539e-05 
0.000763514 0.000237853 5.02027e-05 
0.000806301 0.000109214 2.29189e-05 
0.000729069 0.000404847 5.13187e-05 
0.000468862 0.000430689 6.93535e-05 
0.000538146 0.000163 6.59797e-05 
0.000340304 0.000139807 1.79664e-05 
0.000610489 0.000279484 3.39185e-05 
0.000186143 0.000263482 5.87675e-05 
0.000495604 0.000102376 6.93633e-05 
0.000564479 0.000191957 2.24176e-05 
0.000433571 0.000482273 1.77269e-05 
0.000504135 0.000178947 6.76171e-05 
0.000746433 0.000130699 2.04236e-05 
0.000225778 0.000176992 1.94783e-05 
9.95511e-05 0.000411631 0.000103237 
0.000498339 0.000340496 5.80524e-05 
4.42135e-05 0.000198815 4.9387e-05 
0.000674429 0.000275066 3.01815e-05 
0.000577221 2.00209e-05 5.3295e-05 
0.000139703 0.000382448 3.02612e-05 
3.22291e-05 0.000276323 6.99162e-05 
0.000381251 0.000454493 5.54071e-05 
0.000539423 0.000302017 1.72964e-05 
0.000850502 9.27924e-05 6.86561e-05 
0.0007292 9.44278e-05 1.97374e-05 
7.97833e-05 0.000171322 1.90541e-05 
5.71956e-05 0.00037097 1.99495e-05 
0.000278582 0.00020245 7.68793e-05 
0.00097673 0.000213075 2.00957e-05 
0.000274915 0.000241559 2.15248e-05 
0.000834533 0.000184638 9.12847e-05 
0.000887712 0.000348282 2.51062e-05 
0.000674885 0.000128338 1.75616e-05 
2.257e-05 0.000254858 2.25667e-05 
0.000713943 0.000234476 2.65801e-05 
0.000111741 0.000238376 1.92053e-05 
0.00094428 0.000154127 1.7148e-05 
0.000889158 0.000444676 6.8642e-05 
0.000420658 0.000406969 2.19552e-05 
0.00010906 5.58831e-05 3.13147e-05 
0.00057608 0.00031753 6.22777e-05 
0.000865954 0.00020663 1.84592e-05 
0.000248238 0.000184101 5.07114e-05 
2.11345e-05 0.000366184 6.01816e-05 
0.000774325 0.000276264 6.70856e-05 
0.000241555 2.50601e-05 2.50568e-05 
0.000797887 6.89857e-05 1.7699e-05 
0.00025117 0.000269703 7.84426e-05 
0.00029618 0.000444468 6.61495e-05 
0.000701692 0.000175236 2.56837e-05 
0.000365261 0.000113856 1.80337e-05 
0.000959151 0.000427518 5.06002e-05 
0.000167099 0.000190728 2.17736e-05 
0.000127666 0.000324876 2.09964e-05 
0.00097865 0.000123657 6.24916e-05 
0.000210392 5.68576e-05 1.97769e-05 
0.000978441 0.000136476 2.15518e-05 
0.000794973 0.000290149 2.43343e-05 
0.000380354 0.000481842 7.8343e-05 
7.93521e-05 0.000125655 2.73449e-05 
0.000442447 0.000392762 7.64747e-05 
0.000128189 0.000330414 6.43831e-05 
0.000462024 2.26088e-05 2.26026e-05 
0.000942016 0.000396122 7.83666e-05 
0.000934702 0.000353936 2.23098e-05 
0.000230383 0.000311661 2.62435e-05 
0.000351975 0.000233747 8.35513e-05 
0.000824035 0.000415394 7.55762e-05 
0.000973218 0.000473112 5.97054e-05 
0.00022946 0.000138831 4.78467e-05 
0.000393531 0.000191468 0.000117951 
0.000116446 0.000155709 2.0832e-05 
0.000282283 0.000344504 2.01103e-05 
0.000371078 1.97749e-05 7.20681e-05 
0.00064431 0.000439106 5.74039e-05 
2.02783e-05 0.000386945 2.02779e-05 
0.000524939 0.000482671 5.02219e-05 
0.00097297 0.000323336 6.11001e-05 
0.000597734 0.000444252 5.854e-05 
0.000941322 0.000308097 2.40379e-05 
0.000367882 0.000163791 1.80001e-05 
0.000601499 7.45681e-05 6.12703e-05 
0.000883925 9.06394e-05 5.19759e-05 
0.000937078 2.11442e-05 2.11458e-05 
0.000444883 5.80955e-05 1.71705e-05 
0.000681107 0.000472174 7.22389e-05 
0.000701036 5.18149e-05 8.62184e-05 
0.000764069 0.000444597 1.77047e-05 
0.000334542 3.83887e-05 3.53021e-05 
0.000336056 0.000479403 5.37242e-05 
0.000674088 5.23044e-05 2.06401e-05 
0.000323726 0.000322676 2.72729e-05 
0.000481276 7.6789e-05 1.93235e-05 
9.9538e-05 0.000372651 7.26585e-05 
0.000216368 0.00038433 6.18705e-05 
0.000507052 0.000114346 2.66771e-05 
1.92729e-05 5.97079e-05 1.92711e-05 
0.000501066 1.7185e-05 1.71866e-05 
0.00083271 0.000373775 8.49969e-05 
0.000308588 8.49596e-05 1.85929e-05 
4.64816e-05 0.000185232 1.7088e-05 
0.000170761 0.000219309 4.88225e-05 
0.000572985 0.000315905 1.90542e-05 
0.000422848 0.000323383 9.15622e-05 
0.000460793 0.000213147 2.06965e-05 
0.000825096 0.000119978 5.80238e-05 
0.000838194 0.000237678 7.10144e-05 
0.000183117 0.0003017 2.22253e-05 
0.000613408 0.000330207 4.16696e-05 
0.000541043 1.98793e-05 7.01366e-05 
0.000644512 0.000420799 1.88801e-05 
0.000845206 1.83629e-05 6.82253e-05 
0.000317424 0.000442748 2.5534e-05 
0.000429053 0.000321765 1.87678e-05 
0.000982653 6.24356e-05 6.29033e-05 
0.000318203 0.000378694 2.9038e-05 
2.00782e-05 0.000222033 6.75651e-05 
0.00012464 0.000165899 8.00739e-05 
0.000164396 0.000338118 3.58205e-05 
0.000942621 0.000106818 5.75548e-05 
0.000407426 0.000450662 2.37265e-05 
0.00047268 0.000201283 5.47483e-05 
6.22301e-05 0.000482604 6.09012e-05 
0.000485398 0.00047422 6.51701e-05 
0.000860435 0.000375886 5.13197e-05 
0.000137647 0.0004825 5.26122e-05 
0.000149953 0.000230654 1.97601e-05 
0.000497709 0.000447695 1.81857e-05 
0.000759308 4.37235e-05 7.71538e-05 
0.000751987 0.000150119 5.41179e-05 
0.000262163 0.00015695 2.21465e-05 
0.000474807 0.000251786 2.03987e-05 
0.00057266 9.22869e-05 1.792e-05 
0.000806556 1.87218e-05 7.40619e-05 
0.000604582 0.000224247 2.27441e-05 
0.000716655 0.00033929 2.08494e-05 
0.000886671 8.99464e-05 1.75236e-05 
0.00016561 3.06244e-05 3.06232e-05 
0.000614222 2.73074e-05 6.95761e-05 
0.000599527 0.000356016 6.65486e-05 
0.000717839 5.31738e-05 2.31927e-05 
0.000211929 0.000166097 8.2298e-05 
0.000553193 0.000465371 2.45701e-05 
0.000751939 0.000268008 2.40608e-05 
0.000731309 0.000473252 2.67476e-05 
0.000547058 0.000380903 2.32146e-05 
0.000612078 9.29477e-05 2.16733e-05 
0.000778358 0.000420587 8.20846e-05 
0.00053813 0.000293116 5.13951e-05 
0.000753231 0.000396779 7.89063e-05 
2.35028e-05 0.000343813 2.26356e-05 
0.00066723 0.000391575 1.81436e-05 
0.000559212 0.000467586 7.81385e-05 
0.000148861 0.000300954 4.37087e-05 
0.000379024 0.000153067 5.2944e-05 
0.000921356 0.000474247 7.06757e-05 
0.000722441 0.000385554 1.84418e-05 
5.62825e-05 8.10629e-05 2.30419e-05 
0.000649147 1.83861e-05 5.35682e-05 
0.000593691 0.000480867 1.91318e-05 
0.000564305 0.000195983 6.5363e-05 
0.000405884 0.000406294 5.82523e-05 
0.000171168 1.8359e-05 7.77174e-05 
0.000199122 0.000185252 4.31494e-05 
0.000406484 0.000362014 1.96257e-05 
0.000387928 0.000113048 5.18829e-05 
0.000498478 0.000353491 9.09473e-05 
0.000791822 8.14332e-05 5.42417e-05 
0.000806809 0.00025363 4.596e-05 
0.000699005 0.000278141 7.41635e-05 
0.000830638 0.000152164 2.25265e-05 
0.000571151 0.000382679 5.77682e-05 
0.000982125 0.000175557 1.78722e-05 
0.000154058 0.000139483 2.01363e-05 
0.000480803 5.49307e-05 8.57558e-05 
0.000278217 2.37849e-05 5.58888e-05 
2.04143e-05 0.000211986 2.04111e-05 
0.000640352 0.000320517 6.45451e-05 
0.000271131 0.0001993 2.09012e-05 
0.00070567 0.000211417 6.27864e-05 
0.000580468 4.48426e-05 8.40666e-05 
0.000536007 0.000128419 5.82338e-05 
0.000278585 0.000246417 6.40095e-05 
0.000923104 0.000171264 4.56451e-05 
0.000877912 0.000260073 9.05271e-05 
0.0005832 5.22154e-05 2.39511e-05 
4.81912e-05 0.000237081 4.77115e-05 
0.000193638 0.000361958 8.58427e-05 
0.000835165 0.000191609 3.14347e-05 
5.80965e-05 6.40122e-05 6.09371e-05 
0.000233799 0.000417752 2.96333e-05 
0.000687177 9.68259e-05 7.81958e-05 
2.27429e-05 0.000327404 8.06633e-05 
0.000553755 0.00012719 2.19818e-05 
0.000756789 6.06799e-05 4.24806e-05 
0.000959473 0.000377073 4.97647e-05 
0.000476448 0.000479702 2.02961e-05 
0.00038229 1.88556e-05 1.8848e-05 
0.000977329 3.83896e-05 2.26713e-05 
0.000312115 2.52975e-05 9.00504e-05 
0.00045693 0.000349001 1.82639e-05 
0.000978452 0.000351 2.15533e-05 
0.000364903 0.000136092 9.00381e-05 
0.000802476 0.000478628 9.15673e-05 
0.000464134 8.47404e-05 7.72441e-05 
0.000156546 0.000202941 8.12315e-05 
0.000918293 0.000259976 7.15211e-05 
0.000523177 0.000339742 2.43864e-05 
5.2786e-05 0.000104347 6.33346e-05 
0.000115795 0.000102561 1.70138e-05 
0.00016306 0.000477672 2.2328e-05 
0.000899875 0.000368506 7.5079e-05 
0.000489341 6.90687e-05 5.4724e-05 
0.000742787 0.000297991 9.87117e-05 
0.000949483 0.000356641 8.37593e-05 
0.00032435 0.000467583 9.46025e-05 
8.9889e-05 9.30968e-05 5.59553e-05 
0.000742681 0.000107731 7.2436e-05 
0.000364693 0.000207214 2.63275e-05 
0.000525964 0.00043483 3.7343e-05 
0.000217465 0.000479451 2.0547e-05 
9.5982e-05 0.000354366 2.23075e-05 
0.000121572 0.000290766 6.58602e-05 
0.000313931 0.000216085 2.52161e-05 
0.000245448 0.000226986 6.96833e-05 
0.000891444 0.000202935 4.89046e-05 
0.000129069 2.228e-05 6.79547e-05 
0.000933736 0.000292102 6.26337e-05 
1.80699e-05 8.28189e-05 4.85731e-05 
0.000937626 0.000197631 1.83511e-05 
0.000893851 0.000238899 5.51486e-05 
0.000492667 0.000143378 5.76911e-05 
0.000882653 0.000470566 2.94246e-05 
0.00050884 0.000305932 7.91984e-05 
8.8238e-05 0.000461123 4.62292e-05 
0.000753005 0.000408961 1.96551e-05 
0.000299621 0.000482315 6.50963e-05 
0.000756461 0.000352159 2.09866e-05 
0.00070024 1.72491e-05 1.72522e-05 
0.000634748 5.89303e-05 1.92769e-05 
0.000195139 0.000357849 4.6496e-05 
0.000267562 0.00015191 6.14512e-05 
0.00033911 0.00015681 5.17728e-05 
0.000471989 0.000287873 8.56376e-05 
0.000561872 0.000275372 1.75474e-05 
0.000289328 1.7553e-05 1.75528e-05 
0.000429241 0.000236244 1.84385e-05 
0.00015845 0.000358849 6.93148e-05 
0.000859928 0.000239102 3.82109e-05 
0.000656598 1.79777e-05 1.79775e-05 
0.000242875 0.000302015 6.7356e-05 
0.000405155 0.000481789 5.17375e-05 
0.000727706 2.23836e-05 5.8755e-05 
0.000979239 0.000446577 2.07505e-05 
0.000835044 0.000268633 2.08975e-05 
0.000442788 6.06444e-05 5.53291e-05 
0.000194567 0.000150112 2.17757e-05 
0.000947492 8.19874e-05 8.2886e-05 
0.000351346 0.000289236 1.72417e-05 
0.00013137 0.000427842 1.75957e-05 
0.000108567 0.000282616 2.56077e-05 
0.000370894 0.000188616 6.70841e-05 
0.000784787 0.000233707 1.98251e-05 
0.000509339 5.18556e-05 1.7484e-05 
0.000768133 9.15271e-05 1.93051e-05 
0.000339344 0.00044125 6.44835e-05 
0.000923356 1.8008e-05 6.82493e-05 
0.000938126 0.00011848 1.90755e-05 
0.000467558 0.00035754 7.41111e-05 
0.000953651 0.000139087 8.84745e-05 
0.000699845 0.000416948 8.34108e-05 
1.84742e-05 0.000163362 1.84739e-05 
0.000504381 3.20857e-05 5.34274e-05 
0.000271514 0.000381929 1.88524e-05 
0.000127602 8.09044e-05 7.45443e-05 
0.000197763 0.000339229 1.73751e-05 
0.000795447 0.000427683 1.79415e-05 
0.000852824 0.000111691 2.72911e-05 
0.00030659 0.000354913 7.27319e-05 
0.000545399 0.000257453 4.24562e-05 
0.00077708 4.11895e-05 1.70274e-05 
0.000660596 0.000108273 4.58291e-05 
0.000657745 0.000162157 2.04643e-05 
5.12705e-05 0.000381966 8.72099e-05 
0.000153544 0.000481008 8.54193e-05 
0.00065986 0.000465499 1.70773e-05 
5.91292e-05 0.000477678 2.19682e-05 
9.64392e-05 0.000320434 4.21903e-05 
0.000897573 0.000173485 8.57488e-05 
0.000567601 0.000275633 6.37701e-05 
0.000580939 9.94813e-05 9.01542e-05 
1.87241e-05 0.000481267 1.87243e-05 
0.000782554 0.000328207 3.49151e-05 
9.13192e-05 1.75852e-05 5.60057e-05 
0.000481801 0.000225452 7.74342e-05 
0.000367953 0.000476526 2.34662e-05 
1.8097e-05 0.000407244 6.7073e-05 
0.00035366 0.000376641 6.11459e-05 
2.18966e-05 0.000299316 2.18948e-05 
0.000830181 3.70859e-05 9.61629e-05 
0.000246077 0.000268299 3.96664e-05 
0.00036491 0.000363958 2.06422e-05 
0.000930328 7.21038e-05 1.79165e-05 
0.000273815 9.69515e-05 1.78389e-05 
