0.000843838 0.000421705 3.10565e-05 
8.05451e-05 0.000292078 6.14096e-05 
0.000531734 0.000221069 9.05208e-05 
0.000321419 0.00024643 5.9346e-05 
0.00069082 0.000329574 6.66064e-05 
0.000368264 6.22473e-05 7.38927e-05 
0.000754802 0.000194286 3.09929e-05 
0.000886437 0.000288559 3.57934e-05 
0.000514956 3.9938e-05 9.44651e-05 
0.000774754 0.000234813 8.6152e-05 
0.000633654 0.000365914 2.42408e-05 
0.000189113 0.000382824 1.97441e-05 
0.000828984 0.000286493 7.71136e-05 
0.00020561 0.000214182 7.37595e-05 
0.000489442 0.000389079 3.62705e-05 
0.000807321 0.000158036 6.30092e-05 
0.000439608 0.000340193 5.2788e-05 
0.000232147 0.000363092 2.52283e-05 
0.00052493 0.000163302 2.40422e-05 
0.000894122 0.000229647 1.89334e-05 
0.000918704 0.000333236 6.18305e-05 
0.000421684 0.000297636 5.02543e-05 
0.000942693 5.26887e-05 5.37962e-05 
0.000839938 5.51611e-05 6.45645e-05 
0.000688373 9.20873e-05 2.14048e-05 
0.000276351 0.000304335 2.06134e-05 
8.43469e-05 0.000230162 8.67179e-05 
0.000563317 0.000234772 1.97554e-05 
0.000159083 9.07392e-05 2.98301e-05 
0.000949991 0.000441824 8.8743e-05 
0.000514729 0.000218795 3.31041e-05 
0.000973732 0.000224207 5.65614e-05 
0.000896509 0.000134543 2.57049e-05 
0.000774867 2.10092e-05 5.01341e-05 
6.69296e-05 0.000260218 2.19101e-05 
0.000741359 0.000353296 9.62635e-05 
0.000617152 0.000433684 9.1357e-05 
0.000305397 0.000145104 9.06908e-05 
0.000329654 0.000200017 6.81477e-05 
0.000333207 0.000175559 1.87163e-05 
0.00029496 0.000299115 7.74285e-05 
0.000475086 0.000303487 3.28583e-05 
0.00046233 2.31829e-05 6.83802e-05 
0.00033669 0.0001021 5.74727e-05 
0.000978208 0.000403912 2.18005e-05 
0.000598698 0.000481877 5.60198e-05 
0.000539229 0.000352255 7.17458e-05 
0.000723458 0.000174037 6.59235e-05 
0.000394728 0.00022726 6.55554e-05 
0.000385104 0.000281988 8.62236e-05 
0.000263821 0.000384413 7.88249e-05 
0.000573559 0.000156889 4.90818e-05 
0.000791755 5.18689e-05 8.02746e-05 
0.000846327 0.000463369 7.31856e-05 
9.1605e-05 5.73208e-05 8.05014e-05 
0.000192672 0.000109376 8.17394e-05 
0.000972465 8.8926e-05 2.75344e-05 
0.000512079 0.000427487 7.57916e-05 
0.000212195 0.000100917 2.45093e-05 
0.000366601 0.000414511 3.12563e-05 
0.000475175 0.000168831 2.60585e-05 
0.000283613 0.000413669 4.06494e-05 
0.000586712 0.00035615 2.37089e-05 
0.000802056 0.000190764 1.71766e-05 
0.000541627 7.51309e-05 5.96449e-05 
0.000240557 6.89378e-05 6.05592e-05 
0.000513787 0.000479395 1.73977e-05 
0.00039721 6.68838e-05 3.08113e-05 
0.000971766 0.000173406 6.26989e-05 
0.000892658 0.000179036 1.93952e-05 
0.000594853 0.000405886 7.59178e-05 
0.000619458 0.00013228 7.16547e-05 
0.000397912 0.000363229 6.65872e-05 
0.000694085 0.000383164 4.61374e-05 
0.000652843 6.45624e-05 6.37848e-05 
0.000161543 6.17346e-05 6.76126e-05 
0.000865251 0.000165962 5.51396e-05 
0.000444318 0.000115288 3.66388e-05 
0.000616373 0.000198442 8.16498e-05 
0.000707218 0.000127945 4.84113e-05 
0.000784776 0.00015009 2.30042e-05 
5.97738e-05 0.000340575 5.34362e-05 
0.000179964 0.000388135 5.51413e-05 
0.000423968 0.000444329 6.94644e-05 
0.00057956 0.000236089 5.92287e-05 
0.000792626 0.000384454 4.70628e-05 
2.99112e-05 0.000435264 2.9913e-05 
0.000344666 0.000277674 5.07463e-05 
0.000176425 0.000428811 2.88141e-05 
0.000153767 0.000270669 2.03551e-05 
0.000278605 5.65686e-05 2.32756e-05 
0.000822377 0.000474148 2.58505e-05 
0.000666878 0.000148651 5.60081e-05 
0.000980947 0.00029515 1.74972e-05 
0.000132853 0.000250424 5.59196e-05 
0.00086801 0.000333589 8.63869e-05 
0.000209557 2.35568e-05 6.12234e-05 
0.000929926 0.000212564 8.29747e-05 
0.00035171 0.000331455 7.49737e-05 
0.000418229 0.000182618 3.29348e-05 
0.000564126 0.000422615 5.78587e-05 
0.000777204 0.000479941 2.00582e-05 
0.000729565 0.000364407 4.8903e-05 
0.000797015 0.000118048 8.09327e-05 
0.000419979 2.36539e-05 1.93648e-05 
0.000819834 2.92551e-05 2.92551e-05 
0.000294373 6.82105e-05 6.47317e-05 
0.000731059 0.00024909 7.0378e-05 
7.53486e-05 0.000214474 2.46835e-05 
0.000680891 0.000180931 6.27498e-05 
0.000613102 0.000175996 2.64945e-05 
0.000394226 0.000265234 2.69529e-05 
0.000971749 0.000267265 7.38133e-05 
0.000651545 0.000276104 7.84269e-05 
0.00093932 0.000245437 3.0269e-05 
0.000595893 0.000132392 2.07349e-05 
8.74686e-05 0.00041324 3.03965e-05 
0.000131109 0.000436071 6.88695e-05 
0.000493875 0.000260855 5.14098e-05 
7.45668e-05 0.000166574 6.8379e-05 
0.000689522 0.00048279 1.72108e-05 
0.00064793 0.000383494 8.08921e-05 
0.000122643 0.00019896 4.44811e-05 
0.000308798 0.000273198 2.45251e-05 
0.000516849 0.000271534 2.1039e-05 
0.000767361 0.000179288 8.38683e-05 
0.000237153 0.000448952 7.09211e-05 
0.000977356 2.26439e-05 6.48595e-05 
0.000677202 0.000353889 2.10516e-05 
0.000229499 0.000223237 2.76745e-05 
0.000909279 0.000405249 3.66542e-05 
0.000414458 2.49828e-05 6.33663e-05 
0.000686562 2.74769e-05 5.02783e-05 
0.000767131 0.00047576 6.29759e-05 
0.000537238 0.000396075 5.96619e-05 
0.000452987 0.000164545 8.91836e-05 
0.000658195 0.000214174 3.29452e-05 
0.000412596 8.66139e-05 9.06324e-05 
0.000267026 0.000468752 3.12447e-05 
0.000979274 0.000402808 7.64175e-05 
0.000165552 0.000160471 6.05994e-05 
0.000914978 9.72824e-05 3.67114e-05 
0.00064804 0.000320859 2.30603e-05 
0.00036089 0.000410882 8.54684e-05 
0.000316766 0.000407019 7.23839e-05 
0.000872578 0.000122062 5.90169e-05 
0.00018712 0.000237571 1.80798e-05 
0.000691079 0.000432465 3.07166e-05 
5.49775e-05 2.89692e-05 2.8969e-05 
0.000541758 2.53033e-05 2.52993e-05 
0.000718999 0.000297472 2.06405e-05 
0.000884556 3.81402e-05 3.64738e-05 
0.000212097 0.000270117 1.83522e-05 
0.000910809 0.00013343 7.52763e-05 
0.000299157 0.000173079 4.42971e-05 
0.000791254 0.000330561 7.68448e-05 
0.000524403 0.000264394 7.3227e-05 
0.000733351 0.000288835 5.69088e-05 
0.000197286 0.00031883 6.73988e-05 
0.000800103 0.000442576 5.58818e-05 
0.000825128 0.000227125 2.07611e-05 
0.00060009 0.00040653 2.86326e-05 
2.6156e-05 0.000120112 2.61558e-05 
0.000463372 0.000322096 7.92439e-05 
0.000442871 0.000480715 5.29369e-05 
4.65484e-05 0.00039399 4.86174e-05 
0.000383072 0.000319234 2.80202e-05 
0.000555949 0.000422181 1.91498e-05 
0.000266324 0.000116088 4.9653e-05 
0.000914589 8.20073e-05 6.97552e-05 
0.000613493 0.000252997 8.24663e-05 
0.000803552 0.000208621 5.94547e-05 
0.000437837 0.00037438 3.4436e-05 
0.000248038 0.000120621 1.70661e-05 
0.000746244 2.03304e-05 2.0329e-05 
0.000394915 0.000137053 1.98847e-05 
0.000348324 0.000251008 2.09447e-05 
0.000259343 0.000337935 5.4685e-05 
0.000717054 8.21134e-05 5.55343e-05 
0.000756237 0.000309633 1.85883e-05 
0.000865793 0.000410768 8.10608e-05 
0.000636727 0.000127107 2.04337e-05 
0.000617478 2.20145e-05 2.20158e-05 
0.000327934 0.000482965 1.70351e-05 
0.000578946 0.000110885 4.78333e-05 
0.000124405 0.000125984 5.69048e-05 
0.000193286 0.000471918 6.20439e-05 
0.000192555 6.50594e-05 5.11103e-05 
2.19491e-05 4.60555e-05 6.37517e-05 
6.59613e-05 0.000304627 2.25128e-05 
0.000689768 0.000240545 6.53062e-05 
2.25348e-05 0.00047748 6.01241e-05 
0.00075937 0.000430444 5.17966e-05 
0.00044634 0.000253382 6.30638e-05 
0.000623689 0.000454631 2.08294e-05 
0.000837334 7.26765e-05 1.7535e-05 
0.000300092 0.000129246 2.42605e-05 
0.000935822 0.000459199 2.46532e-05 
0.000631795 0.00047795 7.84529e-05 
0.000194264 0.000420644 8.04207e-05 
0.00096945 0.000482859 1.71417e-05 
0.000832582 0.000332235 3.29621e-05 
6.03904e-05 0.000439211 8.27886e-05 
0.000454966 0.000439335 2.56005e-05 
0.000771954 0.000117409 4.79144e-05 
0.000742297 0.000326965 5.05722e-05 
0.000611816 0.000298832 8.80605e-05 
0.0001206 0.000465218 2.16541e-05 
0.000764075 0.000237738 5.04009e-05 
0.000805956 0.000109338 2.29187e-05 
0.000728858 0.000404959 5.10585e-05 
0.000468401 0.000430774 6.93642e-05 
0.000536935 0.000164175 6.33886e-05 
0.000340654 0.000139249 1.79662e-05 
0.000610337 0.000279547 3.39188e-05 
0.00018611 0.00026346 5.86793e-05 
0.000495618 0.000102394 6.94427e-05 
0.000564363 0.000192339 2.24194e-05 
0.000433566 0.000482273 1.77268e-05 
0.000502089 0.00017816 6.56873e-05 
0.000745705 0.000131294 2.04243e-05 
0.000225773 0.000176948 1.94785e-05 
9.93014e-05 0.000411557 0.000102964 
0.000497916 0.000340655 5.79307e-05 
4.38277e-05 0.000199246 4.91498e-05 
0.000674358 0.00027513 3.01812e-05 
0.000577091 2.00194e-05 5.31808e-05 
0.000139962 0.000382353 3.02609e-05 
3.24368e-05 0.000276652 6.96719e-05 
0.000380796 0.000454499 5.5363e-05 
0.000539501 0.000302333 1.72969e-05 
0.00085034 9.29657e-05 6.72612e-05 
0.000729406 9.45928e-05 1.97369e-05 
7.98647e-05 0.000171334 1.90541e-05 
5.71674e-05 0.000370909 1.99486e-05 
0.000278605 0.000202433 7.67752e-05 
0.000977293 0.000213954 2.00958e-05 
0.000274819 0.000241384 2.15248e-05 
0.000834371 0.000184108 9.11587e-05 
0.000887766 0.000348494 2.51029e-05 
0.00067466 0.000128369 1.75613e-05 
2.25671e-05 0.00025475 2.25663e-05 
0.000713791 0.000234448 2.65793e-05 
0.000111735 0.000238397 1.92054e-05 
0.000944249 0.00015485 1.7148e-05 
0.000888644 0.000444489 6.86721e-05 
0.000420011 0.000407192 2.19563e-05 
0.000108865 5.58887e-05 3.13138e-05 
0.000575962 0.000317381 6.2303e-05 
0.000865584 0.000205479 1.84593e-05 
0.000248215 0.000183998 5.07375e-05 
2.11347e-05 0.000366068 6.02073e-05 
0.000774552 0.000275646 6.70789e-05 
0.000241998 2.5057e-05 2.50545e-05 
0.000798555 6.94848e-05 1.76985e-05 
0.000251465 0.000269417 7.83607e-05 
0.000296232 0.000444422 6.61004e-05 
0.000701611 0.000175454 2.56836e-05 
0.000365736 0.000112906 1.80333e-05 
0.000959415 0.000427432 5.08027e-05 
0.000166969 0.000189699 2.17745e-05 
0.000127648 0.000324959 2.09968e-05 
0.000978653 0.000124305 6.24452e-05 
0.00021087 5.6898e-05 1.9778e-05 
0.000978448 0.000137279 2.15526e-05 
0.00079498 0.000289876 2.43371e-05 
0.000379922 0.000481842 7.83037e-05 
7.93521e-05 0.000125683 2.73443e-05 
0.000442317 0.000392621 7.65039e-05 
0.000127767 0.000330329 6.44082e-05 
0.00046181 2.26166e-05 2.26019e-05 
0.000942099 0.000395336 7.82509e-05 
0.000934775 0.000354049 2.23115e-05 
0.000230413 0.000311659 2.6243e-05 
0.000351795 0.000233617 8.41068e-05 
0.000823849 0.000415328 7.54072e-05 
0.000973243 0.00047291 5.97162e-05 
0.000229547 0.00013869 4.79608e-05 
0.000392181 0.000191117 0.000118318 
0.0001165 0.000155662 2.08337e-05 
0.000282618 0.000344576 2.01104e-05 
0.00037086 1.97726e-05 7.20675e-05 
0.000644028 0.00043914 5.73788e-05 
2.02777e-05 0.000386949 2.02777e-05 
0.000524712 0.000482671 5.0203e-05 
0.000972966 0.000323112 6.15743e-05 
0.000597789 0.00044425 5.86033e-05 
0.000941697 0.000308253 2.40376e-05 
0.000367894 0.000163542 1.80005e-05 
0.000601296 7.47484e-05 6.12654e-05 
0.000884384 9.06692e-05 5.19154e-05 
0.00093743 2.11436e-05 2.11433e-05 
0.000444876 5.81959e-05 1.71704e-05 
0.000680985 0.000472173 7.25339e-05 
0.000701313 5.18041e-05 8.61374e-05 
0.000764123 0.000444591 1.77049e-05 
0.00033436 3.84629e-05 3.53043e-05 
0.000335504 0.000479405 5.37229e-05 
0.000674213 5.24991e-05 2.06404e-05 
0.000324003 0.00032264 2.7273e-05 
0.00048113 7.68607e-05 1.93216e-05 
9.92472e-05 0.000372751 7.21758e-05 
0.000216324 0.000384342 6.18466e-05 
0.00050684 0.000114295 2.6677e-05 
1.92719e-05 5.99227e-05 1.92709e-05 
0.000500851 1.7186e-05 1.71866e-05 
0.00083248 0.00037304 8.49838e-05 
0.000308748 8.52533e-05 1.85935e-05 
4.65424e-05 0.000185191 1.70879e-05 
0.000172077 0.000219085 4.76913e-05 
0.000573208 0.000315833 1.90554e-05 
0.000422038 0.000323817 9.11966e-05 
0.000460693 0.000213011 2.06966e-05 
0.000827505 0.000122009 5.57334e-05 
0.000838446 0.000237974 6.91362e-05 
0.00018322 0.000301362 2.22257e-05 
0.000613269 0.000330275 4.16341e-05 
0.000540984 1.98734e-05 7.01362e-05 
0.000644355 0.000420779 1.88799e-05 
0.000844628 1.8362e-05 6.84307e-05 
0.000317557 0.000442565 2.55339e-05 
0.000428871 0.000321676 1.87684e-05 
0.000982652 6.21843e-05 6.21093e-05 
0.000318182 0.000378626 2.9038e-05 
2.00782e-05 0.000222444 6.78479e-05 
0.000123664 0.000165965 8.01162e-05 
0.000164446 0.000337928 3.58961e-05 
0.000942564 0.000107603 5.74882e-05 
0.000407066 0.000450965 2.37263e-05 
0.000472749 0.000201236 5.47225e-05 
6.25483e-05 0.000482604 6.09088e-05 
0.000485174 0.000474211 6.51557e-05 
0.000860142 0.000375764 5.13087e-05 
0.000137304 0.000482501 5.25615e-05 
0.000149939 0.000230741 1.97599e-05 
0.000497317 0.000447623 1.81855e-05 
0.000757329 4.2389e-05 7.73232e-05 
0.000752058 0.000150266 5.42333e-05 
0.000262134 0.000156861 2.21469e-05 
0.000474512 0.000251713 2.03985e-05 
0.000572474 9.24133e-05 1.79199e-05 
0.000806462 1.87216e-05 7.411e-05 
0.0006044 0.000224316 2.27443e-05 
0.000716321 0.000338877 2.08483e-05 
0.000887217 8.86299e-05 1.7524e-05 
0.000165411 3.06227e-05 3.06231e-05 
0.000614376 3.25736e-05 6.4991e-05 
0.000599269 0.00035596 6.65732e-05 
0.000717966 5.32937e-05 2.31935e-05 
0.000211429 0.000166118 8.19768e-05 
0.000553044 0.000465472 2.45705e-05 
0.000752037 0.000267547 2.40608e-05 
0.000731362 0.000473252 2.67479e-05 
0.000546909 0.000380993 2.3214e-05 
0.000611889 9.31274e-05 2.16736e-05 
0.000778416 0.000420103 8.17438e-05 
0.000538265 0.000292553 5.11566e-05 
0.000753298 0.000396327 7.82285e-05 
2.31662e-05 0.000343705 2.26355e-05 
0.00066725 0.000391691 1.81439e-05 
0.000559079 0.000467816 7.81278e-05 
0.000148916 0.000301033 4.36356e-05 
0.000378941 0.000152996 5.30291e-05 
0.000920679 0.000474254 7.03065e-05 
0.00072216 0.00038524 1.8442e-05 
5.60905e-05 8.11896e-05 2.30417e-05 
0.000649339 1.83863e-05 5.35011e-05 
0.000593587 0.000480868 1.91313e-05 
0.000563371 0.000196021 6.53849e-05 
0.000405995 0.00040713 5.85583e-05 
0.000171353 1.83556e-05 7.76681e-05 
0.000199306 0.00018602 4.30625e-05 
0.000406318 0.000361747 1.96257e-05 
0.000388188 0.000113054 5.20383e-05 
0.000498355 0.000353677 9.08069e-05 
0.000791591 8.14908e-05 5.42325e-05 
0.000807265 0.000253429 4.58377e-05 
0.00069927 0.000278101 7.39805e-05 
0.000830289 0.000151268 2.25262e-05 
0.000570986 0.000382712 5.77819e-05 
0.000982127 0.000176359 1.78723e-05 
0.000154143 0.000139507 2.01365e-05 
0.000480719 5.48836e-05 8.57236e-05 
0.000278552 2.40419e-05 5.59939e-05 
2.04119e-05 0.000211881 2.04109e-05 
0.000640148 0.000320518 6.45401e-05 
0.000271124 0.000199122 2.09015e-05 
0.000704325 0.000206641 5.89616e-05 
0.000580464 4.48683e-05 8.39127e-05 
0.000535559 0.000129065 5.81266e-05 
0.000279101 0.000246408 6.39328e-05 
0.000923702 0.000171765 4.62292e-05 
0.000877454 0.000259363 8.99868e-05 
0.000582984 5.23345e-05 2.39515e-05 
4.82252e-05 0.000237081 4.77367e-05 
0.000193489 0.000361957 8.57067e-05 
0.000834519 0.000190811 3.11682e-05 
5.81236e-05 6.40396e-05 6.08799e-05 
0.000233812 0.00041776 2.96326e-05 
0.000687078 9.69869e-05 7.86002e-05 
2.27438e-05 0.000327539 8.11448e-05 
0.000553502 0.00012728 2.19869e-05 
0.00075672 6.03147e-05 4.30498e-05 
0.000960065 0.000376594 4.97671e-05 
0.000476157 0.000479704 2.02972e-05 
0.000382073 1.88501e-05 1.88476e-05 
0.000977327 3.91899e-05 2.26713e-05 
0.000312386 2.52933e-05 9.02205e-05 
0.000457075 0.000349052 1.82646e-05 
0.000978447 0.000350082 2.15492e-05 
0.000364975 0.000136156 9.024e-05 
0.000802744 0.00047863 9.12989e-05 
0.000464131 8.46868e-05 7.70862e-05 
0.000157396 0.000203575 8.03207e-05 
0.000917909 0.000260559 7.11739e-05 
0.000522905 0.000339906 2.43849e-05 
5.27836e-05 0.000104371 6.33284e-05 
0.000115484 0.000102106 1.70138e-05 
0.000162777 0.000477672 2.23279e-05 
0.000899299 0.000368579 7.47795e-05 
0.000489172 6.91654e-05 5.47327e-05 
0.000743342 0.000297976 9.8608e-05 
0.0009497 0.000356736 8.39933e-05 
0.000324216 0.000467269 9.46227e-05 
8.99304e-05 9.3186e-05 5.60083e-05 
0.000742219 0.000107915 7.25987e-05 
0.000364598 0.000206955 2.6327e-05 
0.00052574 0.000434945 3.72168e-05 
0.000217494 0.000479453 2.0547e-05 
9.60586e-05 0.000354554 2.23072e-05 
0.000122812 0.000290434 6.55438e-05 
0.000313852 0.000215937 2.52162e-05 
0.000245751 0.000227333 6.95522e-05 
0.000892607 0.000202721 4.9239e-05 
0.000128867 2.22777e-05 6.7951e-05 
0.000934056 0.000292452 6.27016e-05 
1.80676e-05 8.29161e-05 4.86659e-05 
0.00093771 0.000197785 1.83511e-05 
0.000894161 0.000238878 5.45686e-05 
0.000490487 0.000142116 5.7822e-05 
0.000883165 0.000470571 2.94243e-05 
0.000509197 0.000306177 7.87962e-05 
8.79153e-05 0.000460508 4.60179e-05 
0.00075316 0.000408926 1.96554e-05 
0.000299204 0.000482316 6.55178e-05 
0.000755889 0.000352465 2.09854e-05 
0.000700594 1.72527e-05 1.72493e-05 
0.00063491 5.93466e-05 1.92768e-05 
0.000195094 0.000357876 4.64519e-05 
0.000267351 0.000152011 6.15004e-05 
0.000338996 0.000156349 5.17034e-05 
0.000472235 0.000287906 8.38539e-05 
0.000561715 0.00027549 1.75475e-05 
0.000289182 1.7551e-05 1.75529e-05 
0.000429193 0.000236279 1.84385e-05 
0.000158222 0.00035854 6.94127e-05 
0.00086074 0.000239021 3.66935e-05 
0.000657104 1.79786e-05 1.79776e-05 
0.000242926 0.000301651 6.72629e-05 
0.000405134 0.00048179 5.20947e-05 
0.000727834 2.23838e-05 5.88207e-05 
0.00097925 0.000446438 2.07514e-05 
0.000835393 0.000268873 2.08969e-05 
0.000442575 6.06381e-05 5.5323e-05 
0.000194716 0.000149891 2.17758e-05 
0.000949929 8.24979e-05 8.1926e-05 
0.000351255 0.000288901 1.72415e-05 
0.000131404 0.000427703 1.75958e-05 
0.00010866 0.000282648 2.56075e-05 
0.000370126 0.000188375 6.71879e-05 
0.000785063 0.000233554 1.98268e-05 
0.000509211 5.19599e-05 1.7484e-05 
0.000768251 9.06585e-05 1.93028e-05 
0.000339635 0.000441309 6.44039e-05 
0.000923312 1.80081e-05 6.9039e-05 
0.000938053 0.000119204 1.90732e-05 
0.000467472 0.000357453 7.38385e-05 
0.000952442 0.000139555 8.73139e-05 
0.000699652 0.000416786 8.3276e-05 
1.84738e-05 0.000163399 1.84744e-05 
0.000504152 3.21588e-05 5.33988e-05 
0.000271502 0.000381899 1.8852e-05 
0.000127318 8.09055e-05 7.45852e-05 
0.000197766 0.000339192 1.7375e-05 
0.000795513 0.000427684 1.79397e-05 
0.00085277 0.000110702 2.38741e-05 
0.000306924 0.000354993 7.29064e-05 
0.000545332 0.000257699 4.26162e-05 
0.000776893 4.14591e-05 1.70301e-05 
0.0006604 0.000108212 4.55376e-05 
0.000657649 0.000162252 2.04635e-05 
5.11454e-05 0.000382083 8.72198e-05 
0.000153376 0.000481007 8.52833e-05 
0.00065971 0.000465844 1.70778e-05 
5.91502e-05 0.000477949 2.19685e-05 
9.63471e-05 0.000320589 4.20944e-05 
0.000898804 0.000173899 8.33818e-05 
0.000567709 0.00027545 6.4109e-05 
0.000580702 9.96274e-05 9.01516e-05 
1.87239e-05 0.000481275 1.8724e-05 
0.000782703 0.000328427 3.33485e-05 
9.11301e-05 1.75844e-05 5.59982e-05 
0.000485403 0.000227531 7.29141e-05 
0.000367402 0.000476534 2.34651e-05 
1.80978e-05 0.000407315 6.71185e-05 
0.000353269 0.000376922 6.15642e-05 
2.18929e-05 0.0002992 2.1893e-05 
0.000829767 3.76886e-05 9.60451e-05 
0.000246089 0.000268275 3.96149e-05 
0.000364832 0.000363741 2.0644e-05 
0.00093046 7.18213e-05 1.79167e-05 
0.000273758 9.70321e-05 1.78394e-05 
