0.000843715 0.000421685 3.10536e-05 
7.92921e-05 0.000293326 6.12602e-05 
0.00053333 0.000221576 8.99699e-05 
0.000318851 0.000248615 6.18351e-05 
0.00069193 0.000331858 6.75736e-05 
0.000367851 6.27252e-05 7.38188e-05 
0.000755316 0.000194852 3.09912e-05 
0.00088574 0.000288201 3.57907e-05 
0.000515931 3.90263e-05 9.45021e-05 
0.000775292 0.000235922 8.57873e-05 
0.000633863 0.000365962 2.42386e-05 
0.000185396 0.000381821 1.97441e-05 
0.000830568 0.000286667 7.63318e-05 
0.000202951 0.000214612 7.25076e-05 
0.000489349 0.000387672 3.62691e-05 
0.000809062 0.000158214 6.26584e-05 
0.000442491 0.000340791 5.48749e-05 
0.000232773 0.000362775 2.52302e-05 
0.000524792 0.000160935 3.47467e-05 
0.000890857 0.000235584 1.89334e-05 
0.000918612 0.000332601 6.15461e-05 
0.000418186 0.000300119 5.55895e-05 
0.000943125 5.259e-05 5.35416e-05 
0.000839071 5.49365e-05 6.5449e-05 
0.000688072 9.13883e-05 2.14024e-05 
0.000276135 0.000303094 2.06144e-05 
8.34963e-05 0.000231239 8.56916e-05 
0.000563853 0.000233564 1.97555e-05 
0.000159706 9.08026e-05 2.98298e-05 
0.000950878 0.000441469 8.90793e-05 
0.000514947 0.000217201 3.31032e-05 
0.000970314 0.000220717 5.67744e-05 
0.000897241 0.000134411 2.57047e-05 
0.000775069 2.10007e-05 4.9577e-05 
6.67432e-05 0.000260183 2.19104e-05 
0.000744769 0.000352965 9.51044e-05 
0.000617027 0.000435597 9.14828e-05 
0.000313247 0.000158334 9.68145e-05 
0.000330624 0.000200605 6.68021e-05 
0.000330991 0.000178959 1.87164e-05 
0.000295112 0.000298326 7.69803e-05 
0.000476409 0.000304572 3.28593e-05 
0.000462487 2.31832e-05 6.83839e-05 
0.000336715 0.000102647 5.67607e-05 
0.000978194 0.00040433 2.17998e-05 
0.000598055 0.000481876 5.61209e-05 
0.000540512 0.000352095 7.43471e-05 
0.000724448 0.000173727 6.58233e-05 
0.000395197 0.000228728 6.50424e-05 
0.000385505 0.00028006 9.3094e-05 
0.000266118 0.00038343 7.95171e-05 
0.00057457 0.000156535 4.95708e-05 
0.000796607 5.32668e-05 8.19536e-05 
0.000844894 0.000462874 7.36824e-05 
9.20848e-05 6.02118e-05 8.04578e-05 
0.000192972 0.00011033 8.16198e-05 
0.00097245 8.69234e-05 2.75347e-05 
0.000513102 0.00042487 7.62769e-05 
0.000212755 0.000101304 2.45088e-05 
0.000367014 0.000416007 3.12561e-05 
0.000476023 0.000168435 2.60584e-05 
0.000284059 0.000413751 4.1258e-05 
0.000586939 0.000355943 2.37083e-05 
0.000802105 0.000190764 1.71766e-05 
0.000542163 7.48648e-05 6.00146e-05 
0.000240242 6.89364e-05 6.08901e-05 
0.000514521 0.000479906 1.73977e-05 
0.000396921 6.72978e-05 3.08115e-05 
0.00097019 0.000171765 6.23319e-05 
0.000890406 0.000178542 1.93958e-05 
0.000594883 0.000405742 7.59189e-05 
0.000620443 0.000131648 7.18246e-05 
0.000398045 0.000359255 6.65768e-05 
0.000693965 0.000382913 4.62835e-05 
0.000652209 6.46517e-05 6.35951e-05 
0.000156709 5.37541e-05 7.23427e-05 
0.000865886 0.000164225 5.67114e-05 
0.000445071 0.000114945 3.66386e-05 
0.00061749 0.000197827 8.1757e-05 
0.000708644 0.000127275 4.74107e-05 
0.000785684 0.000150926 2.30048e-05 
6.02118e-05 0.000342191 5.47271e-05 
0.000176124 0.000390567 5.44203e-05 
0.000424248 0.000439871 6.90351e-05 
0.00058034 0.000236412 5.90297e-05 
0.000792252 0.000385213 4.80163e-05 
2.99133e-05 0.000434964 2.99134e-05 
0.000346008 0.000277191 5.07762e-05 
0.000177036 0.000428788 2.88141e-05 
0.000152172 0.000273257 2.0355e-05 
0.000277915 5.64377e-05 2.32755e-05 
0.000822311 0.000474151 2.585e-05 
0.000667915 0.000147052 5.53889e-05 
0.000980947 0.00029515 1.74972e-05 
0.000132352 0.00025235 5.60421e-05 
0.000867977 0.000335498 8.60388e-05 
0.000209246 2.35551e-05 6.16592e-05 
0.000927596 0.000210377 8.20917e-05 
0.000351931 0.000327444 7.53055e-05 
0.000419588 0.000184183 3.29412e-05 
0.000563945 0.000422098 5.78646e-05 
0.00077704 0.000479122 2.00574e-05 
0.000730034 0.000365025 4.88098e-05 
0.000792041 0.000123609 8.58799e-05 
0.000421039 2.4712e-05 1.93648e-05 
0.000820286 2.92608e-05 2.92559e-05 
0.00029412 6.9154e-05 6.42382e-05 
0.000730415 0.000250008 7.06876e-05 
7.59611e-05 0.00021459 2.4686e-05 
0.00068076 0.000179777 6.23225e-05 
0.000613971 0.000175705 2.64944e-05 
0.000397306 0.000267082 2.69525e-05 
0.000971751 0.000266891 7.24627e-05 
0.000652246 0.000276485 7.87588e-05 
0.000937879 0.000244603 3.02678e-05 
0.000596471 0.000132216 2.0736e-05 
8.70817e-05 0.000415681 3.0397e-05 
0.000131807 0.00043616 6.89471e-05 
0.000494468 0.000262109 5.25093e-05 
8.07866e-05 0.000166597 6.86518e-05 
0.000689016 0.000482793 1.72096e-05 
0.000647895 0.000383419 8.11514e-05 
0.000123658 0.000200599 4.46516e-05 
0.000309962 0.000273457 2.4524e-05 
0.000516005 0.000269971 2.10379e-05 
0.000767487 0.000179153 8.37074e-05 
0.000237449 0.00044863 7.09499e-05 
0.000977359 2.26405e-05 6.60962e-05 
0.000677328 0.000353637 2.10515e-05 
0.000229496 0.000223749 2.76748e-05 
0.000909138 0.000405167 3.66546e-05 
0.000413661 2.49832e-05 6.30945e-05 
0.000686239 2.82458e-05 5.12246e-05 
0.000766857 0.000475446 6.29994e-05 
0.000537042 0.000395571 5.95909e-05 
0.000457771 0.000165459 8.67097e-05 
0.000658984 0.000213975 3.29386e-05 
0.000412339 8.70755e-05 9.01074e-05 
0.000267079 0.000468755 3.1245e-05 
0.000979278 0.000403322 7.60672e-05 
0.000165516 0.000161278 6.00768e-05 
0.000914162 9.65451e-05 3.7126e-05 
0.000647922 0.000320822 2.30547e-05 
0.000360658 0.000410966 8.52839e-05 
0.000315722 0.00040713 7.27185e-05 
0.000872441 0.000121472 6.78472e-05 
0.000187244 0.000238453 1.80804e-05 
0.000691095 0.000432176 3.07162e-05 
5.55329e-05 2.89698e-05 2.89691e-05 
0.000542773 2.52996e-05 2.52997e-05 
0.000718632 0.000298139 2.06405e-05 
0.00088441 4.17528e-05 3.64697e-05 
0.000212873 0.000269108 1.83522e-05 
0.00091309 0.000133918 7.48138e-05 
0.000298954 0.000172425 4.61192e-05 
0.00079863 0.000334626 8.30358e-05 
0.000525835 0.000265076 7.31857e-05 
0.000733061 0.000289624 5.69104e-05 
0.000198242 0.000319898 6.79397e-05 
0.000800097 0.000442551 5.58824e-05 
0.000824155 0.00022773 2.07607e-05 
0.00060006 0.000406378 2.86319e-05 
2.61557e-05 0.000120102 2.61556e-05 
0.000467589 0.000322697 8.00683e-05 
0.000444687 0.000475303 5.22594e-05 
4.74141e-05 0.000394145 4.8827e-05 
0.000382136 0.000319909 2.80217e-05 
0.0005558 0.000421683 1.9149e-05 
0.000265418 0.000116051 4.95124e-05 
0.000911248 7.83465e-05 6.85209e-05 
0.000614751 0.000252394 8.21819e-05 
0.000803913 0.000208732 5.99356e-05 
0.000437304 0.000374168 3.56567e-05 
0.000248366 0.000121436 1.70673e-05 
0.000745875 2.03294e-05 2.03293e-05 
0.0003965 0.000138506 1.98846e-05 
0.000349511 0.000251309 2.09445e-05 
0.000259066 0.000337301 5.52245e-05 
0.000717892 8.15252e-05 5.58493e-05 
0.00075979 0.00031338 1.85843e-05 
0.000866242 0.00041125 8.08679e-05 
0.000637316 0.000127067 2.04341e-05 
0.000617228 2.20132e-05 2.93249e-05 
0.000329446 0.000482966 1.7035e-05 
0.000579142 0.000111251 4.80179e-05 
0.000124993 0.000126707 5.59812e-05 
0.000193709 0.000471917 6.22586e-05 
0.000192424 6.44617e-05 5.14849e-05 
2.195e-05 4.57913e-05 6.33478e-05 
6.56044e-05 0.000307264 2.25122e-05 
0.000680876 0.000244965 6.899e-05 
2.25296e-05 0.000477472 5.97265e-05 
0.000759802 0.000429396 5.17484e-05 
0.000445991 0.000256201 6.088e-05 
0.00062341 0.000454159 2.08291e-05 
0.000837334 7.26769e-05 1.7535e-05 
0.000299201 0.000129406 2.42609e-05 
0.000933848 0.000459977 2.46538e-05 
0.000631586 0.00047795 7.78945e-05 
0.000196024 0.000420458 7.99871e-05 
0.000968006 0.000482861 1.71388e-05 
0.000832104 0.000333222 3.29522e-05 
6.12015e-05 0.000438879 8.23179e-05 
0.000456447 0.000438973 2.56026e-05 
0.000774512 0.000118244 4.86978e-05 
0.000742693 0.000327586 5.0584e-05 
0.00061215 0.000298707 8.80097e-05 
0.000121616 0.000464069 2.16539e-05 
0.000763221 0.000238547 5.04577e-05 
0.000807334 0.000108062 2.29188e-05 
0.000728665 0.000404673 5.14451e-05 
0.000469656 0.000430031 6.93562e-05 
0.000545445 0.000157626 7.69433e-05 
0.000338654 0.000143081 1.79661e-05 
0.000610454 0.0002793 3.3919e-05 
0.000185733 0.000264976 5.82548e-05 
0.000495871 0.000102501 6.94428e-05 
0.000564926 0.000191489 2.24172e-05 
0.000435325 0.000482273 1.77263e-05 
0.00050974 0.000180498 7.18157e-05 
0.000747909 0.000129656 2.04243e-05 
0.000225916 0.000177449 1.94791e-05 
0.000100024 0.000411367 0.000102862 
0.000500232 0.000340277 5.91012e-05 
4.69314e-05 0.000196607 5.03401e-05 
0.000674325 0.000275146 3.01834e-05 
0.000578476 2.00189e-05 5.27085e-05 
0.00013652 0.000380516 3.02613e-05 
3.11964e-05 0.000277836 6.94775e-05 
0.000379169 0.000455532 5.71708e-05 
0.000538536 0.000300762 1.7297e-05 
0.000848619 9.26421e-05 7.10896e-05 
0.000729082 9.41873e-05 1.97366e-05 
7.97123e-05 0.000171379 1.90541e-05 
5.73465e-05 0.000371017 1.99492e-05 
0.00027873 0.000202711 7.79414e-05 
0.000974424 0.000211473 2.00968e-05 
0.000274575 0.000242549 2.15251e-05 
0.000835002 0.000184487 9.15772e-05 
0.000887667 0.000348119 2.5103e-05 
0.000675191 0.00012798 1.75607e-05 
2.25683e-05 0.000255012 2.25666e-05 
0.000714298 0.000235007 2.65803e-05 
0.000111412 0.000239878 1.92055e-05 
0.00094426 0.000152873 1.71483e-05 
0.000889187 0.000444898 6.84726e-05 
0.000420397 0.000406982 2.19559e-05 
0.000109124 5.64775e-05 3.13145e-05 
0.000576346 0.000317149 6.21198e-05 
0.000866107 0.000207559 1.84594e-05 
0.000249248 0.000186278 4.96162e-05 
2.11343e-05 0.00036678 5.979e-05 
0.000774404 0.00027693 6.71216e-05 
0.000241196 2.50549e-05 2.50553e-05 
0.000797534 6.86759e-05 1.76996e-05 
0.000250462 0.000270627 7.99383e-05 
0.000295345 0.000444724 6.70789e-05 
0.00070243 0.000175179 2.56837e-05 
0.000364592 0.000118105 1.80328e-05 
0.000959121 0.000427817 5.05927e-05 
0.000167857 0.000191156 2.17751e-05 
0.000129279 0.000325097 2.09968e-05 
0.000978652 0.000121581 6.22051e-05 
0.000210523 5.73237e-05 1.9778e-05 
0.000978448 0.000135278 2.15519e-05 
0.00079549 0.000290015 2.43328e-05 
0.000385684 0.000481843 8.37781e-05 
7.93481e-05 0.000125727 2.73441e-05 
0.000442612 0.00039258 7.6808e-05 
0.000131676 0.000327325 7.25009e-05 
0.00046283 2.26411e-05 2.26027e-05 
0.000941936 0.000396988 7.86312e-05 
0.000934636 0.000353975 2.23079e-05 
0.000230361 0.00031137 2.6243e-05 
0.000351793 0.000234941 8.25208e-05 
0.000824252 0.000415886 7.5708e-05 
0.000972726 0.000473257 5.96955e-05 
0.000229197 0.000139859 4.73336e-05 
0.000397164 0.000191276 0.000116892 
0.000117051 0.000157462 2.0833e-05 
0.000281562 0.00034379 2.01103e-05 
0.000370159 1.97721e-05 7.22281e-05 
0.000644031 0.000438933 5.73375e-05 
2.02799e-05 0.000386643 2.02775e-05 
0.000525395 0.000482671 5.02622e-05 
0.000972975 0.000323862 6.06051e-05 
0.000597282 0.00044423 5.83945e-05 
0.000941007 0.000308101 2.40383e-05 
0.000368193 0.000163634 1.80001e-05 
0.000600979 7.56694e-05 6.14518e-05 
0.00088265 9.29473e-05 5.1955e-05 
0.00093599 2.11538e-05 2.1144e-05 
0.000444958 5.77553e-05 1.71703e-05 
0.000680798 0.000472173 7.22054e-05 
0.000700223 5.30054e-05 8.70931e-05 
0.000763327 0.000444009 1.77045e-05 
0.00033399 3.87807e-05 3.53008e-05 
0.000337016 0.000479403 5.37316e-05 
0.00067357 5.19318e-05 2.06403e-05 
0.000323695 0.000323326 2.72731e-05 
0.000481838 7.64746e-05 1.93223e-05 
0.000101726 0.00036925 7.68417e-05 
0.0002186 0.000383888 6.25971e-05 
0.000507591 0.000113908 2.66775e-05 
1.92696e-05 5.927e-05 1.92708e-05 
0.000501867 1.71878e-05 1.71843e-05 
0.000833231 0.000375653 8.52512e-05 
0.000308746 8.43797e-05 1.85936e-05 
4.64294e-05 0.000185338 1.70878e-05 
0.000166637 0.00022022 5.06442e-05 
0.000571303 0.000316409 1.90543e-05 
0.000425455 0.000324127 9.33993e-05 
0.000462073 0.00021454 2.06966e-05 
0.00082186 0.000118364 6.0124e-05 
0.000838164 0.000237262 7.35318e-05 
0.000182827 0.000302788 2.22266e-05 
0.000613239 0.00033 4.19125e-05 
0.000542596 1.98719e-05 7.01437e-05 
0.000644368 0.000420487 1.888e-05 
0.000845992 1.83621e-05 6.78272e-05 
0.000317395 0.000443034 2.55367e-05 
0.000427541 0.000313443 1.87691e-05 
0.000982653 6.21955e-05 6.35732e-05 
0.000319134 0.000379426 2.90379e-05 
2.00786e-05 0.000217033 6.80484e-05 
0.000127505 0.00016098 8.6918e-05 
0.000165093 0.000338855 3.75014e-05 
0.000942462 0.000104941 5.78044e-05 
0.000408668 0.000451097 2.37265e-05 
0.000471644 0.000206648 5.65834e-05 
6.21132e-05 0.000482592 6.07765e-05 
0.000486687 0.000473501 6.68761e-05 
0.000860727 0.000376027 5.13494e-05 
0.000137644 0.000482501 5.22528e-05 
0.000149802 0.000233216 1.97597e-05 
0.00049865 0.000447997 1.81857e-05 
0.000761986 4.57551e-05 7.63936e-05 
0.000753085 0.000150374 5.33996e-05 
0.000262453 0.000157682 2.21469e-05 
0.00047708 0.000252798 2.03987e-05 
0.000573177 9.29849e-05 1.79208e-05 
0.000806366 1.87214e-05 7.39437e-05 
0.000605155 0.000224002 2.27436e-05 
0.000716801 0.000339588 2.08507e-05 
0.000885677 9.22992e-05 1.75242e-05 
0.000165404 3.06234e-05 3.06232e-05 
0.000614517 2.20056e-05 7.23092e-05 
0.000599279 0.000355915 6.66361e-05 
0.000717315 5.30468e-05 2.31927e-05 
0.000211294 0.000167088 8.16214e-05 
0.000553379 0.000464997 2.45702e-05 
0.000752072 0.000268641 2.40606e-05 
0.000731087 0.00047325 2.67489e-05 
0.000546932 0.000380458 2.3214e-05 
0.000612593 9.30027e-05 2.16733e-05 
0.000778425 0.000421121 8.26048e-05 
0.000537626 0.000296344 5.22732e-05 
0.000753038 0.000397638 7.91294e-05 
2.46193e-05 0.000343903 2.26363e-05 
0.000667278 0.000391408 1.81425e-05 
0.000558987 0.000467047 7.87034e-05 
0.000149776 0.000302383 4.55225e-05 
0.000380455 0.00015436 5.30371e-05 
0.000921506 0.000474255 7.13845e-05 
0.000721802 0.000385681 1.84415e-05 
5.68597e-05 8.08355e-05 2.30419e-05 
0.000649163 1.83873e-05 5.38062e-05 
0.000593732 0.000480868 1.91317e-05 
0.000564949 0.00019604 6.53118e-05 
0.0004054 0.000403164 5.79658e-05 
0.00017088 1.83557e-05 7.7724e-05 
0.000199254 0.000184155 4.36291e-05 
0.000406185 0.000362048 1.96266e-05 
0.000388127 0.000113896 5.1178e-05 
0.000499566 0.000349749 9.31651e-05 
0.000791744 8.09985e-05 5.43363e-05 
0.000806773 0.000253669 4.65352e-05 
0.000698695 0.000280062 7.41176e-05 
0.00083117 0.000152906 2.25265e-05 
0.000570948 0.000382597 5.77998e-05 
0.000982121 0.000174359 1.78725e-05 
0.000153851 0.00013947 2.01361e-05 
0.000481847 5.42966e-05 8.57223e-05 
0.00027784 2.38157e-05 5.58809e-05 
2.0412e-05 0.000212139 2.04109e-05 
0.000642351 0.000318114 6.48206e-05 
0.000274297 0.000200124 2.0901e-05 
0.000705712 0.00021929 7.66695e-05 
0.000578992 4.28736e-05 8.51232e-05 
0.000537304 0.000128247 5.8751e-05 
0.000276409 0.000246371 6.42355e-05 
0.000922417 0.000170498 4.48281e-05 
0.000881835 0.000270243 9.51189e-05 
0.0005836 5.2883e-05 2.39505e-05 
4.62436e-05 0.000234204 4.72764e-05 
0.000192572 0.000363393 8.4837e-05 
0.000835663 0.000192249 3.18906e-05 
5.8003e-05 6.41079e-05 6.11052e-05 
0.000234365 0.000417437 2.96384e-05 
0.000687054 9.69276e-05 7.72195e-05 
2.27438e-05 0.000328777 8.16637e-05 
0.000554007 0.000127744 2.19819e-05 
0.000756652 6.12744e-05 4.13677e-05 
0.000958753 0.00037784 4.96997e-05 
0.000476927 0.000479702 2.02959e-05 
0.000383269 1.88615e-05 1.88478e-05 
0.000977319 3.56313e-05 2.2671e-05 
0.000311744 2.52954e-05 9.00263e-05 
0.000455507 0.000348884 1.8264e-05 
0.00097845 0.000352235 2.15487e-05 
0.000362549 0.000138935 8.91574e-05 
0.000801684 0.000478631 9.22531e-05 
0.000464892 8.37367e-05 7.66155e-05 
0.000155491 0.000202153 8.33542e-05 
0.000918678 0.000259494 7.23352e-05 
0.000523555 0.000339009 2.43852e-05 
5.2784e-05 0.000104471 6.33739e-05 
0.000116634 0.000104031 1.70139e-05 
0.000163479 0.000477672 2.23281e-05 
0.000902774 0.000369071 7.60824e-05 
0.000489708 6.91651e-05 5.4853e-05 
0.000742468 0.000297751 9.89548e-05 
0.000949201 0.000356833 8.3473e-05 
0.000324697 0.000468217 9.46043e-05 
9.00301e-05 9.3509e-05 5.62859e-05 
0.000744292 0.00011141 7.36534e-05 
0.000365335 0.000207091 2.63262e-05 
0.000526207 0.000434693 3.80432e-05 
0.000217545 0.00047945 2.05472e-05 
9.41656e-05 0.000350408 2.23081e-05 
0.000117139 0.000290205 6.71782e-05 
0.000315532 0.000220331 2.52161e-05 
0.000243667 0.000226438 7.04135e-05 
0.000888443 0.000203598 4.80326e-05 
0.000128595 2.22772e-05 6.76913e-05 
0.000933465 0.000291635 6.24438e-05 
1.8072e-05 8.26953e-05 4.83226e-05 
0.000937372 0.000197459 1.83511e-05 
0.00089412 0.000238969 5.54417e-05 
0.000498356 0.00014117 6.10718e-05 
0.000881032 0.000470575 2.94246e-05 
0.000507647 0.000305291 8.08344e-05 
8.98152e-05 0.000462342 4.75324e-05 
0.000752543 0.000408153 1.96554e-05 
0.000300379 0.000482311 6.4433e-05 
0.000756433 0.000352982 2.09859e-05 
0.00069707 1.72577e-05 1.72501e-05 
0.000634188 5.8293e-05 1.92758e-05 
0.000196237 0.000358744 4.66038e-05 
0.000265946 0.000151909 6.1567e-05 
0.000340911 0.000160835 5.13366e-05 
0.000470454 0.000287904 8.71698e-05 
0.000561864 0.000274882 1.75459e-05 
0.000288959 1.75508e-05 1.75519e-05 
0.000429543 0.000236248 1.84385e-05 
0.000156075 0.000361264 7.1257e-05 
0.000858182 0.000239822 3.97185e-05 
0.000655365 1.79782e-05 1.79774e-05 
0.000242587 0.000302855 6.76837e-05 
0.000402814 0.000481789 5.16963e-05 
0.000727585 2.2393e-05 5.88702e-05 
0.000979251 0.000446857 2.07508e-05 
0.000834916 0.000267982 2.08963e-05 
0.00044221 6.0343e-05 5.5285e-05 
0.000194006 0.000151381 2.17757e-05 
0.00094491 8.07819e-05 8.411e-05 
0.000350585 0.000289299 1.72426e-05 
0.000132065 0.000426454 1.75965e-05 
0.000107654 0.000284072 2.56073e-05 
0.000371245 0.000189488 6.75666e-05 
0.000784255 0.00023511 1.98253e-05 
0.00050982 5.1469e-05 1.7484e-05 
0.000768098 9.28868e-05 1.9303e-05 
0.0003389 0.000441204 6.47048e-05 
0.000922514 1.8007e-05 6.73232e-05 
0.000938061 0.00011723 1.90733e-05 
0.000469362 0.000358509 7.68192e-05 
0.000954453 0.000137387 8.87105e-05 
0.000699444 0.000416975 8.34506e-05 
1.84791e-05 0.000163391 1.84745e-05 
0.000504501 3.20957e-05 5.3477e-05 
0.000272134 0.000381575 1.88523e-05 
0.000128475 8.18036e-05 7.40108e-05 
0.000197475 0.000340142 1.73745e-05 
0.000795074 0.000427798 1.79402e-05 
0.00085295 0.000113061 3.20761e-05 
0.000308795 0.000353768 7.19841e-05 
0.000545149 0.00025654 4.19791e-05 
0.000777104 4.05713e-05 1.70271e-05 
0.000661415 0.000109165 4.58528e-05 
0.000658499 0.000162052 2.04636e-05 
5.25893e-05 0.000380075 8.66275e-05 
0.000153534 0.000481009 8.50658e-05 
0.000659365 0.000465571 1.70773e-05 
6.03988e-05 0.000476222 2.19684e-05 
0.000101717 0.000320576 4.67741e-05 
0.000890241 0.000175251 9.23719e-05 
0.000567037 0.000275413 6.30148e-05 
0.000580521 0.000100545 9.04573e-05 
2.01286e-05 0.000481275 1.87244e-05 
0.00078357 0.00032542 4.22699e-05 
8.94367e-05 2.22438e-05 6.01545e-05 
0.000472633 0.000225051 8.56055e-05 
0.000368912 0.000476527 2.34666e-05 
1.80992e-05 0.000406428 6.66796e-05 
0.000355078 0.000377189 6.05818e-05 
2.18942e-05 0.000299461 2.1893e-05 
0.000831148 2.7123e-05 0.000100379 
0.000245915 0.000268434 4.11307e-05 
0.000365992 0.000365217 2.06403e-05 
0.000930472 7.19246e-05 1.79168e-05 
0.00027321 9.6917e-05 1.78374e-05 
