0.000843776 0.000421679 3.10537e-05 
8.05395e-05 0.000292078 6.14078e-05 
0.00053191 0.000221135 9.04423e-05 
0.000321298 0.000246436 5.94128e-05 
0.00069093 0.000329547 6.65878e-05 
0.000368255 6.22737e-05 7.38676e-05 
0.000754725 0.000194248 3.09912e-05 
0.000886354 0.00028848 3.57906e-05 
0.000514993 3.99715e-05 9.44436e-05 
0.000774696 0.000234855 8.60603e-05 
0.000633705 0.000365925 2.42388e-05 
0.000189061 0.000382793 1.97443e-05 
0.000829046 0.000286482 7.70084e-05 
0.000205513 0.000214142 7.37114e-05 
0.000489482 0.000389061 3.62697e-05 
0.000807758 0.000158062 6.27348e-05 
0.000439738 0.000340091 5.28322e-05 
0.000232164 0.000363091 2.52285e-05 
0.000524941 0.000163326 2.40427e-05 
0.000893887 0.000230355 1.89349e-05 
0.000918642 0.000333164 6.18038e-05 
0.000421758 0.000297851 5.0398e-05 
0.000942716 5.26943e-05 5.37767e-05 
0.000839867 5.5147e-05 6.46387e-05 
0.000688287 9.20677e-05 2.14031e-05 
0.000276363 0.000304316 2.06132e-05 
8.43472e-05 0.000230201 8.67168e-05 
0.000563288 0.000234632 1.97555e-05 
0.000159113 9.0739e-05 2.98303e-05 
0.000950171 0.000441795 8.87412e-05 
0.000514653 0.000218802 3.31042e-05 
0.000973577 0.000223899 5.65943e-05 
0.000896552 0.000134474 2.57047e-05 
0.000774904 2.1005e-05 5.01289e-05 
6.69181e-05 0.000260222 2.19105e-05 
0.000741456 0.000353322 9.62395e-05 
0.000617221 0.000433686 9.13188e-05 
0.000306163 0.000145555 9.08069e-05 
0.000329831 0.000199954 6.80502e-05 
0.000333239 0.000175589 1.87159e-05 
0.000294914 0.000299088 7.74205e-05 
0.000475145 0.000303555 3.28589e-05 
0.000462364 2.31839e-05 6.83815e-05 
0.000336623 0.000102073 5.74352e-05 
0.000978186 0.000403919 2.18011e-05 
0.00059871 0.000481877 5.60258e-05 
0.000539239 0.000352318 7.17461e-05 
0.000723392 0.000173988 6.59202e-05 
0.000394815 0.000227414 6.54435e-05 
0.000385206 0.000282058 8.6337e-05 
0.000263816 0.000384427 7.88407e-05 
0.000573637 0.000156818 4.91547e-05 
0.000792045 5.19617e-05 8.03661e-05 
0.000846267 0.000463349 7.31512e-05 
9.16302e-05 5.74104e-05 8.04974e-05 
0.000192682 0.000109431 8.17315e-05 
0.000972463 8.87796e-05 2.75359e-05 
0.000512146 0.000427447 7.58158e-05 
0.000212223 0.000100928 2.45085e-05 
0.000366577 0.000414539 3.12561e-05 
0.000475182 0.000168824 2.60587e-05 
0.000283632 0.000413663 4.0664e-05 
0.000586762 0.00035616 2.37091e-05 
0.000802105 0.000190764 1.71766e-05 
0.000541595 7.51667e-05 5.95852e-05 
0.000240538 6.89441e-05 6.05899e-05 
0.000513849 0.000479429 1.7398e-05 
0.000397242 6.68896e-05 3.0811e-05 
0.000971769 0.00017331 6.27037e-05 
0.000892412 0.000178938 1.93953e-05 
0.00059491 0.000405882 7.59152e-05 
0.000619542 0.000132199 7.16271e-05 
0.000397965 0.000363012 6.65907e-05 
0.000694181 0.000383084 4.61444e-05 
0.000652855 6.45044e-05 6.37832e-05 
0.000161512 6.17276e-05 6.76135e-05 
0.000865286 0.000165734 5.52924e-05 
0.000444326 0.000115279 3.66389e-05 
0.000616463 0.000198359 8.16606e-05 
0.000707234 0.000127871 4.8404e-05 
0.000784742 0.00015008 2.30044e-05 
5.9839e-05 0.00034059 5.34359e-05 
0.000179963 0.000388128 5.51519e-05 
0.000423965 0.000444067 6.94601e-05 
0.000579551 0.000236141 5.91964e-05 
0.000792548 0.000384514 4.72072e-05 
2.99161e-05 0.000435278 2.9913e-05 
0.000344521 0.000277657 5.06895e-05 
0.000176447 0.000428802 2.88146e-05 
0.000153776 0.000270651 2.03564e-05 
0.000278542 5.65493e-05 2.32757e-05 
0.000822376 0.00047415 2.58492e-05 
0.00066693 0.000148651 5.59855e-05 
0.000980947 0.00029515 1.74972e-05 
0.000132865 0.000250427 5.59172e-05 
0.000867961 0.000333651 8.63642e-05 
0.000209547 2.35558e-05 6.12887e-05 
0.000929677 0.000212304 8.27801e-05 
0.000351654 0.000331397 7.49888e-05 
0.000418245 0.000182653 3.2935e-05 
0.000564161 0.000422569 5.7861e-05 
0.000777206 0.000479942 2.00573e-05 
0.000729727 0.000364455 4.88644e-05 
0.000796901 0.000118391 8.10966e-05 
0.00042002 2.36683e-05 1.9365e-05 
0.000819871 2.92565e-05 2.92563e-05 
0.000294358 6.81216e-05 6.47288e-05 
0.000730973 0.000249147 7.03977e-05 
7.53417e-05 0.000214481 2.4683e-05 
0.000680878 0.000180948 6.27618e-05 
0.000613117 0.000175978 2.64942e-05 
0.000394459 0.00026542 2.69506e-05 
0.00097175 0.000267247 7.38321e-05 
0.000651522 0.000276085 7.8426e-05 
0.000939356 0.000245396 3.02673e-05 
0.000595933 0.000132365 2.07357e-05 
8.7459e-05 0.000413348 3.03965e-05 
0.000131143 0.000436077 6.88798e-05 
0.000493867 0.000260895 5.1406e-05 
7.48083e-05 0.000166578 6.84051e-05 
0.000689502 0.000482749 1.72096e-05 
0.000647998 0.000383519 8.08625e-05 
0.000122629 0.000198963 4.4493e-05 
0.000308796 0.000273169 2.45237e-05 
0.000516859 0.00027154 2.10382e-05 
0.000767309 0.00017926 8.38179e-05 
0.000237177 0.000448932 7.09316e-05 
0.000977349 2.26422e-05 6.49206e-05 
0.000677247 0.00035386 2.10515e-05 
0.000229476 0.000223246 2.76746e-05 
0.000909202 0.00040517 3.66558e-05 
0.000414495 2.49827e-05 6.33549e-05 
0.000686593 2.7471e-05 5.0306e-05 
0.00076713 0.000475762 6.29741e-05 
0.000537274 0.000396037 5.96768e-05 
0.000453084 0.000164507 8.91163e-05 
0.000658202 0.00021417 3.29392e-05 
0.000412605 8.66658e-05 9.05651e-05 
0.00026703 0.000468755 3.12437e-05 
0.000979271 0.000402864 7.63313e-05 
0.000165756 0.00016058 6.04788e-05 
0.000914973 9.72237e-05 3.68268e-05 
0.000648039 0.000320871 2.30555e-05 
0.000360847 0.000410747 8.54537e-05 
0.000316717 0.000407003 7.23884e-05 
0.000872844 0.000121878 5.91321e-05 
0.000187107 0.000237612 1.80797e-05 
0.000691158 0.000432381 3.07161e-05 
5.50072e-05 2.897e-05 2.89692e-05 
0.0005418 2.53003e-05 2.52995e-05 
0.000718934 0.000297559 2.06409e-05 
0.00088456 3.83788e-05 3.64701e-05 
0.000212109 0.000270037 1.83522e-05 
0.000911062 0.000133541 7.52188e-05 
0.00029918 0.000173118 4.4284e-05 
0.000791515 0.000330709 7.71186e-05 
0.000524432 0.000264448 7.31613e-05 
0.000733262 0.000288884 5.69079e-05 
0.000197345 0.000318836 6.74352e-05 
0.000800082 0.000442577 5.58661e-05 
0.000825074 0.000227215 2.07619e-05 
0.000600142 0.00040654 2.86323e-05 
2.61584e-05 0.000120113 2.6156e-05 
0.000463578 0.000322105 7.93042e-05 
0.000442904 0.000480443 5.29121e-05 
4.65775e-05 0.000394015 4.86173e-05 
0.000383115 0.00031927 2.80251e-05 
0.000555999 0.000422177 1.91487e-05 
0.000266279 0.000116077 4.96341e-05 
0.000914694 8.20045e-05 6.98937e-05 
0.000613515 0.000252911 8.24336e-05 
0.000803488 0.000208624 5.94152e-05 
0.000437874 0.000374346 3.46155e-05 
0.000248067 0.000120633 1.7066e-05 
0.000746272 2.03297e-05 2.03288e-05 
0.000394942 0.000137083 1.98844e-05 
0.000348368 0.000251061 2.09447e-05 
0.000259327 0.000337944 5.47113e-05 
0.000717073 8.20467e-05 5.55704e-05 
0.000756272 0.000309721 1.8583e-05 
0.00086583 0.000410842 8.09483e-05 
0.000636829 0.000127007 2.04335e-05 
0.000617434 2.20129e-05 2.20463e-05 
0.000328046 0.000482964 1.70359e-05 
0.000579025 0.000110803 4.78165e-05 
0.000124417 0.000125977 5.68907e-05 
0.00019332 0.000471917 6.20612e-05 
0.000192549 6.50415e-05 5.11471e-05 
2.19494e-05 4.60423e-05 6.3731e-05 
6.59645e-05 0.000304632 2.25123e-05 
0.000689604 0.000240533 6.54693e-05 
2.25214e-05 0.00047748 6.01398e-05 
0.000759424 0.000430417 5.17906e-05 
0.000446411 0.000253579 6.3123e-05 
0.000623689 0.000454583 2.08293e-05 
0.000837334 7.26765e-05 1.7535e-05 
0.000300036 0.000129278 2.42606e-05 
0.000935784 0.000459107 2.46538e-05 
0.000631819 0.00047795 7.84406e-05 
0.000194274 0.000420639 8.04255e-05 
0.000969369 0.000482862 1.71428e-05 
0.000832525 0.000332304 3.29533e-05 
6.04594e-05 0.000439188 8.27536e-05 
0.000455051 0.000439346 2.56013e-05 
0.00077198 0.000117429 4.79821e-05 
0.000742319 0.000326987 5.05903e-05 
0.00061186 0.000298924 8.80145e-05 
0.000120655 0.000465236 2.16538e-05 
0.000763914 0.000237745 5.03367e-05 
0.000805964 0.000109348 2.29191e-05 
0.00072893 0.00040491 5.11161e-05 
0.000468474 0.000430768 6.93701e-05 
0.000536956 0.000163978 6.3388e-05 
0.000340559 0.000139349 1.79661e-05 
0.000610379 0.000279523 3.39189e-05 
0.000186117 0.00026348 5.86932e-05 
0.000495611 0.000102378 6.93998e-05 
0.0005644 0.000192199 2.24174e-05 
0.000433552 0.00048227 1.77268e-05 
0.000502333 0.000178396 6.60905e-05 
0.00074573 0.000131175 2.04238e-05 
0.000225798 0.000176956 1.94787e-05 
9.93676e-05 0.000411613 0.000103041 
0.000498026 0.000340663 5.79672e-05 
4.39275e-05 0.000199136 4.921e-05 
0.000674334 0.000275133 3.01819e-05 
0.000577127 2.0019e-05 5.31896e-05 
0.000139967 0.000382356 3.02609e-05 
3.24372e-05 0.000276644 6.96808e-05 
0.000380874 0.000454488 5.53657e-05 
0.00053951 0.000302292 1.72969e-05 
0.000850539 9.28657e-05 6.74882e-05 
0.000729319 9.45255e-05 1.97369e-05 
7.9861e-05 0.000171342 1.90541e-05 
5.71607e-05 0.000370916 1.9949e-05 
0.000278625 0.000202429 7.67994e-05 
0.000977232 0.000213797 2.00957e-05 
0.000274832 0.000241419 2.15249e-05 
0.000834423 0.000184279 9.11309e-05 
0.000887754 0.000348413 2.51032e-05 
0.00067469 0.000128389 1.75611e-05 
2.25665e-05 0.000254763 2.25666e-05 
0.000713787 0.000234484 2.65793e-05 
0.000111735 0.000238391 1.92054e-05 
0.000944256 0.000154726 1.7148e-05 
0.000888795 0.000444517 6.86623e-05 
0.000420148 0.000407143 2.19554e-05 
0.000108894 5.58897e-05 3.13139e-05 
0.000575967 0.000317443 6.23017e-05 
0.000865708 0.000205751 1.84591e-05 
0.000248249 0.000183998 5.07327e-05 
2.11345e-05 0.000366113 6.01834e-05 
0.000774473 0.000275722 6.70659e-05 
0.000241916 2.50575e-05 2.50544e-05 
0.000798297 6.93346e-05 1.77005e-05 
0.000251404 0.00026948 7.83995e-05 
0.000296231 0.000444431 6.61081e-05 
0.000701549 0.000175374 2.56837e-05 
0.000365636 0.000113093 1.80327e-05 
0.000959333 0.000427419 5.07238e-05 
0.000167006 0.000189972 2.17748e-05 
0.000127624 0.000324957 2.09967e-05 
0.000978651 0.000124205 6.24564e-05 
0.000210817 5.6916e-05 1.9778e-05 
0.000978446 0.000137131 2.15516e-05 
0.000794947 0.00028993 2.43333e-05 
0.000380003 0.000481842 7.82949e-05 
7.9354e-05 0.000125685 2.73447e-05 
0.000442352 0.000392644 7.65077e-05 
0.000127765 0.00033046 6.43918e-05 
0.000461849 2.26068e-05 2.26026e-05 
0.000942073 0.000395531 7.82625e-05 
0.000934753 0.000353991 2.2307e-05 
0.000230429 0.000311659 2.62431e-05 
0.00035185 0.000233641 8.39666e-05 
0.000823863 0.000415396 7.54543e-05 
0.000973255 0.000473023 5.97319e-05 
0.000229538 0.000138735 4.79304e-05 
0.000392427 0.000191365 0.000118277 
0.000116498 0.00015567 2.08332e-05 
0.000282566 0.000344562 2.01104e-05 
0.000370904 1.97725e-05 7.20632e-05 
0.000644113 0.000439164 5.73619e-05 
2.02777e-05 0.000386973 2.02777e-05 
0.000524773 0.00048267 5.02018e-05 
0.000972971 0.000323165 6.14494e-05 
0.000597786 0.000444254 5.86081e-05 
0.000941611 0.000308183 2.40372e-05 
0.000367926 0.000163576 1.80001e-05 
0.000601638 7.44198e-05 6.12364e-05 
0.00088451 9.05177e-05 5.19505e-05 
0.000937358 2.11468e-05 2.11443e-05 
0.00044488 5.81707e-05 1.71703e-05 
0.000681002 0.000472174 7.24352e-05 
0.000701359 5.17556e-05 8.61855e-05 
0.000764127 0.000444595 1.77049e-05 
0.000334383 3.84232e-05 3.53014e-05 
0.000335616 0.000479404 5.37268e-05 
0.000674218 5.24497e-05 2.06405e-05 
0.000323955 0.000322632 2.72732e-05 
0.000481163 7.68757e-05 1.93222e-05 
9.92289e-05 0.000372867 7.21793e-05 
0.000216328 0.000384339 6.18406e-05 
0.000506848 0.000114417 2.66769e-05 
1.92709e-05 5.98893e-05 1.92711e-05 
0.00050089 1.71852e-05 1.71845e-05 
0.000832553 0.000373203 8.50015e-05 
0.000308712 8.52017e-05 1.85936e-05 
4.65383e-05 0.000185198 1.70884e-05 
0.000171719 0.000219147 4.80023e-05 
0.000573191 0.000315857 1.90548e-05 
0.000422268 0.000323772 9.13121e-05 
0.00046069 0.000213068 2.06968e-05 
0.000827462 0.000121686 5.58898e-05 
0.000838326 0.000237857 6.95975e-05 
0.000183237 0.000301362 2.22258e-05 
0.000613269 0.000330251 4.16563e-05 
0.000541008 1.98728e-05 7.01375e-05 
0.000644415 0.000420768 1.888e-05 
0.000844721 1.8361e-05 6.83857e-05 
0.000317534 0.000442599 2.55336e-05 
0.000428914 0.000321707 1.87679e-05 
0.000982645 6.21872e-05 6.22286e-05 
0.000318196 0.00037862 2.90378e-05 
2.00786e-05 0.000222337 6.77773e-05 
0.000123907 0.000165956 8.01087e-05 
0.000164439 0.000337928 3.58547e-05 
0.000942618 0.000107349 5.7616e-05 
0.000407132 0.000450895 2.37264e-05 
0.000472683 0.000201225 5.4719e-05 
6.25054e-05 0.000482603 6.09083e-05 
0.000485236 0.000474208 6.51543e-05 
0.000860187 0.000375767 5.12795e-05 
0.000137368 0.000482501 5.25654e-05 
0.000149936 0.000230724 1.976e-05 
0.000497406 0.000447621 1.81876e-05 
0.000757598 4.25514e-05 7.73254e-05 
0.000751986 0.000150216 5.42136e-05 
0.000262161 0.000156872 2.21472e-05 
0.000474485 0.00025178 2.03987e-05 
0.000572446 9.24208e-05 1.79197e-05 
0.000806492 1.87216e-05 7.41101e-05 
0.000604404 0.000224295 2.27446e-05 
0.000716412 0.000338971 2.08482e-05 
0.000887201 8.88707e-05 1.75244e-05 
0.000165444 3.06232e-05 3.06236e-05 
0.000614382 3.15995e-05 6.60504e-05 
0.000599329 0.00035598 6.65726e-05 
0.00071797 5.32684e-05 2.31929e-05 
0.000211556 0.000166129 8.20454e-05 
0.000553102 0.000465463 2.45704e-05 
0.000751988 0.000267644 2.40604e-05 
0.000731357 0.000473251 2.67486e-05 
0.000546952 0.000380991 2.32144e-05 
0.000611858 9.30695e-05 2.16741e-05 
0.000778432 0.000420233 8.18487e-05 
0.000538253 0.00029273 5.12174e-05 
0.00075328 0.000396483 7.84311e-05 
2.32257e-05 0.000343716 2.26356e-05 
0.000667274 0.000391652 1.81444e-05 
0.000559107 0.00046777 7.81388e-05 
0.000148919 0.000301031 4.36135e-05 
0.000378964 0.000153021 5.30288e-05 
0.000920855 0.000474253 7.03452e-05 
0.000722208 0.000385303 1.84418e-05 
5.61077e-05 8.1187e-05 2.30417e-05 
0.000649371 1.8386e-05 5.35261e-05 
0.000593637 0.000480868 1.9132e-05 
0.000563537 0.000196006 6.53743e-05 
0.000405968 0.000406905 5.84933e-05 
0.000171322 1.83572e-05 7.7676e-05 
0.000199291 0.000185899 4.3068e-05 
0.000406396 0.000361825 1.96259e-05 
0.000388107 0.000113056 5.19938e-05 
0.000498387 0.000353633 9.08635e-05 
0.000791611 8.14957e-05 5.42328e-05 
0.000807126 0.000253453 4.58384e-05 
0.000699205 0.00027809 7.4007e-05 
0.000830246 0.000151571 2.25263e-05 
0.000571039 0.000382715 5.77747e-05 
0.000982125 0.000176211 1.78721e-05 
0.000154136 0.000139503 2.01364e-05 
0.000480722 5.48801e-05 8.57546e-05 
0.000278491 2.4016e-05 5.59688e-05 
2.04068e-05 0.000211892 2.04106e-05 
0.000640223 0.000320654 6.45488e-05 
0.000271139 0.000199157 2.09009e-05 
0.000704643 0.000207578 5.97998e-05 
0.000580311 4.48709e-05 8.39395e-05 
0.000535682 0.000128878 5.81704e-05 
0.000278972 0.000246402 6.39515e-05 
0.000923562 0.000171669 4.61112e-05 
0.00087758 0.000259573 9.01251e-05 
0.000582946 5.23385e-05 2.39506e-05 
4.8219e-05 0.000237086 4.77369e-05 
0.000193557 0.000361952 8.5768e-05 
0.000834749 0.000191032 3.1374e-05 
5.81195e-05 6.40405e-05 6.08837e-05 
0.000233834 0.000417751 2.96329e-05 
0.000687138 9.68657e-05 7.85739e-05 
2.27433e-05 0.00032755 8.10538e-05 
0.000553531 0.000127319 2.19817e-05 
0.000756739 6.03474e-05 4.29936e-05 
0.000959903 0.000376691 4.97636e-05 
0.000476259 0.000479705 2.02963e-05 
0.000382115 1.88485e-05 1.88482e-05 
0.000977328 3.90467e-05 2.26749e-05 
0.000312328 2.52948e-05 9.01912e-05 
0.000457046 0.000349084 1.8264e-05 
0.000978452 0.000350319 2.15482e-05 
0.000364941 0.000136117 9.01923e-05 
0.000802723 0.000478629 9.1326e-05 
0.000464126 8.47e-05 7.71116e-05 
0.000157154 0.000203425 8.05764e-05 
0.000918007 0.00026045 7.12332e-05 
0.000522967 0.000339892 2.43859e-05 
5.27878e-05 0.000104372 6.33297e-05 
0.000115538 0.000102196 1.70138e-05 
0.000162836 0.000477672 2.23284e-05 
0.000899392 0.000368539 7.48583e-05 
0.000489153 6.9089e-05 5.47254e-05 
0.000743222 0.000297996 9.86277e-05 
0.000949643 0.000356696 8.39341e-05 
0.000324249 0.00046732 9.46193e-05 
8.99153e-05 9.31726e-05 5.59957e-05 
0.000742235 0.000107867 7.26108e-05 
0.000364617 0.000206997 2.63261e-05 
0.000525806 0.000434931 3.72484e-05 
0.000217496 0.000479452 2.05471e-05 
9.6056e-05 0.000354571 2.23069e-05 
0.000122772 0.000290571 6.55289e-05 
0.000313873 0.000215981 2.52162e-05 
0.000245684 0.000227227 6.95802e-05 
0.000892212 0.00020277 4.9121e-05 
0.000128898 2.22782e-05 6.795e-05 
0.000934033 0.000292391 6.27165e-05 
1.80689e-05 8.29052e-05 4.86474e-05 
0.000937692 0.00019775 1.83511e-05 
0.000894091 0.000238867 5.47462e-05 
0.000490866 0.000142396 5.78722e-05 
0.000883144 0.000470575 2.94248e-05 
0.000509111 0.000306154 7.88795e-05 
8.79811e-05 0.000460601 4.60472e-05 
0.000753148 0.000408924 1.96552e-05 
0.00029929 0.000482316 6.54429e-05 
0.000756035 0.000352392 2.09861e-05 
0.000700563 1.72513e-05 1.72491e-05 
0.000634921 5.93171e-05 1.92763e-05 
0.00019509 0.000357864 4.64616e-05 
0.000267491 0.000151979 6.14797e-05 
0.000339023 0.000156417 5.1726e-05 
0.000472195 0.000287913 8.43616e-05 
0.000561757 0.000275478 1.75455e-05 
0.000289186 1.75514e-05 1.75516e-05 
0.000429193 0.000236279 1.84385e-05 
0.000158328 0.000358562 6.93799e-05 
0.00086053 0.000239018 3.70963e-05 
0.000657015 1.79787e-05 1.79776e-05 
0.000242882 0.000301719 6.72987e-05 
0.000405142 0.000481789 5.20149e-05 
0.000727866 2.23827e-05 5.88152e-05 
0.000979249 0.000446453 2.07491e-05 
0.000835283 0.000268808 2.08963e-05 
0.00044261 6.06411e-05 5.53231e-05 
0.00019469 0.000149957 2.17758e-05 
0.0009495 8.22865e-05 8.22458e-05 
0.000351283 0.000288956 1.72414e-05 
0.000131427 0.000427711 1.75967e-05 
0.000108653 0.000282638 2.56081e-05 
0.000370341 0.000188451 6.71746e-05 
0.000784984 0.000233515 1.98253e-05 
0.000509225 5.19479e-05 1.7484e-05 
0.000768175 9.07654e-05 1.93027e-05 
0.000339585 0.000441294 6.44162e-05 
0.000923277 1.80093e-05 6.89352e-05 
0.000938077 0.000119085 1.90742e-05 
0.000467521 0.000357483 7.38815e-05 
0.000952648 0.000139492 8.7527e-05 
0.000699724 0.000416788 8.33015e-05 
1.84748e-05 0.000163399 1.84742e-05 
0.000504199 3.21162e-05 5.34128e-05 
0.000271516 0.000381904 1.88524e-05 
0.000127309 8.09082e-05 7.46e-05 
0.000197781 0.000339191 1.73745e-05 
0.000795487 0.000427643 1.79402e-05 
0.000852833 0.000111061 2.38783e-05 
0.00030688 0.000354964 7.28766e-05 
0.000545353 0.000257645 4.25674e-05 
0.000776922 4.1431e-05 1.7027e-05 
0.000660425 0.000108185 4.5659e-05 
0.000657616 0.000162247 2.04638e-05 
5.11075e-05 0.000382125 8.72347e-05 
0.000153409 0.000481012 8.53018e-05 
0.000659725 0.000465736 1.70788e-05 
5.91503e-05 0.0004779 2.19692e-05 
9.63289e-05 0.000320614 4.21073e-05 
0.000898495 0.000173711 8.39254e-05 
0.000567695 0.000275509 6.40173e-05 
0.000580944 9.93303e-05 9.00111e-05 
1.87255e-05 0.000481272 1.87241e-05 
0.000782661 0.000328349 3.36959e-05 
9.11603e-05 1.75843e-05 5.59976e-05 
0.000485222 0.000227409 7.3135e-05 
0.000367512 0.000476531 2.34657e-05 
1.80978e-05 0.000407298 6.70946e-05 
0.000353375 0.000376823 6.14636e-05 
2.18939e-05 0.000299212 2.18929e-05 
0.000829854 3.75473e-05 9.60972e-05 
0.000246091 0.000268279 3.96461e-05 
0.000364853 0.000363766 2.06418e-05 
0.000930455 7.18465e-05 1.79167e-05 
0.000273761 9.70198e-05 1.78374e-05 
