0.000840572 0.000420061 3.10534e-05 
7.69038e-05 0.000296756 6.11388e-05 
0.000534364 0.000224026 9.00153e-05 
0.00032101 0.0002506 6.37944e-05 
0.000689696 0.000330501 6.62889e-05 
0.000370167 6.05631e-05 7.55141e-05 
0.000755446 0.000195686 3.0991e-05 
0.000885401 0.000287944 3.57912e-05 
0.000520137 4.44131e-05 9.65491e-05 
0.000777817 0.000235391 8.70086e-05 
0.000633491 0.000366642 2.42473e-05 
0.000181024 0.000382011 1.97442e-05 
0.000831103 0.000285919 7.41186e-05 
0.000199714 0.000212223 6.93383e-05 
0.000487974 0.000380913 3.62717e-05 
0.000810584 0.000155433 6.28223e-05 
0.000444357 0.000342124 5.71995e-05 
0.000232666 0.000361892 2.52279e-05 
0.000529719 0.000159987 4.44868e-05 
0.000886228 0.000235883 1.89332e-05 
0.000920875 0.000329996 6.20373e-05 
0.000416088 0.000306599 5.69547e-05 
0.000941691 5.25999e-05 5.33779e-05 
0.000839252 4.73629e-05 6.96142e-05 
0.000688419 9.08064e-05 2.14023e-05 
0.000273431 0.000299552 2.06149e-05 
8.54717e-05 0.000228974 8.63645e-05 
0.00056499 0.000236549 1.9762e-05 
0.000160492 9.10587e-05 2.98304e-05 
0.000964869 0.000457175 0.000103442 
0.000517839 0.000214713 3.3108e-05 
0.000964163 0.00021708 5.70086e-05 
0.000892146 0.000135136 2.57042e-05 
0.000773767 2.10029e-05 4.99167e-05 
6.61971e-05 0.000260667 2.19113e-05 
0.00074855 0.00034671 9.22057e-05 
0.000616192 0.000441708 9.88204e-05 
0.000309889 0.00017228 0.000100798 
0.000334279 0.000205666 6.55043e-05 
0.000327587 0.000183482 1.87154e-05 
0.000296699 0.000299742 7.72739e-05 
0.000478311 0.000307456 3.28603e-05 
0.000461776 2.31836e-05 6.8353e-05 
0.000339937 9.97038e-05 5.51741e-05 
0.000975437 0.000397201 2.18028e-05 
0.000597721 0.000477562 5.56106e-05 
0.000540709 0.000349935 8.23132e-05 
0.000720227 0.000169171 6.75601e-05 
0.000395511 0.00023174 6.29499e-05 
0.00039499 0.000279485 9.81463e-05 
0.000270131 0.000376117 8.66076e-05 
0.000576077 0.000156274 5.08003e-05 
0.000799351 4.93666e-05 9.3238e-05 
0.000839183 0.000460489 7.44197e-05 
9.29534e-05 6.24564e-05 8.31422e-05 
0.000191507 0.000108999 8.3555e-05 
0.000972464 8.57243e-05 2.75326e-05 
0.000514856 0.000415235 8.41677e-05 
0.000213487 0.000101867 2.45085e-05 
0.000368216 0.000419783 3.12553e-05 
0.000482166 0.000165201 2.60585e-05 
0.000283349 0.000411443 4.94115e-05 
0.000586929 0.000355206 2.37092e-05 
0.000801368 0.000190841 1.71769e-05 
0.000543366 7.68842e-05 5.69577e-05 
0.000240626 7.00144e-05 6.24252e-05 
0.000514909 0.000474653 1.74009e-05 
0.000396183 6.69122e-05 3.08111e-05 
0.000967947 0.000170756 6.26696e-05 
0.000892151 0.000185854 1.93957e-05 
0.000589441 0.000400198 7.8656e-05 
0.000623799 0.000133903 7.19259e-05 
0.000398708 0.000358944 6.65052e-05 
0.000691414 0.000384385 4.90677e-05 
0.000650244 6.79509e-05 6.23709e-05 
0.000150192 4.73522e-05 7.2778e-05 
0.00086156 0.00016073 6.09225e-05 
0.00044574 0.000112671 3.66399e-05 
0.000616501 0.000199858 8.11624e-05 
0.000711471 0.000127391 4.62288e-05 
0.000786561 0.000152282 2.30043e-05 
5.9869e-05 0.000341817 5.92591e-05 
0.000171399 0.000388354 5.48435e-05 
0.000429464 0.000438504 6.77616e-05 
0.000581768 0.000238047 5.9217e-05 
0.000789882 0.000383838 5.15437e-05 
2.99131e-05 0.000434006 2.99133e-05 
0.000345732 0.000278684 8.5539e-05 
0.000179503 0.000429692 2.88136e-05 
0.000149565 0.000275794 2.03552e-05 
0.000276559 5.70021e-05 2.32827e-05 
0.00081874 0.000474119 2.58497e-05 
0.00068352 0.00013701 8.14621e-05 
0.000980863 0.000295175 1.74972e-05 
0.000131149 0.000256281 5.6694e-05 
0.000869525 0.000335171 8.45876e-05 
0.000210152 2.40938e-05 6.32299e-05 
0.000922111 0.000207214 8.3183e-05 
0.000355514 0.000324549 7.94021e-05 
0.000419332 0.000185461 3.29342e-05 
0.00056024 0.000416732 5.80654e-05 
0.000773215 0.000472816 2.00586e-05 
0.00072595 0.000363792 5.09391e-05 
0.000783436 0.000117023 8.75404e-05 
0.000421732 2.51337e-05 1.93648e-05 
0.000820105 2.92556e-05 2.92527e-05 
0.000294636 7.01521e-05 6.33268e-05 
0.000729062 0.000247688 7.31395e-05 
7.83369e-05 0.000215769 2.4684e-05 
0.000685157 0.000184239 6.37059e-05 
0.000614313 0.0001759 2.64945e-05 
0.000400345 0.000271828 2.69516e-05 
0.000971751 0.000263908 7.13499e-05 
0.000647946 0.000275651 7.67092e-05 
0.000934865 0.000244502 3.02715e-05 
0.000598386 0.000131814 2.07347e-05 
8.83883e-05 0.000419249 3.03966e-05 
0.00013433 0.000436469 6.91207e-05 
0.00048947 0.000277371 7.13985e-05 
8.45566e-05 0.000163645 7.20107e-05 
0.000688525 0.000482672 1.72096e-05 
0.000643356 0.000386439 8.10847e-05 
0.000126179 0.000200719 4.35074e-05 
0.000310993 0.000274831 2.45239e-05 
0.000515727 0.000268741 3.03421e-05 
0.00076502 0.000178902 8.39165e-05 
0.000241126 0.000453254 7.50739e-05 
0.000977332 2.73213e-05 7.13727e-05 
0.000677625 0.000356182 2.10503e-05 
0.000228947 0.000225868 2.76756e-05 
0.000910555 0.000403989 3.66598e-05 
0.000413937 2.49827e-05 6.30592e-05 
0.000689755 3.23166e-05 5.14254e-05 
0.000770618 0.000475769 7.33592e-05 
0.000535056 0.000388649 6.08802e-05 
0.000459882 0.000165092 8.43102e-05 
0.000659349 0.000214154 3.29395e-05 
0.000419464 0.000107734 9.98276e-05 
0.000267536 0.000468756 3.12467e-05 
0.000979278 0.000392286 8.32652e-05 
0.000163434 0.000161158 6.6685e-05 
0.000903098 9.69224e-05 4.21612e-05 
0.00064959 0.000322187 2.30554e-05 
0.000362581 0.000411034 8.57951e-05 
0.000316888 0.000400075 7.77955e-05 
0.000869482 0.000123164 8.40951e-05 
0.000187556 0.000242844 1.80809e-05 
0.000691867 0.000432766 3.07161e-05 
5.62093e-05 2.89751e-05 2.89691e-05 
0.000543654 2.53102e-05 2.5299e-05 
0.000718705 0.000297912 2.06411e-05 
0.000883595 4.4617e-05 3.65149e-05 
0.000215064 0.000268751 1.83521e-05 
0.000916617 0.000128799 7.0694e-05 
0.000299385 0.000169204 4.73636e-05 
0.000805574 0.000336293 8.73715e-05 
0.000525785 0.000267966 7.49932e-05 
0.000730651 0.000286457 5.7001e-05 
0.000200754 0.000323192 7.01591e-05 
0.000796279 0.000441021 5.40812e-05 
0.000824272 0.000222008 2.07608e-05 
0.000598489 0.000406028 2.86317e-05 
2.61561e-05 0.000117686 2.61557e-05 
0.000469063 0.000321988 8.12215e-05 
0.000453396 0.000470955 4.96027e-05 
5.03024e-05 0.000394243 5.36926e-05 
0.00037922 0.000322578 2.80202e-05 
0.000553635 0.000419503 1.91493e-05 
0.000267468 0.000115902 5.07002e-05 
0.000910382 7.2228e-05 7.66538e-05 
0.000610868 0.000253844 8.88663e-05 
0.000804147 0.000205856 6.12766e-05 
0.000434671 0.000375414 3.96817e-05 
0.000248396 0.000123452 1.70737e-05 
0.000744918 2.03273e-05 2.03295e-05 
0.000398437 0.000138687 1.98856e-05 
0.000353293 0.000253728 2.09451e-05 
0.000257276 0.000335491 5.58307e-05 
0.000720703 8.12704e-05 5.68243e-05 
0.000768575 0.000316101 1.85839e-05 
0.000867482 0.000413025 7.92072e-05 
0.00063922 0.000126326 2.04343e-05 
0.000617021 2.20168e-05 3.75502e-05 
0.000331745 0.000475399 1.70346e-05 
0.000579803 0.000114757 4.98539e-05 
0.000124688 0.000126117 5.56579e-05 
0.00019594 0.000471917 6.32271e-05 
0.000193126 6.5099e-05 5.20529e-05 
3.16922e-05 4.53192e-05 7.04956e-05 
6.36802e-05 0.000311454 2.25125e-05 
0.000677918 0.000246127 6.99821e-05 
2.25261e-05 0.000476718 5.9421e-05 
0.000757069 0.000424801 6.75287e-05 
0.000444784 0.000262147 6.24766e-05 
0.000622447 0.000456367 2.08298e-05 
0.000836932 7.15385e-05 4.06498e-05 
0.000301318 0.000126798 2.42627e-05 
0.000926947 0.000461835 2.46541e-05 
0.000629505 0.00047795 8.02009e-05 
0.000195385 0.000415043 7.962e-05 
0.000962279 0.00048286 1.71394e-05 
0.000831527 0.000334464 3.2952e-05 
6.08929e-05 0.000437275 8.25424e-05 
0.00045796 0.000433958 2.56001e-05 
0.000781132 0.000116403 4.61538e-05 
0.000743042 0.000322851 4.72121e-05 
0.000609401 0.000299355 8.85273e-05 
0.000121524 0.000460161 2.16549e-05 
0.000762586 0.000238383 5.28942e-05 
0.000812546 9.85196e-05 2.29229e-05 
0.000728113 0.000403187 5.09357e-05 
0.000475122 0.000426605 6.82689e-05 
0.000559461 0.00015043 8.66944e-05 
0.000337241 0.000148091 1.79673e-05 
0.000610261 0.000280252 3.39185e-05 
0.000188418 0.000268548 5.8802e-05 
0.000501652 0.00010871 7.11051e-05 
0.000566814 0.000190423 2.24172e-05 
0.000439815 0.000482275 1.77291e-05 
0.000512265 0.000184056 7.7649e-05 
0.000751593 0.000126552 2.04229e-05 
0.000224087 0.000179616 1.94786e-05 
0.000103415 0.000430262 0.000111323 
0.000500923 0.000337969 6.58625e-05 
4.81811e-05 0.000189327 5.20153e-05 
0.000674106 0.000275468 3.01844e-05 
0.000578447 2.30453e-05 5.42481e-05 
0.000132303 0.000377405 3.02609e-05 
3.08968e-05 0.000275692 6.91e-05 
0.000379396 0.000445398 7.12708e-05 
0.000536605 0.000298125 1.72958e-05 
0.000843834 8.54813e-05 7.80185e-05 
0.000729484 9.29821e-05 1.97369e-05 
7.59621e-05 0.000172454 1.90541e-05 
6.00537e-05 0.000378951 1.9949e-05 
0.000270812 0.000207153 8.40116e-05 
0.0009705 0.000210379 2.00957e-05 
0.00027378 0.000245188 2.15249e-05 
0.000831296 0.000181283 9.61691e-05 
0.000887478 0.000347857 2.51029e-05 
0.000677019 0.000128949 1.75673e-05 
2.2581e-05 0.000251969 2.25732e-05 
0.000716314 0.000237683 2.65816e-05 
0.000112037 0.000243352 1.92059e-05 
0.000944603 0.000152333 1.7148e-05 
0.000891223 0.000445881 6.59895e-05 
0.000419014 0.000406901 2.19546e-05 
0.000107972 5.97833e-05 3.13141e-05 
0.000572774 0.000315088 6.20076e-05 
0.000861387 0.000207899 1.84599e-05 
0.000250309 0.000189552 4.92105e-05 
2.11373e-05 0.000367389 5.74125e-05 
0.000776513 0.000276107 6.76972e-05 
0.000240226 2.50579e-05 2.5055e-05 
0.000791267 6.59004e-05 3.47468e-05 
0.000256265 0.000267929 8.85055e-05 
0.000286973 0.000444469 7.48981e-05 
0.00070277 0.000175444 2.56831e-05 
0.000363679 0.000123642 1.80328e-05 
0.000966123 0.000420741 5.73261e-05 
0.000166718 0.000179483 2.1775e-05 
0.000137743 0.000320513 2.09965e-05 
0.000978634 0.000119828 6.20137e-05 
0.000210182 5.79238e-05 1.97782e-05 
0.000978446 0.00013408 2.15515e-05 
0.000799985 0.000287424 2.43398e-05 
0.000395816 0.000481842 9.19075e-05 
7.88457e-05 0.00012689 2.73427e-05 
0.000441219 0.000390068 7.98047e-05 
0.000128605 0.000316068 7.98243e-05 
0.000463529 2.27992e-05 2.2603e-05 
0.00094025 0.000388922 8.74335e-05 
0.000934627 0.000352051 2.23126e-05 
0.00022825 0.00031062 2.62431e-05 
0.000354933 0.00024101 8.52114e-05 
0.000821585 0.000417315 7.62001e-05 
0.000973258 0.000468317 5.7058e-05 
0.000229704 0.000140718 4.83606e-05 
0.000401457 0.000195258 0.0001152 
0.00011518 0.000157856 2.08363e-05 
0.00027934 0.000339859 2.01104e-05 
0.000365328 1.97731e-05 7.62708e-05 
0.000644762 0.000441767 5.65842e-05 
2.02829e-05 0.000385696 2.0277e-05 
0.000522898 0.000482659 5.02434e-05 
0.000972973 0.000324025 5.9776e-05 
0.000601694 0.000440615 6.21004e-05 
0.000941163 0.000306181 2.4038e-05 
0.000371362 0.000165121 1.80015e-05 
0.000598722 6.2301e-05 6.88158e-05 
0.000879531 8.91973e-05 6.5949e-05 
0.000933917 2.11431e-05 2.11413e-05 
0.000444967 5.75602e-05 1.71704e-05 
0.00068328 0.000472174 7.31471e-05 
0.0006966 5.48469e-05 9.06836e-05 
0.000760119 0.000440154 3.37661e-05 
0.000332082 3.55999e-05 3.53055e-05 
0.000352543 0.000471474 6.28031e-05 
0.000671953 5.21212e-05 2.06403e-05 
0.000324006 0.00032568 2.72734e-05 
0.000489591 7.82136e-05 4.13245e-05 
0.000111106 0.000364558 8.40482e-05 
0.000225298 0.000382988 6.45168e-05 
0.000508063 0.000117724 2.66769e-05 
1.92964e-05 6.63494e-05 3.39325e-05 
0.000502624 1.77726e-05 1.71873e-05 
0.000834108 0.000378234 8.57406e-05 
0.000308939 8.31473e-05 1.85999e-05 
4.52409e-05 0.000191443 1.70881e-05 
0.000163075 0.000228248 5.42087e-05 
0.000567329 0.000317487 1.90542e-05 
0.00042691 0.000326828 9.61073e-05 
0.000465752 0.000209386 2.06975e-05 
0.000819349 0.000115175 7.05908e-05 
0.000846554 0.000238996 8.26616e-05 
0.000180237 0.00030527 2.22255e-05 
0.00061474 0.000330839 4.18498e-05 
0.000539119 1.98737e-05 6.99217e-05 
0.000642196 0.000421969 1.88802e-05 
0.000854088 1.83821e-05 8.78045e-05 
0.000314527 0.000437397 2.55358e-05 
0.000428661 0.000308763 1.87677e-05 
0.00097249 6.60364e-05 8.40483e-05 
0.000319599 0.000382661 2.90373e-05 
2.51844e-05 0.000206951 7.67636e-05 
0.000127748 0.000150682 9.4706e-05 
0.000167015 0.000341827 4.18109e-05 
0.000944412 9.46889e-05 6.32214e-05 
0.000412101 0.000452039 2.37269e-05 
0.000474304 0.000208446 5.76782e-05 
7.82343e-05 0.000482603 7.9276e-05 
0.000489864 0.000470446 7.51178e-05 
0.000861437 0.000376222 5.17598e-05 
0.00013538 0.000482499 5.06724e-05 
0.000150264 0.00023569 1.97611e-05 
0.00049729 0.000450064 3.61464e-05 
0.000763649 4.52853e-05 7.83996e-05 
0.000755829 0.000150237 5.14752e-05 
0.000261933 0.000159907 2.21486e-05 
0.000478204 0.000254227 2.04035e-05 
0.000574845 9.44659e-05 1.79201e-05 
0.000805476 1.87654e-05 7.37368e-05 
0.000605538 0.000224204 2.27452e-05 
0.000715976 0.00033931 2.08493e-05 
0.000878536 9.49083e-05 1.75269e-05 
0.00016738 3.06491e-05 3.06249e-05 
0.00061035 2.10647e-05 8.00904e-05 
0.000599088 0.000350915 7.06443e-05 
0.000715715 5.24679e-05 2.32056e-05 
0.000211237 0.000166604 8.33826e-05 
0.000552966 0.000461928 2.96956e-05 
0.000754353 0.000271153 2.40604e-05 
0.000731335 0.000473251 4.09771e-05 
0.000545938 0.00037804 2.32122e-05 
0.000614211 9.2471e-05 2.16748e-05 
0.000786638 0.000424241 8.9707e-05 
0.000535433 0.000297606 5.25481e-05 
0.000766273 0.000391288 9.67762e-05 
2.35973e-05 0.000340925 2.26355e-05 
0.000665763 0.000393425 1.81415e-05 
0.000559247 0.000470593 8.25902e-05 
0.000152161 0.000299418 5.07372e-05 
0.000383844 0.000152378 5.46355e-05 
0.000923727 0.000474242 7.33947e-05 
0.000722975 0.000382551 1.84416e-05 
5.85104e-05 8.07517e-05 2.30418e-05 
0.000654028 1.83952e-05 5.4343e-05 
0.000590911 0.000480865 1.9131e-05 
0.00056521 0.000198037 6.48466e-05 
0.000404861 0.000403135 5.83115e-05 
0.000171292 1.83561e-05 7.78739e-05 
0.000197892 0.000177857 4.49694e-05 
0.000407696 0.00035985 1.9626e-05 
0.00039143 0.00011208 5.53205e-05 
0.000499418 0.000351062 0.000100521 
0.000798832 8.11776e-05 6.99093e-05 
0.000808129 0.000250348 4.67181e-05 
0.000697587 0.000279728 7.77507e-05 
0.000831933 0.000148463 2.25256e-05 
0.00057031 0.000375252 5.75028e-05 
0.000978537 0.000173334 1.7872e-05 
0.000151834 0.000139547 2.01364e-05 
0.000482381 3.8385e-05 9.9782e-05 
0.000276452 2.45516e-05 5.63922e-05 
2.04142e-05 0.000211467 3.68095e-05 
0.000640269 0.000315328 6.36588e-05 
0.000277206 0.00020061 2.09021e-05 
0.000699616 0.000238126 9.82651e-05 
0.000567857 3.9476e-05 8.8762e-05 
0.000536982 0.000123121 8.34718e-05 
0.000278542 0.000247689 6.41051e-05 
0.000921006 0.000168751 4.41268e-05 
0.000882027 0.000272241 9.58151e-05 
0.000586746 5.38536e-05 2.3951e-05 
4.74068e-05 0.000235049 4.91226e-05 
0.000201775 0.000365133 9.13565e-05 
0.000835548 0.000187268 3.42279e-05 
6.03129e-05 7.32177e-05 6.39065e-05 
0.000236424 0.00041645 2.96324e-05 
0.000687974 9.73121e-05 7.48472e-05 
2.27466e-05 0.000337477 8.9475e-05 
0.000555186 0.000128952 2.19818e-05 
0.000753989 6.06881e-05 4.35257e-05 
0.000957142 0.000373554 5.28438e-05 
0.000477667 0.000479687 2.03143e-05 
0.000383268 1.88612e-05 2.50341e-05 
0.000977327 2.43148e-05 2.61455e-05 
0.000310086 2.53094e-05 9.08312e-05 
0.000446627 0.00034949 1.82647e-05 
0.000978452 0.000353499 2.15482e-05 
0.000352692 0.000145101 8.36302e-05 
0.000803997 0.00047863 0.0001043 
0.000465586 8.77344e-05 8.07951e-05 
0.000154846 0.000205067 8.44811e-05 
0.000917903 0.000257073 7.40251e-05 
0.000528353 0.00033524 3.4381e-05 
5.2938e-05 0.000113172 6.73013e-05 
0.000116382 0.000105611 1.70138e-05 
0.000162935 0.000477651 2.23283e-05 
0.000908142 0.000381309 9.71974e-05 
0.000494939 6.79979e-05 7.66216e-05 
0.000741534 0.000292186 9.90857e-05 
0.000949463 0.000353223 8.7516e-05 
0.000321192 0.00046534 9.3277e-05 
8.88953e-05 9.58097e-05 5.77263e-05 
0.000744187 0.000126953 8.00089e-05 
0.00036453 0.000208124 2.63259e-05 
0.000525595 0.000446528 5.89105e-05 
0.000217999 0.000479431 2.05467e-05 
8.9172e-05 0.000348419 2.23105e-05 
0.000107002 0.000282131 7.98771e-05 
0.000315944 0.000225342 2.52143e-05 
0.000233438 0.000224105 9.22182e-05 
0.00087867 0.000202485 5.09142e-05 
0.000119226 2.2277e-05 6.7902e-05 
0.000933072 0.00028815 6.16202e-05 
1.80678e-05 9.36309e-05 6.23722e-05 
0.000933935 0.000197373 1.83522e-05 
0.000893853 0.000237939 5.48868e-05 
0.00050523 0.000137868 9.41157e-05 
0.000873794 0.000470575 2.94248e-05 
0.000510913 0.000306724 9.18421e-05 
9.4136e-05 0.000463724 5.20088e-05 
0.000752688 0.000406365 1.96578e-05 
0.00028978 0.000482315 7.26692e-05 
0.000755399 0.000353337 2.09866e-05 
0.000693385 1.77778e-05 1.72498e-05 
0.000632226 5.57767e-05 1.92763e-05 
0.000196969 0.000364459 4.8192e-05 
0.000252512 0.000140013 8.43975e-05 
0.000347717 0.000168524 4.80729e-05 
0.000462472 0.000291569 9.85872e-05 
0.00056151 0.000273754 1.75465e-05 
0.000285387 1.75572e-05 1.75623e-05 
0.000441967 0.000240393 1.84432e-05 
0.000163749 0.000372289 8.64482e-05 
0.000857196 0.000235537 4.49099e-05 
0.000654102 1.7979e-05 1.79781e-05 
0.000250344 0.000316049 9.73857e-05 
0.000396755 0.000473026 5.66317e-05 
0.000730067 2.23961e-05 6.03225e-05 
0.000965776 0.000438627 2.07501e-05 
0.000837249 0.000261993 2.08964e-05 
0.000441154 6.22029e-05 6.43714e-05 
0.000193519 0.000143768 2.1779e-05 
0.000936837 8.5496e-05 9.7975e-05 
0.000349 0.000289396 3.39028e-05 
0.000134892 0.000423482 1.75966e-05 
0.000105377 0.000287299 2.56082e-05 
0.000376735 0.000189257 6.55851e-05 
0.000782148 0.000237454 1.9828e-05 
0.000504111 5.42172e-05 1.74858e-05 
0.000768451 9.05905e-05 1.9301e-05 
0.000334774 0.000435971 6.53801e-05 
0.000920584 1.8018e-05 6.64089e-05 
0.000933014 0.000118046 1.90733e-05 
0.000470258 0.000357968 8.16044e-05 
0.000960868 0.000136515 9.2748e-05 
0.000698439 0.000414745 8.28106e-05 
2.29772e-05 0.00016155 1.84739e-05 
0.000502764 3.54071e-05 5.23356e-05 
0.000273197 0.000374239 3.73899e-05 
0.000130175 8.17485e-05 7.44799e-05 
0.000196296 0.000341141 1.73738e-05 
0.000787504 0.000423719 1.79399e-05 
0.000851974 0.000112513 4.39519e-05 
0.000314948 0.000353702 7.08635e-05 
0.000546721 0.000253614 4.70858e-05 
0.000776606 3.98794e-05 1.70274e-05 
0.000664245 0.000110957 4.66136e-05 
0.000658835 0.000162221 2.04763e-05 
6.42916e-05 0.000384376 9.06076e-05 
0.000178278 0.000481009 0.000105899 
0.000659205 0.000464891 1.70771e-05 
6.64242e-05 0.000470023 2.19689e-05 
0.000109427 0.000324484 4.60361e-05 
0.000874489 0.000168258 0.00010291 
0.00056453 0.00027397 7.04529e-05 
0.000597654 9.44716e-05 9.78133e-05 
2.74484e-05 0.000481274 1.87258e-05 
0.000781744 0.000314818 5.17e-05 
7.99816e-05 2.91754e-05 6.89975e-05 
0.000467336 0.00022206 8.84697e-05 
0.000371734 0.000476495 2.34642e-05 
1.81251e-05 0.000405443 6.66603e-05 
0.000357145 0.000379254 5.85417e-05 
2.1898e-05 0.000296428 2.18929e-05 
0.000822033 2.0287e-05 0.000107028 
0.000245959 0.000269642 4.39711e-05 
0.000366625 0.000369001 2.06449e-05 
0.000922642 8.04399e-05 1.79196e-05 
0.000271749 9.74667e-05 1.78363e-05 
