0.000843788 0.000421713 3.10535e-05 
7.91371e-05 0.000293288 6.12274e-05 
0.000533423 0.000221787 8.99058e-05 
0.00031879 0.000248715 6.19455e-05 
0.000692165 0.000331897 6.75128e-05 
0.00036783 6.28154e-05 7.38209e-05 
0.000755413 0.000194947 3.09906e-05 
0.000885811 0.000288098 3.57913e-05 
0.000515955 3.8896e-05 9.45269e-05 
0.000775361 0.000235907 8.57728e-05 
0.000633827 0.000365951 2.42402e-05 
0.00018527 0.000381794 1.97439e-05 
0.0008307 0.00028668 7.62988e-05 
0.000202746 0.000214686 7.2416e-05 
0.000489323 0.000387588 3.62702e-05 
0.000809107 0.000158147 6.26731e-05 
0.000442621 0.000340899 5.4993e-05 
0.000232634 0.00036275 2.52279e-05 
0.000524789 0.00016088 3.50102e-05 
0.000890667 0.000235758 1.89346e-05 
0.000918683 0.000332511 6.1525e-05 
0.000418068 0.000300139 5.57769e-05 
0.000943145 5.25279e-05 5.35292e-05 
0.000838923 5.49167e-05 6.55173e-05 
0.000688076 9.13406e-05 2.14031e-05 
0.000276044 0.000302714 2.06143e-05 
8.35043e-05 0.00023129 8.55381e-05 
0.000563955 0.000233588 1.97558e-05 
0.000159745 9.0808e-05 2.98303e-05 
0.000951019 0.000441513 8.91374e-05 
0.000514914 0.000217132 3.31031e-05 
0.000970069 0.000220595 5.67788e-05 
0.000897208 0.00013435 2.57051e-05 
0.000775024 2.10036e-05 4.95811e-05 
6.67417e-05 0.000260186 2.191e-05 
0.000745075 0.000352907 9.49837e-05 
0.000617002 0.000436056 9.15784e-05 
0.000313024 0.000159214 9.72116e-05 
0.000330685 0.00020056 6.66911e-05 
0.000330846 0.000179139 1.87159e-05 
0.00029511 0.000298408 7.68981e-05 
0.000476481 0.000304703 3.28585e-05 
0.0004625 2.31828e-05 6.8385e-05 
0.000336687 0.000102717 5.67234e-05 
0.0009782 0.000404348 2.17996e-05 
0.000598037 0.000481877 5.61212e-05 
0.000540611 0.000352096 7.46124e-05 
0.000724596 0.000173733 6.58136e-05 
0.000395233 0.000228765 6.50005e-05 
0.000385451 0.000279952 9.32782e-05 
0.000266262 0.000383431 7.96735e-05 
0.000574622 0.000156551 4.95872e-05 
0.000796719 5.32927e-05 8.20318e-05 
0.000844773 0.000462852 7.37361e-05 
9.19265e-05 6.04032e-05 8.04502e-05 
0.000192987 0.000110344 8.16331e-05 
0.000972413 8.68827e-05 2.75348e-05 
0.000513145 0.000424717 7.6302e-05 
0.000212788 0.000101335 2.45084e-05 
0.000367074 0.000416064 3.12559e-05 
0.000476071 0.000168395 2.6058e-05 
0.000284123 0.000413814 4.14184e-05 
0.000586923 0.000355919 2.37091e-05 
0.000802105 0.000190764 1.71766e-05 
0.000542121 7.48223e-05 6.00755e-05 
0.000240233 6.89388e-05 6.08957e-05 
0.000514514 0.000479933 1.73981e-05 
0.000396901 6.7334e-05 3.08112e-05 
0.00097024 0.000172025 6.23598e-05 
0.0008903 0.00017847 1.93958e-05 
0.000594831 0.000405749 7.59206e-05 
0.000620547 0.000131761 7.18465e-05 
0.000398085 0.000359226 6.65857e-05 
0.00069382 0.000382933 4.63241e-05 
0.000652116 6.46445e-05 6.36013e-05 
0.000156404 5.33861e-05 7.24834e-05 
0.000865888 0.000164104 5.67633e-05 
0.000445107 0.000114914 3.66381e-05 
0.000617441 0.000197971 8.16949e-05 
0.000708701 0.000127271 4.73841e-05 
0.000785709 0.000150973 2.30051e-05 
6.02378e-05 0.000342273 5.48343e-05 
0.000175971 0.000390567 5.44071e-05 
0.000424319 0.000439857 6.90279e-05 
0.000580437 0.000236367 5.90385e-05 
0.000792278 0.000385302 4.80022e-05 
2.9913e-05 0.000434923 2.99139e-05 
0.000346304 0.000277218 5.08032e-05 
0.000177139 0.000428799 2.88148e-05 
0.000152155 0.000273423 2.03556e-05 
0.000277895 5.64225e-05 2.32756e-05 
0.000822312 0.000474151 2.585e-05 
0.000668035 0.000147151 5.5437e-05 
0.000980947 0.00029515 1.74972e-05 
0.00013239 0.000252537 5.60285e-05 
0.00086804 0.000335629 8.59818e-05 
0.000209231 2.35545e-05 6.16678e-05 
0.000927339 0.000210245 8.21901e-05 
0.000352008 0.000327375 7.53506e-05 
0.000419656 0.000184213 3.29391e-05 
0.00056391 0.000422118 5.78615e-05 
0.000777024 0.000478944 2.00579e-05 
0.000729989 0.000365061 4.88298e-05 
0.000791846 0.00012373 8.60012e-05 
0.000421053 2.47109e-05 1.93649e-05 
0.000820242 2.9262e-05 2.92557e-05 
0.000294111 6.91968e-05 6.42153e-05 
0.000730435 0.000250051 7.07117e-05 
7.60749e-05 0.000214609 2.46834e-05 
0.000680935 0.000179857 6.23517e-05 
0.000614095 0.000175663 2.64953e-05 
0.00039738 0.000267155 2.69508e-05 
0.000971748 0.000266817 7.23783e-05 
0.000652259 0.00027647 7.8756e-05 
0.000937723 0.000244606 3.0268e-05 
0.000596488 0.000132218 2.0735e-05 
8.71251e-05 0.000415839 3.03964e-05 
0.000131917 0.00043616 6.89602e-05 
0.000494095 0.000262199 5.2802e-05 
8.1106e-05 0.000166602 6.86429e-05 
0.000688968 0.000482799 1.72096e-05 
0.000647791 0.000383365 8.12439e-05 
0.000123821 0.000200548 4.44821e-05 
0.00031024 0.000273512 2.45239e-05 
0.000515903 0.000269904 2.10389e-05 
0.000767464 0.000179193 8.37258e-05 
0.000237484 0.000448616 7.0932e-05 
0.000977359 2.26413e-05 6.62846e-05 
0.000677299 0.000353626 2.10509e-05 
0.000229524 0.000223828 2.76748e-05 
0.000909213 0.000405202 3.66543e-05 
0.000413588 2.49832e-05 6.30789e-05 
0.000686208 2.83114e-05 5.13e-05 
0.000766787 0.00047561 6.30139e-05 
0.00053701 0.000395592 5.95696e-05 
0.000458054 0.0001655 8.65738e-05 
0.000659069 0.000213979 3.29387e-05 
0.000412351 8.70982e-05 9.01215e-05 
0.000267121 0.000468751 3.12446e-05 
0.000979279 0.00040329 7.61151e-05 
0.000165383 0.000161255 6.01403e-05 
0.000914196 9.65146e-05 3.71235e-05 
0.000647893 0.000320814 2.30542e-05 
0.000360709 0.000410949 8.52787e-05 
0.00031558 0.000407226 7.27006e-05 
0.000872292 0.000121406 6.8193e-05 
0.000187288 0.000238577 1.80797e-05 
0.00069104 0.000432189 3.07161e-05 
5.55384e-05 2.89712e-05 2.89701e-05 
0.000542787 2.53006e-05 2.52994e-05 
0.000718646 0.000298178 2.06405e-05 
0.000884316 4.20162e-05 3.64695e-05 
0.000212996 0.000269074 1.83525e-05 
0.000913133 0.00013387 7.47897e-05 
0.000298937 0.000172334 4.61984e-05 
0.000799167 0.000334941 8.33932e-05 
0.000525735 0.000265221 7.30481e-05 
0.000733048 0.000289666 5.69165e-05 
0.000198354 0.000320043 6.80068e-05 
0.000799986 0.000442642 5.58954e-05 
0.000824147 0.000227665 2.07621e-05 
0.000600014 0.000406363 2.86313e-05 
2.61553e-05 0.00012011 2.61567e-05 
0.00046777 0.000322761 8.0119e-05 
0.000445241 0.00047492 5.20651e-05 
4.75288e-05 0.000394137 4.8788e-05 
0.000382181 0.000319972 2.80199e-05 
0.000555755 0.000421666 1.91487e-05 
0.000265344 0.000116002 4.95355e-05 
0.00091139 7.83997e-05 6.85748e-05 
0.00061468 0.000252535 8.2294e-05 
0.000804014 0.000208681 5.99991e-05 
0.000437274 0.00037423 3.57303e-05 
0.000248378 0.000121504 1.7066e-05 
0.000745832 2.03394e-05 2.03296e-05 
0.000396565 0.000138536 1.98846e-05 
0.000349778 0.000251346 2.09444e-05 
0.000258973 0.00033734 5.52269e-05 
0.000717873 8.15237e-05 5.58465e-05 
0.000760255 0.000313659 1.85832e-05 
0.000866306 0.000411258 8.08187e-05 
0.000637342 0.000127132 2.04347e-05 
0.000617116 2.20126e-05 2.94312e-05 
0.000329513 0.000482961 1.70353e-05 
0.000579141 0.000111315 4.80503e-05 
0.000124965 0.000126629 5.60201e-05 
0.000193755 0.000471917 6.22582e-05 
0.000192424 6.44311e-05 5.14935e-05 
2.19494e-05 4.58243e-05 6.3327e-05 
6.55693e-05 0.000307435 2.25123e-05 
0.000680756 0.000245034 6.90597e-05 
2.25668e-05 0.000477425 5.97288e-05 
0.000759761 0.000429275 5.17592e-05 
0.000446004 0.000256272 6.07736e-05 
0.000623367 0.000454127 2.08291e-05 
0.000837334 7.26769e-05 1.7535e-05 
0.000299091 0.0001294 2.42606e-05 
0.000933702 0.000460124 2.46537e-05 
0.000631621 0.000477949 7.78154e-05 
0.000196101 0.000420459 7.9991e-05 
0.000967951 0.000482862 1.71413e-05 
0.000832086 0.000333271 3.29521e-05 
6.14271e-05 0.000438936 8.21763e-05 
0.000456509 0.000438943 2.56017e-05 
0.000774614 0.000118246 4.8697e-05 
0.000742753 0.000327592 5.05056e-05 
0.000612216 0.000298814 8.79529e-05 
0.000121744 0.000463947 2.16539e-05 
0.000763251 0.000238651 5.04647e-05 
0.000807396 0.00010794 2.29186e-05 
0.000728566 0.00040462 5.14346e-05 
0.000469721 0.000429987 6.93538e-05 
0.000546205 0.000157118 7.77176e-05 
0.00033848 0.000143264 1.79662e-05 
0.000610462 0.000279257 3.39192e-05 
0.000185776 0.000265152 5.82225e-05 
0.000495914 0.000102455 6.94398e-05 
0.000565018 0.000191506 2.24172e-05 
0.000435462 0.000482272 1.77265e-05 
0.000510099 0.000180679 7.21016e-05 
0.000747986 0.000129603 2.04252e-05 
0.000225884 0.000177535 1.94786e-05 
0.000100106 0.000411284 0.00010279 
0.000500397 0.000340281 5.91888e-05 
4.71435e-05 0.000196511 5.03636e-05 
0.000674347 0.000275168 3.01815e-05 
0.00057854 2.00185e-05 5.26497e-05 
0.0001364 0.000380366 3.0261e-05 
3.09643e-05 0.000278028 6.94174e-05 
0.000378899 0.000455603 5.73104e-05 
0.000538461 0.000300672 1.72974e-05 
0.000848435 9.25985e-05 7.13738e-05 
0.000729084 9.41764e-05 1.97371e-05 
7.97256e-05 0.000171387 1.90548e-05 
5.74849e-05 0.000370972 1.99494e-05 
0.000278779 0.000202797 7.78986e-05 
0.000974172 0.000211369 2.00961e-05 
0.000274588 0.00024259 2.15254e-05 
0.000835032 0.000184365 9.16564e-05 
0.000887685 0.000348019 2.51029e-05 
0.000675222 0.000127931 1.75615e-05 
2.2566e-05 0.000254993 2.25664e-05 
0.000714363 0.00023507 2.65811e-05 
0.000111451 0.000240005 1.92054e-05 
0.000944278 0.000152855 1.71486e-05 
0.000889226 0.000444938 6.84488e-05 
0.000420246 0.000406949 2.19546e-05 
0.000109004 5.67207e-05 3.13141e-05 
0.000576281 0.000317088 6.21112e-05 
0.000866097 0.000207573 1.8459e-05 
0.000249277 0.000186466 4.95375e-05 
2.11362e-05 0.000366863 5.97089e-05 
0.000774466 0.000276919 6.71124e-05 
0.000241169 2.50567e-05 2.50545e-05 
0.000797463 6.86858e-05 1.76985e-05 
0.000250496 0.00027066 8.0025e-05 
0.000295071 0.000444792 6.7368e-05 
0.000702556 0.000175202 2.56851e-05 
0.000364505 0.000118372 1.8033e-05 
0.000959185 0.000427842 5.06398e-05 
0.000168088 0.000191006 2.17744e-05 
0.000129472 0.000325082 2.09969e-05 
0.000978652 0.000121384 6.21553e-05 
0.000210531 5.73599e-05 1.97782e-05 
0.000978449 0.000135229 2.15517e-05 
0.000795611 0.000289945 2.43353e-05 
0.000386533 0.000481843 8.42979e-05 
7.9345e-05 0.000125735 2.73448e-05 
0.000442634 0.000392607 7.6851e-05 
0.000132015 0.000327155 7.30393e-05 
0.000462845 2.26506e-05 2.26026e-05 
0.00094194 0.00039694 7.86863e-05 
0.00093464 0.000353972 2.23077e-05 
0.000230332 0.00031134 2.62427e-05 
0.000351803 0.000234907 8.24355e-05 
0.000824238 0.000416028 7.56875e-05 
0.000972797 0.000473257 5.97167e-05 
0.000229201 0.000139894 4.735e-05 
0.000397445 0.000191256 0.000116802 
0.000117018 0.000157345 2.08368e-05 
0.000281535 0.000343572 2.01103e-05 
0.000370099 1.97722e-05 7.22735e-05 
0.000643976 0.000438851 5.73608e-05 
2.02866e-05 0.000386519 2.02777e-05 
0.000525392 0.00048267 5.02637e-05 
0.000972975 0.000323918 6.05928e-05 
0.000597258 0.000444231 5.83745e-05 
0.00094102 0.000308101 2.40393e-05 
0.000368192 0.000163579 1.80001e-05 
0.000600985 7.57193e-05 6.14578e-05 
0.000882918 9.32169e-05 5.1976e-05 
0.000935786 2.1148e-05 2.11447e-05 
0.000444952 5.77542e-05 1.71718e-05 
0.000680851 0.000472172 7.22458e-05 
0.000700187 5.30887e-05 8.716e-05 
0.000763173 0.000443892 1.77052e-05 
0.000334002 3.88273e-05 3.53008e-05 
0.000337081 0.000479402 5.37248e-05 
0.000673516 5.19045e-05 2.06403e-05 
0.000323822 0.00032342 2.72737e-05 
0.000481877 7.64452e-05 1.93223e-05 
0.000101915 0.000369004 7.70413e-05 
0.000218771 0.000383906 6.26843e-05 
0.000507626 0.000113881 2.66769e-05 
1.94365e-05 5.94623e-05 1.92708e-05 
0.000501882 1.71866e-05 1.71846e-05 
0.000833297 0.000375753 8.51904e-05 
0.000308739 8.43467e-05 1.85937e-05 
4.64361e-05 0.000185325 1.7088e-05 
0.0001662 0.000220874 5.11034e-05 
0.000571169 0.000316438 1.90548e-05 
0.000425555 0.000324209 9.34963e-05 
0.000462119 0.000214698 2.06967e-05 
0.00082163 0.000118207 6.02479e-05 
0.000838174 0.00023725 7.37516e-05 
0.000182759 0.000302986 2.22256e-05 
0.0006132 0.000329951 4.19131e-05 
0.00054269 1.9874e-05 7.01429e-05 
0.000644328 0.000420456 1.88798e-05 
0.000846021 1.83629e-05 6.77956e-05 
0.000317428 0.000443039 2.55353e-05 
0.000427493 0.00031288 1.87685e-05 
0.000982652 6.21853e-05 6.3584e-05 
0.000319164 0.000379511 2.90389e-05 
2.00787e-05 0.000216721 6.79998e-05 
0.000127614 0.000160562 8.73143e-05 
0.00016505 0.000338846 3.80037e-05 
0.000942449 0.000104726 5.79391e-05 
0.000408748 0.000451129 2.37266e-05 
0.000471553 0.000206961 5.66508e-05 
6.21613e-05 0.000482604 6.07465e-05 
0.000486968 0.000473401 6.7473e-05 
0.000860805 0.000376033 5.12985e-05 
0.000137671 0.0004825 5.22335e-05 
0.000149845 0.000233377 1.97602e-05 
0.000498701 0.000448044 1.8186e-05 
0.000762122 4.58735e-05 7.63833e-05 
0.00075324 0.000150424 5.33243e-05 
0.00026242 0.000157763 2.21466e-05 
0.000477234 0.000252928 2.03989e-05 
0.00057325 9.308e-05 1.79198e-05 
0.000806318 1.87205e-05 7.39404e-05 
0.000605241 0.000223953 2.2744e-05 
0.000716792 0.000339631 2.08481e-05 
0.000885668 9.25587e-05 1.75236e-05 
0.000165393 3.06237e-05 3.06232e-05 
0.000614507 2.16897e-05 7.24224e-05 
0.000599192 0.000355863 6.66585e-05 
0.00071726 5.30455e-05 2.31939e-05 
0.000211222 0.000167185 8.15498e-05 
0.000553369 0.000464987 2.45703e-05 
0.000752111 0.00026874 2.40609e-05 
0.000731044 0.000473252 2.67501e-05 
0.000546914 0.000380436 2.32141e-05 
0.000612664 9.30283e-05 2.16786e-05 
0.000778402 0.00042114 8.26321e-05 
0.00053733 0.000296737 5.23249e-05 
0.00075302 0.000397658 7.90663e-05 
2.47407e-05 0.000343877 2.26355e-05 
0.000667261 0.000391401 1.81429e-05 
0.000558975 0.000467058 7.87234e-05 
0.000149827 0.000302414 4.56837e-05 
0.000380506 0.000154382 5.30336e-05 
0.000921571 0.000474254 7.14851e-05 
0.000721628 0.000385636 1.84418e-05 
5.69576e-05 8.08021e-05 2.30418e-05 
0.000649139 1.83858e-05 5.3823e-05 
0.000593719 0.000480867 1.91317e-05 
0.000564934 0.000196044 6.53123e-05 
0.000405397 0.000403164 5.80312e-05 
0.000170872 1.83557e-05 7.77309e-05 
0.000199325 0.000183924 4.38288e-05 
0.000406192 0.000362052 1.9626e-05 
0.000388113 0.000113938 5.11678e-05 
0.000499617 0.00034958 9.33012e-05 
0.000791725 8.09506e-05 5.43561e-05 
0.000806874 0.000253622 4.65916e-05 
0.000698694 0.000280078 7.41246e-05 
0.000831198 0.000152856 2.25264e-05 
0.000570913 0.000382599 5.78237e-05 
0.000982122 0.000174309 1.78723e-05 
0.00015388 0.000139479 2.01364e-05 
0.000481902 5.42484e-05 8.57612e-05 
0.000277822 2.37893e-05 5.58694e-05 
2.04111e-05 0.000212118 2.04106e-05 
0.000642635 0.00031798 6.48487e-05 
0.000274502 0.000200157 2.09009e-05 
0.000705533 0.000219884 7.84603e-05 
0.000578297 4.22977e-05 8.54644e-05 
0.000537662 0.000128245 5.88998e-05 
0.000276342 0.000246455 6.42342e-05 
0.000922367 0.000170483 4.47734e-05 
0.000882045 0.000270749 9.53077e-05 
0.000583568 5.29507e-05 2.39511e-05 
4.61545e-05 0.000233999 4.72007e-05 
0.000192468 0.000363572 8.47435e-05 
0.000835694 0.000192196 3.18967e-05 
5.77321e-05 6.46966e-05 6.13817e-05 
0.000234457 0.000417403 2.96337e-05 
0.000686973 9.69505e-05 7.71165e-05 
2.27432e-05 0.000328969 8.17815e-05 
0.000554016 0.000127802 2.19814e-05 
0.0007566 6.13116e-05 4.13484e-05 
0.000958724 0.000377885 4.96851e-05 
0.000476929 0.000479704 2.02968e-05 
0.000383269 1.88615e-05 1.88478e-05 
0.00097733 3.49807e-05 2.2672e-05 
0.000311734 2.5299e-05 9.00075e-05 
0.000455355 0.000348909 1.82635e-05 
0.000978452 0.000352292 2.15494e-05 
0.000362082 0.000139363 8.90645e-05 
0.000801579 0.000478625 9.23268e-05 
0.000464942 8.36622e-05 7.6576e-05 
0.000155285 0.000202102 8.34886e-05 
0.000918646 0.000259402 7.24259e-05 
0.000523587 0.00033896 2.43858e-05 
5.2711e-05 0.000105085 6.36776e-05 
0.00011671 0.000104171 1.70183e-05 
0.000163528 0.00047767 2.23287e-05 
0.000903461 0.000369175 7.62322e-05 
0.000489672 6.91176e-05 5.48663e-05 
0.000742524 0.000297707 9.89655e-05 
0.000949179 0.000356866 8.34466e-05 
0.000324722 0.000468233 9.45968e-05 
8.97602e-05 9.35696e-05 5.64379e-05 
0.000744477 0.000112295 7.39742e-05 
0.000365372 0.000207047 2.63275e-05 
0.000526203 0.000434697 3.80914e-05 
0.000217589 0.000479452 2.05466e-05 
9.41511e-05 0.000350101 2.23077e-05 
0.000116976 0.000290315 6.72036e-05 
0.000315643 0.000220553 2.52163e-05 
0.00024332 0.000227019 7.05014e-05 
0.00088839 0.000203502 4.80559e-05 
0.000128397 2.22784e-05 6.75041e-05 
0.000933419 0.000291501 6.23759e-05 
1.80684e-05 8.27631e-05 4.84178e-05 
0.000937337 0.000197467 1.83511e-05 
0.00089416 0.000238862 5.54462e-05 
0.000498674 0.000140801 6.14139e-05 
0.000880842 0.000470576 2.94243e-05 
0.000507402 0.000305297 8.10574e-05 
9.00118e-05 0.000462465 4.7634e-05 
0.000752457 0.000408062 1.96556e-05 
0.000300436 0.000482315 6.44153e-05 
0.000756391 0.000353133 2.09857e-05 
0.000696726 1.72563e-05 1.72492e-05 
0.000634127 5.82378e-05 1.92757e-05 
0.000196169 0.000358928 4.67629e-05 
0.000265878 0.000151869 6.15517e-05 
0.000340992 0.000161052 5.12939e-05 
0.000470181 0.000287961 8.73395e-05 
0.000561867 0.000274861 1.75452e-05 
0.000288993 1.75519e-05 1.75516e-05 
0.000429566 0.000236304 1.84387e-05 
0.000155858 0.000361476 7.14693e-05 
0.000858062 0.000239842 3.98639e-05 
0.000655248 1.79848e-05 1.79771e-05 
0.000242047 0.00030323 6.79147e-05 
0.000402595 0.00048179 5.16691e-05 
0.000727555 2.2394e-05 5.88829e-05 
0.000979228 0.000446873 2.07463e-05 
0.000834978 0.000267904 2.08963e-05 
0.000442175 6.03169e-05 5.52857e-05 
0.00019402 0.000151431 2.17765e-05 
0.000944783 8.05609e-05 8.42501e-05 
0.000350647 0.000289342 1.72419e-05 
0.000132173 0.000426327 1.75952e-05 
0.000107591 0.000284192 2.56081e-05 
0.000371318 0.000189502 6.75868e-05 
0.000784287 0.000235244 1.9826e-05 
0.00050982 5.1469e-05 1.7484e-05 
0.000768102 9.29175e-05 1.93029e-05 
0.000338924 0.000441206 6.47172e-05 
0.000922353 1.80071e-05 6.72021e-05 
0.000938058 0.000117223 1.90733e-05 
0.000469458 0.000358588 7.69972e-05 
0.000954527 0.000137485 8.85499e-05 
0.00069937 0.000416966 8.3449e-05 
1.84732e-05 0.000163397 1.84741e-05 
0.000504479 3.2049e-05 5.34999e-05 
0.000272109 0.000381373 1.88523e-05 
0.000128486 8.17595e-05 7.41209e-05 
0.00019709 0.000340565 1.73743e-05 
0.000795028 0.000427899 1.79402e-05 
0.00085293 0.000113067 3.24073e-05 
0.000308953 0.000353819 7.20003e-05 
0.000545101 0.000256495 4.19253e-05 
0.000777063 4.05813e-05 1.70281e-05 
0.000661462 0.00010922 4.58256e-05 
0.000658633 0.000162049 2.04641e-05 
5.27327e-05 0.000379904 8.65168e-05 
0.000154259 0.000481 8.61997e-05 
0.000659314 0.000465568 1.70773e-05 
6.05595e-05 0.000476026 2.19686e-05 
0.000102162 0.000320617 4.70418e-05 
0.000889407 0.00017487 9.30637e-05 
0.000567026 0.000275339 6.29412e-05 
0.000580484 0.000100744 9.03162e-05 
2.03348e-05 0.000481277 1.87246e-05 
0.000783749 0.000325043 4.28714e-05 
8.91362e-05 2.30118e-05 6.06417e-05 
0.000472071 0.000224991 8.59314e-05 
0.000368979 0.000476534 2.34654e-05 
1.80971e-05 0.000406254 6.6567e-05 
0.000355145 0.000377201 6.05344e-05 
2.18931e-05 0.000299442 2.1893e-05 
0.000831166 2.65383e-05 0.000100494 
0.000245983 0.000268472 4.12138e-05 
0.000366014 0.000365273 2.06433e-05 
0.000930495 7.18858e-05 1.79164e-05 
0.000273118 9.68962e-05 1.78374e-05 
