0.000843699 0.000421656 3.10534e-05 
8.05443e-05 0.000292079 6.14109e-05 
0.000532251 0.000221155 9.03529e-05 
0.000321121 0.000246454 5.95228e-05 
0.000691085 0.000329521 6.65576e-05 
0.000368285 6.23555e-05 7.38363e-05 
0.000754796 0.000194174 3.09907e-05 
0.00088623 0.000288381 3.57916e-05 
0.000515041 3.99853e-05 9.44516e-05 
0.000774773 0.000235038 8.59011e-05 
0.00063376 0.000365864 2.4239e-05 
0.000188962 0.000382736 1.97456e-05 
0.000829241 0.000286564 7.6802e-05 
0.000205391 0.000214049 7.36344e-05 
0.000489525 0.000388957 3.627e-05 
0.000808302 0.000158134 6.25165e-05 
0.000439915 0.000339914 5.29068e-05 
0.000232199 0.000363059 2.52285e-05 
0.000524993 0.000163226 2.40452e-05 
0.000893474 0.000231377 1.89333e-05 
0.00091863 0.000333022 6.17228e-05 
0.000421804 0.000298416 5.07967e-05 
0.000942881 5.27747e-05 5.36263e-05 
0.000839786 5.54588e-05 6.45289e-05 
0.000688224 9.19912e-05 2.14024e-05 
0.000276363 0.000304274 2.0613e-05 
8.43433e-05 0.000230337 8.67041e-05 
0.000563349 0.000234537 1.97548e-05 
0.000159189 9.07404e-05 2.9831e-05 
0.000950367 0.000441732 8.88031e-05 
0.000514715 0.000218704 3.31029e-05 
0.000973251 0.000223333 5.66405e-05 
0.000896608 0.000134457 2.57037e-05 
0.000774981 2.10062e-05 5.00256e-05 
6.68883e-05 0.000260221 2.19102e-05 
0.000741585 0.000353353 9.61938e-05 
0.000617221 0.000433715 9.12413e-05 
0.000307486 0.000146354 9.09681e-05 
0.000330056 0.000199859 6.79348e-05 
0.000333316 0.000175703 1.87162e-05 
0.000294899 0.000299045 7.74541e-05 
0.000475182 0.000303584 3.28586e-05 
0.00046244 2.31828e-05 6.83871e-05 
0.000336539 0.000102061 5.74136e-05 
0.0009782 0.000403929 2.1802e-05 
0.000598744 0.000481877 5.60266e-05 
0.000539249 0.000352326 7.17468e-05 
0.00072343 0.000174001 6.59383e-05 
0.000394989 0.000227564 6.53549e-05 
0.000385195 0.000282101 8.64403e-05 
0.000263785 0.000384471 7.88931e-05 
0.000573778 0.00015672 4.92109e-05 
0.000793002 5.22759e-05 8.07398e-05 
0.000846199 0.000463305 7.31672e-05 
9.16769e-05 5.75909e-05 8.0481e-05 
0.000192697 0.0001095 8.17527e-05 
0.000972465 8.84526e-05 2.75346e-05 
0.000512315 0.000427207 7.58424e-05 
0.000212305 0.000100893 2.45084e-05 
0.000366521 0.00041464 3.12558e-05 
0.000475247 0.000168828 2.60589e-05 
0.000283645 0.000413654 4.06976e-05 
0.000586815 0.000356107 2.37082e-05 
0.000802105 0.000190764 1.71766e-05 
0.000541665 7.51676e-05 5.95845e-05 
0.00024052 6.89306e-05 6.06951e-05 
0.000513935 0.000479489 1.73977e-05 
0.00039733 6.69004e-05 3.08111e-05 
0.000971766 0.0001731 6.27105e-05 
0.000892005 0.000178876 1.93964e-05 
0.000594992 0.000405805 7.59137e-05 
0.000619668 0.000132049 7.16701e-05 
0.000398085 0.000362635 6.66075e-05 
0.000694344 0.000383014 4.61468e-05 
0.00065279 6.45306e-05 6.37531e-05 
0.000161436 6.17115e-05 6.7609e-05 
0.000865391 0.00016547 5.56008e-05 
0.000444404 0.000115277 3.6639e-05 
0.000616636 0.00019821 8.17114e-05 
0.000707416 0.000127761 4.82781e-05 
0.000784932 0.000150088 2.30053e-05 
5.99869e-05 0.000340615 5.3432e-05 
0.00017995 0.000388107 5.51717e-05 
0.000424027 0.000443624 6.94359e-05 
0.000579654 0.000236241 5.9171e-05 
0.000792409 0.000384665 4.74069e-05 
2.99158e-05 0.000435285 2.99128e-05 
0.000344287 0.000277663 5.06015e-05 
0.000176465 0.000428777 2.88142e-05 
0.000153638 0.000270576 2.03555e-05 
0.000278412 5.65001e-05 2.32758e-05 
0.000822362 0.000474151 2.58507e-05 
0.000667046 0.0001484 5.58936e-05 
0.000980947 0.00029515 1.74972e-05 
0.000132915 0.000250416 5.58933e-05 
0.000867949 0.000333878 8.62872e-05 
0.000209513 2.3556e-05 6.14407e-05 
0.000929397 0.000211897 8.25945e-05 
0.000351545 0.000331353 7.50009e-05 
0.000418319 0.000182687 3.29349e-05 
0.000564205 0.000422452 5.78675e-05 
0.000777192 0.000479943 2.00579e-05 
0.000729977 0.000364543 4.8805e-05 
0.000795665 0.000119692 8.22684e-05 
0.000420099 2.36628e-05 1.93648e-05 
0.000819997 2.9258e-05 2.92555e-05 
0.000294345 6.80149e-05 6.47007e-05 
0.000730874 0.000249204 7.04363e-05 
7.5338e-05 0.000214484 2.46836e-05 
0.000680824 0.000180767 6.27123e-05 
0.000613179 0.000175956 2.64945e-05 
0.000395242 0.000265663 2.69506e-05 
0.00097175 0.000267174 7.37455e-05 
0.00065165 0.000276211 7.84392e-05 
0.000939308 0.000245218 3.02685e-05 
0.000596061 0.000132317 2.0735e-05 
8.73733e-05 0.000413653 3.03967e-05 
0.000131187 0.000436089 6.89045e-05 
0.000494222 0.000261004 5.12612e-05 
7.52186e-05 0.000166592 6.84491e-05 
0.000689509 0.000482777 1.72096e-05 
0.000648124 0.000383541 8.08168e-05 
0.000122597 0.000198953 4.45527e-05 
0.000308799 0.00027313 2.45241e-05 
0.000516807 0.00027145 2.10381e-05 
0.000767511 0.000179107 8.37662e-05 
0.000237206 0.000448883 7.09418e-05 
0.000977356 2.26424e-05 6.50351e-05 
0.000677311 0.000353848 2.10509e-05 
0.000229459 0.000223266 2.76748e-05 
0.000909125 0.000405147 3.66566e-05 
0.000414572 2.49831e-05 6.33471e-05 
0.000686576 2.7456e-05 5.03483e-05 
0.000767122 0.000475746 6.29772e-05 
0.000537308 0.000395931 5.96933e-05 
0.000453355 0.000164332 8.89228e-05 
0.00065828 0.000214123 3.29392e-05 
0.000412666 8.67589e-05 9.04806e-05 
0.000267003 0.000468753 3.12443e-05 
0.000979277 0.000402967 7.62825e-05 
0.000166101 0.000160734 6.02855e-05 
0.000914776 9.71585e-05 3.7081e-05 
0.000648143 0.000320826 2.30563e-05 
0.00036075 0.000410599 8.54337e-05 
0.000316582 0.000406969 7.24067e-05 
0.000873447 0.000121706 5.94599e-05 
0.000187096 0.000237653 1.80796e-05 
0.000691231 0.000432306 3.07161e-05 
5.50833e-05 2.8969e-05 2.89688e-05 
0.000541873 2.52995e-05 2.52998e-05 
0.000718916 0.000297721 2.06407e-05 
0.000884609 3.89132e-05 3.64737e-05 
0.00021215 0.000269891 1.8352e-05 
0.000911662 0.000134 7.50641e-05 
0.000299218 0.000173184 4.42284e-05 
0.000791984 0.000331017 7.76232e-05 
0.000524655 0.000264493 7.32097e-05 
0.000733135 0.000288935 5.6924e-05 
0.00019741 0.000318831 6.74834e-05 
0.000800093 0.000442573 5.58691e-05 
0.000825029 0.000227423 2.07609e-05 
0.000600213 0.000406492 2.86322e-05 
2.61566e-05 0.000120107 2.61558e-05 
0.000463882 0.000322111 7.93812e-05 
0.000442945 0.000479995 5.28767e-05 
4.66276e-05 0.000394044 4.86255e-05 
0.000383154 0.000319364 2.802e-05 
0.000556068 0.00042212 1.91486e-05 
0.000266223 0.000116054 4.96153e-05 
0.000914691 8.17584e-05 7.00648e-05 
0.000613788 0.00025277 8.23507e-05 
0.000803541 0.000208664 5.93836e-05 
0.00043791 0.000374251 3.48602e-05 
0.000248122 0.000120653 1.70663e-05 
0.000746244 2.0329e-05 2.03289e-05 
0.000395031 0.000137106 1.98849e-05 
0.000348444 0.000251153 2.09448e-05 
0.000259297 0.000337894 5.47609e-05 
0.000717243 8.19632e-05 5.56274e-05 
0.000756409 0.000309864 1.85843e-05 
0.000865893 0.000410981 8.09127e-05 
0.000636882 0.000126978 2.04365e-05 
0.000617608 2.20131e-05 2.47939e-05 
0.000328245 0.000482965 1.70346e-05 
0.000579094 0.000110808 4.78182e-05 
0.000124441 0.000125959 5.68509e-05 
0.000193367 0.000471913 6.21034e-05 
0.000192538 6.50363e-05 5.12786e-05 
2.19505e-05 4.60068e-05 6.36756e-05 
6.59694e-05 0.00030463 2.25121e-05 
0.000687326 0.000240746 6.73922e-05 
2.25214e-05 0.00047748 6.01472e-05 
0.000759487 0.000430396 5.17919e-05 
0.000446448 0.000253995 6.30201e-05 
0.00062374 0.000454595 2.08291e-05 
0.000837334 7.26766e-05 1.7535e-05 
0.000299969 0.000129316 2.42608e-05 
0.000935684 0.000459096 2.46569e-05 
0.000631845 0.00047795 7.84508e-05 
0.000194303 0.000420619 8.04233e-05 
0.000969244 0.000482845 1.71389e-05 
0.000832395 0.000332598 3.29518e-05 
6.06058e-05 0.00043914 8.2672e-05 
0.000455202 0.000439317 2.56022e-05 
0.000772245 0.000117514 4.81272e-05 
0.000742366 0.000327011 5.06088e-05 
0.000611963 0.000299036 8.79684e-05 
0.00012075 0.000465254 2.16539e-05 
0.000763718 0.000237764 5.02488e-05 
0.000806046 0.000109295 2.29185e-05 
0.000728988 0.000404891 5.12215e-05 
0.000468659 0.000430746 6.93559e-05 
0.000537108 0.000163539 6.36216e-05 
0.000340457 0.000139561 1.79661e-05 
0.00061045 0.000279507 3.39183e-05 
0.00018616 0.000263483 5.87185e-05 
0.000495663 0.000102376 6.93787e-05 
0.000564447 0.00019204 2.24172e-05 
0.000433555 0.000482272 1.77268e-05 
0.000502854 0.000178715 6.67609e-05 
0.000746008 0.000130995 2.04237e-05 
0.000225805 0.000176973 1.94787e-05 
9.94813e-05 0.000411672 0.000103163 
0.000498169 0.000340596 5.80126e-05 
4.40915e-05 0.00019895 4.93094e-05 
0.000674426 0.000275082 3.01817e-05 
0.000577173 2.00188e-05 5.32262e-05 
0.000139965 0.000382349 3.02611e-05 
3.24949e-05 0.000276517 6.97533e-05 
0.000381049 0.000454498 5.53881e-05 
0.00053945 0.00030216 1.72971e-05 
0.000850915 9.29741e-05 6.81695e-05 
0.000729259 9.45003e-05 1.97358e-05 
7.98437e-05 0.000171344 1.90542e-05 
5.7164e-05 0.000370932 1.99495e-05 
0.000278648 0.000202426 7.67982e-05 
0.000977055 0.000213455 2.00956e-05 
0.000274912 0.000241477 2.15251e-05 
0.000834511 0.000184464 9.11764e-05 
0.000887747 0.000348309 2.5105e-05 
0.00067475 0.00012835 1.75607e-05 
2.25679e-05 0.000254816 2.25674e-05 
0.000713882 0.000234435 2.65801e-05 
0.000111758 0.000238359 1.92061e-05 
0.000944197 0.000154283 1.7148e-05 
0.000888962 0.000444605 6.8683e-05 
0.000420408 0.000407072 2.19548e-05 
0.000108971 5.5889e-05 3.13138e-05 
0.00057602 0.000317501 6.22855e-05 
0.000865822 0.000206205 1.8459e-05 
0.000248257 0.000184033 5.07297e-05 
2.11342e-05 0.000366177 6.01648e-05 
0.000774428 0.000276007 6.70637e-05 
0.000241714 2.50649e-05 2.50561e-05 
0.000797865 6.90242e-05 1.76989e-05 
0.00025129 0.000269563 7.84403e-05 
0.000296189 0.00044445 6.61357e-05 
0.000701616 0.000175312 2.56839e-05 
0.000365429 0.000113479 1.80335e-05 
0.00095924 0.000427442 5.06919e-05 
0.000167028 0.00019039 2.17744e-05 
0.000127596 0.000324931 2.0996e-05 
0.000978652 0.000124 6.24972e-05 
0.000210579 5.68927e-05 1.97806e-05 
0.000978445 0.000136807 2.1553e-05 
0.000795009 0.000290054 2.43337e-05 
0.000380174 0.000481843 7.83307e-05 
7.93508e-05 0.000125694 2.7345e-05 
0.000442396 0.000392708 7.65042e-05 
0.000127797 0.000330551 6.43802e-05 
0.000461929 2.26259e-05 2.26045e-05 
0.00094204 0.000395847 7.83067e-05 
0.000934731 0.00035401 2.23096e-05 
0.000230431 0.000311628 2.62434e-05 
0.000351949 0.000233684 8.37428e-05 
0.000823919 0.000415486 7.55196e-05 
0.000973249 0.000473004 5.97157e-05 
0.000229522 0.000138772 4.78876e-05 
0.000392881 0.000191492 0.000118174 
0.000116488 0.00015569 2.08327e-05 
0.00028246 0.000344541 2.01113e-05 
0.000370985 1.97729e-05 7.20682e-05 
0.000644197 0.000439194 5.73513e-05 
2.02784e-05 0.000386979 2.02778e-05 
0.000524874 0.00048267 5.0205e-05 
0.000972975 0.000323263 6.12732e-05 
0.000597756 0.000444251 5.85402e-05 
0.000941453 0.000308183 2.40387e-05 
0.000368 0.000163681 1.80001e-05 
0.000601575 7.4504e-05 6.12432e-05 
0.000884537 9.01717e-05 5.19968e-05 
0.000937226 2.11427e-05 2.11439e-05 
0.000444874 5.81432e-05 1.71704e-05 
0.000681011 0.000472174 7.23484e-05 
0.000701249 5.18045e-05 8.62258e-05 
0.000764114 0.000444594 1.77047e-05 
0.000334453 3.8399e-05 3.53012e-05 
0.000335817 0.000479399 5.37236e-05 
0.000674161 5.23764e-05 2.06398e-05 
0.000323854 0.000322622 2.72732e-05 
0.00048121 7.68417e-05 1.93219e-05 
9.92838e-05 0.000372958 7.22567e-05 
0.00021632 0.000384303 6.18243e-05 
0.000506946 0.000114443 2.66769e-05 
1.92742e-05 5.98026e-05 1.92708e-05 
0.000500968 1.71863e-05 1.71848e-05 
0.000832696 0.000373559 8.49624e-05 
0.000308645 8.50868e-05 1.85932e-05 
4.65243e-05 0.000185211 1.70882e-05 
0.000171221 0.000219229 4.84574e-05 
0.000573093 0.000315825 1.90539e-05 
0.000422558 0.000323542 9.14152e-05 
0.000460736 0.00021314 2.06967e-05 
0.000826353 0.000120699 5.69618e-05 
0.000838251 0.000237746 7.0404e-05 
0.0001832 0.00030152 2.22255e-05 
0.000613373 0.000330235 4.16358e-05 
0.000541042 1.98782e-05 7.0137e-05 
0.000644466 0.000420779 1.88801e-05 
0.000844972 1.83642e-05 6.83095e-05 
0.000317462 0.000442672 2.55353e-05 
0.000428956 0.000321747 1.87683e-05 
0.000982651 6.23875e-05 6.2624e-05 
0.000318208 0.000378622 2.90376e-05 
2.00782e-05 0.000222143 6.76734e-05 
0.000124325 0.000165913 8.01184e-05 
0.000164427 0.000337909 3.58043e-05 
0.00094267 0.000107034 5.7657e-05 
0.000407263 0.000450786 2.37266e-05 
0.000472692 0.000201233 5.47106e-05 
6.23686e-05 0.000482603 6.09053e-05 
0.000485333 0.000474219 6.5157e-05 
0.000860378 0.00037585 5.12873e-05 
0.000137475 0.0004825 5.25694e-05 
0.000149947 0.000230636 1.97602e-05 
0.000497547 0.000447629 1.81862e-05 
0.000758536 4.31039e-05 7.73115e-05 
0.000751953 0.000150146 5.42058e-05 
0.000262178 0.000156909 2.21469e-05 
0.00047465 0.000251807 2.03988e-05 
0.000572593 9.2392e-05 1.79204e-05 
0.00080651 1.87207e-05 7.40788e-05 
0.000604485 0.000224277 2.27442e-05 
0.000716548 0.000339141 2.08492e-05 
0.000887005 8.9416e-05 1.7524e-05 
0.000165518 3.0623e-05 3.06235e-05 
0.000614322 2.90335e-05 6.82547e-05 
0.000599466 0.000355988 6.6547e-05 
0.000717911 5.32425e-05 2.31951e-05 
0.000211778 0.000166116 8.21672e-05 
0.000553165 0.000465406 2.45703e-05 
0.000751962 0.000267808 2.40603e-05 
0.000731353 0.000473252 2.67486e-05 
0.000547002 0.000380935 2.32142e-05 
0.000612002 9.30274e-05 2.16737e-05 
0.000778355 0.000420482 8.19949e-05 
0.000538199 0.000292939 5.13132e-05 
0.000753229 0.000396688 7.87015e-05 
2.33764e-05 0.000343763 2.26355e-05 
0.000667272 0.000391623 1.81445e-05 
0.000559177 0.000467656 7.81332e-05 
0.000148878 0.000300984 4.3601e-05 
0.00037903 0.000153056 5.30111e-05 
0.0009211 0.000474256 7.04566e-05 
0.000722348 0.000385436 1.84411e-05 
5.61775e-05 8.11511e-05 2.30418e-05 
0.000649347 1.83906e-05 5.35702e-05 
0.000593678 0.000480867 1.91317e-05 
0.00056392 0.000195996 6.53692e-05 
0.00040591 0.00040655 5.83671e-05 
0.000171233 1.83569e-05 7.76958e-05 
0.000199208 0.00018561 4.30805e-05 
0.000406475 0.000361925 1.96257e-05 
0.000388017 0.000113056 5.19394e-05 
0.00049842 0.000353559 9.09146e-05 
0.000791683 8.14496e-05 5.42344e-05 
0.000806965 0.000253532 4.58864e-05 
0.000699149 0.000278041 7.4089e-05 
0.000830424 0.000151858 2.25254e-05 
0.000571109 0.000382658 5.77642e-05 
0.000982125 0.000175887 1.78724e-05 
0.000154114 0.000139494 2.01363e-05 
0.000480757 5.49055e-05 8.57579e-05 
0.000278326 2.39127e-05 5.59254e-05 
2.04224e-05 0.000211943 2.04106e-05 
0.000640353 0.000320775 6.45578e-05 
0.000271131 0.000199224 2.0901e-05 
0.000705218 0.000209439 6.13854e-05 
0.000580281 4.4818e-05 8.40316e-05 
0.000535917 0.000128458 5.82414e-05 
0.000278788 0.00024641 6.39828e-05 
0.00092333 0.000171444 4.58589e-05 
0.000877773 0.00025985 9.03124e-05 
0.000583042 5.22972e-05 2.39515e-05 
4.81873e-05 0.000237069 4.77224e-05 
0.000193621 0.000361939 8.5834e-05 
0.000834958 0.000191313 3.13808e-05 
5.8116e-05 6.40331e-05 6.08995e-05 
0.000233852 0.00041772 2.96325e-05 
0.000687177 9.68318e-05 7.84298e-05 
2.27435e-05 0.000327482 8.08064e-05 
0.00055366 0.000127281 2.19815e-05 
0.000756772 6.04356e-05 4.27761e-05 
0.000959705 0.000376875 4.97929e-05 
0.000476353 0.000479704 2.02967e-05 
0.000382194 1.88514e-05 1.88476e-05 
0.00097733 3.87207e-05 2.26705e-05 
0.000312188 2.52963e-05 9.01141e-05 
0.000456982 0.000349072 1.82636e-05 
0.000978452 0.000350675 2.15491e-05 
0.00036492 0.0001361 9.01149e-05 
0.000802679 0.000478629 9.13701e-05 
0.000464185 8.47063e-05 7.71335e-05 
0.000156828 0.000203169 8.09406e-05 
0.000918184 0.000260224 7.13742e-05 
0.000523047 0.000339818 2.43852e-05 
5.278e-05 0.000104363 6.33293e-05 
0.000115671 0.000102417 1.7014e-05 
0.000162938 0.000477671 2.23282e-05 
0.000899716 0.000368512 7.49567e-05 
0.000489223 6.90952e-05 5.47285e-05 
0.000743055 0.000298032 9.86525e-05 
0.000949537 0.000356652 8.38619e-05 
0.000324289 0.000467449 9.46132e-05 
8.99071e-05 9.31502e-05 5.59644e-05 
0.000742396 0.000107848 7.25859e-05 
0.00036471 0.000207094 2.63271e-05 
0.00052589 0.000434871 3.72804e-05 
0.000217469 0.000479453 2.05471e-05 
9.60508e-05 0.000354568 2.23066e-05 
0.000122681 0.000290672 6.5528e-05 
0.000313963 0.000216058 2.52166e-05 
0.000245591 0.00022708 6.96248e-05 
0.000891739 0.000202844 4.90188e-05 
0.000128973 2.22772e-05 6.79509e-05 
0.000933966 0.000292237 6.26736e-05 
1.80695e-05 8.28732e-05 4.86042e-05 
0.00093766 0.000197693 1.83511e-05 
0.000894007 0.000238865 5.49696e-05 
0.000491616 0.0001428 5.78577e-05 
0.000883048 0.000470576 2.94255e-05 
0.000508965 0.000306056 7.90239e-05 
8.81118e-05 0.000460872 4.61437e-05 
0.000753065 0.000408941 1.96549e-05 
0.000299439 0.000482315 6.52781e-05 
0.00075626 0.000352296 2.09858e-05 
0.000700454 1.72498e-05 1.72489e-05 
0.000634843 5.91252e-05 1.92761e-05 
0.000195063 0.00035783 4.64678e-05 
0.0002676 0.000151957 6.14629e-05 
0.00033909 0.000156581 5.17565e-05 
0.000472087 0.00028792 8.50732e-05 
0.000561827 0.00027545 1.7546e-05 
0.000289243 1.75532e-05 1.75514e-05 
0.000429193 0.000236279 1.84385e-05 
0.00015844 0.000358572 6.93396e-05 
0.000860239 0.000239025 3.77626e-05 
0.000656807 1.79784e-05 1.79783e-05 
0.000242876 0.000301831 6.73351e-05 
0.000405153 0.00048179 5.18858e-05 
0.000727858 2.23926e-05 5.88285e-05 
0.000979228 0.000446461 2.07513e-05 
0.000835185 0.000268717 2.08963e-05 
0.000442691 6.06404e-05 5.53266e-05 
0.000194649 0.000150027 2.17796e-05 
0.000948664 8.20694e-05 8.26189e-05 
0.000351316 0.000289053 1.72414e-05 
0.00013144 0.000427706 1.75959e-05 
0.000108642 0.000282605 2.56081e-05 
0.000370621 0.00018854 6.71492e-05 
0.000784915 0.000233554 1.98258e-05 
0.000509285 5.1899e-05 1.7484e-05 
0.000768143 9.10457e-05 1.93032e-05 
0.000339447 0.000441268 6.44528e-05 
0.000923386 1.80077e-05 6.85219e-05 
0.000937979 0.000118648 1.90731e-05 
0.000467537 0.00035752 7.39882e-05 
0.000953149 0.000139368 8.80356e-05 
0.000699796 0.0004169 8.33598e-05 
1.84737e-05 0.000163395 1.84741e-05 
0.000504276 3.21121e-05 5.34149e-05 
0.000271528 0.000381918 1.88521e-05 
0.000127252 8.09165e-05 7.46511e-05 
0.000197799 0.000339181 1.73745e-05 
0.000795478 0.000427649 1.79403e-05 
0.000852734 0.000111273 2.53795e-05 
0.000306785 0.000354931 7.28313e-05 
0.000545363 0.000257583 4.24981e-05 
0.000777004 4.127e-05 1.70291e-05 
0.000660479 0.000108232 4.57169e-05 
0.000657671 0.000162198 2.04638e-05 
5.11262e-05 0.000382128 8.72363e-05 
0.000153456 0.000481012 8.53364e-05 
0.000659807 0.000465645 1.7078e-05 
5.91408e-05 0.000477796 2.19689e-05 
9.63103e-05 0.000320625 4.21329e-05 
0.000897989 0.000173541 8.49024e-05 
0.000567661 0.000275581 6.38788e-05 
0.000580924 9.93725e-05 9.00891e-05 
1.87249e-05 0.000481276 1.87247e-05 
0.000782576 0.000328263 3.4341e-05 
9.12366e-05 1.75847e-05 5.59991e-05 
0.000483536 0.000226399 7.54736e-05 
0.000367716 0.000476533 2.34651e-05 
1.80971e-05 0.000407267 6.70719e-05 
0.000353537 0.000376712 6.12895e-05 
2.18926e-05 0.000299265 2.18929e-05 
0.000829955 3.76237e-05 9.59049e-05 
0.000246122 0.000268266 3.967e-05 
0.000364896 0.000363863 2.06423e-05 
0.000930357 7.20356e-05 1.79164e-05 
0.000273775 9.6992e-05 1.78379e-05 
