0.000844252 0.0004219 3.10581e-05 
8.04634e-05 0.000291868 6.13986e-05 
0.00052954 0.000221097 9.10167e-05 
0.000322301 0.000246659 5.87818e-05 
0.000690386 0.000329884 6.6911e-05 
0.000367916 6.15574e-05 7.39559e-05 
0.000754504 0.000194263 3.09931e-05 
0.000887133 0.000289207 3.57931e-05 
0.00051472 3.9797e-05 9.44855e-05 
0.000774652 0.000234619 8.64872e-05 
0.000633497 0.000366476 2.42401e-05 
0.000189716 0.000383096 1.97439e-05 
0.000828823 0.000286259 7.73199e-05 
0.000205969 0.000214986 7.43043e-05 
0.000488994 0.000389762 3.6268e-05 
0.000804791 0.000158122 6.45685e-05 
0.000438808 0.000341066 5.25044e-05 
0.000231855 0.000363225 2.52287e-05 
0.000524366 0.000164107 2.40452e-05 
0.000896252 0.000224121 1.89341e-05 
0.000919321 0.000333883 6.19274e-05 
0.000422095 0.00029584 4.8901e-05 
0.000942359 5.26893e-05 5.43792e-05 
0.000840413 5.52391e-05 6.41216e-05 
0.000688339 9.21193e-05 2.14024e-05 
0.000276074 0.000304938 2.06133e-05 
8.43982e-05 0.000229889 8.68486e-05 
0.000563039 0.000235514 1.97596e-05 
0.000158931 9.07415e-05 2.98301e-05 
0.000949644 0.000441934 8.88557e-05 
0.000514314 0.000219625 3.3091e-05 
0.000973364 0.000224513 5.67339e-05 
0.000896066 0.000134697 2.5706e-05 
0.000774749 2.10026e-05 5.03173e-05 
6.68855e-05 0.000260113 2.19103e-05 
0.000741358 0.000353 9.65254e-05 
0.000617119 0.000433455 9.17155e-05 
0.000304058 0.000144071 9.03468e-05 
0.000328567 0.000200613 6.85666e-05 
0.000332602 0.000175409 1.87172e-05 
0.00029498 0.000299094 7.71618e-05 
0.000474802 0.000303582 3.28598e-05 
0.000461895 2.31922e-05 6.83867e-05 
0.000336918 0.00010189 5.75638e-05 
0.000978202 0.000403685 2.18008e-05 
0.000598731 0.00048187 5.59809e-05 
0.000538702 0.000352636 7.16094e-05 
0.000723242 0.000173533 6.58221e-05 
0.00039402 0.000226291 6.60634e-05 
0.000384277 0.000281872 8.42847e-05 
0.000263528 0.000385465 7.92235e-05 
0.000573324 0.000157194 4.94317e-05 
0.000791266 5.17462e-05 7.97908e-05 
0.000846338 0.000463667 7.3171e-05 
9.14727e-05 5.64704e-05 8.0528e-05 
0.000192494 0.000109118 8.1852e-05 
0.000972464 9.02327e-05 2.75351e-05 
0.000511124 0.000428551 7.57437e-05 
0.000212043 0.000100937 2.45082e-05 
0.000366847 0.000413815 3.12547e-05 
0.000474522 0.000168807 2.60584e-05 
0.000283431 0.000413928 4.0502e-05 
0.000586321 0.000356514 2.37118e-05 
0.000800737 0.000190627 1.71766e-05 
0.000541125 7.54514e-05 5.98365e-05 
0.00024055 6.89957e-05 6.0475e-05 
0.00051356 0.000479103 1.73998e-05 
0.000396673 6.67728e-05 3.08112e-05 
0.000971767 0.000173924 6.2641e-05 
0.000894578 0.00017933 1.93954e-05 
0.000594525 0.000406086 7.59206e-05 
0.000619311 0.000132218 7.14638e-05 
0.000396936 0.00036365 6.64292e-05 
0.000693292 0.000383438 4.63638e-05 
0.000652188 6.70895e-05 6.4336e-05 
0.000161554 6.17533e-05 6.76145e-05 
0.000865457 0.000167554 5.42328e-05 
0.000443588 0.000115292 3.66431e-05 
0.000615897 0.000198965 8.16616e-05 
0.000707407 0.000128138 4.84777e-05 
0.000785161 0.000150439 2.30063e-05 
5.94595e-05 0.000340414 5.34408e-05 
0.000179844 0.000388266 5.49667e-05 
0.00042295 0.000445278 6.96032e-05 
0.000579111 0.000235995 5.93048e-05 
0.000793233 0.000384212 4.66414e-05 
2.99139e-05 0.000435268 2.99129e-05 
0.000345846 0.000277938 5.1193e-05 
0.000176176 0.000428838 2.8819e-05 
0.000153468 0.000270586 2.03551e-05 
0.000278773 5.68114e-05 2.32805e-05 
0.000822306 0.000474145 2.58538e-05 
0.000666759 0.000148405 5.57192e-05 
0.000981289 0.000295031 1.74972e-05 
0.000132777 0.000250271 5.59346e-05 
0.000868655 0.000332672 8.65798e-05 
0.000209615 2.35586e-05 6.09303e-05 
0.000931639 0.000214211 8.4156e-05 
0.000350844 0.000331861 7.56277e-05 
0.000417424 0.000181961 3.29476e-05 
0.000563752 0.000423185 5.78338e-05 
0.000777126 0.000479941 2.00569e-05 
0.000728385 0.000363993 4.9418e-05 
0.000798552 0.000115868 7.92929e-05 
0.000419662 2.34136e-05 1.93648e-05 
0.000819632 2.92563e-05 2.92585e-05 
0.000294327 6.83913e-05 6.51293e-05 
0.00073158 0.000249035 7.01864e-05 
7.52873e-05 0.000214361 2.46841e-05 
0.000680216 0.000180911 6.25912e-05 
0.000612765 0.000176272 2.65149e-05 
0.000393288 0.000263664 2.69505e-05 
0.000971748 0.000267511 7.35776e-05 
0.000651057 0.00027599 7.84355e-05 
0.000939035 0.000245638 3.02679e-05 
0.000595315 0.000132766 2.07392e-05 
8.73522e-05 0.000412935 3.03982e-05 
0.000130846 0.000436056 6.88705e-05 
0.000493322 0.00026124 5.23296e-05 
7.36091e-05 0.000166499 6.82511e-05 
0.000689323 0.000482785 1.72096e-05 
0.00064735 0.000383426 8.14329e-05 
0.000122596 0.000198792 4.44027e-05 
0.000308107 0.000273363 2.45236e-05 
0.000517204 0.000272443 2.10371e-05 
0.000765921 0.000180434 8.44093e-05 
0.000237046 0.000449111 7.09045e-05 
0.000977357 2.26418e-05 6.43293e-05 
0.000677233 0.000353895 2.10556e-05 
0.000229099 0.000223203 2.76748e-05 
0.000909817 0.000405892 3.6658e-05 
0.000414013 2.49847e-05 6.34647e-05 
0.000686011 2.66089e-05 5.01602e-05 
0.000767022 0.000475714 6.29853e-05 
0.00053686 0.000396646 5.95427e-05 
0.000452211 0.000165307 8.96122e-05 
0.000657831 0.000214502 3.29458e-05 
0.000412129 8.58128e-05 9.1208e-05 
0.000267066 0.000468726 3.12452e-05 
0.000979276 0.000402175 7.71073e-05 
0.000165043 0.000160148 6.09909e-05 
0.000915174 9.74011e-05 3.54329e-05 
0.000647611 0.000321275 2.30534e-05 
0.000361746 0.000411342 8.55938e-05 
0.000317698 0.000407213 7.2346e-05 
0.000870665 0.000123381 5.83617e-05 
0.000186961 0.000238232 1.80798e-05 
0.000690716 0.000432706 3.07169e-05 
5.48109e-05 2.89698e-05 2.89691e-05 
0.000541403 2.57619e-05 2.52972e-05 
0.000719055 0.000296764 2.06447e-05 
0.000884611 3.64703e-05 3.64866e-05 
0.000211578 0.000270855 1.83517e-05 
0.000908903 0.00013306 7.56659e-05 
0.000298709 0.000173135 4.45219e-05 
0.000788025 0.000327399 7.25492e-05 
0.000524259 0.000264676 7.36118e-05 
0.000733937 0.000288845 5.68611e-05 
0.000197424 0.000319165 6.77564e-05 
0.000800069 0.000442596 5.59363e-05 
0.000825557 0.000226829 2.07607e-05 
0.00059965 0.000406909 2.8631e-05 
2.61568e-05 0.000119971 2.6156e-05 
0.000461976 0.000322109 7.89954e-05 
0.000442528 0.000481274 5.30012e-05 
4.63136e-05 0.000393866 4.85428e-05 
0.000382856 0.000318738 2.83335e-05 
0.000555434 0.000422346 1.91483e-05 
0.000267003 0.000116303 4.97385e-05 
0.000913719 8.23925e-05 6.85737e-05 
0.000612642 0.000253521 8.26121e-05 
0.000803308 0.0002088 5.9304e-05 
0.000437479 0.000374899 3.34527e-05 
0.000248013 0.000120412 1.70663e-05 
0.000746299 2.03366e-05 2.03323e-05 
0.000393909 0.000136466 1.98867e-05 
0.000347404 0.000250721 2.0945e-05 
0.000259424 0.000338021 5.43059e-05 
0.000717777 8.24219e-05 5.57009e-05 
0.000756214 0.000309216 1.85871e-05 
0.00086595 0.000410575 8.16675e-05 
0.00063708 0.000126967 2.04393e-05 
0.0006173 2.22936e-05 2.20122e-05 
0.000326731 0.000482966 1.70356e-05 
0.000578588 0.000110942 4.77229e-05 
0.00012429 0.000125881 5.70889e-05 
0.000193108 0.000471911 6.19173e-05 
0.000192494 6.49895e-05 5.08812e-05 
2.19516e-05 4.6019e-05 6.39294e-05 
6.59363e-05 0.000304521 2.25141e-05 
0.000689499 0.000240962 6.51803e-05 
2.2527e-05 0.000477477 6.01319e-05 
0.000758372 0.000430834 5.18202e-05 
0.000445973 0.00025174 6.35796e-05 
0.00062338 0.00045451 2.08354e-05 
0.000837032 7.19418e-05 1.7535e-05 
0.000300705 0.000129436 2.42621e-05 
0.000936114 0.000459954 2.46565e-05 
0.000631879 0.000477945 7.83356e-05 
0.000193927 0.000420699 8.04694e-05 
0.000970276 0.00048286 1.71386e-05 
0.000833327 0.000332014 3.29509e-05 
5.99581e-05 0.000439349 8.30253e-05 
0.000454058 0.000439708 2.56024e-05 
0.000772004 0.000117466 4.74827e-05 
0.000742679 0.000327116 5.0418e-05 
0.000611209 0.000298883 8.81605e-05 
0.000120202 0.000465281 2.16547e-05 
0.000764688 0.000237454 5.05247e-05 
0.000806361 0.000109614 2.2919e-05 
0.000728443 0.000404696 5.04561e-05 
0.000467234 0.000431048 6.94285e-05 
0.000536776 0.000165784 6.3261e-05 
0.000341605 0.000138011 1.79672e-05 
0.000609996 0.000279863 3.39212e-05 
0.000185878 0.000263904 5.88162e-05 
0.000494557 0.000102861 6.9478e-05 
0.000564373 0.000192465 2.24398e-05 
0.000433374 0.00048226 1.7728e-05 
0.000501003 0.000177445 6.33598e-05 
0.000745777 0.00013221 2.04242e-05 
0.000225567 0.000176893 1.94788e-05 
9.88805e-05 0.000411304 0.000102646 
0.000496979 0.000341223 5.78674e-05 
4.33367e-05 0.000199516 4.88479e-05 
0.000673872 0.000275492 3.01815e-05 
0.000577139 2.0034e-05 5.25734e-05 
0.000139742 0.000382358 3.02605e-05 
3.22491e-05 0.000276699 6.95137e-05 
0.000379673 0.000454349 5.52355e-05 
0.00053985 0.000303172 1.72964e-05 
0.000848621 9.36737e-05 6.48913e-05 
0.000729313 9.55131e-05 1.97367e-05 
8.00523e-05 0.00017125 1.90567e-05 
5.71067e-05 0.000370765 1.99499e-05 
0.000278049 0.00020226 7.71572e-05 
0.000978022 0.000215369 2.00958e-05 
0.000274354 0.00024153 2.15244e-05 
0.000834064 0.000183809 9.07049e-05 
0.000888231 0.000349146 2.50988e-05 
0.000674927 0.000128818 1.75614e-05 
2.25669e-05 0.000254378 2.25669e-05 
0.000713663 0.000234623 2.65792e-05 
0.000111681 0.000238274 1.9207e-05 
0.000944231 0.00015615 1.71497e-05 
0.000888195 0.000444497 6.87569e-05 
0.000418876 0.000407642 2.19568e-05 
0.000108709 5.58914e-05 3.13139e-05 
0.000575333 0.000317522 6.23893e-05 
0.000865221 0.000203213 1.84591e-05 
0.000247858 0.000183826 5.0871e-05 
2.11341e-05 0.000365762 6.01957e-05 
0.000775017 0.000275347 6.71082e-05 
0.000242378 2.50564e-05 2.50545e-05 
0.000799051 6.9858e-05 1.77018e-05 
0.000252 0.000268643 7.82028e-05 
0.000296634 0.000444334 6.6075e-05 
0.000701258 0.000175568 2.56851e-05 
0.000366703 0.000110086 1.80345e-05 
0.00096018 0.000427222 5.13118e-05 
0.000166814 0.000188825 2.17742e-05 
0.000127631 0.000324828 2.09968e-05 
0.000978653 0.000124805 6.21761e-05 
0.00021121 5.68474e-05 1.97777e-05 
0.000978444 0.000138593 2.15522e-05 
0.000795012 0.000290254 2.43352e-05 
0.00037912 0.000481843 7.80057e-05 
7.93473e-05 0.000125603 2.7344e-05 
0.000442156 0.000392222 7.69427e-05 
0.00012804 0.000329979 6.44379e-05 
0.000461499 2.26476e-05 2.26034e-05 
0.000942407 0.000393031 7.76476e-05 
0.000935241 0.000354668 2.22985e-05 
0.000230064 0.000311791 2.62418e-05 
0.000351366 0.000233559 8.49324e-05 
0.00082406 0.000415341 7.52906e-05 
0.000973191 0.000472671 5.97258e-05 
0.000229815 0.000138261 4.83625e-05 
0.000390325 0.000189723 0.00011845 
0.000116624 0.000155423 2.08336e-05 
0.000283141 0.000345041 2.01111e-05 
0.000370386 1.97815e-05 7.20153e-05 
0.000643614 0.000438872 5.74215e-05 
2.02812e-05 0.00038696 2.0278e-05 
0.00052431 0.000482659 5.02306e-05 
0.00097297 0.00032222 6.28221e-05 
0.000597738 0.000444284 5.90598e-05 
0.000942539 0.000308869 2.4043e-05 
0.000367278 0.00016336 1.80017e-05 
0.00059958 7.65418e-05 6.18456e-05 
0.000883521 9.24316e-05 5.14626e-05 
0.000938003 2.11453e-05 2.11436e-05 
0.000444878 5.83834e-05 1.7173e-05 
0.000681144 0.000472162 7.28932e-05 
0.000700961 5.20602e-05 8.56661e-05 
0.000764094 0.000444567 1.77051e-05 
0.000333733 3.82754e-05 3.53037e-05 
0.000334316 0.000479397 5.37483e-05 
0.000674813 5.23163e-05 2.06428e-05 
0.000324372 0.000322797 2.72731e-05 
0.000480269 7.6704e-05 1.9323e-05 
9.9226e-05 0.000372194 7.2237e-05 
0.000216165 0.000384489 6.19031e-05 
0.000506139 0.000114299 2.66786e-05 
1.92847e-05 6.01455e-05 1.92719e-05 
0.000500551 1.72882e-05 1.71856e-05 
0.000832414 0.000371426 8.4828e-05 
0.00030885 8.5563e-05 1.85974e-05 
4.66484e-05 0.000184914 1.7088e-05 
0.000174419 0.000219282 4.57693e-05 
0.000573916 0.000315815 1.90617e-05 
0.000420777 0.00032399 9.03937e-05 
0.000459923 0.000212954 2.06969e-05 
0.000828218 0.000124851 5.44135e-05 
0.00083901 0.00023896 6.34885e-05 
0.000182912 0.000301298 2.22253e-05 
0.000612822 0.000330607 4.16755e-05 
0.000540778 1.98786e-05 7.00829e-05 
0.000644094 0.000420611 1.88802e-05 
0.000844063 1.83623e-05 6.86544e-05 
0.00031798 0.000442179 2.55356e-05 
0.000428572 0.000321749 1.87715e-05 
0.000982648 6.21411e-05 6.10345e-05 
0.000317872 0.000378705 2.90377e-05 
2.00789e-05 0.000222744 6.8121e-05 
0.000122701 0.000165917 8.0165e-05 
0.000164269 0.000337965 3.61406e-05 
0.000941835 0.000110232 5.60113e-05 
0.000406195 0.000451491 2.37324e-05 
0.000472463 0.000201339 5.46129e-05 
6.25083e-05 0.000482603 6.0922e-05 
0.000484758 0.000474215 6.51954e-05 
0.000860287 0.000375905 5.15082e-05 
0.000136963 0.0004825 5.25664e-05 
0.000149901 0.000230635 1.97626e-05 
0.000496555 0.000447268 1.81905e-05 
0.000756882 4.18099e-05 7.77244e-05 
0.000752539 0.000150393 5.45839e-05 
0.000261902 0.000156734 2.21467e-05 
0.000473426 0.000251819 2.04023e-05 
0.000570948 9.2653e-05 1.79198e-05 
0.000806451 1.87218e-05 7.41726e-05 
0.000604029 0.000224605 2.27552e-05 
0.000716071 0.000338157 2.08507e-05 
0.000887174 8.69594e-05 1.75241e-05 
0.000165262 3.06241e-05 3.06227e-05 
0.000614031 3.46857e-05 6.31591e-05 
0.000598618 0.000356161 6.66656e-05 
0.000718547 5.3763e-05 2.31985e-05 
0.000211298 0.00016668 8.13413e-05 
0.000552737 0.000465652 2.45761e-05 
0.000752512 0.000267085 2.40607e-05 
0.000731249 0.000473253 2.67552e-05 
0.000546396 0.00038116 2.32155e-05 
0.000610762 9.32808e-05 2.16752e-05 
0.000778019 0.000419709 8.10936e-05 
0.000538496 0.000292022 5.07252e-05 
0.000753265 0.0003956 7.71716e-05 
2.27338e-05 0.000343344 2.26356e-05 
0.000667227 0.000391698 1.81551e-05 
0.000558928 0.000468405 7.81523e-05 
0.000148701 0.000300853 4.37827e-05 
0.000378002 0.000152509 5.30365e-05 
0.000920244 0.000474254 7.0305e-05 
0.000721264 0.000384178 1.84456e-05 
5.61373e-05 8.1084e-05 2.30426e-05 
0.000648574 1.84074e-05 5.32803e-05 
0.000593356 0.000480854 1.91307e-05 
0.000561117 0.000196477 6.52694e-05 
0.000406086 0.000407449 5.90393e-05 
0.000171461 1.83574e-05 7.76421e-05 
0.000199519 0.00018772 4.27911e-05 
0.000405968 0.000361183 1.9626e-05 
0.000388453 0.000112849 5.25597e-05 
0.000497994 0.000353786 9.10347e-05 
0.000791971 8.17923e-05 5.42482e-05 
0.000807622 0.000253596 4.52784e-05 
0.000699549 0.000278464 7.35686e-05 
0.000830701 0.000150277 2.25275e-05 
0.000570527 0.000383063 5.7734e-05 
0.000982124 0.000177682 1.78724e-05 
0.000154387 0.00013955 2.01367e-05 
0.000480416 5.48751e-05 8.5632e-05 
0.00027881 2.44711e-05 5.61706e-05 
2.04132e-05 0.000211503 2.04106e-05 
0.000639721 0.000320193 6.45135e-05 
0.000270626 0.000198917 2.08996e-05 
0.000704527 0.000204597 5.70116e-05 
0.000580184 4.48901e-05 8.33383e-05 
0.000534302 0.000130786 5.78105e-05 
0.000280034 0.000246074 6.38212e-05 
0.000923657 0.000170066 4.77627e-05 
0.000876521 0.000256958 8.81727e-05 
0.00058285 5.29347e-05 2.39715e-05 
4.83119e-05 0.000237017 4.78619e-05 
0.000193205 0.00036234 8.58667e-05 
0.000833355 0.000190032 3.07924e-05 
5.81348e-05 6.39924e-05 6.09163e-05 
0.000233585 0.000417894 2.96343e-05 
0.00068829 9.72557e-05 7.94555e-05 
2.27432e-05 0.000327472 8.16158e-05 
0.000552831 0.000127999 2.2007e-05 
0.000757146 6.02257e-05 4.37052e-05 
0.000962245 0.000375094 4.98208e-05 
0.000475951 0.000479704 2.02978e-05 
0.000381678 1.9228e-05 1.8851e-05 
0.000977326 4.04758e-05 2.26727e-05 
0.000312491 2.52939e-05 9.05605e-05 
0.000457145 0.000349286 1.82645e-05 
0.00097845 0.00034724 2.15463e-05 
0.000364809 0.000136007 9.06805e-05 
0.00080264 0.000478621 9.13586e-05 
0.000463293 8.48108e-05 7.73054e-05 
0.000158976 0.000204576 7.84141e-05 
0.000917517 0.000261262 7.09406e-05 
0.000522043 0.000340189 2.43857e-05 
5.27947e-05 0.000104321 6.33596e-05 
0.000115202 0.000101605 1.70166e-05 
0.00016243 0.000477672 2.23291e-05 
0.00089829 0.000368654 7.38123e-05 
0.000488679 6.95034e-05 5.47534e-05 
0.000743604 0.000297593 9.87271e-05 
0.000950462 0.00035687 8.44902e-05 
0.000323788 0.000466427 9.46042e-05 
8.99835e-05 9.32225e-05 5.61189e-05 
0.000742667 0.000108497 7.2836e-05 
0.00036402 0.000206781 2.63239e-05 
0.000525278 0.000435246 3.72138e-05 
0.000217531 0.000479438 2.05472e-05 
9.59686e-05 0.00035434 2.23071e-05 
0.00012259 0.000290149 6.56394e-05 
0.000313291 0.00021593 2.5218e-05 
0.000246016 0.000228142 6.91962e-05 
0.000895487 0.00020242 4.9692e-05 
0.000128713 2.22781e-05 6.79483e-05 
0.000934189 0.00029291 6.25006e-05 
1.80681e-05 8.28919e-05 4.8859e-05 
0.000937735 0.000197832 1.83511e-05 
0.000895669 0.000238954 5.26248e-05 
0.0004883 0.000141238 5.78008e-05 
0.000883293 0.000470572 2.94299e-05 
0.000509756 0.000306836 7.80955e-05 
8.76191e-05 0.000460181 4.6088e-05 
0.000753505 0.00040878 1.96566e-05 
0.000298297 0.000482316 6.63742e-05 
0.000754886 0.000353777 2.09934e-05 
0.000700902 1.72501e-05 1.72502e-05 
0.000635877 6.10232e-05 1.92796e-05 
0.000194941 0.000358023 4.64947e-05 
0.000265911 0.000152737 6.1739e-05 
0.000337958 0.00015492 5.16452e-05 
0.000472741 0.000287858 8.02811e-05 
0.000561366 0.0002757 1.75569e-05 
0.000288469 1.75518e-05 1.75538e-05 
0.000428796 0.000236577 1.84388e-05 
0.000157967 0.000358733 6.95485e-05 
0.000862765 0.000239125 3.20679e-05 
0.000657277 1.79786e-05 1.79768e-05 
0.000242937 0.000300658 6.68576e-05 
0.000405311 0.000481786 5.2733e-05 
0.000727402 2.23833e-05 5.85832e-05 
0.000979241 0.000446222 2.07496e-05 
0.000836079 0.000269362 2.08976e-05 
0.000442102 6.06384e-05 5.5317e-05 
0.000195171 0.000149094 2.17763e-05 
0.000953562 8.48199e-05 7.83508e-05 
0.000350997 0.000288561 1.72411e-05 
0.000131155 0.000427806 1.7596e-05 
0.000108623 0.000282525 2.56078e-05 
0.000368666 0.000187798 6.71086e-05 
0.000785451 0.000232994 1.98194e-05 
0.000508596 5.24661e-05 1.74857e-05 
0.000768139 9.02588e-05 1.93087e-05 
0.000340484 0.000441512 6.41841e-05 
0.000923338 1.80076e-05 7.00796e-05 
0.000938039 0.000120502 1.90731e-05 
0.000467473 0.000357242 7.33429e-05 
0.00095101 0.000139778 8.56297e-05 
0.000699515 0.000416221 8.30787e-05 
1.84734e-05 0.000163262 1.84761e-05 
0.000503665 3.24864e-05 5.33233e-05 
0.000271176 0.000382106 1.88553e-05 
0.000127258 8.07545e-05 7.46363e-05 
0.000197447 0.000339359 1.73778e-05 
0.000795655 0.000427756 1.79422e-05 
0.000853145 0.000109666 2.38729e-05 
0.000305976 0.000355193 7.28128e-05 
0.000545213 0.000258208 4.29734e-05 
0.000776761 4.17093e-05 1.7029e-05 
0.000661812 0.000110359 4.61697e-05 
0.000657282 0.00016257 2.0464e-05 
5.11413e-05 0.000381962 8.71174e-05 
0.000153224 0.000481007 8.52055e-05 
0.000659285 0.000466227 1.70773e-05 
5.91555e-05 0.000478015 2.19684e-05 
9.6359e-05 0.000320383 4.21189e-05 
0.000901239 0.000175209 7.96883e-05 
0.000567784 0.000275446 6.47642e-05 
0.000579007 0.000101797 9.04183e-05 
1.87238e-05 0.000481274 1.87241e-05 
0.00078356 0.00032988 2.83982e-05 
9.09723e-05 1.75848e-05 5.60014e-05 
0.000485548 0.00022678 7.36955e-05 
0.000366197 0.000476535 2.3469e-05 
1.80974e-05 0.000407449 6.72194e-05 
0.000352216 0.000377386 6.23798e-05 
2.18944e-05 0.000298827 2.18931e-05 
0.000829308 3.86126e-05 9.57401e-05 
0.000245533 0.000268329 3.96047e-05 
0.000364324 0.00036307 2.06407e-05 
0.000930805 7.11328e-05 1.79169e-05 
0.000274227 9.73202e-05 1.7838e-05 
