0.000839268 0.000418939 3.1053e-05 
7.89239e-05 0.000296285 6.34319e-05 
0.000531237 0.000221512 9.14126e-05 
0.000317941 0.000242253 7.88421e-05 
0.000687715 0.000327401 6.45201e-05 
0.000370408 6.09691e-05 7.71572e-05 
0.000754121 0.00019539 3.09905e-05 
0.000884678 0.000289236 3.57923e-05 
0.00052624 4.58472e-05 9.8628e-05 
0.000782848 0.000232233 9.38706e-05 
0.000634758 0.000367729 2.42391e-05 
0.000180331 0.000383589 1.97434e-05 
0.000829498 0.000286536 7.27899e-05 
0.000200547 0.000216211 7.07919e-05 
0.000488308 0.000379104 3.62684e-05 
0.000807184 0.000154096 6.50554e-05 
0.000443367 0.000343145 5.74501e-05 
0.000232832 0.000361964 2.52294e-05 
0.000527751 0.00015719 4.99557e-05 
0.000884523 0.000237122 1.8934e-05 
0.000921182 0.000330328 6.22976e-05 
0.000414845 0.000308321 5.68657e-05 
0.000943274 5.17359e-05 5.42249e-05 
0.000847231 4.88778e-05 7.65129e-05 
0.000689918 9.08893e-05 2.14024e-05 
0.000273728 0.000302198 2.89159e-05 
8.53252e-05 0.0002268 8.41451e-05 
0.000565543 0.000236945 1.97555e-05 
0.000165282 9.09143e-05 2.98304e-05 
0.000968518 0.000461843 0.000104154 
0.000518419 0.000216113 3.31017e-05 
0.000962313 0.000216966 5.68055e-05 
0.000888961 0.000135091 2.57065e-05 
0.000771415 2.10078e-05 5.12814e-05 
6.65237e-05 0.000258698 2.19112e-05 
0.000745804 0.000346434 9.27907e-05 
0.000611623 0.000440113 0.000104727 
0.000308946 0.000174794 9.98763e-05 
0.000341765 0.000205563 7.03516e-05 
0.000325655 0.000187321 1.87161e-05 
0.000299706 0.000298302 7.87936e-05 
0.000477925 0.00030927 3.28581e-05 
0.000460925 2.31827e-05 6.82766e-05 
0.000339902 9.93592e-05 5.59016e-05 
0.000971076 0.000396878 2.18014e-05 
0.000594494 0.000470317 5.43322e-05 
0.000538156 0.000348226 8.62592e-05 
0.00071163 0.000161937 7.81281e-05 
0.000394648 0.000233387 6.31292e-05 
0.000395981 0.000278861 0.000101407 
0.000269483 0.000373115 9.03676e-05 
0.00057451 0.000159259 5.44998e-05 
0.000799231 5.24714e-05 0.000108151 
0.000841705 0.000456208 7.71176e-05 
8.94382e-05 6.38746e-05 9.32008e-05 
0.000182255 0.000103536 9.08466e-05 
0.000972426 8.56532e-05 2.75354e-05 
0.000520021 0.000419769 9.45633e-05 
0.000218871 0.000101513 2.45093e-05 
0.000369383 0.000421997 3.12565e-05 
0.000484474 0.000165403 2.60662e-05 
0.000283591 0.000411214 5.11248e-05 
0.000588199 0.0003552 2.37105e-05 
0.000800063 0.000190985 1.71795e-05 
0.000544307 7.77995e-05 5.54061e-05 
0.000239699 7.76314e-05 7.05806e-05 
0.000515933 0.000467011 1.73995e-05 
0.000393797 6.56014e-05 3.08119e-05 
0.00096617 0.000171308 6.29313e-05 
0.000891145 0.000186761 1.93962e-05 
0.00058215 0.000393712 8.53687e-05 
0.000623068 0.000133678 7.14524e-05 
0.000397968 0.000361208 6.5799e-05 
0.00068974 0.000386256 4.99413e-05 
0.000650087 6.94013e-05 6.20387e-05 
0.000150133 4.54578e-05 7.2287e-05 
0.0008629 0.000153848 6.81308e-05 
0.000444336 0.000110206 3.66403e-05 
0.000616118 0.000199739 8.02442e-05 
0.000711976 0.000126541 4.6593e-05 
0.000787083 0.000153368 2.30051e-05 
5.52566e-05 0.00033595 6.30943e-05 
0.000168792 0.000380909 5.98439e-05 
0.000436022 0.000437473 7.02252e-05 
0.000584523 0.000240852 5.89163e-05 
0.000788384 0.000384221 5.27945e-05 
2.99142e-05 0.00043395 2.99117e-05 
0.000345289 0.000282492 0.000103015 
0.000180907 0.00043129 2.88137e-05 
0.000148718 0.000276186 2.03549e-05 
0.000276634 5.71766e-05 2.32761e-05 
0.000815698 0.000474144 2.58535e-05 
0.000686658 0.000133244 9.6976e-05 
0.000980863 0.000295175 1.74972e-05 
0.000130366 0.00025786 5.73364e-05 
0.000869498 0.000334284 8.43342e-05 
0.000212229 2.77759e-05 6.44834e-05 
0.000918443 0.000205018 8.21457e-05 
0.000358788 0.000322445 8.12254e-05 
0.000418816 0.000187346 3.29319e-05 
0.000558867 0.000408186 5.71262e-05 
0.000770832 0.000466341 2.00604e-05 
0.000722599 0.000363123 5.16877e-05 
0.000784683 0.000114531 8.42604e-05 
0.000422345 2.57845e-05 1.93648e-05 
0.000821799 2.92706e-05 2.92552e-05 
0.000292934 7.23314e-05 6.33622e-05 
0.000725128 0.000250871 7.42006e-05 
8.11876e-05 0.000214552 2.46906e-05 
0.000686816 0.00018588 6.40158e-05 
0.000612388 0.000174117 2.65159e-05 
0.000398261 0.000273441 2.695e-05 
0.000971748 0.000259881 7.25704e-05 
0.000648081 0.000278651 7.67089e-05 
0.000933934 0.000245557 3.02693e-05 
0.000598684 0.000129277 2.07365e-05 
8.8483e-05 0.000419574 3.0396e-05 
0.000135059 0.000436168 6.86276e-05 
0.000486822 0.000281614 7.37285e-05 
7.60769e-05 0.000160152 8.01768e-05 
0.00068664 0.000482757 1.73196e-05 
0.000640782 0.000390583 8.04696e-05 
0.000128523 0.000198867 4.42622e-05 
0.000309657 0.000275228 2.45251e-05 
0.000520772 0.000271538 4.00514e-05 
0.000762349 0.000179877 8.45378e-05 
0.000246005 0.000461041 7.90322e-05 
0.000977349 3.06784e-05 7.9167e-05 
0.000678825 0.00035768 2.10498e-05 
0.000229487 0.000225168 2.76755e-05 
0.000912098 0.000404743 3.66592e-05 
0.00041352 3.15011e-05 7.03309e-05 
0.000689508 4.09798e-05 5.53726e-05 
0.00077278 0.000475747 7.75362e-05 
0.000529057 0.000388705 6.98523e-05 
0.000459785 0.000163795 8.25827e-05 
0.000659851 0.000214414 3.29389e-05 
0.000423813 0.000109453 0.000102125 
0.00026872 0.000468725 3.12445e-05 
0.000979276 0.000387295 8.61896e-05 
0.000163084 0.000156883 6.67485e-05 
0.000896848 9.79699e-05 4.60638e-05 
0.000651173 0.000323377 2.30558e-05 
0.000359891 0.000405005 9.23579e-05 
0.000316297 0.000398152 7.80571e-05 
0.000869272 0.000124076 0.000101186 
0.000188147 0.000242278 1.808e-05 
0.000693486 0.000434152 3.07187e-05 
6.09122e-05 2.89698e-05 2.89722e-05 
0.000544966 2.5308e-05 2.52998e-05 
0.000719283 0.000297065 2.06405e-05 
0.000885295 4.4635e-05 3.64735e-05 
0.000216282 0.000268272 1.8352e-05 
0.000914709 0.000128886 7.04344e-05 
0.000299726 0.000168024 4.65563e-05 
0.000802778 0.000335745 8.79332e-05 
0.000520304 0.000266515 8.21821e-05 
0.000726567 0.000290155 5.93061e-05 
0.000200281 0.000323445 7.0158e-05 
0.000796656 0.000440879 5.62705e-05 
0.000823091 0.000220928 2.07595e-05 
0.00059876 0.000406227 2.86318e-05 
2.61562e-05 0.000115051 2.6156e-05 
0.000467936 0.000324237 8.26486e-05 
0.000456245 0.000470979 4.9647e-05 
4.79947e-05 0.000391036 7.32057e-05 
0.000378021 0.000324547 2.80217e-05 
0.000553384 0.000417845 1.91471e-05 
0.000274544 0.000113052 5.74483e-05 
0.000909959 6.34256e-05 8.2591e-05 
0.000602455 0.000249356 9.86761e-05 
0.000803007 0.00020473 6.12507e-05 
0.000434818 0.000376932 4.0302e-05 
0.000252714 0.000125055 3.00118e-05 
0.000744034 2.03309e-05 2.03294e-05 
0.000397802 0.000137582 1.98856e-05 
0.000350669 0.000254871 2.09459e-05 
0.000257178 0.000335215 5.57613e-05 
0.00072374 8.6029e-05 6.82362e-05 
0.00076921 0.000314108 1.85833e-05 
0.000871587 0.000412938 8.18123e-05 
0.000639796 0.000125658 2.04341e-05 
0.000616204 2.2014e-05 4.1545e-05 
0.000333478 0.000473723 2.91709e-05 
0.000577941 0.000118584 5.1397e-05 
0.000125429 0.000120369 5.68114e-05 
0.00019916 0.000471913 6.4224e-05 
0.000196066 6.3942e-05 5.34546e-05 
4.18216e-05 4.88653e-05 8.72247e-05 
6.32036e-05 0.000311931 2.25135e-05 
0.000675987 0.000247076 7.05209e-05 
2.53316e-05 0.000476979 5.95667e-05 
0.000753553 0.000421462 7.4117e-05 
0.000443266 0.000264828 6.23713e-05 
0.000620978 0.000457881 2.0852e-05 
0.000830548 7.20012e-05 5.37635e-05 
0.000301106 0.000125309 2.42604e-05 
0.000924172 0.000463658 2.46531e-05 
0.000633551 0.000477932 8.5169e-05 
0.000193341 0.000411527 7.88465e-05 
0.000960529 0.000482862 1.714e-05 
0.000831189 0.000336325 3.29519e-05 
6.07513e-05 0.000438048 8.25678e-05 
0.000460593 0.000433391 2.56021e-05 
0.000783234 0.000115358 4.28383e-05 
0.00074422 0.000323483 4.69456e-05 
0.00060546 0.000297895 8.9628e-05 
0.000119898 0.00046016 2.16573e-05 
0.00075968 0.000230223 6.42501e-05 
0.000812243 9.07171e-05 2.29204e-05 
0.000727849 0.000402215 5.06487e-05 
0.000479276 0.000417981 7.73002e-05 
0.000561976 0.000150439 9.14281e-05 
0.000336531 0.000147446 1.79661e-05 
0.000610693 0.000284696 3.39196e-05 
0.000189018 0.000268651 5.83828e-05 
0.000506426 0.000111268 7.53524e-05 
0.000566358 0.00019021 2.24188e-05 
0.000442708 0.000482261 1.77271e-05 
0.00051403 0.000177607 8.70834e-05 
0.000751846 0.000127601 2.04263e-05 
0.000217398 0.000180334 1.94783e-05 
0.000103855 0.000433588 0.000111007 
0.000498328 0.000337697 6.90058e-05 
4.90365e-05 0.00018888 5.14409e-05 
0.000674083 0.000275851 3.01809e-05 
0.00057744 2.75104e-05 5.68713e-05 
0.000131867 0.000377178 3.02606e-05 
3.03127e-05 0.000282548 7.17235e-05 
0.000375819 0.000439224 7.64622e-05 
0.000536236 0.000298236 1.7297e-05 
0.000845989 8.65025e-05 8.7812e-05 
0.000731246 9.31027e-05 1.97411e-05 
7.24136e-05 0.000171442 1.90551e-05 
6.00206e-05 0.000379374 1.9949e-05 
0.0002686 0.000210435 8.85762e-05 
0.000968353 0.000209002 2.00957e-05 
0.000274838 0.00024323 2.1525e-05 
0.000830801 0.000181283 9.63728e-05 
0.00088726 0.000349305 2.51028e-05 
0.000678048 0.000130668 1.75615e-05 
2.26093e-05 0.000251193 2.25697e-05 
0.000718131 0.00024021 2.65803e-05 
0.000113438 0.00024381 1.92067e-05 
0.000946049 0.000151344 1.71498e-05 
0.000891411 0.000446765 6.48898e-05 
0.000420168 0.000408538 2.19575e-05 
0.000112178 6.06141e-05 3.1314e-05 
0.000571326 0.000317096 6.20683e-05 
0.000860277 0.000208659 1.84601e-05 
0.000255219 0.000192691 5.05242e-05 
2.11346e-05 0.000366904 5.72076e-05 
0.000776061 0.000269309 6.91645e-05 
0.000240532 2.50589e-05 2.5055e-05 
0.000788737 6.138e-05 3.83582e-05 
0.000262706 0.000267927 0.00010066 
0.00028839 0.000444373 7.62291e-05 
0.00070185 0.000174142 2.56837e-05 
0.000362885 0.000122914 1.80329e-05 
0.000969044 0.000424972 7.47373e-05 
0.00016709 0.000174918 2.1776e-05 
0.000138475 0.00031869 2.09965e-05 
0.000974228 0.000114022 6.72994e-05 
0.000210789 5.8212e-05 1.97782e-05 
0.000978447 0.000134321 2.97319e-05 
0.000803012 0.00028718 2.43353e-05 
0.000395991 0.000479463 9.78226e-05 
7.78865e-05 0.00012729 3.22592e-05 
0.000442492 0.000387819 8.14146e-05 
0.000129087 0.000315227 8.21598e-05 
0.000464107 2.27812e-05 2.26039e-05 
0.000941661 0.000381991 0.000103883 
0.000934548 0.000352142 2.23105e-05 
0.000227732 0.000310756 2.6247e-05 
0.00035775 0.000239525 9.19144e-05 
0.000823805 0.000413585 7.76106e-05 
0.000973258 0.000467692 5.62985e-05 
0.000225886 0.000149389 4.76526e-05 
0.000402661 0.000195384 0.000114046 
0.000113494 0.000157668 2.0834e-05 
0.000278837 0.00034163 2.01101e-05 
0.000357567 1.97774e-05 8.08037e-05 
0.000646259 0.000445449 5.54359e-05 
2.02822e-05 0.000385637 2.02788e-05 
0.000519232 0.00048266 6.79175e-05 
0.000972975 0.000324208 5.9403e-05 
0.000605171 0.000436059 6.59842e-05 
0.000940828 0.000306243 2.40321e-05 
0.000373493 0.00016681 1.80001e-05 
0.000598929 6.43182e-05 7.1286e-05 
0.000880052 8.38433e-05 7.25241e-05 
0.000935626 2.11468e-05 2.1149e-05 
0.00044501 5.74811e-05 1.71704e-05 
0.000686038 0.000472132 7.4647e-05 
0.000689873 5.80855e-05 9.78289e-05 
0.000758292 0.000437356 4.07709e-05 
0.000330985 3.578e-05 3.53008e-05 
0.000354904 0.000467918 6.24746e-05 
0.000671932 5.28809e-05 2.06406e-05 
0.000322734 0.000325288 2.72728e-05 
0.000490093 8.11151e-05 5.04886e-05 
0.000115575 0.000370064 8.67607e-05 
0.000227128 0.000383051 6.47991e-05 
0.000506447 0.000117458 2.66781e-05 
1.92943e-05 6.64087e-05 5.64806e-05 
0.000503497 2.0837e-05 1.71844e-05 
0.000839924 0.000379576 9.09374e-05 
0.000309864 8.2571e-05 1.85946e-05 
4.50632e-05 0.000194989 1.70885e-05 
0.000161921 0.000229315 5.57178e-05 
0.00056611 0.000318871 1.90571e-05 
0.000424888 0.000328532 9.62337e-05 
0.000466652 0.000208298 2.06976e-05 
0.000823812 0.00011636 7.70365e-05 
0.000849214 0.000242221 8.51848e-05 
0.00017974 0.000305293 2.22257e-05 
0.000617992 0.000334689 4.34001e-05 
0.000539393 1.99914e-05 6.98223e-05 
0.000641776 0.000423914 1.88796e-05 
0.000851004 1.83635e-05 9.76181e-05 
0.000314576 0.000435733 2.55339e-05 
0.000427871 0.000308472 1.87682e-05 
0.000972633 6.49694e-05 0.000101779 
0.000317931 0.000381367 2.90395e-05 
2.81553e-05 0.000205038 7.89127e-05 
0.000121044 0.000143905 9.63645e-05 
0.000166912 0.000341714 4.11346e-05 
0.000941149 9.37391e-05 7.80024e-05 
0.000414488 0.000453522 2.75445e-05 
0.000474964 0.000209374 5.77338e-05 
8.02375e-05 0.000482604 8.15292e-05 
0.000483795 0.000464041 8.39253e-05 
0.0008621 0.000376907 5.33742e-05 
0.000133064 0.000482498 5.09962e-05 
0.000151208 0.000234241 1.97621e-05 
0.000495841 0.000452658 4.3021e-05 
0.000766311 3.79481e-05 8.58326e-05 
0.000757099 0.000150296 5.20615e-05 
0.000261012 0.000162565 2.21479e-05 
0.000486811 0.000258205 2.04009e-05 
0.000577378 9.68606e-05 1.79197e-05 
0.000809717 1.87272e-05 7.44751e-05 
0.000605733 0.000222756 2.27397e-05 
0.000716041 0.000338428 2.08481e-05 
0.000876683 9.44566e-05 1.75255e-05 
0.000170022 3.06368e-05 3.06227e-05 
0.0006067 2.29859e-05 8.53747e-05 
0.000599911 0.000350395 7.34616e-05 
0.000715695 5.32381e-05 2.31933e-05 
0.000208197 0.00017023 8.62611e-05 
0.000553587 0.000458931 3.40878e-05 
0.000756761 0.000272926 2.40604e-05 
0.000732636 0.000473252 4.62192e-05 
0.000546281 0.000376281 2.32155e-05 
0.000616312 9.07075e-05 2.16782e-05 
0.00078201 0.000426169 9.72648e-05 
0.000532823 0.000299704 6.42149e-05 
0.000769109 0.000390074 0.000108615 
2.33082e-05 0.000340146 2.26368e-05 
0.000665898 0.000395831 1.81436e-05 
0.000560089 0.000470615 8.70847e-05 
0.000153333 0.00030069 5.25024e-05 
0.00039171 0.00014901 5.78435e-05 
0.000924237 0.000474255 7.39269e-05 
0.000725136 0.000380604 1.84492e-05 
6.11911e-05 8.06518e-05 2.30416e-05 
0.000661337 1.83929e-05 6.86529e-05 
0.000588311 0.000480846 1.91314e-05 
0.000564818 0.000202214 6.38324e-05 
0.000406876 0.000408336 5.88463e-05 
0.000173637 1.83946e-05 7.79166e-05 
0.000194866 0.00018103 4.83025e-05 
0.000409865 0.000358981 1.96286e-05 
0.000391937 0.000108058 6.00958e-05 
0.000496999 0.000352464 0.000111592 
0.000793533 7.35221e-05 7.52388e-05 
0.000808833 0.000248936 4.62852e-05 
0.000698736 0.00028175 8.83395e-05 
0.000832355 0.000148562 2.25275e-05 
0.000568289 0.000369652 5.85603e-05 
0.000975918 0.000171858 1.78724e-05 
0.000148946 0.000137139 2.01358e-05 
0.000479306 3.4927e-05 0.000108119 
0.00026977 3.325e-05 6.21059e-05 
2.04107e-05 0.000211862 3.97539e-05 
0.000637211 0.000319103 7.04239e-05 
0.000281884 0.000200197 2.09013e-05 
0.000693674 0.000241422 0.000101987 
0.000565763 3.76188e-05 9.3425e-05 
0.000535923 0.0001294 0.000103234 
0.000278409 0.00024789 6.4056e-05 
0.000920254 0.00016753 4.21826e-05 
0.000882007 0.000272277 9.56372e-05 
0.000588667 5.4445e-05 2.39509e-05 
4.15829e-05 0.00023896 5.56703e-05 
0.000205845 0.000362137 9.62567e-05 
0.000838581 0.000183194 4.29699e-05 
6.48365e-05 7.24204e-05 6.36481e-05 
0.00023745 0.000416503 2.96382e-05 
0.000686541 9.93393e-05 7.745e-05 
2.38068e-05 0.000349807 9.75276e-05 
0.000556261 0.000134295 2.19855e-05 
0.000751193 6.41055e-05 4.70088e-05 
0.000956898 0.000372027 5.40368e-05 
0.000480558 0.000479701 2.02994e-05 
0.000381893 1.88656e-05 4.26867e-05 
0.000977321 2.30966e-05 3.44767e-05 
0.000307942 2.52971e-05 9.03568e-05 
0.000446521 0.000348622 1.82644e-05 
0.00097842 0.000354156 2.15485e-05 
0.000354894 0.00014644 8.02399e-05 
0.000808241 0.000478628 0.000106067 
0.000469409 8.53892e-05 9.48817e-05 
0.000151869 0.000207481 8.77886e-05 
0.000917959 0.000255409 7.51423e-05 
0.000529299 0.00033412 3.73496e-05 
5.343e-05 0.000112378 8.39587e-05 
0.000114121 0.000106741 1.70144e-05 
0.000160293 0.000477656 2.23295e-05 
0.000908337 0.000381338 0.000115028 
0.000500615 7.15004e-05 8.47633e-05 
0.000743688 0.000291448 9.96499e-05 
0.000949634 0.000348046 9.19833e-05 
0.00032224 0.000467295 9.21521e-05 
8.69691e-05 0.00010041 6.66795e-05 
0.000743824 0.00012862 8.11288e-05 
0.000364193 0.000209355 2.63324e-05 
0.000525167 0.000447645 6.41312e-05 
0.000219181 0.000479447 2.05482e-05 
8.7578e-05 0.000348854 2.96943e-05 
0.000104097 0.000284694 8.99484e-05 
0.000316583 0.000227099 3.50115e-05 
0.000229883 0.000220097 0.000101246 
0.000868532 0.000198569 5.80026e-05 
0.000117577 2.22774e-05 6.83758e-05 
0.000934246 0.000284661 6.00015e-05 
1.80735e-05 0.000102062 6.76494e-05 
0.000931396 0.00019849 1.83511e-05 
0.000892965 0.000239055 5.471e-05 
0.000500957 0.000139437 0.000107168 
0.000870746 0.000470568 2.9426e-05 
0.000506998 0.000308803 9.80342e-05 
9.40747e-05 0.000463373 5.33929e-05 
0.000752515 0.00040708 1.96538e-05 
0.000288463 0.000482315 7.3908e-05 
0.000754941 0.00035384 2.09856e-05 
0.00069299 2.0282e-05 1.725e-05 
0.000632039 5.2975e-05 1.92776e-05 
0.000196554 0.000364797 4.72247e-05 
0.000252512 0.000140013 0.000103717 
0.000347772 0.000170702 4.56519e-05 
0.00046338 0.00029591 0.000112984 
0.000560089 0.000273086 2.7204e-05 
0.000284653 1.75543e-05 1.75519e-05 
0.000450723 0.000243988 1.84382e-05 
0.000169083 0.000375226 9.5665e-05 
0.000856165 0.000233726 4.73661e-05 
0.000656583 1.79863e-05 2.68299e-05 
0.000259573 0.000312764 0.000110379 
0.00039805 0.000464581 6.45148e-05 
0.000727429 2.23887e-05 5.96258e-05 
0.000961702 0.000438378 2.07526e-05 
0.000838712 0.000259594 2.08948e-05 
0.000445621 6.45973e-05 7.20714e-05 
0.000190811 0.000138224 2.17753e-05 
0.000936837 8.5496e-05 0.000115658 
0.000353364 0.000288285 3.92341e-05 
0.000135626 0.000424425 1.75966e-05 
0.000104398 0.000287232 2.56143e-05 
0.000378182 0.000185009 6.50314e-05 
0.000782384 0.000236119 1.98212e-05 
0.000496871 6.6291e-05 1.74844e-05 
0.000769782 8.68128e-05 1.93046e-05 
0.000333893 0.000434283 6.58556e-05 
0.000920209 1.802e-05 6.87538e-05 
0.000930809 0.000119213 2.40936e-05 
0.000475127 0.00035949 8.45979e-05 
0.000965123 0.000131877 0.00010106 
0.000699784 0.000416435 8.29493e-05 
2.30683e-05 0.000160274 1.84739e-05 
0.000502731 3.39458e-05 5.42613e-05 
0.000272216 0.000373772 4.11236e-05 
0.000127611 7.75211e-05 7.9458e-05 
0.000196736 0.000340732 1.73755e-05 
0.000787533 0.000429428 1.79404e-05 
0.000849063 0.000110796 4.36821e-05 
0.000317101 0.000352382 7.11038e-05 
0.000545249 0.000249497 5.9631e-05 
0.000777712 3.62843e-05 1.70274e-05 
0.000665976 0.000111752 4.63052e-05 
0.000657492 0.000162529 2.04691e-05 
7.27536e-05 0.000391151 0.000105459 
0.000184908 0.00048101 0.000108158 
0.000658277 0.000463483 1.70778e-05 
6.77121e-05 0.000468619 2.19693e-05 
0.00011152 0.000323186 4.74e-05 
0.000871714 0.000165794 0.000110176 
0.000566282 0.000275741 7.17408e-05 
0.000603415 9.41134e-05 0.000102419 
2.91709e-05 0.000481277 1.87247e-05 
0.000775994 0.000310966 6.23302e-05 
7.666e-05 3.41577e-05 7.24723e-05 
0.000468925 0.000219022 9.78904e-05 
0.000373489 0.000476534 2.34716e-05 
1.8102e-05 0.000412026 7.09594e-05 
0.000356393 0.00038138 5.75497e-05 
2.18955e-05 0.000295645 2.18934e-05 
0.000816685 2.04719e-05 0.000110971 
0.000248399 0.000270493 4.23449e-05 
0.000365929 0.000371107 2.0642e-05 
0.000914662 8.64953e-05 1.79175e-05 
0.000270215 9.74188e-05 1.78372e-05 
