0.000839754 0.000416502 3.10634e-05 
8.24349e-05 0.000294419 6.82064e-05 
0.00052811 0.000218066 9.20481e-05 
0.000315956 0.000239207 9.77686e-05 
0.00068631 0.000327758 6.50195e-05 
0.000370861 6.8384e-05 8.84653e-05 
0.000752453 0.000195738 3.09949e-05 
0.000883051 0.000288437 4.41209e-05 
0.000525867 4.88459e-05 0.000127679 
0.000782773 0.000237932 0.000115578 
0.00063749 0.000370519 2.42423e-05 
0.000178565 0.000386203 1.9745e-05 
0.000827821 0.000295103 8.18631e-05 
0.000203704 0.000214176 8.02557e-05 
0.00048819 0.000379315 3.62714e-05 
0.000799463 0.000157837 7.96298e-05 
0.000442471 0.000351251 5.76108e-05 
0.000236266 0.000363638 2.52312e-05 
0.000525459 0.000151584 5.71785e-05 
0.000887326 0.000239894 1.89098e-05 
0.000922274 0.000333361 6.31841e-05 
0.000414217 0.000310527 5.61653e-05 
0.000945674 5.60086e-05 5.58933e-05 
0.000861934 4.47759e-05 8.46035e-05 
0.000689472 9.18694e-05 2.14026e-05 
0.000269469 0.000301407 4.32507e-05 
8.59138e-05 0.000224478 8.45327e-05 
0.000562985 0.000238622 1.9759e-05 
0.000169853 9.10432e-05 2.98338e-05 
0.000971077 0.000462547 0.000104427 
0.000517508 0.000215198 3.31127e-05 
0.000960847 0.000213646 5.71344e-05 
0.000883768 0.000138713 2.57072e-05 
0.0007692 2.72542e-05 5.454e-05 
6.36113e-05 0.000254556 3.95769e-05 
0.000736775 0.000339074 0.000101416 
0.000610149 0.000437586 0.000109482 
0.000310302 0.000178482 0.000103474 
0.000345064 0.000207288 7.41741e-05 
0.000322003 0.000184749 1.87157e-05 
0.000309843 0.00029404 8.12253e-05 
0.000478566 0.000310894 3.28591e-05 
0.000457883 2.3183e-05 6.79862e-05 
0.000335751 9.76592e-05 6.07859e-05 
0.000966658 0.000397573 2.18034e-05 
0.00058506 0.000464229 6.65533e-05 
0.000534138 0.000349112 8.75392e-05 
0.000703023 0.000160468 9.03195e-05 
0.000388177 0.000235894 6.26697e-05 
0.000403502 0.000269867 0.00010883 
0.000263826 0.000369578 9.98598e-05 
0.000570798 0.000164284 5.95065e-05 
0.000799119 5.31054e-05 0.000132662 
0.000841906 0.000452715 7.82583e-05 
8.96634e-05 6.18884e-05 0.000103533 
0.000175183 9.76931e-05 9.38532e-05 
0.000972443 9.05298e-05 2.75361e-05 
0.000519597 0.000424441 0.000100785 
0.000222979 0.000101159 2.4511e-05 
0.000368941 0.000422931 3.1253e-05 
0.000488257 0.000164241 2.60581e-05 
0.000285096 0.000413559 5.32475e-05 
0.000592914 0.000352862 2.37087e-05 
0.000798248 0.000190053 1.71759e-05 
0.000548509 8.1392e-05 5.86333e-05 
0.000237408 8.42413e-05 7.58384e-05 
0.00051773 0.000463238 1.73983e-05 
0.00038973 6.99605e-05 3.08123e-05 
0.000965353 0.000171942 7.6495e-05 
0.000892135 0.000186416 1.93958e-05 
0.000575155 0.000396868 0.00010273 
0.000622415 0.000131801 8.88633e-05 
0.000394908 0.000363023 6.60282e-05 
0.000686873 0.000388729 4.88668e-05 
0.000648625 6.35016e-05 6.37319e-05 
0.000150882 4.50374e-05 7.2017e-05 
0.000868649 0.000156198 7.36394e-05 
0.000445521 0.000107982 3.66392e-05 
0.000625736 0.00019883 8.76011e-05 
0.000712851 0.000125482 4.79755e-05 
0.000789061 0.000154877 3.42991e-05 
6.13184e-05 0.000332807 8.28284e-05 
0.000157044 0.000379558 6.95962e-05 
0.000440327 0.000431425 7.79727e-05 
0.000591146 0.000239249 6.40492e-05 
0.000788188 0.000383866 5.4418e-05 
2.99403e-05 0.000433962 2.99124e-05 
0.00035137 0.000289286 0.000120846 
0.000183534 0.000433667 2.88157e-05 
0.000143356 0.000278839 2.03561e-05 
0.000276932 6.00347e-05 2.32757e-05 
0.000811631 0.000470638 2.63486e-05 
0.00068666 0.000131593 0.000124095 
0.000980862 0.000295175 1.74972e-05 
0.000127805 0.000260227 5.84619e-05 
0.00087617 0.000331278 9.54652e-05 
0.000218291 3.25776e-05 8.58195e-05 
0.000911714 0.000200341 8.45267e-05 
0.000370496 0.00031397 8.31079e-05 
0.000415836 0.000191611 3.29434e-05 
0.000561843 0.000400123 5.76088e-05 
0.000766718 0.000462908 2.00575e-05 
0.000717265 0.000368969 6.63048e-05 
0.000784939 0.000113935 9.91586e-05 
0.000419738 3.06151e-05 3.91628e-05 
0.000825447 2.92575e-05 2.92561e-05 
0.000290382 7.72129e-05 8.35068e-05 
0.000723773 0.000253379 7.45894e-05 
8.21736e-05 0.000214497 2.46837e-05 
0.000681294 0.000190163 7.19971e-05 
0.000612231 0.000175228 2.64941e-05 
0.000398325 0.000275274 2.69515e-05 
0.00097175 0.000254954 7.47233e-05 
0.000640446 0.000276414 8.15474e-05 
0.000934897 0.000245444 3.027e-05 
0.00060326 0.000129213 2.07386e-05 
8.84321e-05 0.00041924 3.04013e-05 
0.000136879 0.000431278 6.80169e-05 
0.00049015 0.000290372 7.71204e-05 
7.02404e-05 0.000159449 8.56817e-05 
0.000679618 0.000480078 3.66263e-05 
0.000640985 0.000383923 8.36789e-05 
0.000128963 0.000195621 4.27256e-05 
0.000302245 0.000276602 2.45241e-05 
0.000526516 0.000272032 4.21707e-05 
0.000756926 0.000181495 8.53225e-05 
0.000248044 0.000465046 9.27486e-05 
0.000977359 3.99712e-05 8.69702e-05 
0.00068082 0.000357729 2.1052e-05 
0.000232531 0.000232106 3.9925e-05 
0.000906172 0.000403986 3.66553e-05 
0.000415192 3.27278e-05 8.81445e-05 
0.000697658 4.96719e-05 6.2384e-05 
0.000766753 0.000474115 9.3593e-05 
0.000519439 0.000390338 7.84905e-05 
0.000457967 0.0001646 7.97844e-05 
0.000659994 0.000213171 3.29471e-05 
0.000427905 0.000108669 0.000102945 
0.000270654 0.000468755 4.43147e-05 
0.000979278 0.000384085 8.72172e-05 
0.000161417 0.000154662 6.59087e-05 
0.000901565 9.77173e-05 6.35453e-05 
0.000650581 0.000322013 2.30579e-05 
0.000353922 0.000406355 0.00010465 
0.000317277 0.000396113 7.84811e-05 
0.000869105 0.000125264 0.000123516 
0.000192469 0.000235712 1.80813e-05 
0.000698175 0.000435855 3.07176e-05 
6.47329e-05 2.90158e-05 2.89689e-05 
0.000544083 3.10771e-05 2.52998e-05 
0.00072192 0.00029555 2.0642e-05 
0.000889318 4.29825e-05 3.647e-05 
0.000217638 0.000269978 1.8352e-05 
0.000918776 0.000141183 8.43531e-05 
0.000305448 0.000162883 5.1451e-05 
0.000794797 0.000340217 9.7368e-05 
0.000513961 0.000266403 9.38902e-05 
0.000724805 0.000293575 6.0441e-05 
0.000202359 0.000324137 7.19882e-05 
0.000792902 0.000444813 6.52367e-05 
0.000824793 0.000217429 2.07609e-05 
0.000600584 0.0004082 2.86323e-05 
2.62055e-05 0.000115073 2.61615e-05 
0.000463197 0.000330114 0.000103246 
0.000466773 0.000471205 6.32946e-05 
3.48725e-05 0.000388154 8.89367e-05 
0.00037646 0.000325814 2.80275e-05 
0.00055483 0.000418278 1.91484e-05 
0.000278465 0.000110812 6.00482e-05 
0.000907212 6.29289e-05 0.000108221 
0.000597046 0.000240739 0.00010807 
0.000799445 0.000212053 6.12857e-05 
0.000427869 0.000383993 4.26623e-05 
0.000254069 0.000125975 3.66089e-05 
0.000746115 2.50106e-05 2.03297e-05 
0.000399119 0.000136982 1.98847e-05 
0.000343512 0.000257583 2.27441e-05 
0.000251412 0.0003365 6.09216e-05 
0.00072916 8.19575e-05 8.45378e-05 
0.000761696 0.000315331 1.8583e-05 
0.000878386 0.000416354 8.97953e-05 
0.000640668 0.00012786 3.78817e-05 
0.00061429 2.20157e-05 4.27089e-05 
0.000346846 0.000471663 4.99283e-05 
0.00057921 0.000124516 6.15346e-05 
0.000126799 0.000114936 5.72925e-05 
0.000206449 0.000471625 6.44785e-05 
0.00020092 5.71536e-05 5.79775e-05 
4.8195e-05 5.23268e-05 0.000108278 
6.88552e-05 0.000322377 2.25137e-05 
0.00066713 0.000243909 7.47311e-05 
2.8963e-05 0.000477274 5.9671e-05 
0.000750586 0.000423311 7.9367e-05 
0.000444029 0.000265423 6.09306e-05 
0.000619373 0.000462025 2.08292e-05 
0.000824938 7.54962e-05 6.10891e-05 
0.000301283 0.000123298 2.42605e-05 
0.000920093 0.000462479 2.46558e-05 
0.000641337 0.000474608 9.2267e-05 
0.00019138 0.000410696 7.83937e-05 
0.000955818 0.00048282 1.71426e-05 
0.000830023 0.000335804 3.29558e-05 
6.27565e-05 0.000433792 8.46023e-05 
0.000464192 0.000437545 2.56007e-05 
0.000774479 0.000114402 5.90442e-05 
0.000744034 0.000328148 5.08406e-05 
0.000598197 0.000302355 9.80799e-05 
0.000115983 0.000464267 2.16523e-05 
0.000761054 0.000230214 8.39037e-05 
0.0008134 8.36386e-05 2.29186e-05 
0.000731113 0.000402381 5.05195e-05 
0.00048114 0.000410069 8.40331e-05 
0.000561654 0.000150175 0.000115145 
0.000337347 0.00015053 1.79661e-05 
0.000609769 0.00028376 3.39204e-05 
0.000192683 0.000267498 7.13677e-05 
0.000509011 0.000108381 0.000103184 
0.000565716 0.000189791 2.2416e-05 
0.000432332 0.000482227 1.77327e-05 
0.000504157 0.000180282 0.00010752 
0.000750978 0.000133482 2.04261e-05 
0.000212332 0.000180315 1.9484e-05 
0.000109578 0.000434269 0.000114191 
0.000493528 0.000334002 7.49848e-05 
4.78851e-05 0.000190405 5.52224e-05 
0.000673267 0.000274887 3.31063e-05 
0.000586142 3.52119e-05 7.10054e-05 
0.000130754 0.000375785 3.02608e-05 
3.20211e-05 0.000286368 7.20829e-05 
0.000371877 0.000432807 7.89543e-05 
0.000535799 0.000299693 1.72975e-05 
0.000847848 8.09144e-05 0.000113501 
0.000733418 9.40177e-05 1.97376e-05 
6.84872e-05 0.000168661 1.90541e-05 
6.40253e-05 0.000376025 1.99479e-05 
0.000265789 0.000210847 0.000104407 
0.000966541 0.000207034 2.00981e-05 
0.000277819 0.000237679 2.15245e-05 
0.000834232 0.000178803 0.000103429 
0.000887856 0.000346089 2.51095e-05 
0.000675672 0.000128293 2.30378e-05 
2.2582e-05 0.000252117 2.25674e-05 
0.000719764 0.000242953 2.65768e-05 
0.000117462 0.000243155 1.92065e-05 
0.000946041 0.000148634 1.71486e-05 
0.000890248 0.000448441 6.42663e-05 
0.000421496 0.000416866 2.19542e-05 
0.000115302 6.24698e-05 3.13147e-05 
0.000569343 0.000314932 6.19884e-05 
0.000863547 0.00021114 2.15325e-05 
0.000259702 0.000192006 6.50443e-05 
2.65176e-05 0.000356654 6.34028e-05 
0.000780168 0.000268383 6.90175e-05 
0.0002425 2.50644e-05 2.50545e-05 
0.000788076 6.2242e-05 4.63849e-05 
0.000271576 0.000273738 0.000118779 
0.000291379 0.000435193 8.99004e-05 
0.000701209 0.000172101 2.56858e-05 
0.000352518 0.000117856 1.80351e-05 
0.000971911 0.000420901 0.000103902 
0.00016946 0.000173395 2.17745e-05 
0.000144234 0.000320273 2.09982e-05 
0.000970149 0.000104571 7.43059e-05 
0.000212749 5.82068e-05 1.9778e-05 
0.000973984 0.000137554 4.15442e-05 
0.000808557 0.000283331 2.43506e-05 
0.000396503 0.000475149 0.000115767 
7.70298e-05 0.00012705 3.78573e-05 
0.000437367 0.000382423 9.29933e-05 
0.000131472 0.000313723 0.000103248 
0.000463933 2.28605e-05 2.26029e-05 
0.000941849 0.000381186 0.000127622 
0.000934527 0.000354148 2.23079e-05 
0.000227349 0.000312946 2.62423e-05 
0.000355676 0.000228394 0.000110463 
0.000824826 0.000407743 9.80227e-05 
0.000973258 0.000469177 5.50259e-05 
0.000225588 0.000151869 4.84893e-05 
0.000405548 0.000201082 0.000114021 
0.000113394 0.000153712 2.0868e-05 
0.000274905 0.000334481 2.01148e-05 
0.000350694 2.27614e-05 8.85013e-05 
0.000651494 0.000449637 5.52107e-05 
2.45344e-05 0.000384121 2.02774e-05 
0.000509369 0.000482616 9.31091e-05 
0.000972971 0.000322192 5.61639e-05 
0.000614507 0.000431344 6.85943e-05 
0.000936258 0.000307068 2.40444e-05 
0.000371937 0.000170252 1.80136e-05 
0.000588833 6.82128e-05 9.88577e-05 
0.000880097 8.25544e-05 9.45798e-05 
0.000940625 2.16923e-05 2.11453e-05 
0.000445003 5.78136e-05 1.71704e-05 
0.000693205 0.0004584 8.45175e-05 
0.000685102 6.16135e-05 0.000104749 
0.000758435 0.000436041 4.52777e-05 
0.000332774 3.5302e-05 3.53024e-05 
0.000349245 0.0004627 8.64082e-05 
0.000671323 5.39311e-05 2.06416e-05 
0.000321173 0.000324749 2.72733e-05 
0.000494338 8.39906e-05 6.46369e-05 
0.00011315 0.000377818 8.6767e-05 
0.000229839 0.000387351 6.7085e-05 
0.000507642 0.000115154 2.66776e-05 
1.94126e-05 7.29852e-05 8.72083e-05 
0.000503345 2.2132e-05 1.71857e-05 
0.000852357 0.000378831 9.9654e-05 
0.000312142 8.22156e-05 1.8596e-05 
4.37165e-05 0.000200033 1.70883e-05 
0.000156691 0.000236978 7.93734e-05 
0.000565967 0.000319986 1.90538e-05 
0.000421646 0.000323019 9.91429e-05 
0.000465876 0.000206567 2.07018e-05 
0.000830763 0.000112028 9.28779e-05 
0.000847808 0.000252184 9.81424e-05 
0.000181568 0.000297546 2.22261e-05 
0.000619796 0.000332399 4.72879e-05 
0.000541391 2.58774e-05 7.00893e-05 
0.000641985 0.000429413 1.88819e-05 
0.000851537 2.14616e-05 0.000111794 
0.00031443 0.000437851 2.55341e-05 
0.000428962 0.000308338 1.87672e-05 
0.000972633 6.49694e-05 0.000126119 
0.000314983 0.000380694 2.9044e-05 
2.93359e-05 0.000207097 9.68194e-05 
0.000122189 0.00013235 9.98972e-05 
0.000167989 0.000344388 4.54893e-05 
0.000937839 0.000104372 0.000100918 
0.000414205 0.000456036 4.4307e-05 
0.000484314 0.000210854 7.07704e-05 
8.58387e-05 0.000479943 8.69185e-05 
0.000477314 0.00045577 0.000103831 
0.000864882 0.000369034 5.8962e-05 
0.00012892 0.000480977 5.46114e-05 
0.000155148 0.000229648 1.97605e-05 
0.000498438 0.000455403 4.62537e-05 
0.000766362 3.7776e-05 0.000111013 
0.00075428 0.000147757 5.68785e-05 
0.000261178 0.000161752 2.21501e-05 
0.000492985 0.000261122 2.04018e-05 
0.000582745 9.64511e-05 1.80298e-05 
0.000814169 2.16793e-05 8.82847e-05 
0.000602573 0.000223394 2.2752e-05 
0.00071712 0.000336793 2.08498e-05 
0.00087398 9.73469e-05 1.75278e-05 
0.000171659 3.06216e-05 3.0628e-05 
0.000599318 2.7783e-05 0.000113671 
0.000597979 0.000345735 7.87262e-05 
0.000715059 5.53655e-05 2.31924e-05 
0.000213364 0.000167313 9.15024e-05 
0.000553226 0.000457208 3.8984e-05 
0.000760456 0.000273055 2.41455e-05 
0.000735482 0.000473249 5.33509e-05 
0.000549038 0.000376509 2.32157e-05 
0.000618437 9.21152e-05 3.47527e-05 
0.00078201 0.000426169 0.000121915 
0.000537268 0.000300026 8.51491e-05 
0.000769109 0.000390074 0.000132822 
2.31866e-05 0.000341075 2.26354e-05 
0.00066603 0.000401267 1.81437e-05 
0.000555561 0.000470624 0.000103229 
0.000157697 0.000300794 7.45544e-05 
0.000387139 0.000144149 7.94483e-05 
0.000924388 0.000474235 7.34814e-05 
0.000726139 0.000380742 1.84416e-05 
6.23491e-05 8.07815e-05 2.30417e-05 
0.000669325 2.06619e-05 8.93888e-05 
0.000584165 0.000480855 1.91344e-05 
0.000572425 0.000204114 8.19502e-05 
0.000401242 0.000418006 6.71395e-05 
0.000172452 1.83605e-05 8.36594e-05 
0.000191377 0.00018623 5.12255e-05 
0.000409698 0.000360008 2.00838e-05 
0.000387568 0.000104458 6.9138e-05 
0.000494986 0.00035334 0.000134505 
0.000790622 6.63986e-05 8.51635e-05 
0.000820686 0.000253386 5.44441e-05 
0.000696095 0.000294801 0.000107449 
0.000832332 0.000146998 2.25258e-05 
0.000567332 0.000359508 5.71889e-05 
0.000975185 0.000169063 1.78732e-05 
0.000150392 0.000136036 2.01368e-05 
0.000479306 3.4927e-05 0.000132487 
0.000267097 3.96868e-05 6.34809e-05 
2.04114e-05 0.000214254 4.27957e-05 
0.000632631 0.000322649 8.01972e-05 
0.000283482 0.000197098 3.2532e-05 
0.000688835 0.000242881 0.000115992 
0.000556037 3.1894e-05 0.000106298 
0.000536612 0.000130031 0.000130227 
0.000270142 0.000241045 7.0154e-05 
0.000919625 0.000165632 4.28316e-05 
0.000888441 0.000272332 0.00010388 
0.000588719 5.52905e-05 2.39514e-05 
3.48476e-05 0.000234323 7.15189e-05 
0.000200075 0.000355957 0.000118658 
0.000830799 0.000179181 6.21009e-05 
6.66605e-05 7.50491e-05 6.40205e-05 
0.000239937 0.000418273 2.96366e-05 
0.000693648 0.000102453 8.50801e-05 
2.84557e-05 0.000353871 0.000110873 
0.000554563 0.000145807 2.19832e-05 
0.000748279 6.94858e-05 4.85482e-05 
0.000952662 0.000375215 5.59077e-05 
0.000483698 0.000479694 2.02966e-05 
0.000378307 3.54075e-05 6.46081e-05 
0.000977327 2.26799e-05 4.50603e-05 
0.000306692 3.26354e-05 8.99443e-05 
0.000445132 0.000346711 1.82629e-05 
0.000978439 0.00035584 2.15484e-05 
0.000350343 0.000134066 9.96386e-05 
0.000809717 0.000474589 0.000109013 
0.000468322 8.29049e-05 0.000116811 
0.000149007 0.000210904 0.000107346 
0.000918468 0.000257098 7.44842e-05 
0.000530038 0.000335432 3.79599e-05 
3.67603e-05 0.000109102 0.000104058 
0.00011153 0.000108498 1.70129e-05 
0.000157921 0.000477624 2.23308e-05 
0.000908337 0.000381338 0.000138883 
0.000514967 7.22268e-05 9.8676e-05 
0.000744446 0.00028425 0.00010379 
0.000952974 0.00034156 0.00011055 
0.000315298 0.000465858 0.000114473 
8.60523e-05 9.99131e-05 8.97208e-05 
0.00073939 0.000132065 9.57448e-05 
0.000357036 0.000212045 2.63284e-05 
0.000525078 0.000453024 7.10614e-05 
0.000225869 0.000479383 2.05742e-05 
8.63626e-05 0.000354385 4.85574e-05 
9.76748e-05 0.000287483 0.000104447 
0.000313646 0.000236409 5.15201e-05 
0.000226583 0.000218647 0.000116988 
0.000859882 0.000201511 7.57042e-05 
0.000118245 2.22789e-05 6.66441e-05 
0.000938537 0.00028409 5.96789e-05 
1.80877e-05 0.000105289 6.85173e-05 
0.000929586 0.000196488 1.83564e-05 
0.000892895 0.000236734 5.51476e-05 
0.000496545 0.000141999 0.000130462 
0.000866826 0.000470572 2.94269e-05 
0.00050476 0.000312666 0.000109246 
9.575e-05 0.000460698 5.71798e-05 
0.000755521 0.000409008 1.9655e-05 
0.000288333 0.000482266 8.79011e-05 
0.000755377 0.000354412 2.09856e-05 
0.000691313 2.33355e-05 3.06422e-05 
0.000631512 5.13264e-05 1.9276e-05 
0.000198497 0.000367136 4.44595e-05 
0.000252512 0.000140013 0.000129477 
0.000348187 0.00017192 4.75087e-05 
0.00046338 0.00029591 0.000136762 
0.000563995 0.000264168 4.69339e-05 
0.000285232 2.04487e-05 1.75523e-05 
0.000457787 0.000244797 1.84393e-05 
0.000169892 0.000375661 0.000103289 
0.000855234 0.000232796 5.33558e-05 
0.000660835 1.79788e-05 4.76205e-05 
0.000260794 0.000312322 0.000135019 
0.000397748 0.000458293 8.29665e-05 
0.000722764 2.23842e-05 8.30612e-05 
0.000959127 0.000439443 2.07499e-05 
0.000843728 0.000254763 2.08915e-05 
0.000445485 6.50836e-05 7.53445e-05 
0.000192756 0.000136588 2.17833e-05 
0.000936837 8.5496e-05 0.000139236 
0.000358553 0.000286697 4.2922e-05 
0.000134377 0.000427038 1.75956e-05 
9.80087e-05 0.000284213 2.56076e-05 
0.000378991 0.000182918 6.83965e-05 
0.000783123 0.000234871 1.98252e-05 
0.000494089 7.30495e-05 2.94947e-05 
0.000771337 8.46838e-05 1.93053e-05 
0.000324915 0.000436341 6.90108e-05 
0.000910832 2.11379e-05 8.15019e-05 
0.00092594 0.000125308 3.62323e-05 
0.000474753 0.000361679 8.52905e-05 
0.000965413 0.000131278 0.000125745 
0.000709857 0.000406815 8.99665e-05 
2.30683e-05 0.000160274 1.84739e-05 
0.000501705 2.40807e-05 5.6428e-05 
0.000274057 0.000370246 5.16132e-05 
0.000125091 7.35431e-05 8.25306e-05 
0.000193172 0.000338887 1.73747e-05 
0.000789981 0.000432407 1.79403e-05 
0.000845688 0.000108931 4.54504e-05 
0.000311615 0.000347548 0.000101761 
0.000544411 0.000255665 7.44498e-05 
0.000781439 3.67311e-05 1.70271e-05 
0.000669235 0.000106484 5.44709e-05 
0.000656663 0.000161232 2.04649e-05 
6.90324e-05 0.000387496 0.000110974 
0.000193313 0.000478804 0.000109188 
0.000657075 0.00046318 1.70772e-05 
7.03971e-05 0.000467711 2.19684e-05 
0.000118702 0.000320477 5.85867e-05 
0.000871017 0.000164307 0.000128763 
0.000565608 0.000273089 9.73715e-05 
0.000605395 9.71569e-05 0.000126533 
3.19181e-05 0.000481271 1.8725e-05 
0.00076692 0.000309138 7.91186e-05 
6.88584e-05 4.11799e-05 7.6454e-05 
0.000468925 0.000219022 0.000121563 
0.000377124 0.000476515 2.34626e-05 
1.81017e-05 0.000416308 7.29625e-05 
0.00035339 0.000383225 5.75444e-05 
2.19167e-05 0.00029657 2.18929e-05 
0.000816441 2.08583e-05 0.000131303 
0.000243432 0.000274439 6.30697e-05 
0.000363632 0.000372387 2.06423e-05 
0.00091124 9.67197e-05 1.79169e-05 
0.000267069 9.95764e-05 1.78381e-05 
