0.000843639 0.000421663 3.10536e-05 
7.97207e-05 0.000292175 6.12694e-05 
0.000532923 0.000221166 9.01885e-05 
0.000320019 0.000247362 6.05636e-05 
0.000690569 0.000330262 6.72028e-05 
0.000367908 6.27748e-05 7.3758e-05 
0.000754994 0.000194262 3.09926e-05 
0.000885849 0.000288423 3.57914e-05 
0.0005154 3.95622e-05 9.44085e-05 
0.000774619 0.000235737 8.57144e-05 
0.000633961 0.000365865 2.42393e-05 
0.000186842 0.000382128 1.97438e-05 
0.000829563 0.000286745 7.66002e-05 
0.000204457 0.000214032 7.31141e-05 
0.000489607 0.00038837 3.62684e-05 
0.000808848 0.00015859 6.25394e-05 
0.000441058 0.000340029 5.36833e-05 
0.000232567 0.000362917 2.52305e-05 
0.000524624 0.000161556 3.18296e-05 
0.000892361 0.000234036 1.89334e-05 
0.000918565 0.000332887 6.16357e-05 
0.000420672 0.00029983 5.28037e-05 
0.00094307 5.28019e-05 5.34923e-05 
0.000839602 5.50433e-05 6.51241e-05 
0.000688072 9.16937e-05 2.14028e-05 
0.000276174 0.000303931 2.06132e-05 
8.40714e-05 0.000230771 8.65034e-05 
0.000563571 0.000233858 1.97554e-05 
0.000159367 9.07377e-05 2.9831e-05 
0.000950993 0.000441693 8.90445e-05 
0.00051499 0.000217869 3.31043e-05 
0.000971942 0.000221761 5.67361e-05 
0.000897071 0.000134631 2.57053e-05 
0.0007752 2.10104e-05 4.97325e-05 
6.67535e-05 0.000260209 2.19112e-05 
0.000741992 0.000353166 9.5956e-05 
0.000617211 0.000433817 9.11332e-05 
0.000311635 0.000148909 9.2454e-05 
0.000330497 0.000200122 6.72979e-05 
0.000331884 0.000177248 1.87158e-05 
0.000295064 0.000298748 7.74418e-05 
0.000475421 0.000303526 3.28582e-05 
0.000462423 2.31828e-05 6.8385e-05 
0.000336298 0.000102557 5.72348e-05 
0.000978194 0.000404156 2.18001e-05 
0.00059859 0.000481876 5.60617e-05 
0.000539662 0.000351988 7.17832e-05 
0.000723776 0.000173799 6.59124e-05 
0.000394951 0.000228175 6.50907e-05 
0.00038651 0.000281299 9.00213e-05 
0.000265116 0.0003839 7.91722e-05 
0.000574211 0.00015654 4.94132e-05 
0.000795358 5.29261e-05 8.15481e-05 
0.000845539 0.000463049 7.34641e-05 
9.20107e-05 5.89449e-05 8.04671e-05 
0.000192726 0.000109853 8.17139e-05 
0.000972458 8.75098e-05 2.75345e-05 
0.000512999 0.000426111 7.59964e-05 
0.000212445 0.000101088 2.45084e-05 
0.000366602 0.000415296 3.12566e-05 
0.000475398 0.000168882 2.60588e-05 
0.000283737 0.000413634 4.07699e-05 
0.000587032 0.000356037 2.37079e-05 
0.000802105 0.000190764 1.71766e-05 
0.000542066 7.50036e-05 5.98323e-05 
0.000240396 6.90265e-05 6.08079e-05 
0.000514134 0.000479658 1.73978e-05 
0.000397122 6.69801e-05 3.08112e-05 
0.000970649 0.000171722 6.24076e-05 
0.000890839 0.000178851 1.93956e-05 
0.000595159 0.000405709 7.59171e-05 
0.000620045 0.000131572 7.17293e-05 
0.000397853 0.000360545 6.65654e-05 
0.000694649 0.00038278 4.61781e-05 
0.000652432 6.45688e-05 6.36705e-05 
0.000159473 5.71926e-05 7.07019e-05 
0.000865537 0.000165245 5.64587e-05 
0.000444782 0.000115201 3.66386e-05 
0.000617236 0.000197751 8.18275e-05 
0.00070826 0.000127353 4.76878e-05 
0.000785542 0.000150458 2.30057e-05 
6.01546e-05 0.000341433 5.3997e-05 
0.000177778 0.000389842 5.47177e-05 
0.00042421 0.000441166 6.91636e-05 
0.000580002 0.000236395 5.90756e-05 
0.000792174 0.000385003 4.76015e-05 
2.99178e-05 0.000435118 2.9913e-05 
0.000344401 0.00027728 5.05291e-05 
0.000176579 0.000428715 2.88141e-05 
0.000152785 0.000271897 2.03551e-05 
0.000278133 5.64739e-05 2.32762e-05 
0.000822288 0.000474151 2.58494e-05 
0.000667495 0.000147162 5.54034e-05 
0.000980947 0.00029515 1.74972e-05 
0.000132663 0.000251339 5.60499e-05 
0.000867902 0.000334333 8.62145e-05 
0.000209536 2.35549e-05 6.16894e-05 
0.000928544 0.000210925 8.20318e-05 
0.000351676 0.000328799 7.52088e-05 
0.000418601 0.000183271 3.29368e-05 
0.000564247 0.00042217 5.78753e-05 
0.000777117 0.000479942 2.0058e-05 
0.000730882 0.000364921 4.85832e-05 
0.000793334 0.000122706 8.48575e-05 
0.000420612 2.41437e-05 1.9365e-05 
0.000820354 2.92554e-05 2.92558e-05 
0.000294245 6.83458e-05 6.45295e-05 
0.000730385 0.000249465 7.06685e-05 
7.54302e-05 0.000214512 2.46837e-05 
0.000680401 0.000179845 6.24025e-05 
0.000613475 0.000175845 2.64949e-05 
0.000396786 0.000266505 2.69505e-05 
0.00097175 0.000267227 7.33299e-05 
0.00065207 0.000276333 7.86147e-05 
0.000938978 0.000244957 3.02685e-05 
0.000596315 0.000132219 2.07354e-05 
8.70712e-05 0.000414619 3.03959e-05 
0.000131331 0.000436141 6.89153e-05 
0.000494939 0.000261181 5.13217e-05 
7.81293e-05 0.000166585 6.86404e-05 
0.000689354 0.000482823 1.72096e-05 
0.000648425 0.000383398 8.08439e-05 
0.000122928 0.000199787 4.45972e-05 
0.000309016 0.000273215 2.45242e-05 
0.000516443 0.000270628 2.10382e-05 
0.00076784 0.000178783 8.36131e-05 
0.000237281 0.000448698 7.09826e-05 
0.000977359 2.26439e-05 6.53809e-05 
0.000677477 0.000353725 2.10508e-05 
0.000229472 0.000223511 2.76756e-05 
0.000909072 0.000405185 3.66559e-05 
0.000414345 2.49834e-05 6.32593e-05 
0.000686242 2.74496e-05 5.05381e-05 
0.000767072 0.000475561 6.29642e-05 
0.00053734 0.000395656 5.96964e-05 
0.000455664 0.000165159 8.76874e-05 
0.000658628 0.000213979 3.29409e-05 
0.000412437 8.69731e-05 9.0162e-05 
0.000266904 0.000468749 3.12443e-05 
0.000979278 0.000403273 7.61179e-05 
0.000166066 0.000160979 6.00721e-05 
0.000914312 9.69276e-05 3.71951e-05 
0.000648214 0.000320786 2.30561e-05 
0.000360406 0.000410786 8.53477e-05 
0.000316189 0.000406899 7.26023e-05 
0.000872686 0.00012189 6.44575e-05 
0.000187094 0.000237847 1.80798e-05 
0.000691414 0.000432052 3.07164e-05 
5.52633e-05 2.89679e-05 2.89689e-05 
0.000542376 2.53075e-05 2.52997e-05 
0.000718684 0.00029817 2.06403e-05 
0.000884727 4.04013e-05 3.64709e-05 
0.000212439 0.000269462 1.8352e-05 
0.000912621 0.000134269 7.49109e-05 
0.000298773 0.000173041 4.52823e-05 
0.00079357 0.000332162 7.91742e-05 
0.000525399 0.000264597 7.3248e-05 
0.000732658 0.000289125 5.69564e-05 
0.000197481 0.000319165 6.75761e-05 
0.000800201 0.000442528 5.59511e-05 
0.000824498 0.000227958 2.07613e-05 
0.000600342 0.000406433 2.86319e-05 
2.61617e-05 0.000120201 2.6156e-05 
0.000465681 0.000322311 7.96295e-05 
0.000442981 0.000477719 5.28151e-05 
4.68762e-05 0.000394055 4.87961e-05 
0.000382646 0.000319615 2.80237e-05 
0.000556146 0.000421926 1.91486e-05 
0.000265641 0.000116165 4.94231e-05 
0.000911804 7.90912e-05 6.88293e-05 
0.000614532 0.000252325 8.20984e-05 
0.000803516 0.000209077 5.96017e-05 
0.000437852 0.000373992 3.51088e-05 
0.000248226 0.000120924 1.7066e-05 
0.000746164 2.03302e-05 2.0329e-05 
0.000395633 0.000137531 1.98846e-05 
0.000348662 0.000251224 2.0945e-05 
0.000259166 0.000337491 5.49898e-05 
0.000717639 8.15848e-05 5.57752e-05 
0.000757017 0.000310775 1.8583e-05 
0.000866123 0.000411269 8.08564e-05 
0.000637177 0.000126832 2.04337e-05 
0.000617572 2.20127e-05 2.82483e-05 
0.000328927 0.000482965 1.70346e-05 
0.000579171 0.000110917 4.78727e-05 
0.000124752 0.000126391 5.64486e-05 
0.000193521 0.000471917 6.22478e-05 
0.000192434 6.47425e-05 5.13635e-05 
2.19495e-05 4.59954e-05 6.35072e-05 
6.58395e-05 0.00030589 2.25124e-05 
0.000682202 0.000242904 6.96406e-05 
2.25226e-05 0.00047748 5.99143e-05 
0.000759579 0.000430405 5.18218e-05 
0.000446099 0.000255132 6.20664e-05 
0.000623681 0.000454399 2.08291e-05 
0.000837334 7.26767e-05 1.7535e-05 
0.00029944 0.000129643 2.42606e-05 
0.000934711 0.000459569 2.46532e-05 
0.000631929 0.000477949 7.81378e-05 
0.000195336 0.000420526 8.02265e-05 
0.00096859 0.00048286 1.71396e-05 
0.000832239 0.000333001 3.29519e-05 
6.10587e-05 0.00043901 8.2405e-05 
0.000455825 0.000439095 2.56003e-05 
0.000773684 0.000117992 4.86604e-05 
0.000742354 0.000327095 5.07751e-05 
0.000611852 0.00029817 8.82555e-05 
0.0001212 0.000464883 2.16539e-05 
0.000763051 0.000238045 5.01928e-05 
0.000806799 0.000108702 2.29193e-05 
0.000729139 0.000404825 5.15246e-05 
0.000469434 0.000430538 6.93087e-05 
0.000540245 0.000161595 6.98952e-05 
0.000339518 0.000141371 1.79664e-05 
0.000610563 0.00027943 3.39189e-05 
0.000186048 0.000263892 5.85819e-05 
0.000495621 0.000102808 6.95031e-05 
0.000564612 0.000191631 2.24169e-05 
0.000434215 0.00048227 1.77266e-05 
0.000506946 0.000179087 6.92126e-05 
0.000747312 0.000130018 2.04235e-05 
0.000225766 0.000177221 1.94786e-05 
9.97836e-05 0.000411562 0.000103209 
0.000498792 0.000340185 5.81763e-05 
4.54341e-05 0.000197654 4.99865e-05 
0.000674459 0.00027502 3.01818e-05 
0.000577808 2.00187e-05 5.30625e-05 
0.000137951 0.000381537 3.02611e-05 
3.1752e-05 0.000276497 7.00459e-05 
0.000381912 0.000454776 5.55167e-05 
0.000538965 0.000301424 1.72966e-05 
0.000849501 9.28142e-05 6.95966e-05 
0.000729099 9.42317e-05 1.97366e-05 
7.96645e-05 0.000171345 1.90545e-05 
5.73114e-05 0.000371112 1.9949e-05 
0.00027869 0.000202762 7.77197e-05 
0.000976016 0.000212351 2.00962e-05 
0.000274588 0.00024215 2.15247e-05 
0.000834583 0.000185123 9.14844e-05 
0.00088768 0.000348343 2.51033e-05 
0.000675045 0.000128215 1.75635e-05 
2.2572e-05 0.000255093 2.25668e-05 
0.000714119 0.000234571 2.65804e-05 
0.000111449 0.000238985 1.92061e-05 
0.000944228 0.000153396 1.71483e-05 
0.000889242 0.000444857 6.86221e-05 
0.000420888 0.000406997 2.1955e-05 
0.000109159 5.58727e-05 3.13138e-05 
0.000576572 0.000317352 6.2173e-05 
0.000866056 0.000207457 1.84591e-05 
0.00024855 0.000184928 5.03366e-05 
2.11339e-05 0.00036635 6.01748e-05 
0.000774123 0.000276787 6.71213e-05 
0.000241451 2.50554e-05 2.50545e-05 
0.000797814 6.88117e-05 1.76988e-05 
0.000250923 0.000270116 7.93239e-05 
0.000296108 0.000444524 6.61775e-05 
0.000701915 0.000175109 2.56842e-05 
0.000364734 0.000115631 1.80329e-05 
0.000959093 0.000427734 5.06253e-05 
0.000167273 0.000190899 2.17747e-05 
0.000128576 0.000324865 2.09976e-05 
0.000978653 0.000122782 6.24082e-05 
0.000210537 5.70947e-05 1.97791e-05 
0.000978447 0.000135863 2.15518e-05 
0.000794813 0.000290495 2.43344e-05 
0.000380814 0.000481842 7.8779e-05 
7.9372e-05 0.000125691 2.73441e-05 
0.000442641 0.000392893 7.65881e-05 
0.000129893 0.000328739 6.84521e-05 
0.000462427 2.26033e-05 2.26027e-05 
0.000941965 0.00039667 7.84912e-05 
0.000934664 0.00035404 2.23103e-05 
0.000230278 0.0003115 2.62431e-05 
0.000351824 0.000234257 8.3292e-05 
0.000824092 0.00041547 7.56174e-05 
0.000973248 0.000473212 5.96938e-05 
0.000229213 0.000139315 4.76455e-05 
0.000395052 0.00019141 0.000117493 
0.00011667 0.000156566 2.08326e-05 
0.00028195 0.000344245 2.01119e-05 
0.000370773 1.97743e-05 7.20608e-05 
0.000644415 0.000439048 5.7386e-05 
2.02768e-05 0.000386813 2.02776e-05 
0.000525146 0.000482668 5.01947e-05 
0.000972974 0.000323614 6.08193e-05 
0.000597633 0.00044424 5.84598e-05 
0.000941095 0.000308173 2.40376e-05 
0.000367884 0.000163671 1.80001e-05 
0.000601291 7.5013e-05 6.13856e-05 
0.000882435 9.16029e-05 5.18845e-05 
0.000936819 2.11434e-05 2.11435e-05 
0.000444933 5.79091e-05 1.71705e-05 
0.000681157 0.000472172 7.2101e-05 
0.000700651 5.19914e-05 8.6389e-05 
0.000764043 0.000444594 1.77055e-05 
0.000334256 3.84376e-05 3.5301e-05 
0.000336499 0.000479402 5.37227e-05 
0.000673823 5.21387e-05 2.06405e-05 
0.000323614 0.000322842 2.7273e-05 
0.000481479 7.66591e-05 1.93223e-05 
0.000100629 0.000370864 7.49823e-05 
0.000217585 0.000384023 6.22855e-05 
0.000507303 0.000114032 2.66775e-05 
1.92722e-05 5.95924e-05 1.92707e-05 
0.000501473 1.7185e-05 1.71849e-05 
0.000832669 0.000374054 8.49819e-05 
0.000308777 8.46187e-05 1.85937e-05 
4.64311e-05 0.000185423 1.70878e-05 
0.000169499 0.000219371 4.90818e-05 
0.000572126 0.000316217 1.90536e-05 
0.000423687 0.000323165 9.19713e-05 
0.000461408 0.000213173 2.06975e-05 
0.000823446 0.000119437 5.91005e-05 
0.00083819 0.000237657 7.19746e-05 
0.000182919 0.000301998 2.22252e-05 
0.000613489 0.00033014 4.17463e-05 
0.000541758 1.98753e-05 7.01409e-05 
0.000644599 0.0004207 1.88801e-05 
0.000845705 1.83608e-05 6.80624e-05 
0.000317303 0.000442906 2.5534e-05 
0.000428514 0.000319865 1.87694e-05 
0.000982654 6.2386e-05 6.33e-05 
0.000318574 0.0003789 2.90382e-05 
2.00818e-05 0.00022019 6.73407e-05 
0.000126161 0.000163598 8.38638e-05 
0.000164883 0.000338607 3.63991e-05 
0.000942566 0.000106021 5.76383e-05 
0.000407937 0.000450769 2.37263e-05 
0.000472256 0.000204056 5.59241e-05 
6.20988e-05 0.000482604 6.08499e-05 
0.000485604 0.000474207 6.51396e-05 
0.00086054 0.000375994 5.14152e-05 
0.000137708 0.000482501 5.24769e-05 
0.000149762 0.000231899 1.97617e-05 
0.00049808 0.000447878 1.81856e-05 
0.000760796 4.47907e-05 7.67653e-05 
0.00075224 0.000150041 5.38642e-05 
0.000262179 0.000157229 2.21469e-05 
0.000475578 0.000251747 2.03987e-05 
0.000572827 9.25409e-05 1.79211e-05 
0.000806577 1.8722e-05 7.39886e-05 
0.000604845 0.000224175 2.27438e-05 
0.000716932 0.000339624 2.0848e-05 
0.000886189 9.09426e-05 1.75244e-05 
0.000165714 3.06233e-05 3.06233e-05 
0.00061432 2.5309e-05 7.112e-05 
0.000599661 0.000356042 6.65516e-05 
0.000717574 5.30236e-05 2.31928e-05 
0.00021161 0.00016632 8.22651e-05 
0.00055334 0.000465224 2.45703e-05 
0.00075179 0.000268326 2.40606e-05 
0.000731277 0.000473251 2.67482e-05 
0.000547136 0.00038073 2.32146e-05 
0.000612241 9.29241e-05 2.16733e-05 
0.000778277 0.000420822 8.22443e-05 
0.000538022 0.000293725 5.16975e-05 
0.000753222 0.000396911 7.92245e-05 
2.39813e-05 0.000344018 2.26361e-05 
0.000667298 0.000391462 1.81462e-05 
0.00055919 0.000467324 7.82476e-05 
0.000149334 0.000301577 4.47494e-05 
0.000379446 0.000153418 5.29509e-05 
0.000921566 0.000474255 7.10374e-05 
0.000722558 0.000385871 1.8442e-05 
5.65419e-05 8.09774e-05 2.30417e-05 
0.000649005 1.83884e-05 5.36651e-05 
0.000593785 0.000480864 1.9132e-05 
0.000564682 0.000195999 6.53314e-05 
0.000405591 0.000404386 5.79512e-05 
0.000171165 1.83594e-05 7.77276e-05 
0.000199048 0.000184727 4.33298e-05 
0.00040637 0.000362074 1.96257e-05 
0.000387821 0.000113288 5.16095e-05 
0.000499079 0.000351976 9.15182e-05 
0.000791872 8.12043e-05 5.42804e-05 
0.000806467 0.000253955 4.60298e-05 
0.000698631 0.000278731 7.43434e-05 
0.000831018 0.00015263 2.2528e-05 
0.000571221 0.000382621 5.77674e-05 
0.000982127 0.000174945 1.78722e-05 
0.000153886 0.000139448 2.01359e-05 
0.000481254 5.46814e-05 8.5612e-05 
0.000278072 2.38731e-05 5.59091e-05 
2.04097e-05 0.000212225 2.04109e-05 
0.000640209 0.000319575 6.44954e-05 
0.000272135 0.000199799 2.09031e-05 
0.000706649 0.000216051 6.54673e-05 
0.00058092 4.47019e-05 8.39713e-05 
0.000536141 0.0001283 5.82481e-05 
0.00027761 0.000246505 6.41153e-05 
0.000922605 0.000170808 4.51346e-05 
0.000879314 0.000263828 9.24482e-05 
0.000583433 5.24875e-05 2.39506e-05 
4.7627e-05 0.000236409 4.76127e-05 
0.000193533 0.000362382 8.56325e-05 
0.000835389 0.000192113 3.13526e-05 
5.81524e-05 6.39822e-05 6.09714e-05 
0.000233951 0.000417585 2.96326e-05 
0.000687121 9.68689e-05 7.76809e-05 
2.27438e-05 0.000327665 8.08254e-05 
0.000553886 0.000127425 2.19824e-05 
0.00075676 6.09232e-05 4.18419e-05 
0.000959099 0.000377502 4.977e-05 
0.000476545 0.000479705 2.02966e-05 
0.000382746 1.88478e-05 1.88478e-05 
0.000977329 3.77777e-05 2.26711e-05 
0.000311945 2.52999e-05 9.00851e-05 
0.000456681 0.000348795 1.82643e-05 
0.000978452 0.000351712 2.15476e-05 
0.000365054 0.000136329 8.98842e-05 
0.000802198 0.000478628 9.18689e-05 
0.000464506 8.43717e-05 7.69574e-05 
0.000156374 0.000202766 8.18338e-05 
0.000918708 0.000259782 7.18652e-05 
0.000523449 0.000339455 2.43863e-05 
5.27803e-05 0.000104314 6.32729e-05 
0.000115966 0.000102846 1.7014e-05 
0.000163282 0.000477671 2.2328e-05 
0.000900161 0.00036856 7.50824e-05 
0.000489577 6.94843e-05 5.48296e-05 
0.000742212 0.000297843 9.88624e-05 
0.000949398 0.000356738 8.36488e-05 
0.000324389 0.000467894 9.45771e-05 
8.98842e-05 9.3072e-05 5.58931e-05 
0.000743253 0.00010747 7.20279e-05 
0.000364745 0.000207098 2.6328e-05 
0.000526115 0.000434736 3.74757e-05 
0.000217372 0.000479452 2.05469e-05 
9.50413e-05 0.00035223 2.2308e-05 
0.000119085 0.000290031 6.67205e-05 
0.00031435 0.000217857 2.52162e-05 
0.00024497 0.000226304 6.99458e-05 
0.000890447 0.00020335 4.8575e-05 
0.00012917 2.22771e-05 6.79587e-05 
0.000933691 0.000292022 6.26024e-05 
1.80708e-05 8.28678e-05 4.84423e-05 
0.000937585 0.000197556 1.83511e-05 
0.000894002 0.000239121 5.53581e-05 
0.000494857 0.000144346 5.72961e-05 
0.00088198 0.000470576 2.94247e-05 
0.000508436 0.000305563 7.96105e-05 
8.87591e-05 0.000461667 4.65797e-05 
0.000752801 0.000409013 1.96561e-05 
0.00029994 0.000482316 6.46889e-05 
0.000756963 0.000351771 2.09857e-05 
0.000699669 1.72495e-05 1.72499e-05 
0.000634456 5.86081e-05 1.92774e-05 
0.000195954 0.000358148 4.64543e-05 
0.000266494 0.000151982 6.15595e-05 
0.000339698 0.00015867 5.16465e-05 
0.000471477 0.000287791 8.62303e-05 
0.000561953 0.000275232 1.75468e-05 
0.000289065 1.75522e-05 1.75524e-05 
0.000429568 0.000236197 1.84385e-05 
0.000158099 0.000359589 6.95786e-05 
0.000859253 0.000239438 3.87537e-05 
0.000656012 1.79778e-05 1.79787e-05 
0.000243073 0.000302209 6.73451e-05 
0.000405257 0.000481788 5.18224e-05 
0.00072759 2.23933e-05 5.87351e-05 
0.000979248 0.000446681 2.07492e-05 
0.000834917 0.000268436 2.08963e-05 
0.000442565 6.05751e-05 5.53042e-05 
0.000194214 0.000150744 2.17768e-05 
0.000946138 8.15046e-05 8.34824e-05 
0.000350942 0.000289163 1.72415e-05 
0.000131569 0.000427246 1.75967e-05 
0.000108172 0.000283217 2.56072e-05 
0.000371083 0.000188859 6.72259e-05 
0.000784395 0.000234177 1.98248e-05 
0.000509581 5.16594e-05 1.7484e-05 
0.000768085 9.22467e-05 1.93047e-05 
0.000339012 0.000441212 6.45939e-05 
0.000923222 1.8008e-05 6.78505e-05 
0.00093802 0.000117755 1.90767e-05 
0.000468199 0.000357942 7.51336e-05 
0.000953948 0.000137859 8.88716e-05 
0.000699869 0.000417092 8.35024e-05 
1.84739e-05 0.000163487 1.84739e-05 
0.000504231 3.23624e-05 5.33565e-05 
0.000271857 0.000381859 1.88517e-05 
0.000127987 8.13468e-05 7.41557e-05 
0.000197932 0.000339385 1.73737e-05 
0.000795508 0.000427834 1.79403e-05 
0.000852948 0.00011238 2.97472e-05 
0.000308046 0.000354368 7.25916e-05 
0.000545359 0.000257034 4.21901e-05 
0.000777236 4.08127e-05 1.70277e-05 
0.000660946 0.000108632 4.59506e-05 
0.000657955 0.000162059 2.04651e-05 
5.1886e-05 0.000381171 8.70309e-05 
0.000153515 0.000481006 8.53276e-05 
0.000659704 0.000465588 1.70773e-05 
5.9334e-05 0.00047711 2.19689e-05 
9.91499e-05 0.000320205 4.47378e-05 
0.000894717 0.000175219 8.86358e-05 
0.000567396 0.000275595 6.33424e-05 
0.000580858 9.96673e-05 9.05635e-05 
1.89776e-05 0.000481276 1.87239e-05 
0.000782564 0.000328176 3.63637e-05 
9.14078e-05 1.75851e-05 5.60144e-05 
0.000477673 0.000225405 8.23256e-05 
0.000368398 0.000476531 2.34652e-05 
1.80972e-05 0.000407042 6.70213e-05 
0.000354206 0.00037689 6.09512e-05 
2.18935e-05 0.000299544 2.1893e-05 
0.000830809 3.23687e-05 9.86993e-05 
0.000245859 0.000268384 4.05561e-05 
0.000365379 0.000364509 2.06414e-05 
0.000930317 7.21622e-05 1.79165e-05 
0.000273667 9.69807e-05 1.78374e-05 
