0.000842675 0.000421206 3.10531e-05 
7.75899e-05 0.00029533 6.06356e-05 
0.00053477 0.000223605 8.94842e-05 
0.000319143 0.000250263 6.24195e-05 
0.00069219 0.000332732 6.76317e-05 
0.000367475 6.25577e-05 7.36238e-05 
0.000756138 0.00019564 3.09905e-05 
0.000886112 0.000288042 3.57921e-05 
0.000517331 4.13152e-05 9.52672e-05 
0.000776165 0.000235881 8.54451e-05 
0.000633079 0.000365812 2.42398e-05 
0.000182999 0.000381467 1.97455e-05 
0.000831928 0.000286218 7.55129e-05 
0.000200389 0.000213194 7.00104e-05 
0.000488219 0.000385657 3.627e-05 
0.00080971 0.000156678 6.27369e-05 
0.000443646 0.000341692 5.6443e-05 
0.000230996 0.00036224 2.52281e-05 
0.000528233 0.000160325 4.11955e-05 
0.000888409 0.000236027 1.89336e-05 
0.000919942 0.000331572 6.17902e-05 
0.000417949 0.000303153 5.73239e-05 
0.000942899 5.23982e-05 5.33027e-05 
0.000838456 5.11619e-05 6.79375e-05 
0.000687127 9.09173e-05 2.14034e-05 
0.00027483 0.000299878 2.0615e-05 
8.41635e-05 0.000231414 8.46554e-05 
0.000564479 0.00023418 1.9755e-05 
0.000160387 9.08662e-05 2.98299e-05 
0.000957407 0.000446514 9.72499e-05 
0.000516104 0.000215577 3.31029e-05 
0.000967331 0.000219235 5.68638e-05 
0.000894404 0.000135247 2.5705e-05 
0.000773638 2.10031e-05 4.99339e-05 
6.6544e-05 0.000260575 2.19117e-05 
0.0007473 0.000350201 9.32914e-05 
0.000616793 0.000439565 9.2171e-05 
0.000312135 0.000167629 9.99575e-05 
0.000333098 0.000203812 6.59947e-05 
0.000328077 0.000181348 1.87161e-05 
0.000295445 0.00029958 7.63318e-05 
0.00047642 0.00030541 3.28595e-05 
0.000462712 2.31843e-05 6.8385e-05 
0.00033705 0.000102854 5.61505e-05 
0.000978193 0.000400689 2.18e-05 
0.000598508 0.000481878 5.59115e-05 
0.00054107 0.000351379 7.71296e-05 
0.000725369 0.000170772 6.5502e-05 
0.000394206 0.000230631 6.38399e-05 
0.00038907 0.000280057 9.61739e-05 
0.00026851 0.000381042 8.24603e-05 
0.000575309 0.00015684 4.93477e-05 
0.000797127 5.21557e-05 8.66946e-05 
0.000843076 0.000461472 7.45623e-05 
9.09327e-05 6.26831e-05 8.04525e-05 
0.000193058 0.000110445 8.19759e-05 
0.000972464 8.66683e-05 2.75347e-05 
0.000512646 0.000419688 7.97243e-05 
0.000213453 0.000101304 2.45087e-05 
0.000367576 0.000417813 3.12566e-05 
0.000480706 0.00016536 2.60588e-05 
0.000283925 0.000413313 4.47023e-05 
0.000586273 0.000355425 2.37088e-05 
0.000802106 0.000190764 1.71766e-05 
0.000542082 7.58908e-05 5.84703e-05 
0.000240197 6.88583e-05 6.13683e-05 
0.000514099 0.00047896 1.73977e-05 
0.00039683 6.71258e-05 3.08115e-05 
0.000969427 0.000173278 6.21842e-05 
0.000891534 0.000181806 1.93951e-05 
0.000593757 0.000404539 7.58984e-05 
0.000621203 0.000132163 7.17823e-05 
0.000398437 0.000359201 6.65858e-05 
0.000693039 0.000383123 4.68335e-05 
0.000651372 6.67775e-05 6.28808e-05 
0.000153814 5.0656e-05 7.32473e-05 
0.000863646 0.000163747 5.84453e-05 
0.000445139 0.00011416 3.66395e-05 
0.000616952 0.000199163 8.12279e-05 
0.000709608 0.000127772 4.7034e-05 
0.000785929 0.000151321 2.30053e-05 
6.05252e-05 0.000343297 5.78153e-05 
0.000173187 0.000390756 5.41305e-05 
0.000425602 0.000440455 6.90234e-05 
0.000580928 0.00023633 5.90888e-05 
0.000791833 0.000384791 4.99002e-05 
2.99135e-05 0.000434369 2.99136e-05 
0.000347624 0.000278144 6.4295e-05 
0.000177979 0.000428908 2.88143e-05 
0.000151233 0.000275501 2.03565e-05 
0.000277436 5.64884e-05 2.32756e-05 
0.000822486 0.000474152 2.58512e-05 
0.000672464 0.000143408 6.91719e-05 
0.000980947 0.000295151 1.74972e-05 
0.000132473 0.00025494 5.59358e-05 
0.000868932 0.00033614 8.52322e-05 
0.000209075 2.35583e-05 6.18917e-05 
0.000924779 0.000209083 8.26729e-05 
0.000353822 0.000325507 7.66518e-05 
0.00041906 0.000185496 3.29375e-05 
0.000562036 0.000419529 5.79248e-05 
0.000776915 0.000477056 2.00575e-05 
0.000729011 0.000365277 4.92016e-05 
0.000787503 0.000121749 8.81108e-05 
0.000421246 2.46957e-05 1.93648e-05 
0.000819848 2.92538e-05 2.9256e-05 
0.000294114 6.98491e-05 6.38481e-05 
0.000730039 0.000248861 7.15351e-05 
7.60832e-05 0.000215024 2.46834e-05 
0.000682363 0.000181003 6.26749e-05 
0.000614887 0.000175571 2.64987e-05 
0.000400498 0.000269691 2.69506e-05 
0.000971751 0.000264765 7.13448e-05 
0.000651847 0.000277118 7.84028e-05 
0.000935623 0.000243979 3.02685e-05 
0.000597136 0.000132187 2.07348e-05 
8.75504e-05 0.000416618 3.03974e-05 
0.000132698 0.000436284 6.88866e-05 
0.000490877 0.000271808 6.71548e-05 
8.33881e-05 0.00016636 6.90776e-05 
0.000688275 0.000482728 1.72096e-05 
0.000646508 0.000383376 8.10845e-05 
0.000124478 0.000200657 4.2649e-05 
0.000312187 0.000274843 2.45241e-05 
0.000513675 0.000268301 2.1038e-05 
0.00076639 0.000179351 8.39349e-05 
0.000237407 0.000448133 7.08665e-05 
0.000977334 2.35283e-05 6.77309e-05 
0.000677011 0.000353986 2.10514e-05 
0.00022953 0.000224815 2.76751e-05 
0.000909515 0.000404865 3.66547e-05 
0.000413963 2.49825e-05 6.31122e-05 
0.000687973 3.01854e-05 5.16678e-05 
0.000765995 0.000475774 6.29561e-05 
0.000535737 0.000392364 6.03158e-05 
0.000458113 0.000165633 8.56541e-05 
0.000659572 0.00021423 3.29388e-05 
0.000412324 9.56483e-05 9.39769e-05 
0.00026679 0.000468756 3.12443e-05 
0.000979276 0.000397429 8.05974e-05 
0.000163887 0.000161682 6.41324e-05 
0.000910242 9.73133e-05 3.83855e-05 
0.000647898 0.000320914 2.30548e-05 
0.00036259 0.000411581 8.53031e-05 
0.000316177 0.000403848 7.55284e-05 
0.000872319 0.000122743 7.38798e-05 
0.000187266 0.000239644 1.80797e-05 
0.000690178 0.000432216 3.07158e-05 
5.59772e-05 2.89744e-05 2.89694e-05 
0.000543681 2.52985e-05 2.52994e-05 
0.000718961 0.000298504 2.06408e-05 
0.000883501 4.39539e-05 3.64707e-05 
0.000214205 0.000268894 1.8352e-05 
0.000914578 0.000131044 7.30173e-05 
0.000297948 0.000172221 4.75073e-05 
0.000803209 0.000335898 8.58872e-05 
0.000527804 0.000267405 7.32692e-05 
0.000731819 0.000288274 5.70541e-05 
0.000200403 0.000321076 6.96478e-05 
0.000798861 0.000442696 5.49421e-05 
0.000823739 0.000225312 2.07615e-05 
0.000598964 0.000405964 2.86318e-05 
2.61555e-05 0.000119528 2.61588e-05 
0.000469658 0.000323321 8.04888e-05 
0.000448989 0.000473484 5.12231e-05 
4.87804e-05 0.000395053 5.0617e-05 
0.000382542 0.000321648 2.80204e-05 
0.000554251 0.000420673 1.91484e-05 
0.000265609 0.000115618 4.98723e-05 
0.000911481 7.62044e-05 7.20219e-05 
0.000614065 0.000253698 8.30757e-05 
0.000804657 0.000207255 6.10473e-05 
0.000435612 0.000375156 3.84083e-05 
0.000248783 0.00012193 1.7066e-05 
0.000744806 2.03312e-05 2.0329e-05 
0.000397299 0.000139171 1.98843e-05 
0.000351503 0.00025228 2.09457e-05 
0.000257647 0.000337306 5.5365e-05 
0.000718433 8.10961e-05 5.61551e-05 
0.000766296 0.0003167 1.85837e-05 
0.00086703 0.000411848 8.01671e-05 
0.000637944 0.000126715 2.04339e-05 
0.000616925 2.20129e-05 3.36221e-05 
0.00033012 0.00048095 1.70371e-05 
0.00058008 0.000111437 4.8351e-05 
0.000124942 0.000126116 5.58877e-05 
0.000193868 0.000471919 6.25131e-05 
0.000192536 6.41235e-05 5.18471e-05 
2.19569e-05 4.72808e-05 6.21451e-05 
6.43319e-05 0.000311262 2.25123e-05 
0.000679409 0.000245821 6.96523e-05 
2.25232e-05 0.000476874 5.97206e-05 
0.000758006 0.00043074 5.29333e-05 
0.00044537 0.000257603 6.11601e-05 
0.000622571 0.00045442 2.08291e-05 
0.000837334 7.26771e-05 2.02622e-05 
0.000298734 0.000129916 2.4263e-05 
0.00093081 0.000461091 2.46535e-05 
0.000631545 0.000477949 7.84283e-05 
0.000198057 0.000420331 7.95259e-05 
0.000965685 0.000482859 1.71388e-05 
0.000831903 0.000333552 3.2954e-05 
6.11089e-05 0.000436302 8.24836e-05 
0.000457485 0.000438281 2.55987e-05 
0.000776557 0.000117776 4.83219e-05 
0.000743151 0.000325361 4.8687e-05 
0.000611544 0.000298848 8.79053e-05 
0.000122807 0.000461647 2.16544e-05 
0.000763044 0.000239455 5.05651e-05 
0.000809145 0.000106021 2.2919e-05 
0.00072799 0.000404693 5.09829e-05 
0.000470612 0.000428961 6.93053e-05 
0.000555799 0.00015471 8.41854e-05 
0.000337339 0.000145849 1.79664e-05 
0.00061077 0.000279087 3.39197e-05 
0.00018599 0.00026707 5.76804e-05 
0.000496123 0.00010385 6.92084e-05 
0.000566248 0.000192128 2.24172e-05 
0.000437606 0.000482273 1.77267e-05 
0.000510462 0.000182911 7.52258e-05 
0.000749196 0.000128302 2.04233e-05 
0.00022553 0.000178432 1.94789e-05 
0.000102797 0.000422532 0.000110022 
0.000501535 0.00033941 6.01406e-05 
4.56946e-05 0.000192043 5.17051e-05 
0.000674677 0.000275457 3.01833e-05 
0.000579462 2.00189e-05 5.26091e-05 
0.000134225 0.000377879 3.02625e-05 
3.03207e-05 0.000277602 6.91349e-05 
0.000381923 0.000453072 6.17954e-05 
0.000536678 0.000298739 1.72965e-05 
0.000842467 8.94743e-05 7.57317e-05 
0.000728106 9.41318e-05 1.97357e-05 
7.92685e-05 0.000171768 1.90553e-05 
5.96873e-05 0.000374853 1.99492e-05 
0.000276573 0.000204257 7.94924e-05 
0.00097195 0.000210613 2.00957e-05 
0.000274079 0.000244798 2.15251e-05 
0.00083298 0.000182118 9.45328e-05 
0.000887596 0.000347972 2.51029e-05 
0.000675813 0.000128004 1.75625e-05 
2.2592e-05 0.000253742 2.25713e-05 
0.00071484 0.000235508 2.65803e-05 
0.00011103 0.000241734 1.92054e-05 
0.000943918 0.000151924 1.71505e-05 
0.000890072 0.000445431 6.7725e-05 
0.00041981 0.000407246 2.19541e-05 
0.000108058 5.92668e-05 3.13146e-05 
0.000575243 0.000315981 6.1808e-05 
0.000863965 0.000207733 1.84596e-05 
0.000249165 0.000187583 4.92867e-05 
2.11346e-05 0.000367903 5.82502e-05 
0.000775784 0.000277054 6.71322e-05 
0.000240757 2.50624e-05 2.50543e-05 
0.00079413 6.84017e-05 2.59277e-05 
0.000251565 0.000271084 8.20609e-05 
0.000288277 0.000445031 7.16863e-05 
0.0007033 0.000175841 2.56838e-05 
0.000363828 0.000121454 1.8036e-05 
0.000960897 0.000421624 5.35377e-05 
0.000167967 0.000185192 2.17754e-05 
0.000133192 0.000323995 2.09966e-05 
0.000978652 0.000120767 6.20142e-05 
0.000210146 5.73889e-05 1.97786e-05 
0.000978453 0.00013502 2.15519e-05 
0.00079791 0.000288251 2.43338e-05 
0.000393651 0.000481843 8.72102e-05 
7.92355e-05 0.000126116 2.73429e-05 
0.000442243 0.000392669 7.73705e-05 
0.000131208 0.000319995 7.94487e-05 
0.000463047 2.27684e-05 2.26027e-05 
0.000939621 0.00039398 8.00103e-05 
0.000934605 0.000353471 2.23084e-05 
0.000229607 0.000310791 2.62426e-05 
0.000352195 0.000238271 8.39528e-05 
0.000823368 0.000417305 7.59784e-05 
0.000973258 0.000471338 5.87981e-05 
0.000229743 0.000139609 4.78599e-05 
0.000399059 0.000194321 0.000116326 
0.000116183 0.000156758 2.08348e-05 
0.000280578 0.000340836 2.01103e-05 
0.000370349 1.97746e-05 7.16967e-05 
0.000643113 0.000438945 5.73394e-05 
2.0278e-05 0.00038597 2.02777e-05 
0.000525193 0.00048267 5.00963e-05 
0.000972975 0.00032446 6.04828e-05 
0.000597605 0.000444221 5.79724e-05 
0.000941402 0.000307657 2.4038e-05 
0.000368533 0.000163754 1.80028e-05 
0.000599311 6.55875e-05 6.6919e-05 
0.000881623 9.2232e-05 5.9482e-05 
0.000934137 2.11429e-05 2.11458e-05 
0.000444866 5.77521e-05 1.71704e-05 
0.000680742 0.000472173 7.24481e-05 
0.000699615 5.46662e-05 8.85505e-05 
0.000761251 0.000442704 1.77109e-05 
0.000333486 3.84735e-05 3.53011e-05 
0.000342974 0.000477619 5.83416e-05 
0.00067249 5.15063e-05 2.06412e-05 
0.000324703 0.000325124 2.72732e-05 
0.000484484 7.67133e-05 2.25865e-05 
0.000105143 0.000364653 8.0128e-05 
0.000221652 0.000383584 6.3957e-05 
0.000507632 0.000116306 2.66772e-05 
1.92905e-05 6.40192e-05 1.9272e-05 
0.000502078 1.72471e-05 1.7184e-05 
0.000834157 0.000376478 8.59046e-05 
0.00030865 8.4e-05 1.85944e-05 
4.61817e-05 0.000186183 1.70894e-05 
0.000162894 0.000225231 5.33533e-05 
0.000568054 0.000317017 1.90543e-05 
0.000426494 0.000326247 9.54329e-05 
0.000463848 0.000212339 2.0697e-05 
0.000817059 0.000115393 6.23038e-05 
0.000839066 0.000236661 7.73136e-05 
0.000181617 0.000305285 2.2229e-05 
0.000613046 0.000329835 4.17205e-05 
0.000541358 1.98717e-05 7.0083e-05 
0.000643134 0.000420498 1.88804e-05 
0.000854569 1.83645e-05 7.53893e-05 
0.000316316 0.000441582 2.55359e-05 
0.000427004 0.000310388 1.87683e-05 
0.000979126 6.78359e-05 6.77266e-05 
0.000319705 0.000381186 2.90381e-05 
2.00859e-05 0.000214393 6.89359e-05 
0.000127049 0.000155169 9.18114e-05 
0.000165369 0.000339418 4.2706e-05 
0.000939984 9.72265e-05 5.87414e-05 
0.000410098 0.000451849 2.37274e-05 
0.000472625 0.000207897 5.73689e-05 
7.15519e-05 0.000482604 7.18207e-05 
0.00048893 0.000471954 7.07984e-05 
0.000860924 0.000376062 5.14259e-05 
0.000137267 0.000482501 5.14714e-05 
0.000149692 0.000235398 1.97605e-05 
0.000499882 0.000446345 1.81854e-05 
0.000763153 4.73602e-05 7.6364e-05 
0.000755869 0.000150497 5.2142e-05 
0.000261988 0.000158507 2.21468e-05 
0.000475719 0.000251684 2.03995e-05 
0.000573534 9.29894e-05 1.79197e-05 
0.000805343 1.87207e-05 7.37579e-05 
0.000605588 0.000223778 2.27443e-05 
0.000716479 0.000339921 2.08481e-05 
0.000882481 9.45041e-05 1.75238e-05 
0.000165364 3.06226e-05 3.06233e-05 
0.000612863 2.10565e-05 7.64946e-05 
0.000598494 0.000354411 6.7438e-05 
0.000716221 5.30268e-05 2.32007e-05 
0.000211358 0.000166831 8.18982e-05 
0.000552699 0.000464027 2.4571e-05 
0.000753128 0.000269882 2.40599e-05 
0.000730207 0.000473253 2.67477e-05 
0.000545907 0.00037934 2.32143e-05 
0.000612948 9.2848e-05 2.1674e-05 
0.000782905 0.000421291 8.54526e-05 
0.000535344 0.000298917 5.25358e-05 
0.000758384 0.000396695 8.72965e-05 
2.42691e-05 0.000342653 2.26356e-05 
0.000666199 0.000391546 1.81426e-05 
0.000559189 0.000467026 7.80411e-05 
0.000150877 0.000302071 4.83088e-05 
0.000380633 0.000154396 5.30249e-05 
0.000922639 0.000474255 7.26109e-05 
0.000720385 0.000385192 1.84421e-05 
5.80336e-05 8.06101e-05 2.30421e-05 
0.000651452 1.84037e-05 5.4288e-05 
0.00059266 0.000480867 1.9132e-05 
0.000565146 0.000196114 6.53604e-05 
0.000405238 0.00040325 5.81176e-05 
0.0001706 1.83609e-05 7.7764e-05 
0.000198952 0.000179603 4.46034e-05 
0.00040653 0.000361967 1.96267e-05 
0.000388483 0.00011404 5.06384e-05 
0.000499583 0.000347419 9.45287e-05 
0.000794135 8.2928e-05 6.22074e-05 
0.000808292 0.000251953 4.70498e-05 
0.000697294 0.000280855 7.49841e-05 
0.00083145 0.000150491 2.25264e-05 
0.000570476 0.000381015 5.74396e-05 
0.000982128 0.000174101 1.78723e-05 
0.000153279 0.000139379 2.01383e-05 
0.000479716 4.88523e-05 9.47596e-05 
0.000277376 2.38745e-05 5.59281e-05 
2.04223e-05 0.000211153 2.80089e-05 
0.00064258 0.000316979 6.47556e-05 
0.000275196 0.000200254 2.09009e-05 
0.000702403 0.000230251 9.34019e-05 
0.00057175 3.91549e-05 8.64866e-05 
0.000538342 0.000128611 6.75392e-05 
0.000276708 0.00024747 6.42866e-05 
0.000922073 0.000169436 4.49027e-05 
0.000883659 0.000274166 9.62811e-05 
0.000584382 5.30012e-05 2.39505e-05 
4.53239e-05 0.000232397 4.77112e-05 
0.000193476 0.000365378 8.56245e-05 
0.000835081 0.00018986 3.21595e-05 
5.62158e-05 6.88908e-05 6.29124e-05 
0.000235145 0.000416767 2.96371e-05 
0.000687507 9.75586e-05 7.65978e-05 
2.2751e-05 0.000331433 8.50436e-05 
0.000554653 0.000127906 2.19823e-05 
0.000755854 6.09316e-05 4.0884e-05 
0.000958028 0.000376352 5.11051e-05 
0.000476527 0.000479698 2.03006e-05 
0.000383269 1.88614e-05 1.88478e-05 
0.00097733 2.83403e-05 2.26726e-05 
0.000311249 2.52932e-05 9.01054e-05 
0.000450753 0.000349881 1.82637e-05 
0.000978453 0.000352996 2.15508e-05 
0.000357959 0.00014274 8.7857e-05 
0.000800291 0.000478631 9.28627e-05 
0.000465069 8.64787e-05 7.90877e-05 
0.000152341 0.000203853 8.42214e-05 
0.000918699 0.000258716 7.33575e-05 
0.000523179 0.000337533 2.43871e-05 
5.23932e-05 0.000109383 6.54996e-05 
0.000117018 0.000105257 1.70138e-05 
0.000163979 0.000477668 2.23271e-05 
0.000906418 0.00037715 8.26951e-05 
0.000489504 6.89679e-05 5.90289e-05 
0.000742371 0.000295317 9.90232e-05 
0.000949193 0.000355887 8.5399e-05 
0.000321917 0.000465462 9.51774e-05 
8.82737e-05 9.48345e-05 5.78339e-05 
0.00074668 0.000118894 7.45667e-05 
0.000364255 0.00020708 2.63269e-05 
0.000522964 0.000441874 4.60828e-05 
0.000217254 0.000479443 2.05468e-05 
9.19523e-05 0.000347661 2.23073e-05 
0.00011114 0.000285269 7.62635e-05 
0.000315174 0.000222838 2.52166e-05 
0.000239724 0.000228722 7.39221e-05 
0.000884231 0.00020412 4.94027e-05 
0.000126462 2.23037e-05 6.54974e-05 
0.000933769 0.000290239 6.20027e-05 
1.80699e-05 8.63288e-05 5.42413e-05 
0.000936035 0.000196843 1.83517e-05 
0.000894685 0.000238709 5.5105e-05 
0.000504344 0.000139708 7.52851e-05 
0.00087777 0.000470575 2.94247e-05 
0.000508797 0.000306323 8.47069e-05 
9.24527e-05 0.000462431 4.92612e-05 
0.000752664 0.000406213 1.96552e-05 
0.000295124 0.000482311 6.87628e-05 
0.000755607 0.000354721 2.0986e-05 
0.000694335 1.72554e-05 1.7249e-05 
0.000633009 5.72306e-05 1.9277e-05 
0.00019549 0.00036192 4.86185e-05 
0.000260455 0.000143572 7.48321e-05 
0.00034188 0.000164498 5.06059e-05 
0.00046585 0.000289373 9.05821e-05 
0.000562154 0.000274966 1.75459e-05 
0.00028831 1.75523e-05 1.75522e-05 
0.000433136 0.000236488 1.84387e-05 
0.00015614 0.000364423 7.2369e-05 
0.00085736 0.000237098 4.24396e-05 
0.000653509 1.79811e-05 1.79797e-05 
0.000244011 0.000311743 8.28034e-05 
0.000400594 0.00048179 5.15091e-05 
0.000728896 2.23973e-05 5.9912e-05 
0.000972261 0.000442926 2.07504e-05 
0.000836528 0.000264958 2.0896e-05 
0.000441992 6.14776e-05 6.01421e-05 
0.000194165 0.00014846 2.17761e-05 
0.000941043 8.32071e-05 9.16715e-05 
0.00035096 0.000289304 3.02843e-05 
0.00013321 0.000424018 1.75971e-05 
0.000106673 0.000285891 2.56103e-05 
0.000372866 0.000189973 6.72968e-05 
0.000784025 0.000236636 1.98252e-05 
0.000510358 5.10125e-05 1.74838e-05 
0.000767208 9.29084e-05 1.93036e-05 
0.000336809 0.000438923 6.5196e-05 
0.000921259 1.80072e-05 6.59469e-05 
0.000934729 0.000116934 1.90733e-05 
0.000469814 0.000359308 7.94144e-05 
0.000955051 0.00013801 8.81606e-05 
0.000698591 0.000416105 8.31707e-05 
1.92858e-05 0.00016295 1.84729e-05 
0.000504865 3.25358e-05 5.33084e-05 
0.00027198 0.000378526 2.55762e-05 
0.000128889 8.16792e-05 7.49352e-05 
0.000193709 0.000342941 1.73744e-05 
0.000792777 0.000426067 1.79408e-05 
0.000852422 0.000112703 3.94152e-05 
0.000312346 0.000354167 7.17722e-05 
0.000544181 0.000256644 4.10862e-05 
0.000776487 3.9848e-05 1.7026e-05 
0.000662419 0.000110448 4.65817e-05 
0.00065951 0.000162239 2.04667e-05 
5.68954e-05 0.000380261 8.76155e-05 
0.000167876 0.000481012 0.00010069 
0.000658648 0.000465449 1.70774e-05 
6.33367e-05 0.000473264 2.19689e-05 
0.00010672 0.000322034 4.8201e-05 
0.000880619 0.000170997 9.90153e-05 
0.000565365 0.000274409 6.37405e-05 
0.000583297 9.84784e-05 9.01295e-05 
2.35673e-05 0.000481275 1.87239e-05 
0.000786123 0.000320131 4.80225e-05 
8.69941e-05 2.76537e-05 6.36735e-05 
0.000467517 0.000224132 8.724e-05 
0.000369879 0.000476535 2.34663e-05 
1.80991e-05 0.000406126 6.68965e-05 
0.000356115 0.000378406 5.99966e-05 
2.18956e-05 0.000298191 2.18943e-05 
0.000829349 2.18467e-05 0.00010201 
0.000245525 0.000268876 4.34565e-05 
0.000366586 0.000367022 2.06411e-05 
0.00092813 7.49022e-05 1.79169e-05 
0.000273245 9.7024e-05 1.78387e-05 
