0.000828119 0.000408247 3.1057e-05 
8.2531e-05 0.00029539 8.92501e-05 
0.000522277 0.000207903 0.000121966 
0.000315774 0.000239138 0.000144175 
0.000683868 0.000333177 6.41796e-05 
0.00036391 7.91507e-05 0.000121938 
0.000739596 0.000207503 5.41025e-05 
0.000864413 0.000292152 6.83566e-05 
0.00052515 5.5278e-05 0.000163755 
0.000782773 0.000237932 0.000158433 
0.000638792 0.000369051 5.15594e-05 
0.000175602 0.000389388 1.97434e-05 
0.000826918 0.000305433 0.000121648 
0.000210029 0.000219667 9.52169e-05 
0.000488736 0.000381533 3.62694e-05 
0.000804136 0.000161858 0.000110112 
0.000439927 0.00037328 8.57782e-05 
0.000236054 0.000359517 2.54267e-05 
0.000524075 0.00014108 7.54625e-05 
0.000887172 0.000241296 1.89334e-05 
0.000915817 0.000332514 6.46539e-05 
0.000417694 0.000310428 5.8519e-05 
0.00094021 6.29799e-05 7.64546e-05 
0.000871985 4.24315e-05 0.000102802 
0.000693922 9.25006e-05 3.81429e-05 
0.000257724 0.000304342 6.8451e-05 
8.82156e-05 0.000233368 9.7918e-05 
0.000556311 0.00023667 1.97555e-05 
0.000174073 9.12564e-05 2.99515e-05 
0.000971079 0.000462443 0.000155174 
0.000521355 0.000212808 5.33003e-05 
0.000964136 0.000205492 7.78045e-05 
0.000880499 0.000143657 2.57044e-05 
0.000763509 2.74411e-05 9.13613e-05 
5.62376e-05 0.000258498 5.6526e-05 
0.000718284 0.000339005 0.000123968 
0.000610149 0.000437586 0.000152136 
0.000306195 0.000175525 0.000125552 
0.000345127 0.000222952 9.11125e-05 
0.000322277 0.000180749 3.53097e-05 
0.000310546 0.000305866 8.80204e-05 
0.000485648 0.000308261 3.28582e-05 
0.000453427 3.10431e-05 9.49469e-05 
0.000346678 0.000105776 6.79371e-05 
0.000963408 0.000400681 3.42256e-05 
0.000574312 0.000464066 0.00010442 
0.000548763 0.000348108 0.000109698 
0.000703023 0.000160468 0.000133973 
0.000389985 0.000229353 6.90566e-05 
0.000412883 0.000256369 0.000116636 
0.000251162 0.000380586 0.000131113 
0.000564727 0.000173344 8.72677e-05 
0.000799119 5.31054e-05 0.000167833 
0.000849375 0.000461026 0.000109332 
9.22223e-05 6.28277e-05 0.000136046 
0.000163731 9.35647e-05 9.42447e-05 
0.000961999 8.45838e-05 2.75432e-05 
0.000516849 0.000417387 0.000127592 
0.000228188 9.62829e-05 2.45118e-05 
0.000359932 0.000427586 3.12629e-05 
0.000493075 0.000165068 2.60702e-05 
0.000288734 0.000408507 6.09358e-05 
0.000605614 0.000348521 2.36938e-05 
0.000789869 0.000183727 3.52247e-05 
0.000550476 8.48907e-05 7.35194e-05 
0.000229148 9.15433e-05 8.03299e-05 
0.000519181 0.000465336 3.83132e-05 
0.000395075 7.59051e-05 3.08199e-05 
0.000961372 0.000182531 0.000120196 
0.000890299 0.000191036 2.05447e-05 
0.000575155 0.000396868 0.000141423 
0.000623785 0.000142573 0.000116231 
0.000394729 0.000371296 0.00010623 
0.000680735 0.000387082 6.12758e-05 
0.000647229 6.75303e-05 0.000110447 
0.000157152 4.16663e-05 8.52473e-05 
0.000877183 0.000153579 7.7867e-05 
0.000454104 0.000108045 3.66401e-05 
0.000629973 0.000208805 0.000124105 
0.000705524 0.000149369 7.30617e-05 
0.000805446 0.000159508 6.35249e-05 
6.9112e-05 0.000340906 0.00010791 
0.000146412 0.000377894 9.86344e-05 
0.000441675 0.00043028 0.000111441 
0.000606421 0.000244418 7.86772e-05 
0.000786734 0.000377023 7.09283e-05 
2.99614e-05 0.000434297 2.99195e-05 
0.00035137 0.000289286 0.000158575 
0.000183256 0.000436492 2.88995e-05 
0.000143746 0.000278099 2.27658e-05 
0.000274543 6.37411e-05 2.38835e-05 
0.000821024 0.000454305 6.37655e-05 
0.00068666 0.000131593 0.000161791 
0.000980268 0.000296521 3.88653e-05 
0.000121024 0.000270316 6.10592e-05 
0.000888949 0.000322882 0.000125705 
0.000213528 4.39483e-05 0.000127032 
0.000901495 0.000208684 0.000142816 
0.000372506 0.000323903 8.41902e-05 
0.000426227 0.000197794 3.29336e-05 
0.000568031 0.00039391 8.86971e-05 
0.000760957 0.000463753 2.4871e-05 
0.000706304 0.000376634 9.32073e-05 
0.000784781 0.000113943 0.00014801 
0.000411101 4.35805e-05 7.79174e-05 
0.000828 3.03113e-05 2.92556e-05 
0.000288509 8.24372e-05 0.000127014 
0.000725362 0.000259382 0.000109583 
9.23763e-05 0.000212379 3.65614e-05 
0.000672837 0.000193776 0.000102575 
0.000604615 0.000176586 4.18181e-05 
0.00040001 0.000269232 2.69526e-05 
0.000967818 0.000246401 0.000110011 
0.000640865 0.000273488 0.000133455 
0.000934803 0.000247982 3.03715e-05 
0.000606277 0.000129409 2.0736e-05 
8.28245e-05 0.000412145 4.86805e-05 
0.000158446 0.000434013 8.55527e-05 
0.000490651 0.00029538 0.00010525 
6.96651e-05 0.000149309 0.000107562 
0.000676005 0.000465174 5.87726e-05 
0.000652025 0.000377359 0.000110542 
0.000133219 0.000197257 6.79976e-05 
0.00030832 0.000270484 2.45393e-05 
0.000527003 0.000287097 6.03159e-05 
0.000754439 0.000186412 0.000122745 
0.00024773 0.000466168 0.000134752 
0.000971377 3.5544e-05 0.000111633 
0.00067556 0.000363779 2.10512e-05 
0.000237585 0.000241788 5.61148e-05 
0.000895604 0.000400849 3.66612e-05 
0.000413015 3.95244e-05 0.000122041 
0.000703061 4.73678e-05 9.2099e-05 
0.000758645 0.000470356 0.000125559 
0.000510601 0.000391049 9.71962e-05 
0.000451757 0.000161516 8.51904e-05 
0.000655607 0.000205816 3.2937e-05 
0.000429801 0.000106164 0.00011992 
0.00026511 0.000463855 5.9364e-05 
0.000977204 0.000381488 0.00011781 
0.000158991 0.000166143 0.000106376 
0.000901565 9.77173e-05 9.58747e-05 
0.000657779 0.000306732 2.30581e-05 
0.000356766 0.000414566 0.000140719 
0.000318906 0.000393141 0.000104104 
0.000869105 0.000125264 0.000155304 
0.000192033 0.000232867 1.80799e-05 
0.000706103 0.000437644 3.07169e-05 
6.11426e-05 2.89814e-05 5.1727e-05 
0.000538646 3.13747e-05 2.61433e-05 
0.000732178 0.000296425 4.42674e-05 
0.000897187 4.60848e-05 3.64878e-05 
0.000224832 0.000264855 1.8358e-05 
0.000910096 0.000145944 0.000137837 
0.000307248 0.000157483 7.41063e-05 
0.000786766 0.000347211 0.000124813 
0.000518662 0.000266071 0.000132971 
0.000720259 0.000301059 9.11958e-05 
0.000202974 0.000317246 8.82011e-05 
0.00078621 0.000444812 9.68058e-05 
0.000829664 0.000228178 2.07609e-05 
0.000610209 0.000407165 2.86277e-05 
2.62007e-05 0.00011162 2.62112e-05 
0.000461081 0.000329604 0.000139598 
0.000466096 0.000466947 0.000107758 
3.08025e-05 0.00039242 0.000122792 
0.000376663 0.000329967 2.80212e-05 
0.000556225 0.000409031 3.73633e-05 
0.000283285 0.000114098 9.06455e-05 
0.000907186 6.29484e-05 0.000147505 
0.000597334 0.000239945 0.000155243 
0.000812341 0.000211526 6.41148e-05 
0.00042361 0.000389332 5.43843e-05 
0.000249347 0.000128117 5.11623e-05 
0.000745519 3.61989e-05 3.93836e-05 
0.000399119 0.000136982 4.91842e-05 
0.000348097 0.000252351 5.82676e-05 
0.000242361 0.000346436 9.21246e-05 
0.000722624 8.27608e-05 0.000128071 
0.000756318 0.000314999 1.8583e-05 
0.000887808 0.00040809 0.000107788 
0.000638039 0.000138129 6.40166e-05 
0.000611862 3.77407e-05 5.92478e-05 
0.000349964 0.000470683 8.22231e-05 
0.000580644 0.000121886 9.6725e-05 
0.000123384 0.000122855 5.78688e-05 
0.000206822 0.000471597 6.78234e-05 
0.000198979 4.89426e-05 8.9054e-05 
4.73015e-05 6.24211e-05 0.000144478 
7.93335e-05 0.000325075 3.64096e-05 
0.000664269 0.000246274 0.000110526 
3.12462e-05 0.000466348 8.48018e-05 
0.000749132 0.000422848 0.000119394 
0.000445509 0.000266444 6.36996e-05 
0.000610027 0.000460561 4.19395e-05 
0.000826378 7.88352e-05 9.24878e-05 
0.000301547 0.000126321 3.61025e-05 
0.000913755 0.000458507 2.50776e-05 
0.000645141 0.000467185 0.000131991 
0.000201338 0.000409626 0.000122345 
0.000949539 0.000478912 1.72594e-05 
0.000826129 0.000337513 3.29516e-05 
4.85693e-05 0.000439783 0.000128222 
0.000462924 0.000444057 3.21706e-05 
0.000774266 0.000115011 0.000102698 
0.000745839 0.000325343 6.99994e-05 
0.000591048 0.000302947 0.000149296 
0.000104982 0.000454153 2.16643e-05 
0.000761054 0.000230214 0.000116903 
0.000808043 8.10667e-05 2.29185e-05 
0.000727237 0.000397146 5.33215e-05 
0.000474249 0.00040267 9.31489e-05 
0.00056132 0.000149907 0.000146912 
0.000333115 0.000147833 1.7968e-05 
0.00060007 0.000285454 3.39274e-05 
0.000202212 0.000259054 0.000132955 
0.000509952 0.000105349 0.000141778 
0.000562198 0.000191348 2.24196e-05 
0.000426421 0.000474876 3.54104e-05 
0.000486417 0.000176628 0.000126643 
0.000748847 0.000134482 2.85362e-05 
0.00021268 0.000174729 3.68081e-05 
0.000109578 0.000434269 0.000159863 
0.000487744 0.00032072 8.15614e-05 
4.74084e-05 0.000189228 9.04281e-05 
0.000670606 0.000264056 5.21958e-05 
0.00059002 3.51519e-05 0.000108912 
0.0001284 0.000376534 3.02691e-05 
3.03279e-05 0.000289833 8.93102e-05 
0.000367906 0.000425745 0.000102758 
0.00053629 0.000301126 1.79298e-05 
0.000847861 8.0915e-05 0.000158243 
0.000730602 9.5499e-05 1.97385e-05 
6.97463e-05 0.000158728 1.90665e-05 
7.72696e-05 0.000371115 1.99689e-05 
0.000269889 0.000214039 0.000146685 
0.000965366 0.000207498 2.7868e-05 
0.000271231 0.00023217 2.15272e-05 
0.000831076 0.000174398 0.000150727 
0.000883411 0.000330574 2.51045e-05 
0.000672204 0.00012519 5.33786e-05 
2.28056e-05 0.000251762 2.7914e-05 
0.000720316 0.000254274 2.65796e-05 
0.000115544 0.000245371 1.92093e-05 
0.000947792 0.000144567 2.13152e-05 
0.000880193 0.000461133 7.48363e-05 
0.000427709 0.000413756 2.19583e-05 
0.000117935 6.56739e-05 3.13139e-05 
0.000575005 0.000310599 8.00907e-05 
0.000869556 0.000215046 5.08371e-05 
0.000263219 0.000193613 0.000106665 
3.12333e-05 0.000340604 8.10023e-05 
0.000781918 0.000276914 0.000104886 
0.000243546 3.54029e-05 5.70707e-05 
0.000792934 6.673e-05 8.1842e-05 
0.000271576 0.000273738 0.000151237 
0.000301998 0.000437967 0.000120155 
0.000704727 0.000173029 2.56842e-05 
0.000344143 0.000109374 1.80058e-05 
0.000971908 0.000421075 0.000146904 
0.000162201 0.000174963 3.28965e-05 
0.000154017 0.000328102 2.09968e-05 
0.000970394 0.000102642 0.000108467 
0.00022024 5.24672e-05 2.27787e-05 
0.000962254 0.000136013 7.49753e-05 
0.000804341 0.000266793 2.43777e-05 
0.000396503 0.000475149 0.000151324 
6.96152e-05 0.000127255 5.33266e-05 
0.000445175 0.000380568 0.00013245 
0.000138141 0.000310276 0.000149523 
0.000474673 2.4162e-05 4.94394e-05 
0.000941849 0.000381186 0.000159674 
0.000926251 0.000352066 2.23345e-05 
0.000222951 0.000309303 2.62445e-05 
0.000365435 0.000218687 0.000145807 
0.000826651 0.000405952 0.00013301 
0.000957158 0.00046781 9.2246e-05 
0.000221052 0.000157645 7.50343e-05 
0.000422619 0.000181014 0.000148609 
0.000117403 0.000165678 2.59362e-05 
0.000274446 0.000317967 2.01136e-05 
0.000348423 2.66199e-05 0.000126214 
0.000659859 0.000448765 9.26814e-05 
2.63035e-05 0.000388398 4.98986e-05 
0.000504506 0.00047895 0.000128694 
0.000970283 0.000318972 7.5995e-05 
0.000623387 0.000416414 8.16267e-05 
0.000935695 0.000303221 2.40387e-05 
0.000366762 0.000182362 4.97735e-05 
0.00057198 7.43617e-05 0.00012687 
0.000880109 8.25358e-05 0.00012593 
0.000954339 2.2447e-05 2.1181e-05 
0.000448139 5.46183e-05 3.31593e-05 
0.000705269 0.000461737 0.000113502 
0.000688185 5.80386e-05 0.000145535 
0.000767546 0.000425107 6.63567e-05 
0.000342959 3.54474e-05 3.53051e-05 
0.000339764 0.000456186 0.000117589 
0.000661961 5.32004e-05 3.68721e-05 
0.000321978 0.000321059 2.79129e-05 
0.000502641 8.3562e-05 9.96971e-05 
0.000114192 0.000374132 0.000131471 
0.000233413 0.000402907 8.95053e-05 
0.000516634 0.000107073 2.66806e-05 
2.02985e-05 8.2116e-05 0.000120153 
0.000497951 2.30743e-05 1.7186e-05 
0.000859416 0.000380037 0.000145354 
0.000313377 8.07281e-05 1.85938e-05 
4.22012e-05 0.000204194 1.721e-05 
0.000160809 0.000243106 0.000115105 
0.000559269 0.000321348 3.75478e-05 
0.000418448 0.000312518 0.000126435 
0.000478603 0.00021644 2.07324e-05 
0.000830763 0.000112028 0.000129111 
0.000845603 0.000257219 0.00013634 
0.000171347 0.000298159 5.07943e-05 
0.000623563 0.000327618 5.43262e-05 
0.000541972 3.81426e-05 0.000101437 
0.000650055 0.000430213 5.32362e-05 
0.000852954 2.38479e-05 0.000144746 
0.000305409 0.000442494 2.55374e-05 
0.000427448 0.000309443 1.94703e-05 
0.000972633 6.49694e-05 0.000158573 
0.00031155 0.000376472 2.9055e-05 
2.97884e-05 0.000209136 0.000137738 
0.000123205 0.000128434 0.000130982 
0.000167082 0.000345506 7.39832e-05 
0.000935208 0.000109056 0.000136989 
0.000413163 0.000453004 6.80338e-05 
0.000485307 0.000201437 9.40739e-05 
8.31803e-05 0.000471067 0.000114436 
0.000473335 0.000459189 0.000150981 
0.000870212 0.000362963 9.672e-05 
0.000127131 0.000479178 8.5404e-05 
0.000160694 0.00022151 3.60126e-05 
0.000500353 0.0004536 8.10002e-05 
0.000766362 3.7776e-05 0.000145061 
0.000766671 0.000150504 8.24883e-05 
0.000254068 0.000154728 2.21469e-05 
0.000495673 0.000259745 5.33468e-05 
0.00059852 0.000104279 4.91501e-05 
0.000814169 2.16793e-05 0.000126083 
0.000599578 0.000227519 2.27647e-05 
0.000714798 0.000332847 2.0854e-05 
0.000871711 0.000109096 5.01528e-05 
0.000172138 3.07379e-05 3.06236e-05 
0.000597571 3.25264e-05 0.000159333 
0.000600321 0.000351182 0.000116453 
0.000708892 5.32401e-05 2.31926e-05 
0.000217723 0.000162495 0.000128378 
0.000556522 0.000461096 5.70484e-05 
0.000769454 0.000275167 5.68632e-05 
0.000732285 0.000473247 6.7452e-05 
0.000553432 0.000368465 2.3214e-05 
0.000622204 9.99845e-05 8.06043e-05 
0.00078201 0.000426169 0.000154781 
0.000538042 0.000304173 0.000118163 
0.000769109 0.000390074 0.000165098 
2.51981e-05 0.000344527 2.26355e-05 
0.000669826 0.000404968 2.81746e-05 
0.000548033 0.000470623 0.000143442 
0.000156662 0.000300637 0.000114283 
0.000385469 0.000138393 0.000122352 
0.000907122 0.00047392 0.000107013 
0.000732596 0.000378053 1.8444e-05 
5.52821e-05 7.20066e-05 2.3077e-05 
0.000670279 2.24707e-05 0.000126581 
0.000577555 0.000466608 1.91351e-05 
0.000569798 0.000206063 0.000127441 
0.000402012 0.000419592 9.96982e-05 
0.000172169 1.86148e-05 0.00011981 
0.000186021 0.000188614 7.98901e-05 
0.000405281 0.00035707 5.4834e-05 
0.000394601 8.98098e-05 8.39725e-05 
0.000494986 0.00035334 0.000169104 
0.000791053 6.62482e-05 0.000120875 
0.00081386 0.000257892 7.97773e-05 
0.000696095 0.000294801 0.000151863 
0.000819846 0.000145823 2.25296e-05 
0.000562474 0.000363054 6.42538e-05 
0.000974317 0.000167238 1.78722e-05 
0.000149326 0.000133854 2.01574e-05 
0.000479306 3.4927e-05 0.000164977 
0.00027282 4.57522e-05 9.72873e-05 
2.15979e-05 0.000212057 7.12933e-05 
0.000628847 0.000325865 0.000103935 
0.0002837 0.000204671 5.80489e-05 
0.000688835 0.000242881 0.000147656 
0.000553546 3.16395e-05 0.000143533 
0.000537294 0.000130579 0.000166282 
0.000269466 0.000238614 0.000108023 
0.000915157 0.000176385 0.000100643 
0.000906041 0.000268282 0.00014117 
0.000580022 7.18196e-05 2.39531e-05 
3.48127e-05 0.000230088 0.000105092 
0.000199167 0.000356539 0.000160977 
0.000840945 0.000175166 9.54625e-05 
6.57597e-05 7.59666e-05 9.11264e-05 
0.000248316 0.00041283 2.96302e-05 
0.000703136 0.0001152 0.000108436 
3.28975e-05 0.000364055 0.000152468 
0.000548122 0.000149218 2.19957e-05 
0.000744721 7.04792e-05 7.74001e-05 
0.000951845 0.000373814 8.26775e-05 
0.000489346 0.000479707 2.03025e-05 
0.000375315 3.57161e-05 0.000100007 
0.000962249 2.27709e-05 6.46433e-05 
0.000307278 3.50373e-05 0.000142609 
0.000444741 0.000337805 4.12669e-05 
0.000969542 0.000351579 3.38648e-05 
0.00034728 0.000122251 0.000134373 
0.000810875 0.000471565 0.000149265 
0.000466952 8.38211e-05 0.000150382 
0.000151341 0.000220221 0.000145223 
0.000918348 0.000272252 9.84549e-05 
0.000526057 0.000339423 5.89312e-05 
3.38085e-05 0.000105629 0.000151571 
0.0001074 0.000113372 1.70142e-05 
0.000150085 0.000476027 2.23281e-05 
0.000908337 0.000381338 0.00017069 
0.000524492 7.18305e-05 0.00012866 
0.000747881 0.00028507 0.0001473 
0.000952974 0.00034156 0.000151989 
0.00030729 0.000470184 0.000153351 
8.60523e-05 9.99131e-05 0.00012185 
0.00073939 0.000132065 0.000137779 
0.00035942 0.00021932 2.63262e-05 
0.00052785 0.000451225 0.000104855 
0.000233436 0.000477856 2.05064e-05 
8.32761e-05 0.00035854 6.5997e-05 
9.76748e-05 0.000287483 0.000137366 
0.000302977 0.000248771 6.89838e-05 
0.000228207 0.000218331 0.000149362 
0.000860798 0.000202677 0.000112191 
0.000117778 2.25032e-05 0.000105002 
0.000933165 0.000292522 6.50658e-05 
1.80724e-05 0.000100359 8.76501e-05 
0.000923168 0.000190468 5.22458e-05 
0.000891604 0.000230973 9.86683e-05 
0.000496545 0.000141999 0.000166075 
0.000861227 0.000470573 2.94382e-05 
0.000503314 0.000313705 0.00014048 
0.000107339 0.000441303 8.07545e-05 
0.00076096 0.00040839 1.98813e-05 
0.000289508 0.000478812 0.000117179 
0.000752513 0.000349688 3.72421e-05 
0.000694778 3.67246e-05 5.73036e-05 
0.000615425 4.74524e-05 1.92759e-05 
0.00018935 0.00037202 5.81836e-05 
0.000252512 0.000140013 0.000163823 
0.000343619 0.000181362 7.97958e-05 
0.00046338 0.00029591 0.000168465 
0.000569917 0.000259328 6.64798e-05 
0.000278296 2.2233e-05 1.88654e-05 
0.000458386 0.000251885 1.8486e-05 
0.000169786 0.000376768 0.000137499 
0.000859228 0.000237848 8.01712e-05 
0.000664038 3.23984e-05 8.41868e-05 
0.000260794 0.000312322 0.000169173 
0.000397947 0.000458267 0.000118264 
0.000713695 2.24296e-05 0.000124907 
0.000955428 0.000437877 5.54016e-05 
0.000853492 0.000263139 2.08981e-05 
0.0004485 7.32845e-05 8.24472e-05 
0.000190223 0.000143533 2.17771e-05 
0.000936837 8.5496e-05 0.000170674 
0.000361855 0.000287986 5.77042e-05 
0.000134377 0.000427038 2.75395e-05 
8.61544e-05 0.000278676 2.561e-05 
0.000381478 0.000186595 0.000111401 
0.000766209 0.000233992 1.98479e-05 
0.000494669 7.83156e-05 6.41499e-05 
0.000765001 8.47897e-05 4.26375e-05 
0.000314693 0.000441316 8.0014e-05 
0.000907705 2.45281e-05 0.000108274 
0.000924411 0.000132688 5.36278e-05 
0.000474395 0.000356773 0.000111082 
0.000965413 0.000131278 0.000160182 
0.000716737 0.000401504 0.000140803 
2.30683e-05 0.000160274 4.31045e-05 
0.000500655 2.37284e-05 9.72023e-05 
0.000281302 0.000376039 9.23296e-05 
0.000115379 6.29078e-05 8.68695e-05 
0.000189756 0.000338894 3.56572e-05 
0.00079096 0.000442369 3.42241e-05 
0.00083645 0.000123287 6.65916e-05 
0.000311602 0.000347048 0.000153971 
0.000544827 0.000259999 0.000106461 
0.000779935 3.45708e-05 2.49399e-05 
0.000667702 0.000108415 9.22373e-05 
0.000641039 0.000155917 2.04692e-05 
7.24278e-05 0.000393479 0.00015422 
0.000196289 0.000477361 0.000137469 
0.000657446 0.000461319 2.19301e-05 
6.10947e-05 0.000471773 4.9116e-05 
0.000118702 0.000320477 8.97635e-05 
0.000871017 0.000164307 0.000160204 
0.000565726 0.000274164 0.000132058 
0.000604995 9.92406e-05 0.000157779 
3.57411e-05 0.000481276 1.87265e-05 
0.000758538 0.000313493 0.000118832 
6.76596e-05 4.39395e-05 0.000113329 
0.000468925 0.000219022 0.000153126 
0.000387 0.00047455 2.34667e-05 
1.80977e-05 0.000428361 7.88762e-05 
0.000358727 0.000387242 8.06738e-05 
2.24858e-05 0.000297389 3.0479e-05 
0.000816441 2.08583e-05 0.000168108 
0.000239573 0.000278584 0.000102731 
0.000367675 0.000377324 2.06541e-05 
0.000913183 0.000101554 3.71057e-05 
0.000270439 0.000104605 1.78376e-05 
