0.000830102 0.000408905 3.10814e-05 
8.2531e-05 0.00029539 8.33725e-05 
0.000523392 0.000208718 0.00011277 
0.000315774 0.000239138 0.000138132 
0.000684568 0.000332109 6.38868e-05 
0.00036391 7.91507e-05 0.000115822 
0.000743493 0.00020648 5.23316e-05 
0.000867744 0.000291138 6.57243e-05 
0.000525164 5.49308e-05 0.000158531 
0.000782773 0.000237932 0.000153076 
0.000639307 0.000369457 4.5381e-05 
0.000175846 0.000388044 1.97567e-05 
0.000825892 0.000304966 0.000115656 
0.000209257 0.00021825 9.14168e-05 
0.000488081 0.000382172 3.63595e-05 
0.000803521 0.000161856 0.000107262 
0.000442201 0.000371424 8.0804e-05 
0.000236088 0.000359615 2.52292e-05 
0.000524075 0.00014108 6.76701e-05 
0.000888259 0.00024024 1.89334e-05 
0.00091641 0.000331143 6.32433e-05 
0.000415774 0.000311545 5.70441e-05 
0.000941515 6.42072e-05 7.08799e-05 
0.000871985 4.24315e-05 9.79698e-05 
0.000692156 9.39613e-05 3.30408e-05 
0.000257536 0.000304338 6.26504e-05 
8.84052e-05 0.000230421 9.21608e-05 
0.000556311 0.00023667 1.97555e-05 
0.0001741 9.10529e-05 2.98295e-05 
0.000971079 0.000462443 0.000148829 
0.00052052 0.000212527 5.24703e-05 
0.000964172 0.000206033 7.25227e-05 
0.000880699 0.000143775 2.5705e-05 
0.000763509 2.74411e-05 8.54157e-05 
5.55542e-05 0.000257035 5.23582e-05 
0.000718558 0.000339321 0.000116777 
0.000610149 0.000437586 0.000146804 
0.000307023 0.000176574 0.000117371 
0.000343575 0.000222868 8.52907e-05 
0.00032219 0.000180969 3.06809e-05 
0.000308554 0.00030266 8.55465e-05 
0.000484747 0.000309194 3.28588e-05 
0.000453943 2.66863e-05 8.89155e-05 
0.000344511 0.000105648 6.80316e-05 
0.000963419 0.000400629 2.77894e-05 
0.000575089 0.000463872 9.88481e-05 
0.000547107 0.000348183 0.000103145 
0.000703023 0.000160468 0.000128516 
0.00038906 0.000233339 6.62304e-05 
0.000412866 0.00025775 0.000114733 
0.000250741 0.000380555 0.000124049 
0.000564727 0.000173344 8.02091e-05 
0.000799119 5.31054e-05 0.000163436 
0.000847882 0.000461355 0.000103663 
9.25143e-05 6.30523e-05 0.000130458 
0.000163987 9.21774e-05 9.37435e-05 
0.000962204 8.47895e-05 2.76882e-05 
0.0005169 0.000417842 0.000121854 
0.000227927 9.64189e-05 2.45145e-05 
0.000361857 0.000427144 3.12558e-05 
0.000493075 0.000165068 2.60585e-05 
0.000288445 0.000410828 5.81318e-05 
0.000602194 0.000348032 2.37103e-05 
0.000789643 0.000184085 3.08165e-05 
0.000549965 8.4739e-05 7.19463e-05 
0.000230745 9.02253e-05 8.00149e-05 
0.000520582 0.00046412 3.50525e-05 
0.000394482 7.47384e-05 3.08175e-05 
0.000963273 0.000181836 0.000111964 
0.000890299 0.000191036 1.94003e-05 
0.000575155 0.000396868 0.000136587 
0.000624936 0.00014307 0.000110018 
0.000395634 0.000371868 9.77024e-05 
0.000681498 0.000387104 5.60408e-05 
0.000647764 6.61164e-05 0.000103199 
0.000157142 4.15748e-05 8.09301e-05 
0.000875978 0.000152834 7.79175e-05 
0.00045339 0.0001071 3.66378e-05 
0.000627747 0.000210141 0.000112434 
0.000705806 0.000146114 7.07228e-05 
0.000803304 0.000160263 6.06941e-05 
6.89828e-05 0.000340132 0.000101327 
0.000147446 0.000378017 9.36668e-05 
0.00044152 0.000431327 0.000104253 
0.000606067 0.000243166 7.26129e-05 
0.00078501 0.000378056 6.69225e-05 
2.99494e-05 0.000434242 2.99194e-05 
0.00035137 0.000289286 0.000153859 
0.00018332 0.000435236 2.88139e-05 
0.000144402 0.000278188 2.04005e-05 
0.000274623 6.30798e-05 2.33173e-05 
0.000817178 0.000456636 5.93125e-05 
0.00068666 0.000131593 0.000157079 
0.000980484 0.000296036 3.39765e-05 
0.000123322 0.00026965 5.94038e-05 
0.000891698 0.00032455 0.000118593 
0.00021425 4.37002e-05 0.000121401 
0.000902565 0.000208126 0.000136073 
0.000371659 0.000322246 8.40419e-05 
0.000425838 0.000199458 3.29347e-05 
0.00056826 0.000395334 8.41187e-05 
0.000760583 0.000464028 2.02714e-05 
0.000705893 0.000377921 8.72123e-05 
0.000784781 0.000113943 0.000141827 
0.000411045 4.36914e-05 7.16785e-05 
0.000828 3.03113e-05 2.92556e-05 
0.000288509 8.24372e-05 0.000120145 
0.000725362 0.000259382 0.000102626 
9.10076e-05 0.000210986 2.88628e-05 
0.000673411 0.000193567 9.84118e-05 
0.000605189 0.000174743 3.86327e-05 
0.000399511 0.000269244 2.69614e-05 
0.000967818 0.000246401 9.92525e-05 
0.000640513 0.000273894 0.00012654 
0.000935861 0.000248136 3.0268e-05 
0.000606989 0.000131069 2.07391e-05 
8.47832e-05 0.000413029 4.34438e-05 
0.000156495 0.000433098 8.35428e-05 
0.000490424 0.000294128 0.000101047 
7.05318e-05 0.000150826 0.000103119 
0.000675618 0.000466235 5.47297e-05 
0.000651682 0.000377328 0.000104728 
0.000131719 0.00019452 5.95953e-05 
0.000308617 0.000271684 2.45283e-05 
0.000528267 0.000286449 5.51291e-05 
0.000754439 0.000186412 0.000114086 
0.00024773 0.000466168 0.000128094 
0.000971719 3.60862e-05 0.000106547 
0.000677274 0.000364029 2.10474e-05 
0.000238699 0.000241671 5.45155e-05 
0.000897132 0.000400974 3.66614e-05 
0.000413514 3.93901e-05 0.00011575 
0.000703347 4.84873e-05 8.79605e-05 
0.000757055 0.000471865 0.000119275 
0.000510651 0.000390384 9.24629e-05 
0.000453244 0.000162115 8.34841e-05 
0.000656082 0.000205024 3.29578e-05 
0.000430506 0.000106596 0.000114632 
0.000266383 0.00046558 5.66439e-05 
0.000977204 0.000381488 0.000112022 
0.000157484 0.000164308 9.88185e-05 
0.000901565 9.77173e-05 9.18335e-05 
0.000655592 0.000308251 2.30775e-05 
0.00035627 0.000414059 0.000135019 
0.000318906 0.000393141 9.70965e-05 
0.000869105 0.000125264 0.00015133 
0.000193412 0.000233356 1.80824e-05 
0.000704899 0.000436849 3.07163e-05 
6.22326e-05 2.89925e-05 4.91537e-05 
0.000539463 3.15416e-05 2.53815e-05 
0.000729604 0.000297014 4.07532e-05 
0.000894855 4.51585e-05 3.64753e-05 
0.000223922 0.000266031 1.83521e-05 
0.000909991 0.000145815 0.000129062 
0.000307136 0.000158228 6.59736e-05 
0.000786387 0.000347254 0.000120292 
0.000518335 0.000266147 0.000127686 
0.000720317 0.000299933 8.52225e-05 
0.000203592 0.000316847 7.8947e-05 
0.000784645 0.000443153 9.32962e-05 
0.000828672 0.000226039 2.076e-05 
0.000608582 0.000409286 2.8654e-05 
2.61457e-05 0.000112029 2.6155e-05 
0.000461081 0.000329604 0.000134997 
0.00046637 0.000467901 0.000101748 
3.05219e-05 0.000392228 0.000117764 
0.000376763 0.000328638 2.80222e-05 
0.000556299 0.000409948 3.2688e-05 
0.000283285 0.000114098 8.52639e-05 
0.000907186 6.29484e-05 0.000142592 
0.000597319 0.000239959 0.000149021 
0.000809268 0.000210354 6.1836e-05 
0.000423298 0.000389569 5.21304e-05 
0.000249152 0.000127018 4.83497e-05 
0.000746558 3.52932e-05 3.50311e-05 
0.000399119 0.000136982 4.38536e-05 
0.000346649 0.000254632 5.47012e-05 
0.000242584 0.000346226 8.50649e-05 
0.000723559 8.2999e-05 0.000122411 
0.000757915 0.000312693 1.85874e-05 
0.000887808 0.00040809 9.96585e-05 
0.000637833 0.000137836 5.74045e-05 
0.000611235 3.62759e-05 5.85226e-05 
0.000349964 0.000470683 7.83111e-05 
0.000580724 0.000122585 9.27729e-05 
0.000125 0.000121158 5.61553e-05 
0.000207955 0.000471888 6.47736e-05 
0.00019857 4.90831e-05 8.39267e-05 
4.76568e-05 6.21653e-05 0.000138295 
7.8689e-05 0.000327324 2.92589e-05 
0.000665211 0.000246702 0.000104979 
3.06414e-05 0.000467299 7.64845e-05 
0.00074937 0.000423005 0.000114112 
0.000445427 0.00026853 6.1991e-05 
0.000612449 0.0004601 3.76755e-05 
0.000826378 7.88352e-05 8.83426e-05 
0.000302561 0.000125603 3.07667e-05 
0.000914863 0.000458461 2.46732e-05 
0.000645026 0.000467336 0.000125752 
0.000200607 0.000409672 0.000114249 
0.000950292 0.000479352 1.714e-05 
0.00082625 0.000337092 3.29516e-05 
4.8817e-05 0.000438355 0.000118012 
0.000464281 0.000442035 2.74383e-05 
0.000774266 0.000115011 9.72833e-05 
0.000745877 0.000325026 6.5936e-05 
0.000591492 0.000303452 0.000142096 
0.000105684 0.000455551 2.16726e-05 
0.000761054 0.000230214 0.000112778 
0.000808043 8.10667e-05 2.29185e-05 
0.00072791 0.000396987 5.26419e-05 
0.000474348 0.000402643 8.80693e-05 
0.00056132 0.000149907 0.000142969 
0.000335255 0.000149073 1.79661e-05 
0.000602791 0.000284721 3.39495e-05 
0.000202006 0.000261404 0.000124906 
0.000509952 0.000105349 0.000136855 
0.000562083 0.000191222 2.2421e-05 
0.000427279 0.000475367 3.06234e-05 
0.000488802 0.000177576 0.00012404 
0.000748847 0.000134482 2.29126e-05 
0.000213351 0.000176103 3.16733e-05 
0.000109578 0.000434269 0.000154154 
0.000487903 0.000322598 8.12456e-05 
4.70157e-05 0.000189914 8.57509e-05 
0.000670235 0.000264298 4.94218e-05 
0.00059002 3.51519e-05 0.000103509 
0.000129116 0.000373645 3.0261e-05 
3.03836e-05 0.000291496 8.24757e-05 
0.000367571 0.000426191 9.76054e-05 
0.000535989 0.000300867 1.72979e-05 
0.000847861 8.0915e-05 0.000152649 
0.000731053 9.55288e-05 1.97362e-05 
6.97055e-05 0.000160794 1.90543e-05 
7.67364e-05 0.000369108 1.99887e-05 
0.00026996 0.000213888 0.000139527 
0.000965366 0.000207497 2.24237e-05 
0.000273778 0.000231582 2.1525e-05 
0.000831076 0.000174398 0.000143409 
0.000883705 0.000333603 2.5102e-05 
0.000672683 0.000125001 4.90769e-05 
2.2956e-05 0.000251366 2.25755e-05 
0.000720946 0.000252801 2.65812e-05 
0.000115884 0.000245831 1.92054e-05 
0.000947707 0.000144494 1.73586e-05 
0.000881037 0.00045946 7.14486e-05 
0.000425695 0.000414746 2.19559e-05 
0.000118041 6.57738e-05 3.13134e-05 
0.000572889 0.000312396 7.60281e-05 
0.000869656 0.000214831 4.59646e-05 
0.000262711 0.000193655 0.000100986 
3.0945e-05 0.000342371 7.44841e-05 
0.000781005 0.000276819 9.77201e-05 
0.000245164 3.42184e-05 5.08979e-05 
0.000792973 6.674e-05 7.68214e-05 
0.000271576 0.000273738 0.00014718 
0.000301998 0.000437967 0.000114584 
0.000705351 0.000174039 2.5689e-05 
0.000344015 0.000109601 1.80328e-05 
0.000971908 0.000421075 0.000141531 
0.000163281 0.000175031 2.50953e-05 
0.000153697 0.000328649 2.10049e-05 
0.000970394 0.000102642 0.000102323 
0.00021913 5.32481e-05 1.97613e-05 
0.000962254 0.000136013 6.87135e-05 
0.000807261 0.000266103 2.43338e-05 
0.000396503 0.000475149 0.000146879 
7.16975e-05 0.000126479 5.03141e-05 
0.000444998 0.000381467 0.000126864 
0.000137458 0.000310632 0.000143825 
0.000471672 2.43027e-05 4.64801e-05 
0.000941849 0.000381186 0.000155667 
0.000927471 0.000352483 2.23068e-05 
0.000222735 0.00030991 2.62432e-05 
0.000365435 0.000218687 0.000140384 
0.000826651 0.000405952 0.000128642 
0.000958453 0.000468796 8.35977e-05 
0.000221329 0.000157054 6.90452e-05 
0.000420416 0.000183952 0.000144278 
0.000117403 0.000165678 2.10873e-05 
0.000274437 0.000317966 2.01103e-05 
0.000348582 2.64216e-05 0.000121067 
0.000658514 0.00044712 8.67017e-05 
2.61564e-05 0.000386544 4.51055e-05 
0.000504514 0.000479384 0.000124118 
0.000969435 0.000320878 6.92364e-05 
0.000623143 0.000416746 7.62017e-05 
0.000935984 0.000304503 2.40378e-05 
0.000367581 0.000180138 4.63405e-05 
0.000573851 7.34486e-05 0.000124111 
0.000880109 8.25358e-05 0.000122013 
0.000953762 2.24202e-05 2.11398e-05 
0.000448079 5.4048e-05 2.91238e-05 
0.000704669 0.000461431 0.000104858 
0.000688641 5.81611e-05 0.000138838 
0.000766338 0.000426201 6.10285e-05 
0.000341421 3.55034e-05 3.53019e-05 
0.000339764 0.000456186 0.000111871 
0.000661961 5.32004e-05 3.11286e-05 
0.000321913 0.000321667 2.7338e-05 
0.000500888 8.35323e-05 9.5719e-05 
0.000111845 0.000373589 0.000122711 
0.000233681 0.000403328 8.238e-05 
0.000515872 0.000109704 2.66832e-05 
1.98617e-05 8.17449e-05 0.000114979 
0.000498562 2.30172e-05 1.71845e-05 
0.000859416 0.000380037 0.000138876 
0.000313377 8.07281e-05 1.85935e-05 
4.22012e-05 0.000204194 1.70879e-05 
0.000160309 0.000243132 0.000110264 
0.000561156 0.000321874 3.30211e-05 
0.000418553 0.000313573 0.000118903 
0.000477203 0.000215714 2.0694e-05 
0.000830763 0.000112028 0.000124582 
0.000845603 0.000257219 0.000131291 
0.000172507 0.000298226 4.53519e-05 
0.000624783 0.000327882 5.17225e-05 
0.000541653 3.63717e-05 9.71261e-05 
0.000650055 0.000430213 4.84307e-05 
0.000852954 2.38479e-05 0.000140201 
0.000307104 0.000441115 2.5536e-05 
0.000428054 0.000309357 1.87671e-05 
0.000972633 6.49694e-05 0.000154516 
0.000312513 0.00037717 2.90373e-05 
2.97884e-05 0.000209136 0.000132304 
0.000123205 0.000128434 0.000125754 
0.00016655 0.0003455 6.81997e-05 
0.000935242 0.000109007 0.000132261 
0.00041264 0.000452149 6.16913e-05 
0.000486088 0.000203159 8.99314e-05 
8.36079e-05 0.000471465 0.000110218 
0.000473016 0.000458342 0.000144704 
0.000869977 0.000363457 8.99941e-05 
0.000127131 0.000479178 8.1276e-05 
0.000159588 0.00022182 3.05381e-05 
0.000499834 0.000453648 7.60978e-05 
0.000766362 3.7776e-05 0.000140805 
0.000765783 0.000150277 7.81137e-05 
0.000254249 0.000155743 2.21468e-05 
0.000494965 0.000259397 4.87564e-05 
0.000596361 0.000103135 4.54817e-05 
0.000814169 2.16793e-05 0.000121358 
0.000599578 0.000227519 2.27442e-05 
0.000715872 0.000332658 2.0872e-05 
0.000871871 0.000107144 4.69022e-05 
0.000172135 3.06354e-05 3.06232e-05 
0.000597571 3.25264e-05 0.000153356 
0.000600236 0.000351256 0.000110567 
0.000709023 5.387e-05 2.31927e-05 
0.000217723 0.000162495 0.000120557 
0.000556421 0.000459792 5.66095e-05 
0.000767509 0.00027521 5.04134e-05 
0.000736431 0.000473248 6.20704e-05 
0.000551373 0.000368757 2.32192e-05 
0.000623433 0.000100027 7.44024e-05 
0.00078201 0.000426169 0.000150673 
0.000538388 0.000304074 0.000113592 
0.000769109 0.000390074 0.000161063 
2.51981e-05 0.000344527 2.26355e-05 
0.000668829 0.00040462 2.30053e-05 
0.000548383 0.000470624 0.000137545 
0.000156957 0.000300483 0.000109263 
0.000385601 0.000138449 0.000116804 
0.000909115 0.000474118 0.000101648 
0.000731365 0.000379225 1.84417e-05 
5.68892e-05 7.36896e-05 2.30492e-05 
0.000670011 2.19407e-05 0.000121751 
0.000577724 0.000466966 1.91317e-05 
0.000570389 0.000206033 0.000121759 
0.000401559 0.000419125 9.53301e-05 
0.000172169 1.86148e-05 0.000115268 
0.000185624 0.000187758 7.44803e-05 
0.000406546 0.000356532 5.26316e-05 
0.000394168 8.95034e-05 8.03046e-05 
0.000494986 0.00035334 0.000164779 
0.000790998 6.6234e-05 0.000115849 
0.000814165 0.000257712 7.42965e-05 
0.000696095 0.000294801 0.000146312 
0.000822088 0.000143923 2.25299e-05 
0.000564641 0.000361884 6.26429e-05 
0.000974331 0.00016725 1.78722e-05 
0.00015137 0.000134842 2.01486e-05 
0.000479306 3.4927e-05 0.000160916 
0.00027282 4.57522e-05 9.02508e-05 
2.15979e-05 0.000212057 6.5677e-05 
0.000628959 0.000325766 9.89354e-05 
0.000283868 0.000204228 5.26742e-05 
0.000688835 0.000242881 0.000143698 
0.000553546 3.16395e-05 0.00013833 
0.000537294 0.000130579 0.000161718 
0.000269459 0.000239028 0.000101208 
0.000916664 0.000177169 9.30762e-05 
0.000905185 0.000268006 0.000134751 
0.000581445 7.03955e-05 2.39464e-05 
3.48089e-05 0.000230088 0.000100971 
0.000199167 0.000356539 0.000155622 
0.000839429 0.000176472 9.1714e-05 
6.57597e-05 7.59666e-05 8.6487e-05 
0.000246029 0.000413516 2.96335e-05 
0.000702674 0.000113167 0.00010511 
3.29778e-05 0.000362985 0.000146589 
0.000548078 0.000149089 2.19817e-05 
0.000744721 7.04792e-05 7.15046e-05 
0.000951845 0.000373814 7.65622e-05 
0.000489559 0.000479679 2.03125e-05 
0.000375222 3.57777e-05 9.47134e-05 
0.000964018 2.299e-05 6.3729e-05 
0.000306413 3.52151e-05 0.000134317 
0.000443308 0.000338845 3.70212e-05 
0.00097105 0.000351553 2.79279e-05 
0.000347044 0.000122151 0.000127343 
0.000810875 0.000471565 0.000143109 
0.000466952 8.38211e-05 0.000146105 
0.000151085 0.000219593 0.00013995 
0.000918786 0.000272393 9.24688e-05 
0.00052801 0.000339911 5.46288e-05 
3.40439e-05 0.000106036 0.000145461 
0.0001074 0.000113372 1.70138e-05 
0.000150085 0.000476027 2.23281e-05 
0.000908337 0.000381338 0.000166714 
0.000524479 7.21355e-05 0.000123754 
0.000747326 0.000283593 0.000140635 
0.000952974 0.00034156 0.000146809 
0.000308074 0.000469804 0.000147445 
8.60523e-05 9.99131e-05 0.000117834 
0.00073939 0.000132065 0.000132525 
0.000356824 0.000218211 2.63249e-05 
0.000527911 0.000450977 9.92359e-05 
0.000231544 0.000478649 2.05478e-05 
8.42906e-05 0.000360027 6.06662e-05 
9.76748e-05 0.000287483 0.000133251 
0.000302137 0.000245559 6.63587e-05 
0.000228207 0.000218331 0.000145265 
0.000860514 0.000202636 0.000107267 
0.000117854 2.25326e-05 9.89948e-05 
0.00093317 0.000290917 6.41692e-05 
1.80681e-05 0.000100614 8.28047e-05 
0.000923168 0.000190468 4.77057e-05 
0.000891526 0.000231753 9.29099e-05 
0.000496545 0.000141999 0.000161623 
0.000861715 0.000470056 2.94248e-05 
0.000503345 0.000314914 0.000134785 
0.000106374 0.000443012 7.70305e-05 
0.00076096 0.00040839 1.96552e-05 
0.000289049 0.000479034 0.000112058 
0.000752413 0.000349172 3.28978e-05 
0.000693 3.45753e-05 5.49182e-05 
0.000617718 4.73413e-05 1.92759e-05 
0.00018957 0.000372279 5.40045e-05 
0.000252512 0.000140013 0.00015953 
0.000343442 0.000180867 7.5552e-05 
0.00046338 0.00029591 0.000164502 
0.000569049 0.000258605 6.32105e-05 
0.000278296 2.2233e-05 1.7553e-05 
0.00045967 0.000250627 1.84399e-05 
0.000169786 0.000376768 0.000132597 
0.000858251 0.000236832 7.54335e-05 
0.000665061 3.02583e-05 7.82831e-05 
0.000260794 0.000312322 0.000164904 
0.000397947 0.000458267 0.000113794 
0.00071436 2.23831e-05 0.000119573 
0.000955339 0.000436947 4.84403e-05 
0.000853275 0.000259709 2.08711e-05 
0.000448218 6.9858e-05 8.04942e-05 
0.000192699 0.000141781 2.17738e-05 
0.000936837 8.5496e-05 0.000166744 
0.000362473 0.00028939 5.33422e-05 
0.000134377 0.000427038 2.33655e-05 
8.73424e-05 0.000280099 2.56312e-05 
0.000380391 0.000186717 0.00010557 
0.00076855 0.000236488 1.98259e-05 
0.000494624 7.82841e-05 5.98145e-05 
0.000765001 8.47897e-05 3.76144e-05 
0.000314693 0.000441316 7.50534e-05 
0.000907705 2.45281e-05 0.000103903 
0.000924454 0.000132809 4.87868e-05 
0.000474581 0.000356621 0.000106803 
0.000965413 0.000131278 0.000155878 
0.000715915 0.000400962 0.000133043 
2.30683e-05 0.000160274 3.85035e-05 
0.000500655 2.37284e-05 9.05945e-05 
0.000282263 0.000375897 8.63305e-05 
0.000114966 6.43991e-05 8.44854e-05 
0.000189756 0.000338894 3.15875e-05 
0.000789983 0.000441343 2.85283e-05 
0.000836256 0.000122596 6.12908e-05 
0.000311602 0.000347048 0.000147419 
0.000544976 0.000259769 0.000101812 
0.000781002 3.45298e-05 2.05823e-05 
0.000667702 0.000108415 8.74206e-05 
0.000643703 0.000154603 2.04853e-05 
7.19316e-05 0.000393714 0.000147798 
0.000196289 0.000477361 0.000132609 
0.000657446 0.000461319 1.79985e-05 
6.38449e-05 0.000470747 4.57206e-05 
0.000118702 0.000320477 8.58664e-05 
0.000871017 0.000164307 0.000156274 
0.000565517 0.000273819 0.000127469 
0.000604995 9.92406e-05 0.000152345 
3.52697e-05 0.000481274 1.87245e-05 
0.000758725 0.000313187 0.000113676 
6.73275e-05 4.36841e-05 0.000108861 
0.000468925 0.000219022 0.00014918 
0.000386691 0.000475295 2.34655e-05 
1.81594e-05 0.000428168 7.60925e-05 
0.000357632 0.000387717 7.51502e-05 
2.24858e-05 0.000297389 2.40173e-05 
0.000816441 2.08583e-05 0.000163508 
0.00024077 0.000279188 9.53797e-05 
0.000367763 0.000376684 2.06414e-05 
0.00091315 0.00010146 3.27291e-05 
0.000269159 0.000103477 1.7838e-05 
