0.000839956 0.000419273 3.10547e-05 
7.77844e-05 0.000297746 6.18487e-05 
0.000531665 0.000222505 9.10351e-05 
0.000318824 0.000244586 7.50363e-05 
0.000687647 0.000328205 6.46554e-05 
0.000369399 5.96836e-05 7.57049e-05 
0.000754523 0.000195368 3.09908e-05 
0.00088512 0.000288689 3.57933e-05 
0.000524585 4.62e-05 9.75899e-05 
0.000782057 0.000233562 9.17421e-05 
0.000634254 0.000367414 2.42384e-05 
0.000180541 0.000382885 1.9745e-05 
0.000830189 0.000285958 7.31664e-05 
0.000199972 0.000215271 7.01962e-05 
0.000488035 0.000379274 3.62717e-05 
0.000810859 0.00015473 6.31983e-05 
0.000443618 0.000341895 5.72502e-05 
0.000233008 0.000361938 2.52286e-05 
0.00052866 0.000160439 4.48525e-05 
0.000884226 0.000236589 1.89335e-05 
0.000921187 0.000330091 6.22524e-05 
0.000415316 0.00030751 5.66337e-05 
0.000942927 5.17616e-05 5.42053e-05 
0.00084504 4.78725e-05 7.47773e-05 
0.000689792 9.07661e-05 2.14024e-05 
0.000273333 0.000300701 2.15403e-05 
8.55419e-05 0.000227082 8.5049e-05 
0.000565582 0.000236674 1.97555e-05 
0.000163562 9.08978e-05 2.9834e-05 
0.00096751 0.000460584 0.000104123 
0.000517966 0.000215345 3.31151e-05 
0.000962908 0.000216781 5.7005e-05 
0.000890123 0.000134953 2.57069e-05 
0.000772128 2.10002e-05 5.09759e-05 
6.62666e-05 0.000259596 2.19115e-05 
0.000747745 0.000346498 9.21696e-05 
0.000612952 0.000440859 0.000103801 
0.000310203 0.000173193 9.99619e-05 
0.000339846 0.000205927 6.91755e-05 
0.000326337 0.000186296 1.87168e-05 
0.000296658 0.000299603 7.75023e-05 
0.000478617 0.000308321 3.28588e-05 
0.000462847 2.3202e-05 6.83772e-05 
0.000339977 9.94753e-05 5.55659e-05 
0.000972408 0.000396812 2.18008e-05 
0.000596382 0.000472315 5.47473e-05 
0.000538852 0.000348953 8.57076e-05 
0.000714845 0.000163852 7.55029e-05 
0.000395443 0.000232632 6.29494e-05 
0.00039444 0.000280492 9.79995e-05 
0.000270284 0.000373472 8.92192e-05 
0.000574877 0.000157816 5.26625e-05 
0.000799356 5.13472e-05 0.000103643 
0.000840478 0.000457889 7.60323e-05 
9.07767e-05 6.32839e-05 9.08395e-05 
0.00018587 0.000105506 8.8671e-05 
0.000972459 8.53617e-05 2.75348e-05 
0.000517986 0.000418666 9.16303e-05 
0.000216785 0.000101277 2.45088e-05 
0.000369186 0.000421545 3.12546e-05 
0.000482431 0.000165155 2.60585e-05 
0.000283576 0.000411599 5.04375e-05 
0.000587833 0.000355426 2.37084e-05 
0.000800468 0.000190931 1.71766e-05 
0.000544079 7.78184e-05 5.537e-05 
0.000240482 7.46365e-05 6.75981e-05 
0.000515904 0.000468346 1.73975e-05 
0.000395035 6.63013e-05 3.08117e-05 
0.000966737 0.000171002 6.28911e-05 
0.000891557 0.000186391 1.93953e-05 
0.000585302 0.000395157 8.25645e-05 
0.000623612 0.000134075 7.16523e-05 
0.000398443 0.00036021 6.60478e-05 
0.000690126 0.000385709 5.0099e-05 
0.000649995 6.84393e-05 6.22049e-05 
0.000150009 4.56188e-05 7.25948e-05 
0.000861884 0.000156151 6.55173e-05 
0.000444901 0.000111346 3.66569e-05 
0.00061646 0.000200084 8.05204e-05 
0.000711394 0.000126389 4.66655e-05 
0.000787328 0.000153229 2.30031e-05 
5.86363e-05 0.000339771 6.06829e-05 
0.000170037 0.000383505 5.78526e-05 
0.000431696 0.000438492 6.82573e-05 
0.000583969 0.000240378 5.897e-05 
0.000788955 0.0003841 5.17576e-05 
2.99129e-05 0.000433963 2.99234e-05 
0.000343602 0.00028165 9.72383e-05 
0.000180359 0.000430591 2.88141e-05 
0.000149128 0.000275628 2.03576e-05 
0.000276636 5.72537e-05 2.32789e-05 
0.000816909 0.00047415 2.58526e-05 
0.000686659 0.000135203 9.09114e-05 
0.000980863 0.000295175 1.74972e-05 
0.00013055 0.000257338 5.72473e-05 
0.000869557 0.000334598 8.42995e-05 
0.000211713 2.79254e-05 6.40173e-05 
0.000919864 0.000205879 8.26594e-05 
0.000355669 0.000323981 7.98654e-05 
0.000418931 0.00018619 3.2941e-05 
0.000559555 0.000411445 5.76493e-05 
0.000771715 0.000468518 2.00595e-05 
0.000723465 0.000363258 5.17337e-05 
0.000783426 0.000115921 8.53867e-05 
0.000422018 2.55515e-05 1.93648e-05 
0.000821457 2.92545e-05 2.92637e-05 
0.000294159 7.06544e-05 6.34868e-05 
0.000726149 0.000249454 7.38298e-05 
8.00703e-05 0.000215167 2.46896e-05 
0.000686631 0.000185276 6.39782e-05 
0.000613091 0.000174934 2.64943e-05 
0.000398788 0.000272873 2.69509e-05 
0.00097175 0.000260843 7.23764e-05 
0.00064784 0.000277313 7.66685e-05 
0.000934344 0.000244971 3.02676e-05 
0.000598658 0.000130327 2.07348e-05 
8.8555e-05 0.00041979 3.03966e-05 
0.00013488 0.000436392 6.89264e-05 
0.000488112 0.000280155 7.32434e-05 
7.888e-05 0.000160435 7.74427e-05 
0.000687168 0.000482815 1.72096e-05 
0.00064145 0.000389315 8.10181e-05 
0.000127909 0.000200287 4.36809e-05 
0.000310953 0.000275808 2.45341e-05 
0.00051907 0.000270655 3.7788e-05 
0.000763803 0.000179716 8.4308e-05 
0.00024434 0.000459 7.80565e-05 
0.000977356 2.98616e-05 7.8222e-05 
0.00067837 0.000357625 2.10518e-05 
0.000229422 0.000225332 2.7675e-05 
0.000911666 0.000404312 3.6656e-05 
0.000414942 2.74281e-05 6.55639e-05 
0.000689737 3.7874e-05 5.41998e-05 
0.000772243 0.000475772 7.58817e-05 
0.000530852 0.000388753 6.72106e-05 
0.000459828 0.000164385 8.34467e-05 
0.000660075 0.000214237 3.29416e-05 
0.000422641 0.000109372 0.000101573 
0.000268271 0.000468751 3.12455e-05 
0.000979279 0.000388274 8.55726e-05 
0.000162757 0.000158222 6.67673e-05 
0.000898868 9.73147e-05 4.46464e-05 
0.000650916 0.000323164 2.30547e-05 
0.00035951 0.000407349 9.04307e-05 
0.000315811 0.000398787 7.80754e-05 
0.000869335 0.000123796 9.55062e-05 
0.000188422 0.000243236 1.80798e-05 
0.000692878 0.000433606 3.07166e-05 
5.91096e-05 2.89697e-05 2.89691e-05 
0.00054447 2.53015e-05 2.53e-05 
0.00071893 0.00029755 2.06398e-05 
0.000884963 4.45738e-05 3.65037e-05 
0.000215865 0.000268342 1.83524e-05 
0.00091582 0.000128078 6.99427e-05 
0.000299475 0.000168542 4.67039e-05 
0.000804794 0.000336223 8.71224e-05 
0.000522692 0.000267983 8.19731e-05 
0.000727115 0.000288697 5.87284e-05 
0.000200397 0.0003238 7.00979e-05 
0.000796685 0.000440821 5.54187e-05 
0.000823772 0.000221837 2.0761e-05 
0.000598777 0.000406374 2.86311e-05 
2.61685e-05 0.000115803 2.61555e-05 
0.000468652 0.00032219 8.12805e-05 
0.000455816 0.00047039 4.94107e-05 
5.01853e-05 0.000391995 6.6704e-05 
0.0003784 0.000323938 2.80193e-05 
0.000553455 0.000418224 1.91492e-05 
0.000272194 0.000113105 5.51202e-05 
0.000911187 6.58217e-05 8.06462e-05 
0.00060565 0.000251399 9.61669e-05 
0.000803558 0.000205002 6.09262e-05 
0.00043464 0.000376075 4.08406e-05 
0.000250953 0.000124832 2.70653e-05 
0.0007444 2.03395e-05 2.03294e-05 
0.000398059 0.000138218 1.98897e-05 
0.000352152 0.000254327 2.09448e-05 
0.000257097 0.000335065 5.58467e-05 
0.000723359 8.47794e-05 6.59961e-05 
0.000769198 0.000315219 1.85853e-05 
0.0008686 0.000413348 7.9448e-05 
0.000639583 0.000125801 2.0437e-05 
0.000616744 2.20126e-05 4.0241e-05 
0.00033277 0.00047521 2.35666e-05 
0.00057912 0.000117381 5.13124e-05 
0.000124859 0.000122066 5.64631e-05 
0.000197844 0.000471905 6.38071e-05 
0.000195027 6.43341e-05 5.30175e-05 
3.85862e-05 4.55133e-05 8.0405e-05 
6.34698e-05 0.000311373 2.25125e-05 
0.000676876 0.00024678 7.03342e-05 
2.43029e-05 0.000476958 5.95345e-05 
0.000754484 0.000422612 7.24117e-05 
0.000444011 0.00026416 6.28418e-05 
0.00062146 0.000456833 2.08292e-05 
0.000832359 7.19727e-05 5.0512e-05 
0.000301206 0.000125908 2.42652e-05 
0.000925269 0.000462878 2.46535e-05 
0.000630775 0.000477947 8.32518e-05 
0.000194611 0.00041276 7.90838e-05 
0.000961204 0.000482854 1.71389e-05 
0.000831172 0.000335291 3.2952e-05 
6.09103e-05 0.00043789 8.25173e-05 
0.00045931 0.00043303 2.56037e-05 
0.000782047 0.000115995 4.39456e-05 
0.000743503 0.000322838 4.68547e-05 
0.000605739 0.000297694 8.95356e-05 
0.00012115 0.000459487 2.16546e-05 
0.000760528 0.000232902 6.11023e-05 
0.000811869 9.33169e-05 2.29206e-05 
0.000727845 0.000402458 5.08422e-05 
0.000477489 0.00042121 7.3777e-05 
0.000561548 0.000150417 8.96344e-05 
0.000336817 0.000147712 1.79669e-05 
0.000610552 0.000283945 3.39193e-05 
0.000189461 0.000268776 5.89569e-05 
0.000505081 0.00011191 7.19777e-05 
0.000566848 0.000190573 2.24172e-05 
0.00044222 0.000482258 1.77278e-05 
0.00051384 0.000179555 8.23163e-05 
0.000751254 0.00012768 2.04242e-05 
0.000219482 0.000179942 1.94785e-05 
0.000103729 0.000432699 0.000111249 
0.000499394 0.00033755 6.81485e-05 
4.89177e-05 0.000189028 5.16185e-05 
0.000674026 0.000275738 3.0184e-05 
0.000577916 2.58842e-05 5.58739e-05 
0.000131906 0.000377363 3.02606e-05 
3.03191e-05 0.000281034 7.12627e-05 
0.000377312 0.000440951 7.52902e-05 
0.000536294 0.000298108 1.72973e-05 
0.00084512 8.62521e-05 8.33016e-05 
0.00073083 9.31047e-05 1.97409e-05 
7.37208e-05 0.00017225 1.90645e-05 
6.01535e-05 0.000379553 1.99526e-05 
0.000270539 0.000209322 8.78589e-05 
0.000968763 0.000209636 2.00958e-05 
0.000274495 0.000244077 2.1527e-05 
0.000830578 0.000181421 9.65632e-05 
0.000887432 0.000348593 2.51035e-05 
0.000677457 0.000129857 1.75612e-05 
2.25672e-05 0.000251317 2.25669e-05 
0.000716982 0.000238795 2.65797e-05 
0.000113203 0.000243487 1.92066e-05 
0.00094543 0.000152086 1.71484e-05 
0.000891468 0.000446326 6.52302e-05 
0.000419565 0.000407159 2.19545e-05 
0.000110539 6.03449e-05 3.13145e-05 
0.000571358 0.000316745 6.20385e-05 
0.000860304 0.000207748 1.84594e-05 
0.000254243 0.000192245 5.06545e-05 
2.11367e-05 0.000366968 5.72424e-05 
0.000776391 0.000271771 6.85106e-05 
0.00024064 2.50539e-05 2.50547e-05 
0.000789503 6.26798e-05 3.7459e-05 
0.000260496 0.000266004 9.58202e-05 
0.000287305 0.000444415 7.6198e-05 
0.000702236 0.000174152 2.56892e-05 
0.000363258 0.000123281 1.80325e-05 
0.000967477 0.000422838 6.75679e-05 
0.000166714 0.000176204 2.17733e-05 
0.000138219 0.000319296 2.09989e-05 
0.000975632 0.000116332 6.52269e-05 
0.000210371 5.77058e-05 1.97783e-05 
0.000978448 0.000134065 2.62494e-05 
0.000801209 0.000287214 2.43354e-05 
0.000395885 0.000480278 9.30402e-05 
7.83002e-05 0.00012731 2.96625e-05 
0.000443207 0.000390124 8.08058e-05 
0.00012871 0.000316173 7.97517e-05 
0.000463782 2.27853e-05 2.26028e-05 
0.000940943 0.000385217 9.88499e-05 
0.000934643 0.00035194 2.23085e-05 
0.000227707 0.000310627 2.62427e-05 
0.000357277 0.000240894 8.94633e-05 
0.000823053 0.000414724 7.68832e-05 
0.000973259 0.000467884 5.65864e-05 
0.000226551 0.000148826 4.84138e-05 
0.000401375 0.000194456 0.000114002 
0.000114068 0.000158358 2.08339e-05 
0.000278756 0.000341063 2.01167e-05 
0.000360187 1.97876e-05 7.90177e-05 
0.000645818 0.000444287 5.60257e-05 
2.03471e-05 0.000385634 2.02816e-05 
0.000520512 0.00048267 6.08973e-05 
0.000972974 0.000324212 5.96149e-05 
0.000604127 0.000436998 6.55076e-05 
0.000941144 0.000306084 2.40376e-05 
0.000372374 0.000166026 1.80048e-05 
0.000598638 6.2141e-05 6.93436e-05 
0.000880451 8.52278e-05 7.1016e-05 
0.00093531 2.11538e-05 2.11481e-05 
0.00044501 5.74811e-05 1.71704e-05 
0.000685368 0.000472174 7.41132e-05 
0.000692275 5.70041e-05 9.5711e-05 
0.000759129 0.000438385 3.90253e-05 
0.000330739 3.57626e-05 3.53005e-05 
0.000354363 0.000468576 6.24146e-05 
0.000672058 5.2654e-05 2.06427e-05 
0.00032315 0.000326099 2.72756e-05 
0.000490174 8.02729e-05 4.74525e-05 
0.000114647 0.000365596 8.56797e-05 
0.000227144 0.000382953 6.48105e-05 
0.000507048 0.000118271 2.66759e-05 
1.92964e-05 6.63494e-05 4.89519e-05 
0.000503115 1.98912e-05 1.71845e-05 
0.000836358 0.000378832 8.82203e-05 
0.000309562 8.2691e-05 1.85945e-05 
4.48931e-05 0.00019396 1.70883e-05 
0.000162574 0.00022939 5.5023e-05 
0.000566051 0.000318923 1.90542e-05 
0.000425371 0.000327459 9.61236e-05 
0.000466031 0.000208766 2.07021e-05 
0.000821776 0.000115972 7.49411e-05 
0.000848519 0.000240664 8.40561e-05 
0.000179697 0.000305249 2.22339e-05 
0.000617332 0.000334081 4.29477e-05 
0.000538948 1.98749e-05 6.98021e-05 
0.000642197 0.000423019 1.88801e-05 
0.000851997 1.8365e-05 9.64956e-05 
0.000314723 0.000436605 2.55337e-05 
0.000428951 0.000308533 1.87679e-05 
0.000972569 6.54446e-05 9.59486e-05 
0.000318762 0.000382241 2.9039e-05 
2.75364e-05 0.000205396 7.85842e-05 
0.00012379 0.000146423 9.57553e-05 
0.000167076 0.000341961 4.09582e-05 
0.000942341 9.21485e-05 7.11487e-05 
0.000414014 0.000452477 2.37234e-05 
0.000474373 0.000209242 5.77425e-05 
7.99796e-05 0.000482604 8.07348e-05 
0.000486302 0.000466583 8.1626e-05 
0.000861573 0.000376246 5.2674e-05 
0.000133829 0.000482502 5.06805e-05 
0.000151395 0.000235582 1.97642e-05 
0.000495726 0.000451516 4.14e-05 
0.000765555 4.03183e-05 8.39492e-05 
0.000757131 0.000150241 5.20464e-05 
0.000260948 0.000162432 2.21471e-05 
0.000484131 0.000256724 2.03983e-05 
0.00057643 9.71823e-05 1.79269e-05 
0.000806562 1.8727e-05 7.36361e-05 
0.000606114 0.000223532 2.27447e-05 
0.000715868 0.000338924 2.08473e-05 
0.000877182 9.45199e-05 1.7525e-05 
0.000169129 3.06276e-05 3.06233e-05 
0.000608768 2.1095e-05 8.25813e-05 
0.000599533 0.000350507 7.27906e-05 
0.000715817 5.30348e-05 2.3196e-05 
0.000208275 0.000169764 8.6697e-05 
0.000553923 0.000459717 3.29334e-05 
0.000755318 0.000271811 2.40607e-05 
0.000732112 0.000473253 4.4551e-05 
0.00054601 0.000376717 2.32124e-05 
0.000615415 9.13375e-05 2.16766e-05 
0.000784786 0.000426595 9.321e-05 
0.000532917 0.000299202 6.05163e-05 
0.000769109 0.000390074 0.000102563 
2.34103e-05 0.000340266 2.26359e-05 
0.000666083 0.000394732 1.81448e-05 
0.00056008 0.000470623 8.54113e-05 
0.000152269 0.000298605 5.12169e-05 
0.000387636 0.000150381 5.66749e-05 
0.000924064 0.000474255 7.37405e-05 
0.000724846 0.000380766 1.84418e-05 
6.05229e-05 8.06276e-05 2.30433e-05 
0.000657903 1.83883e-05 6.3463e-05 
0.000589587 0.000480877 1.91324e-05 
0.000564745 0.000201517 6.40888e-05 
0.000405948 0.000405766 5.86835e-05 
0.000173327 1.83602e-05 7.78549e-05 
0.000195766 0.000180118 4.73476e-05 
0.000409504 0.00035904 1.96256e-05 
0.000391851 0.000109637 5.86626e-05 
0.000498196 0.000352136 0.00010642 
0.000795282 7.65141e-05 7.35491e-05 
0.000808345 0.000249353 4.61627e-05 
0.00069713 0.000279825 8.31322e-05 
0.000832636 0.000148691 2.25266e-05 
0.000568627 0.000371238 5.83683e-05 
0.000976565 0.000172543 1.78729e-05 
0.000149555 0.000137872 2.01369e-05 
0.000479848 3.53106e-05 0.000103165 
0.000272103 3.07185e-05 6.07345e-05 
2.04151e-05 0.00021176 3.92275e-05 
0.000637403 0.000317605 6.87962e-05 
0.000280417 0.000200817 2.09016e-05 
0.000696372 0.000240558 0.000100606 
0.000565749 3.98497e-05 9.09515e-05 
0.000536582 0.000126255 9.69618e-05 
0.000277801 0.000247848 6.4152e-05 
0.000920354 0.000167876 4.31467e-05 
0.000880789 0.000271009 9.51721e-05 
0.000588366 5.43121e-05 2.39506e-05 
4.29854e-05 0.000238141 5.44099e-05 
0.0002058 0.000364495 9.30544e-05 
0.000838582 0.000185807 3.81652e-05 
6.3745e-05 7.25081e-05 6.37109e-05 
0.000237079 0.000416493 2.96357e-05 
0.000686827 9.87215e-05 7.67911e-05 
2.44158e-05 0.000345878 9.55772e-05 
0.000555742 0.000131067 2.19964e-05 
0.000751972 6.26936e-05 4.65437e-05 
0.000956989 0.000372312 5.37292e-05 
0.000480075 0.0004797 2.02974e-05 
0.00038212 1.88628e-05 3.78038e-05 
0.00097733 2.3224e-05 3.33842e-05 
0.00030918 2.53085e-05 9.09586e-05 
0.000446487 0.000348835 1.82701e-05 
0.000978448 0.000353883 2.15477e-05 
0.000352731 0.000146196 8.18141e-05 
0.000806603 0.000478626 0.000105745 
0.000467605 8.65378e-05 8.92688e-05 
0.000154187 0.000207027 8.5865e-05 
0.000917453 0.000256026 7.44811e-05 
0.000529512 0.000334236 3.69581e-05 
5.45843e-05 0.000113356 7.64225e-05 
0.000115252 0.000106275 1.70143e-05 
0.000161379 0.000477659 2.23282e-05 
0.000908301 0.000381334 0.000109076 
0.000498935 7.10543e-05 8.23611e-05 
0.00074308 0.000291781 9.9446e-05 
0.000949574 0.000350452 9.02403e-05 
0.000321867 0.00046621 9.21973e-05 
8.83258e-05 9.8531e-05 6.23135e-05 
0.000744212 0.000127356 8.03253e-05 
0.000364576 0.000208873 2.63253e-05 
0.000525323 0.000447289 6.2341e-05 
0.000218736 0.00047945 2.05475e-05 
8.8718e-05 0.00034846 2.23359e-05 
0.000105152 0.00028399 8.49659e-05 
0.00031668 0.00022699 3.2168e-05 
0.000231568 0.000220785 9.80086e-05 
0.000871978 0.000199403 5.27512e-05 
0.000117617 2.2279e-05 6.83685e-05 
0.000934052 0.000285724 6.06197e-05 
1.8071e-05 9.95784e-05 6.64901e-05 
0.000931957 0.000197895 1.8353e-05 
0.000893046 0.000238121 5.4646e-05 
0.000502408 0.000137874 0.000102866 
0.000871953 0.000470566 2.94223e-05 
0.000508995 0.00030815 9.63462e-05 
9.45221e-05 0.000463966 5.25568e-05 
0.000752291 0.000407177 1.96556e-05 
0.000288835 0.000482314 7.35201e-05 
0.000755327 0.000352869 2.09859e-05 
0.000692925 2.0188e-05 1.72491e-05 
0.00063219 5.40538e-05 1.92754e-05 
0.000196976 0.000364535 4.76524e-05 
0.000252512 0.000140013 9.72773e-05 
0.000347703 0.0001701 4.64989e-05 
0.00046338 0.00029591 0.00010704 
0.000560765 0.000273629 2.13923e-05 
0.000284378 1.75643e-05 1.75527e-05 
0.00044773 0.000243286 1.84393e-05 
0.000168112 0.000374616 9.29775e-05 
0.000856256 0.000234368 4.59626e-05 
0.000654987 1.79948e-05 2.11041e-05 
0.000255261 0.000314301 0.000107286 
0.000397017 0.000466275 5.95008e-05 
0.000728825 2.23832e-05 6.00558e-05 
0.000963282 0.000438357 2.07525e-05 
0.000837936 0.00026102 2.0895e-05 
0.000443894 6.32662e-05 6.86613e-05 
0.000191387 0.000139879 2.1779e-05 
0.000936837 8.5496e-05 0.000109764 
0.000350807 0.000289102 3.6666e-05 
0.00013591 0.000423342 1.75948e-05 
0.000104881 0.000287054 2.56091e-05 
0.000377509 0.000187626 6.40891e-05 
0.000781589 0.000236905 1.98253e-05 
0.000499346 6.0965e-05 1.74841e-05 
0.00076953 8.7989e-05 1.93016e-05 
0.000334481 0.000434263 6.55819e-05 
0.000920826 1.80074e-05 6.77566e-05 
0.000931471 0.000118704 1.90628e-05 
0.000472174 0.000357977 8.3069e-05 
0.000964008 0.000133862 9.83248e-05 
0.000699448 0.000416203 8.30257e-05 
2.30683e-05 0.000160274 1.84739e-05 
0.00050322 3.73959e-05 5.23971e-05 
0.000272782 0.000374162 3.98005e-05 
0.000128563 7.87496e-05 7.79772e-05 
0.000197021 0.000340528 1.73748e-05 
0.000786244 0.000427826 1.79404e-05 
0.000849793 0.000111153 4.37443e-05 
0.000315322 0.000353435 7.10944e-05 
0.000545031 0.000250293 5.72877e-05 
0.000777543 3.7261e-05 1.7028e-05 
0.000665271 0.000110929 4.62475e-05 
0.000657928 0.000162354 2.04681e-05 
7.16441e-05 0.000388856 0.000101166 
0.000182863 0.000480998 0.000107491 
0.000658535 0.000463934 1.70783e-05 
6.72029e-05 0.000469276 2.19689e-05 
0.000109621 0.000324497 4.55272e-05 
0.000872458 0.000166681 0.000107559 
0.000565952 0.000275434 7.17259e-05 
0.000601959 9.31951e-05 9.93695e-05 
2.84425e-05 0.000481274 1.87267e-05 
0.000778027 0.000312296 5.68342e-05 
7.82996e-05 3.27022e-05 7.12179e-05 
0.000468925 0.000219022 9.19723e-05 
0.000373383 0.000476501 2.3472e-05 
1.81131e-05 0.000409337 6.94156e-05 
0.000357075 0.000380771 5.77153e-05 
2.18996e-05 0.000295769 2.1893e-05 
0.000817448 2.00722e-05 0.000109177 
0.000247451 0.000270199 4.30536e-05 
0.000366424 0.000370746 2.06413e-05 
0.000917715 8.42106e-05 1.79177e-05 
0.000270711 9.75739e-05 1.78382e-05 
