0.000841894 0.000415515 3.10575e-05 
8.12453e-05 0.00029365 6.76278e-05 
0.000528304 0.000219646 9.20223e-05 
0.000316059 0.000239266 9.15911e-05 
0.000687848 0.000325963 6.41793e-05 
0.00037375 6.59419e-05 8.13691e-05 
0.000753266 0.000195809 3.09892e-05 
0.000883532 0.000288993 4.22944e-05 
0.000525664 4.79114e-05 0.000121006 
0.000782773 0.000237932 0.000107543 
0.000637018 0.000368675 2.42389e-05 
0.000178648 0.000385964 1.97475e-05 
0.00082847 0.000292242 7.9987e-05 
0.000200791 0.000215417 7.8513e-05 
0.000487783 0.000379211 3.62698e-05 
0.000799378 0.000157574 7.03679e-05 
0.000443692 0.000348163 5.79226e-05 
0.000235242 0.000362824 2.52289e-05 
0.000526125 0.000152196 5.579e-05 
0.000886652 0.000239595 1.89341e-05 
0.000922007 0.000332435 6.31702e-05 
0.000414074 0.000309924 5.64597e-05 
0.000944615 5.40261e-05 5.39926e-05 
0.000857925 4.72194e-05 8.33771e-05 
0.000689615 9.11944e-05 2.1403e-05 
0.000271225 0.00030228 4.02081e-05 
8.49157e-05 0.000225588 8.43138e-05 
0.000564639 0.00023709 1.97553e-05 
0.000169392 9.10719e-05 2.98379e-05 
0.000970649 0.000463866 0.000103072 
0.000517919 0.00021622 3.31056e-05 
0.000960134 0.00021449 5.68373e-05 
0.000884308 0.000136796 2.57047e-05 
0.000771109 2.61558e-05 5.23909e-05 
6.47452e-05 0.000255833 3.60649e-05 
0.000738215 0.00034095 9.93818e-05 
0.000609879 0.000438159 0.000105724 
0.000308687 0.000177675 0.000103031 
0.000344479 0.000205057 7.36354e-05 
0.000322605 0.000184724 1.87168e-05 
0.000309056 0.000294337 8.11021e-05 
0.000477759 0.000310887 3.28579e-05 
0.000458562 2.31924e-05 6.80543e-05 
0.000336881 9.79433e-05 5.96671e-05 
0.000967644 0.000397258 2.18016e-05 
0.000588648 0.000464436 6.00755e-05 
0.000534005 0.000349387 8.78047e-05 
0.000703192 0.000160234 8.2249e-05 
0.000388712 0.000235642 6.28706e-05 
0.000402069 0.000271931 0.000107814 
0.000266112 0.000372008 9.60363e-05 
0.00057303 0.000163351 5.79796e-05 
0.000799119 5.31054e-05 0.000126068 
0.000842251 0.000451711 7.80129e-05 
8.92133e-05 6.26273e-05 9.82985e-05 
0.000175834 0.000101155 9.33005e-05 
0.000972452 8.92093e-05 2.75368e-05 
0.000522434 0.000423772 9.90954e-05 
0.000222498 0.000101557 2.45107e-05 
0.000369908 0.000422519 3.12582e-05 
0.000487975 0.000165267 2.6059e-05 
0.000284938 0.000412963 5.24241e-05 
0.000591297 0.000354221 2.37074e-05 
0.000799089 0.000190342 1.71791e-05 
0.000547598 8.1505e-05 5.71149e-05 
0.000237353 8.44162e-05 7.5616e-05 
0.000516913 0.00046467 1.73977e-05 
0.000389476 6.74771e-05 3.08126e-05 
0.000965806 0.000171171 7.18202e-05 
0.000891282 0.000186945 1.93974e-05 
0.000575155 0.000396868 9.54746e-05 
0.000623682 0.000129794 8.10753e-05 
0.00039533 0.000363424 6.5143e-05 
0.000687317 0.000387814 4.84714e-05 
0.000647906 6.60626e-05 6.27995e-05 
0.000150148 4.60443e-05 7.15055e-05 
0.00086814 0.00015423 7.32925e-05 
0.000443882 0.00010781 3.66394e-05 
0.000622366 0.000196696 8.49571e-05 
0.000711718 0.00012637 4.67782e-05 
0.000788685 0.00015239 2.53041e-05 
5.82102e-05 0.000332242 7.82789e-05 
0.000160239 0.000379959 6.72752e-05 
0.000442383 0.000431335 7.19779e-05 
0.000587513 0.000240362 6.13089e-05 
0.000789415 0.000384132 5.40311e-05 
2.9915e-05 0.000433989 2.99135e-05 
0.000350273 0.000287734 0.000115827 
0.00018315 0.000433459 2.88132e-05 
0.00014467 0.000278205 2.03573e-05 
0.000277495 5.83005e-05 2.32754e-05 
0.000811835 0.000473536 2.585e-05 
0.00068666 0.000131593 0.000117027 
0.000980862 0.000295175 1.74972e-05 
0.000127868 0.000259937 5.80992e-05 
0.000873189 0.000333475 9.12544e-05 
0.000219649 3.05878e-05 7.66122e-05 
0.000912869 0.000199647 8.19114e-05 
0.000368948 0.000316615 8.3361e-05 
0.000416428 0.000191536 3.29367e-05 
0.000559318 0.00040241 5.61351e-05 
0.000767299 0.000463999 2.0057e-05 
0.000719231 0.000366719 6.08966e-05 
0.000785089 0.000113928 9.04536e-05 
0.00042127 2.8651e-05 3.18488e-05 
0.000823355 2.92546e-05 2.92619e-05 
0.000290503 7.48104e-05 7.71831e-05 
0.000722231 0.000252636 7.46178e-05 
8.21656e-05 0.000214092 2.46829e-05 
0.000682893 0.000188482 6.89084e-05 
0.00061199 0.000174402 2.64943e-05 
0.000398062 0.000274994 2.69512e-05 
0.00097175 0.000255839 7.38817e-05 
0.000643442 0.000278425 7.99081e-05 
0.000934194 0.000245263 3.02683e-05 
0.000601108 0.000128804 2.07341e-05 
8.83347e-05 0.000419005 3.04033e-05 
0.000136243 0.000433902 6.76722e-05 
0.000488384 0.0002877 7.6029e-05 
6.95734e-05 0.000160042 8.42127e-05 
0.000682285 0.000482104 3.27265e-05 
0.000640194 0.000388315 8.19032e-05 
0.00012884 0.000196049 4.38195e-05 
0.000304108 0.000275609 2.45256e-05 
0.000524703 0.000272339 4.20597e-05 
0.000758034 0.00018128 8.5217e-05 
0.00024866 0.000464311 8.8288e-05 
0.000977351 3.7414e-05 8.36446e-05 
0.000680556 0.000356613 2.1062e-05 
0.000230786 0.000228013 3.70075e-05 
0.000908433 0.000404182 3.66556e-05 
0.000414775 3.24076e-05 8.58804e-05 
0.00069332 4.72846e-05 5.94484e-05 
0.000769038 0.00047414 8.88049e-05 
0.000522718 0.000390711 7.53599e-05 
0.000457991 0.000163906 7.99325e-05 
0.000659234 0.000214049 3.29397e-05 
0.000426991 0.000108454 0.000103138 
0.0002704 0.000468751 3.95697e-05 
0.000979279 0.000384053 8.73375e-05 
0.000164276 0.000155418 6.65427e-05 
0.000901565 9.77173e-05 5.74835e-05 
0.000650824 0.000323132 2.30538e-05 
0.000356348 0.000403713 0.000100291 
0.000316391 0.000395805 7.8537e-05 
0.000869105 0.000125264 0.000117556 
0.000190167 0.000237247 1.80799e-05 
0.000696059 0.000435622 3.07185e-05 
6.41896e-05 2.89748e-05 2.89699e-05 
0.000544396 3.01083e-05 2.53013e-05 
0.000720669 0.00029548 2.06531e-05 
0.000887153 4.33366e-05 3.64728e-05 
0.000217527 0.000269212 1.83497e-05 
0.000918763 0.000138447 7.99533e-05 
0.000302933 0.000164158 5.04975e-05 
0.00079615 0.00033819 9.44631e-05 
0.000514707 0.000264838 9.0331e-05 
0.00072681 0.000291919 5.99716e-05 
0.000201759 0.000324085 7.13084e-05 
0.000794488 0.000444091 6.08842e-05 
0.000823853 0.00021886 2.07607e-05 
0.00059978 0.000405947 2.86311e-05 
2.61557e-05 0.000115189 2.61558e-05 
0.000464131 0.000329833 9.65693e-05 
0.000466214 0.000471501 5.6391e-05 
3.70936e-05 0.000387658 8.56936e-05 
0.000376726 0.000325657 2.80198e-05 
0.000554474 0.000417829 1.91485e-05 
0.000277956 0.000111656 5.9806e-05 
0.000907539 6.26906e-05 0.000101013 
0.000597672 0.000241414 0.000104572 
0.000801197 0.000208049 6.17315e-05 
0.000431101 0.000380667 4.07166e-05 
0.000254918 0.00012575 3.42092e-05 
0.000745095 2.30778e-05 2.03293e-05 
0.000398653 0.000137281 1.98847e-05 
0.000345468 0.000256919 2.09472e-05 
0.000253107 0.000335737 5.96879e-05 
0.000727971 8.28338e-05 7.90108e-05 
0.000763391 0.000314937 1.85836e-05 
0.000879128 0.000415628 8.91614e-05 
0.000641155 0.000125637 2.98445e-05 
0.000615476 2.20155e-05 4.15999e-05 
0.000341114 0.000471449 4.55776e-05 
0.000580063 0.000123459 5.41598e-05 
0.000127413 0.000117967 5.65702e-05 
0.000204776 0.000471828 6.4828e-05 
0.00020053 5.97619e-05 5.5097e-05 
4.71565e-05 5.08664e-05 0.000103942 
6.58657e-05 0.000320357 2.25117e-05 
0.000670385 0.000246178 7.27261e-05 
2.81657e-05 0.000477192 5.95808e-05 
0.00075049 0.000422429 7.79003e-05 
0.000443592 0.000265211 6.1046e-05 
0.000620392 0.000461473 2.08291e-05 
0.0008265 7.43164e-05 5.9799e-05 
0.000301373 0.00012374 2.42647e-05 
0.00092027 0.000463126 2.46554e-05 
0.00063952 0.000477949 8.94626e-05 
0.000191422 0.000408674 7.74535e-05 
0.000956338 0.000482861 1.71394e-05 
0.000830274 0.00033509 3.29516e-05 
6.25595e-05 0.000434031 8.43429e-05 
0.000463501 0.00043704 2.55991e-05 
0.000774345 0.000114408 5.0414e-05 
0.000744812 0.000327718 5.0337e-05 
0.000602313 0.000299819 9.26252e-05 
0.000116837 0.000462887 2.16541e-05 
0.000761054 0.000230214 7.77163e-05 
0.000813907 8.51851e-05 2.29195e-05 
0.000730211 0.000402944 4.97857e-05 
0.000482942 0.00041145 8.33187e-05 
0.000561747 0.00015025 0.000109176 
0.000336456 0.000149952 1.79745e-05 
0.000610158 0.000284736 3.39194e-05 
0.000192088 0.000266397 5.94554e-05 
0.00050893 0.000108989 9.58611e-05 
0.000565985 0.000190526 2.24177e-05 
0.000435296 0.000482272 1.7727e-05 
0.000507087 0.000178715 0.000102695 
0.000751211 0.000130985 2.04246e-05 
0.000212989 0.000181108 1.94819e-05 
0.000106809 0.000434528 0.000111362 
0.00049401 0.000335381 7.3687e-05 
4.93608e-05 0.000189354 5.08285e-05 
0.000673488 0.000275481 3.01842e-05 
0.000583141 3.56793e-05 6.47197e-05 
0.000130827 0.000375717 3.02619e-05 
3.11376e-05 0.000283816 7.17948e-05 
0.000373423 0.000433908 7.85816e-05 
0.000536161 0.000299274 1.72972e-05 
0.000847167 8.0878e-05 0.000105493 
0.000733495 9.39669e-05 1.97362e-05 
6.83367e-05 0.000169387 1.90541e-05 
6.25049e-05 0.00037703 1.99494e-05 
0.000264956 0.000210318 9.59117e-05 
0.000967248 0.000207633 2.00957e-05 
0.000276147 0.00023913 2.15332e-05 
0.000831233 0.000181058 9.56322e-05 
0.000887384 0.000347283 2.51033e-05 
0.000677054 0.000128471 1.75746e-05 
2.25721e-05 0.000251634 2.25671e-05 
0.000719174 0.000241991 2.65814e-05 
0.000115946 0.000243116 1.92054e-05 
0.000947969 0.000148265 1.71517e-05 
0.000890784 0.000448231 6.38211e-05 
0.00042166 0.000413968 2.19588e-05 
0.000115035 6.21674e-05 3.13222e-05 
0.000569053 0.000315726 6.20715e-05 
0.00086227 0.000211248 1.84636e-05 
0.000259464 0.000191519 5.64141e-05 
2.34829e-05 0.000358737 6.24958e-05 
0.000779621 0.000267621 6.85336e-05 
0.00024134 2.50553e-05 2.50529e-05 
0.00078736 6.0704e-05 4.15113e-05 
0.000271576 0.000273738 0.000112693 
0.000290626 0.00043736 8.59663e-05 
0.000701295 0.000173837 2.56878e-05 
0.000355143 0.000119176 1.80342e-05 
0.000970991 0.000422578 9.74577e-05 
0.000168693 0.000173869 2.17748e-05 
0.000141151 0.000319407 2.09983e-05 
0.000970995 0.000107622 7.28086e-05 
0.000212194 5.87282e-05 1.9779e-05 
0.000978433 0.000136778 3.81018e-05 
0.000806851 0.00028351 2.43335e-05 
0.000396417 0.000476261 0.000111247 
7.71667e-05 0.000127399 3.67122e-05 
0.000438038 0.000383872 9.0898e-05 
0.000130249 0.000314325 9.40725e-05 
0.000464067 2.2847e-05 2.26025e-05 
0.000941849 0.000381186 0.000121612 
0.000934358 0.000353201 2.23084e-05 
0.00022755 0.000311942 2.6257e-05 
0.000356526 0.00023106 0.000106072 
0.000822704 0.000410021 9.12257e-05 
0.000973258 0.000468267 5.49056e-05 
0.000226482 0.000151293 4.69314e-05 
0.000404956 0.000200066 0.000113561 
0.000113577 0.000154675 2.08379e-05 
0.000275336 0.000337473 2.01123e-05 
0.000349951 2.0587e-05 8.50654e-05 
0.000649176 0.000449853 5.45643e-05 
2.29505e-05 0.000384431 2.02778e-05 
0.000512555 0.000482669 8.61927e-05 
0.000972973 0.000322822 5.7281e-05 
0.000610676 0.000433789 6.64778e-05 
0.000937587 0.000307 2.40397e-05 
0.000372259 0.000169743 1.80013e-05 
0.00059283 6.81548e-05 9.16866e-05 
0.000880335 8.27807e-05 8.82867e-05 
0.000938118 2.12676e-05 2.11456e-05 
0.000445005 5.76536e-05 1.71704e-05 
0.000690739 0.000461726 8.28586e-05 
0.000685151 6.05732e-05 0.000102485 
0.000758016 0.000436533 4.42705e-05 
0.000331475 3.53004e-05 3.53028e-05 
0.000350771 0.000464486 8.12762e-05 
0.000671893 5.30662e-05 2.06447e-05 
0.000321393 0.00032438 2.72744e-05 
0.000493065 8.4168e-05 5.75924e-05 
0.000114266 0.000377031 8.71058e-05 
0.000228462 0.000383914 6.46268e-05 
0.000505926 0.000115689 2.66698e-05 
1.92717e-05 7.0064e-05 8.04244e-05 
0.000503476 2.20318e-05 1.71847e-05 
0.000849288 0.000380631 9.61321e-05 
0.000311444 8.24677e-05 1.85961e-05 
4.4472e-05 0.000197769 1.70885e-05 
0.000158755 0.000235265 7.38527e-05 
0.000565866 0.000320159 1.90538e-05 
0.000421937 0.000326191 9.80755e-05 
0.000466476 0.000206438 2.06975e-05 
0.000830763 0.000112028 8.60842e-05 
0.00084905 0.000248136 9.1738e-05 
0.000180387 0.000301316 2.22488e-05 
0.000619228 0.000333841 4.60783e-05 
0.000542066 2.35787e-05 6.99392e-05 
0.000641401 0.000427814 1.88803e-05 
0.000850762 1.93753e-05 0.000107151 
0.000315261 0.000436905 2.55356e-05 
0.00042815 0.000308513 1.87695e-05 
0.000972633 6.49694e-05 0.000120034 
0.000315784 0.000380415 2.90376e-05 
2.91809e-05 0.000206277 8.93393e-05 
0.000121327 0.000135193 9.90437e-05 
0.000167356 0.000342708 4.36898e-05 
0.000938532 0.000101599 9.55538e-05 
0.000413338 0.000455091 4.00286e-05 
0.00048164 0.000210469 6.75771e-05 
8.4629e-05 0.000482455 8.44967e-05 
0.000479744 0.000456642 9.64605e-05 
0.000862567 0.000373192 5.52221e-05 
0.000130583 0.0004825 5.26343e-05 
0.000152916 0.000230801 1.97616e-05 
0.000497709 0.000455377 4.58758e-05 
0.000766362 3.7776e-05 0.00010463 
0.000754762 0.000149043 5.51349e-05 
0.000262889 0.000162205 2.21469e-05 
0.000491288 0.000260884 2.03987e-05 
0.000580243 9.63863e-05 1.79198e-05 
0.000814169 2.16793e-05 8.11975e-05 
0.000604725 0.00022296 2.2744e-05 
0.000717516 0.000336875 2.08491e-05 
0.000874582 9.53217e-05 1.75242e-05 
0.000171189 3.06317e-05 3.06242e-05 
0.00059978 2.65083e-05 0.000105151 
0.000599022 0.000346595 7.61818e-05 
0.000715626 5.50066e-05 2.31931e-05 
0.000211335 0.000168136 8.84598e-05 
0.000553214 0.000457607 3.72555e-05 
0.000759258 0.000272847 2.40605e-05 
0.000734072 0.000473252 5.17258e-05 
0.000547822 0.00037618 2.32166e-05 
0.000618306 9.03673e-05 2.7068e-05 
0.00078201 0.000426169 0.000115752 
0.00053495 0.000298389 8.00646e-05 
0.000769109 0.000390074 0.00012677 
2.28412e-05 0.000340661 2.2637e-05 
0.000665475 0.000399646 1.8143e-05 
0.000559844 0.00047059 9.73386e-05 
0.000158104 0.000300627 6.73482e-05 
0.000389139 0.000144721 7.46277e-05 
0.000924587 0.000474246 7.36224e-05 
0.000725967 0.000380638 1.84416e-05 
6.22759e-05 8.10838e-05 2.30417e-05 
0.000669325 2.06619e-05 8.25529e-05 
0.000585468 0.000480867 1.91317e-05 
0.00056972 0.000203122 7.55329e-05 
0.000402998 0.000415853 6.60758e-05 
0.000173029 1.84521e-05 7.80316e-05 
0.000192972 0.000185592 4.97981e-05 
0.000409163 0.000359542 1.9626e-05 
0.000388926 0.00010446 6.6808e-05 
0.000494986 0.00035334 0.000128018 
0.000790976 6.69492e-05 7.99173e-05 
0.000818238 0.000250934 5.29354e-05 
0.000696992 0.000291609 0.00010302 
0.000834027 0.000149215 2.25256e-05 
0.000566936 0.000361728 5.79077e-05 
0.000975391 0.000170607 1.78722e-05 
0.000150203 0.000136213 2.01473e-05 
0.000479306 3.4927e-05 0.000126395 
0.000266186 3.89231e-05 6.36095e-05 
2.04202e-05 0.000213074 4.14637e-05 
0.000635373 0.000321751 7.66637e-05 
0.000286119 0.000198188 2.65621e-05 
0.000688835 0.000242881 0.000110055 
0.000559509 3.2687e-05 0.000104206 
0.000536431 0.000129885 0.000123487 
0.000271849 0.000242787 6.40865e-05 
0.000920411 0.000165096 3.97705e-05 
0.000886241 0.000272558 0.000102127 
0.000588883 5.51082e-05 2.39533e-05 
3.51029e-05 0.000236361 6.75171e-05 
0.000201798 0.000354816 0.000111379 
0.000833022 0.000176528 5.42038e-05 
6.73973e-05 7.50385e-05 6.38726e-05 
0.000239332 0.000417349 2.96332e-05 
0.000692142 0.000101586 8.25294e-05 
2.49112e-05 0.000353542 0.00010605 
0.000555898 0.000142769 2.19824e-05 
0.000749939 6.79738e-05 4.76815e-05 
0.000954104 0.000373764 5.53067e-05 
0.000482367 0.000479697 2.02986e-05 
0.000378798 2.9504e-05 6.09819e-05 
0.000977323 2.2689e-05 4.06625e-05 
0.000305608 3.0343e-05 8.98769e-05 
0.000445016 0.000347335 1.82641e-05 
0.000978418 0.000355271 2.15483e-05 
0.000351144 0.000138458 9.41469e-05 
0.00081106 0.000478109 0.000106137 
0.00046898 8.24919e-05 0.000110573 
0.000148295 0.000208756 0.000100455 
0.00091745 0.000256736 7.44129e-05 
0.000529508 0.000334817 3.80318e-05 
4.09632e-05 0.000109939 0.000101351 
0.000111984 0.000108226 1.70136e-05 
0.000158269 0.000477671 2.233e-05 
0.000908337 0.000381338 0.00013292 
0.000511107 7.21436e-05 9.44149e-05 
0.000745261 0.000285891 9.94105e-05 
0.000952974 0.00034156 0.00010278 
0.000315957 0.000465308 0.00010839 
8.60523e-05 9.99131e-05 8.36966e-05 
0.00073939 0.000132065 8.78634e-05 
0.000358375 0.000211052 2.63318e-05 
0.000525391 0.0004529 6.95231e-05 
0.000223411 0.000479365 2.05465e-05 
8.59636e-05 0.000353053 4.5659e-05 
9.89593e-05 0.000286964 0.000100976 
0.000315496 0.000232061 4.57501e-05 
0.000226873 0.000218801 0.00011183 
0.000860164 0.000199716 7.15458e-05 
0.000118113 2.22788e-05 6.69842e-05 
0.000937288 0.000283942 5.96947e-05 
1.80706e-05 0.000105438 6.85258e-05 
0.000929919 0.000198283 1.83511e-05 
0.000893531 0.000237695 5.50492e-05 
0.000496545 0.000141999 0.000123785 
0.00086692 0.000470567 2.94249e-05 
0.000504395 0.000311394 0.000106366 
9.37586e-05 0.000461628 5.55636e-05 
0.000755782 0.000408517 1.96555e-05 
0.000288086 0.000482307 8.31455e-05 
0.000755623 0.000354777 2.09865e-05 
0.000692478 2.15402e-05 2.50813e-05 
0.000631998 5.25699e-05 1.92759e-05 
0.0001975 0.000365933 4.45666e-05 
0.000252512 0.000140013 0.000123037 
0.000347964 0.000171105 4.71968e-05 
0.00046338 0.00029591 0.000130817 
0.000562841 0.000266483 4.2663e-05 
0.000284607 1.85007e-05 1.7552e-05 
0.000456292 0.000244156 1.84379e-05 
0.000170459 0.000376024 0.00010185 
0.00085609 0.000232765 5.1773e-05 
0.000660828 1.79777e-05 4.10895e-05 
0.000260794 0.000312322 0.000128615 
0.000398162 0.00045975 7.88574e-05 
0.000724334 2.23889e-05 7.42893e-05 
0.000958435 0.000438787 2.07499e-05 
0.000842682 0.000256027 2.08933e-05 
0.000445687 6.49677e-05 7.53501e-05 
0.000192092 0.000136837 2.17757e-05 
0.000936837 8.5496e-05 0.000133342 
0.000357579 0.000286866 4.13117e-05 
0.000134377 0.000427038 1.75956e-05 
9.97114e-05 0.000286279 2.56066e-05 
0.000379136 0.000181881 6.76187e-05 
0.000783381 0.000235206 1.9826e-05 
0.000494088 7.28014e-05 2.25934e-05 
0.000771818 8.62261e-05 1.93027e-05 
0.000326783 0.000435326 6.87137e-05 
0.0009126 1.94097e-05 7.83072e-05 
0.000926556 0.000124149 3.3655e-05 
0.000475287 0.000362352 8.58088e-05 
0.000965413 0.000131278 0.000119288 
0.000704499 0.000407833 8.64669e-05 
2.30683e-05 0.000160274 1.84739e-05 
0.00050232 2.49603e-05 5.63826e-05 
0.000272848 0.000369516 4.72338e-05 
0.000126176 7.63454e-05 8.14648e-05 
0.000194767 0.000339349 1.73756e-05 
0.000789981 0.000432407 1.79403e-05 
0.000846853 0.000110335 4.46449e-05 
0.000313865 0.0003502 9.31016e-05 
0.000544606 0.00025454 6.98323e-05 
0.000779459 3.73783e-05 1.70284e-05 
0.000668644 0.00010775 5.15776e-05 
0.000656944 0.000162173 2.04638e-05 
6.96154e-05 0.000387282 0.000110092 
0.000191136 0.000480011 0.000109136 
0.000658088 0.00046352 1.70821e-05 
7.03693e-05 0.000467712 2.19795e-05 
0.000118702 0.000320477 5.27411e-05 
0.000871017 0.000164307 0.000122868 
0.000566173 0.000273565 9.107e-05 
0.000605699 9.77265e-05 0.00012064 
3.21209e-05 0.000481268 1.87255e-05 
0.000768112 0.000309291 7.31232e-05 
7.03007e-05 3.98279e-05 7.38284e-05 
0.000468925 0.000219022 0.000115645 
0.00037468 0.000476519 2.34697e-05 
1.80998e-05 0.000415989 7.28246e-05 
0.000353526 0.000383664 5.83107e-05 
2.19348e-05 0.000296147 2.1898e-05 
0.000816441 2.08583e-05 0.000124402 
0.000243331 0.00027402 5.50805e-05 
0.00036404 0.000372059 2.06412e-05 
0.000910201 9.47627e-05 1.79168e-05 
0.000268432 9.80397e-05 1.78386e-05 
