0.00083363 0.000412291 3.10763e-05 
8.2531e-05 0.00029539 7.16175e-05 
0.000525167 0.000210613 0.00010616 
0.000315774 0.000239138 0.000126044 
0.000684874 0.000330518 6.30961e-05 
0.000364246 7.72547e-05 0.000106852 
0.000749686 0.000202253 4.5541e-05 
0.000874334 0.000290946 6.08643e-05 
0.000525194 5.41893e-05 0.000148073 
0.000782773 0.000237932 0.000142363 
0.000637946 0.000370812 3.69752e-05 
0.00017723 0.00038701 1.9746e-05 
0.000824448 0.000305857 0.000102222 
0.000206211 0.000215438 8.48631e-05 
0.000489526 0.000379351 3.62814e-05 
0.000801468 0.000160926 9.98174e-05 
0.000445411 0.00036688 7.14423e-05 
0.000236423 0.000360796 2.52283e-05 
0.000524802 0.000147237 6.14081e-05 
0.000889285 0.000239821 1.89212e-05 
0.000918787 0.000332653 6.15476e-05 
0.000414324 0.000311776 5.61027e-05 
0.000941592 6.22746e-05 6.58628e-05 
0.000871984 4.24315e-05 8.83072e-05 
0.000689646 9.60621e-05 2.14704e-05 
0.000259196 0.000304806 5.48848e-05 
8.83369e-05 0.000225395 8.77997e-05 
0.000558452 0.00023807 1.97544e-05 
0.000172888 9.1241e-05 2.98307e-05 
0.000971079 0.000462443 0.000136141 
0.000520156 0.000213305 4.65009e-05 
0.000964076 0.000206571 6.07494e-05 
0.000881895 0.000142627 2.57103e-05 
0.000763509 2.74411e-05 7.35244e-05 
5.79066e-05 0.000256042 4.90477e-05 
0.000725126 0.000342217 0.000110435 
0.000610149 0.000437586 0.000136141 
0.000308272 0.000180488 0.000104337 
0.0003416 0.000219618 7.74022e-05 
0.000322028 0.000182939 2.07243e-05 
0.000307445 0.000296317 8.18061e-05 
0.000482756 0.000310552 3.28569e-05 
0.000454453 2.31837e-05 8.11586e-05 
0.000339348 0.000103399 6.73731e-05 
0.000963775 0.000399119 2.18001e-05 
0.000576935 0.000463524 8.80899e-05 
0.000543373 0.000352199 9.67886e-05 
0.000703023 0.000160468 0.000117603 
0.00038651 0.000237425 6.30026e-05 
0.000409761 0.000259204 0.000113049 
0.000253168 0.00037723 0.000114425 
0.000564727 0.000173344 6.6092e-05 
0.000799119 5.31054e-05 0.000154644 
0.000844713 0.000462107 8.98005e-05 
9.21111e-05 6.32509e-05 0.000120445 
0.000166996 8.98951e-05 9.41267e-05 
0.000965547 8.81642e-05 2.75357e-05 
0.000516952 0.000419065 0.00011165 
0.000226646 9.71288e-05 2.45092e-05 
0.000364773 0.000426304 3.12558e-05 
0.000492977 0.000164893 2.60618e-05 
0.000287336 0.0004127 5.57466e-05 
0.000597714 0.000348334 2.37089e-05 
0.000789137 0.000185156 2.142e-05 
0.000549382 8.36736e-05 6.78098e-05 
0.000232595 8.68582e-05 7.91533e-05 
0.000521636 0.000462812 2.66061e-05 
0.000391553 7.32802e-05 3.081e-05 
0.000964565 0.000177962 9.70263e-05 
0.000890841 0.000190284 1.9399e-05 
0.000575155 0.000396868 0.000126913 
0.000625054 0.000138688 0.000104957 
0.00039536 0.000373309 8.55876e-05 
0.000683194 0.000391856 5.15293e-05 
0.000648455 6.25636e-05 8.99381e-05 
0.000156126 4.17386e-05 7.4851e-05 
0.00087308 0.000153618 7.70362e-05 
0.000450816 0.000105175 3.66389e-05 
0.000629572 0.000205558 0.000102449 
0.00070796 0.000138813 6.45051e-05 
0.000798093 0.000162437 5.3357e-05 
6.65627e-05 0.000335311 9.33357e-05 
0.000149169 0.000378236 8.45413e-05 
0.000439785 0.000435086 8.98155e-05 
0.000602198 0.000238874 6.65942e-05 
0.000783915 0.000380137 5.87371e-05 
3.06981e-05 0.000434013 2.99143e-05 
0.00035137 0.000289286 0.000144427 
0.000184693 0.000434129 2.88144e-05 
0.000143719 0.000277483 2.03579e-05 
0.000275724 6.25314e-05 2.32754e-05 
0.000810325 0.000461859 4.79388e-05 
0.00068666 0.000131593 0.000147655 
0.000980862 0.000295176 2.4604e-05 
0.000124616 0.000266123 5.96788e-05 
0.000893262 0.00033038 0.000111706 
0.000215828 4.31587e-05 0.000109972 
0.0009054 0.000205995 0.000121042 
0.000369379 0.000319579 8.35927e-05 
0.000422533 0.000199907 3.29348e-05 
0.000568327 0.00039637 7.34549e-05 
0.000763452 0.0004639 2.00639e-05 
0.000708367 0.000378038 7.9694e-05 
0.000784781 0.000113943 0.000129461 
0.000413044 4.03541e-05 6.19807e-05 
0.000827593 2.99774e-05 2.92563e-05 
0.000288509 8.24372e-05 0.000106405 
0.000725455 0.000258338 8.90831e-05 
8.78701e-05 0.000211316 2.47025e-05 
0.000676437 0.000192592 8.96438e-05 
0.000608753 0.000174791 3.61319e-05 
0.0003979 0.000276107 2.69587e-05 
0.000968251 0.00024882 7.93678e-05 
0.00063982 0.000274656 0.000112601 
0.000936418 0.000248263 3.02504e-05 
0.000608894 0.000130139 2.07391e-05 
8.82029e-05 0.000416086 3.29897e-05 
0.00015021 0.000432536 7.90151e-05 
0.000489902 0.000292571 9.19433e-05 
7.23725e-05 0.000154153 9.34886e-05 
0.000674306 0.000469384 4.69357e-05 
0.000649238 0.000379402 9.66144e-05 
0.000132396 0.000195494 5.01154e-05 
0.000308193 0.000273261 2.45355e-05 
0.000527377 0.000282968 5.02798e-05 
0.000754697 0.000185643 9.9141e-05 
0.00024773 0.000466168 0.00011478 
0.000973182 3.94581e-05 0.00010257 
0.000679635 0.000363036 2.10605e-05 
0.000238677 0.000240306 5.15792e-05 
0.000900354 0.000402245 3.66611e-05 
0.00041428 3.88109e-05 0.000106291 
0.00070368 5.01529e-05 7.81632e-05 
0.000756015 0.000473254 0.000105307 
0.000511096 0.00038908 8.44715e-05 
0.000457729 0.000163307 7.89881e-05 
0.000657299 0.000208937 3.29399e-05 
0.000431726 0.000108497 0.000108819 
0.000268748 0.000468667 5.26126e-05 
0.000977204 0.000381488 0.000100445 
0.000156558 0.000159063 8.49492e-05 
0.000901565 9.77173e-05 8.37512e-05 
0.000652132 0.00031065 2.30571e-05 
0.000355183 0.000412826 0.000123825 
0.000319444 0.000393534 8.33903e-05 
0.000869105 0.000125264 0.000143383 
0.000195132 0.000233914 1.80797e-05 
0.000703717 0.000435119 3.07266e-05 
6.3931e-05 2.89751e-05 4.10666e-05 
0.000541145 3.19015e-05 2.52995e-05 
0.000725497 0.000296816 3.30565e-05 
0.000891489 4.35802e-05 3.64768e-05 
0.000221683 0.000267251 1.83528e-05 
0.00091147 0.00014551 0.000113317 
0.000306602 0.000160424 5.36243e-05 
0.000785266 0.000347716 0.000111067 
0.000517666 0.000266312 0.000117096 
0.000723062 0.000298225 7.60329e-05 
0.000201691 0.000318974 7.46402e-05 
0.000784367 0.000441734 8.42821e-05 
0.000828327 0.000223335 2.0783e-05 
0.000603788 0.000410313 2.86332e-05 
2.61557e-05 0.000112501 2.61597e-05 
0.000461081 0.000329604 0.000125795 
0.00046703 0.000469921 8.98385e-05 
3.02537e-05 0.000392557 0.000107918 
0.000376537 0.000327671 2.80184e-05 
0.000556422 0.000413495 2.31915e-05 
0.000283285 0.000114098 7.45006e-05 
0.000907186 6.29484e-05 0.000132768 
0.000597319 0.000239959 0.000136553 
0.00080505 0.000211607 6.11047e-05 
0.000423301 0.00039023 4.96278e-05 
0.000249844 0.000125732 4.38083e-05 
0.000746883 3.34483e-05 2.57262e-05 
0.000399119 0.000136982 3.31924e-05 
0.000344 0.000256697 4.72757e-05 
0.000244106 0.000346955 7.15778e-05 
0.000726862 8.14415e-05 0.000112198 
0.000758908 0.00031141 1.85889e-05 
0.000885359 0.000409524 9.55564e-05 
0.000637556 0.000134845 5.22718e-05 
0.000608802 3.31641e-05 5.51832e-05 
0.000350295 0.000471153 6.94537e-05 
0.000580209 0.000123538 8.42926e-05 
0.000128485 0.000117734 5.54139e-05 
0.000208768 0.000471918 6.38804e-05 
0.000197677 4.93896e-05 7.37679e-05 
4.79726e-05 6.21578e-05 0.000127231 
7.72584e-05 0.000327397 2.25243e-05 
0.000665768 0.000246193 9.44116e-05 
3.01435e-05 0.000472002 6.6092e-05 
0.000749769 0.000423267 0.000103653 
0.000443879 0.000268854 6.10907e-05 
0.000616902 0.00045915 2.78506e-05 
0.000826378 7.88352e-05 8.00521e-05 
0.000304813 0.000122226 2.42635e-05 
0.000914641 0.000460658 2.46589e-05 
0.000644467 0.00046831 0.000114419 
0.000197236 0.000408947 0.000104599 
0.000951038 0.000479771 1.71391e-05 
0.00082721 0.000335529 3.29629e-05 
5.52239e-05 0.000436438 0.000105603 
0.000465544 0.000440286 2.56009e-05 
0.000774266 0.000115011 8.64549e-05 
0.000746057 0.000325317 5.50542e-05 
0.000592226 0.000304292 0.000127475 
0.000108798 0.000462527 2.16579e-05 
0.000761054 0.000230214 0.000104528 
0.000808573 8.10268e-05 2.29185e-05 
0.000729977 0.000397528 5.30017e-05 
0.000474475 0.000404512 8.54964e-05 
0.000561333 0.000149917 0.000135074 
0.000337615 0.000149849 1.79661e-05 
0.000602205 0.000285397 3.39183e-05 
0.000200117 0.000264947 0.000108366 
0.000509952 0.000105349 0.00012701 
0.000564166 0.000189521 2.24182e-05 
0.000427945 0.000475982 2.14064e-05 
0.000493017 0.000178651 0.00011983 
0.000748847 0.000134482 2.04239e-05 
0.000213609 0.000177387 2.07148e-05 
0.000109578 0.000434269 0.000142736 
0.000488531 0.000325401 8.05842e-05 
4.60157e-05 0.000191475 7.63191e-05 
0.000673901 0.000268256 4.67795e-05 
0.000590007 3.51532e-05 9.27285e-05 
0.000130486 0.000372674 3.02651e-05 
3.09408e-05 0.000294374 7.32213e-05 
0.000366853 0.00042722 8.73359e-05 
0.000535115 0.000300927 1.72978e-05 
0.000847861 8.0915e-05 0.000141462 
0.000730816 9.5722e-05 1.97362e-05 
6.94134e-05 0.000163471 1.90541e-05 
7.36136e-05 0.000369709 1.98923e-05 
0.000270483 0.000212689 0.000128073 
0.000965366 0.000207497 2.00957e-05 
0.000276819 0.000231997 2.15413e-05 
0.000833207 0.000175363 0.000131289 
0.00088466 0.000339194 2.51096e-05 
0.000672441 0.000125276 4.06867e-05 
2.25672e-05 0.000250706 2.25709e-05 
0.000723739 0.00025006 2.65797e-05 
0.000116537 0.000245209 1.92054e-05 
0.000947932 0.000144577 1.7148e-05 
0.000884412 0.000453839 6.75547e-05 
0.000423553 0.000418236 2.19507e-05 
0.000117395 6.53783e-05 3.13209e-05 
0.000569 0.000315705 7.09226e-05 
0.000868486 0.000214934 3.75289e-05 
0.000262032 0.000193261 8.93558e-05 
3.05538e-05 0.000346332 6.59408e-05 
0.000779869 0.000275262 8.82044e-05 
0.000245478 2.8983e-05 4.15187e-05 
0.000793057 6.67616e-05 6.67813e-05 
0.000271576 0.000273738 0.000139065 
0.000301107 0.000437736 0.000105869 
0.000704327 0.000174679 2.56883e-05 
0.000344962 0.000110457 1.80329e-05 
0.000971908 0.000421075 0.000130784 
0.000169227 0.000174635 2.17738e-05 
0.000153113 0.000327593 2.09554e-05 
0.000970394 0.000102642 9.0036e-05 
0.00021568 5.44693e-05 1.97782e-05 
0.000962254 0.000136013 5.61898e-05 
0.000809098 0.000266312 2.43318e-05 
0.000396503 0.000475149 0.00013799 
7.53008e-05 0.000124516 4.35682e-05 
0.000445003 0.000383448 0.000115816 
0.000136015 0.000311383 0.000132298 
0.000465805 2.2634e-05 3.68059e-05 
0.000941849 0.000381186 0.000147654 
0.000932997 0.000355278 2.23108e-05 
0.000222653 0.000311163 2.62446e-05 
0.000365435 0.000218687 0.000129537 
0.000826651 0.000405952 0.000119906 
0.00096114 0.000472675 6.75841e-05 
0.000221798 0.000155875 5.66757e-05 
0.000417052 0.000190568 0.000132502 
0.000114329 0.000159561 2.08356e-05 
0.000274744 0.000319292 2.013e-05 
0.000348828 2.61126e-05 0.000110796 
0.000656163 0.000446574 7.5765e-05 
2.58106e-05 0.000384378 3.58338e-05 
0.000504442 0.000480217 0.000115209 
0.000972345 0.000322257 5.90273e-05 
0.000620756 0.000421564 7.23881e-05 
0.000938224 0.000307428 2.40408e-05 
0.000369757 0.000175876 3.85522e-05 
0.000577794 7.1662e-05 0.000117514 
0.000880109 8.25358e-05 0.000114181 
0.000951046 2.23537e-05 2.11436e-05 
0.000447311 5.38074e-05 2.04029e-05 
0.000701352 0.000459953 9.67755e-05 
0.000689637 5.83227e-05 0.000125695 
0.000764235 0.000428892 5.11381e-05 
0.000337619 3.52973e-05 3.53008e-05 
0.000339303 0.00045553 0.000101878 
0.000662834 5.33287e-05 2.09145e-05 
0.000321396 0.00032365 2.72721e-05 
0.000498418 8.35678e-05 8.72713e-05 
0.000107474 0.000372911 0.000103618 
0.000232698 0.000402246 7.54963e-05 
0.000512973 0.000112203 2.66763e-05 
1.92765e-05 8.11202e-05 0.000104515 
0.000500419 2.27838e-05 1.71843e-05 
0.000859416 0.000380037 0.00012592 
0.000313401 8.06086e-05 1.86188e-05 
4.22012e-05 0.000204194 1.70879e-05 
0.000158464 0.000242828 0.000100341 
0.000563683 0.000322426 2.39498e-05 
0.000418639 0.000314348 0.000103563 
0.000472956 0.000213555 2.0694e-05 
0.000830763 0.000112028 0.000115524 
0.000845603 0.000257219 0.000121193 
0.00017791 0.000296251 3.74624e-05 
0.000625504 0.000329216 4.73424e-05 
0.000541089 3.30422e-05 8.80559e-05 
0.000648316 0.00043042 3.70455e-05 
0.000852954 2.38479e-05 0.000131112 
0.000310124 0.00044076 2.55367e-05 
0.000429045 0.000308558 1.87644e-05 
0.000972633 6.49694e-05 0.000146403 
0.000314743 0.00037956 2.9041e-05 
2.96865e-05 0.000208711 0.000122042 
0.000123205 0.000128434 0.000115298 
0.000165416 0.000344714 5.69867e-05 
0.000935459 0.000108683 0.000122885 
0.000413013 0.000451204 5.17756e-05 
0.000487157 0.000206952 8.40987e-05 
8.59806e-05 0.000473928 0.00010171 
0.000472574 0.000456455 0.000131897 
0.000869817 0.000363747 7.7051e-05 
0.000127131 0.000479178 7.30199e-05 
0.000158833 0.000223148 1.99596e-05 
0.000498738 0.000453754 6.63249e-05 
0.000766362 3.7776e-05 0.000132293 
0.000762146 0.000149151 7.02091e-05 
0.000254648 0.000158079 2.21469e-05 
0.000492684 0.000258561 3.87568e-05 
0.000591306 0.00010141 3.97054e-05 
0.000814169 2.16793e-05 0.000111909 
0.00059922 0.000226422 2.27441e-05 
0.000716829 0.000335529 2.08495e-05 
0.000871992 0.000102993 3.99145e-05 
0.000172615 3.0623e-05 3.06269e-05 
0.000597571 3.25264e-05 0.000141402 
0.000598963 0.000350681 9.88466e-05 
0.000710015 5.64306e-05 2.3191e-05 
0.000217723 0.000162495 0.000104915 
0.000553858 0.000456691 5.28135e-05 
0.000764759 0.000275821 4.13959e-05 
0.000737264 0.000473223 5.78645e-05 
0.000550982 0.000371434 2.32255e-05 
0.000622351 9.73554e-05 6.39492e-05 
0.00078201 0.000426169 0.000142456 
0.0005391 0.000303833 0.000104485 
0.000769109 0.000390074 0.000152994 
2.4691e-05 0.00034357 2.26354e-05 
0.000667409 0.000404927 1.81431e-05 
0.000548915 0.000470618 0.000125786 
0.000157559 0.00030017 9.93159e-05 
0.000385786 0.000138526 0.00010574 
0.000914475 0.000474252 9.19384e-05 
0.000729593 0.00038009 1.84592e-05 
6.08601e-05 7.76942e-05 2.30514e-05 
0.000669681 2.13116e-05 0.000112367 
0.000579053 0.000468552 1.91326e-05 
0.00057229 0.000205899 0.00011048 
0.000400511 0.000418429 8.68616e-05 
0.000172169 1.86148e-05 0.000106183 
0.000184605 0.000185927 6.3885e-05 
0.000411606 0.000355476 4.43779e-05 
0.000391425 9.27063e-05 7.86274e-05 
0.000494986 0.00035334 0.000156129 
0.000790878 6.62034e-05 0.000105796 
0.000815112 0.000257179 6.702e-05 
0.000696095 0.000294801 0.000135208 
0.00082518 0.000142719 2.25251e-05 
0.000569363 0.000359655 5.92957e-05 
0.000974495 0.000167391 1.78722e-05 
0.000152977 0.000136031 2.01354e-05 
0.000479306 3.4927e-05 0.000152793 
0.000273334 4.60471e-05 7.6874e-05 
2.15979e-05 0.000212057 5.44444e-05 
0.000629081 0.000325658 8.89851e-05 
0.000283503 0.000198171 4.62811e-05 
0.000688835 0.000242881 0.000135782 
0.000553546 3.16395e-05 0.000127923 
0.000537266 0.000130557 0.00015261 
0.000266236 0.000241011 9.23157e-05 
0.000918402 0.000176651 7.6523e-05 
0.000901859 0.000267338 0.000126168 
0.000583533 6.33874e-05 2.39581e-05 
3.49345e-05 0.000230612 9.19799e-05 
0.000199167 0.000356539 0.000144912 
0.000835568 0.000178827 8.35782e-05 
6.57597e-05 7.59666e-05 7.72081e-05 
0.000243572 0.00041774 2.96413e-05 
0.000699317 0.00010899 0.000100725 
3.31362e-05 0.000361195 0.000134327 
0.000548576 0.000147951 2.20029e-05 
0.000744721 7.04792e-05 5.97137e-05 
0.000951845 0.000373814 6.43318e-05 
0.000488527 0.000479693 2.02975e-05 
0.000375386 3.59143e-05 8.4523e-05 
0.000970104 2.26712e-05 6.05948e-05 
0.000305236 3.54626e-05 0.000117385 
0.000442693 0.000341868 2.74918e-05 
0.000976792 0.000352909 2.15718e-05 
0.000347178 0.000123681 0.000118091 
0.000810875 0.000471565 0.000130797 
0.000466952 8.38211e-05 0.000137549 
0.00015055 0.000218139 0.000129548 
0.000916794 0.000266708 8.4092e-05 
0.000530952 0.000336839 4.90815e-05 
3.45511e-05 0.000106894 0.000133195 
0.000108664 0.000112289 1.7013e-05 
0.000150678 0.000476229 2.23289e-05 
0.000908337 0.000381338 0.000158763 
0.000524455 7.27583e-05 0.000114005 
0.00074603 0.000280498 0.000127047 
0.000952974 0.00034156 0.000136449 
0.000309742 0.000468994 0.000135415 
8.60523e-05 9.99131e-05 0.000109801 
0.00073939 0.000132065 0.000122016 
0.0003543 0.000215585 2.63288e-05 
0.000528286 0.00045101 8.75448e-05 
0.000229528 0.000479442 2.0547e-05 
8.80007e-05 0.000359215 5.8153e-05 
9.76748e-05 0.000287483 0.000125021 
0.000300822 0.00023988 6.08789e-05 
0.000228207 0.000218331 0.000137072 
0.00085994 0.000202796 9.74889e-05 
0.000117963 2.22825e-05 8.61451e-05 
0.000936013 0.00028927 6.2362e-05 
1.80678e-05 0.000101193 7.30545e-05 
0.000923344 0.000190512 3.86038e-05 
0.000890937 0.000233575 8.13662e-05 
0.000496545 0.000141999 0.00015272 
0.000861675 0.000470559 2.94244e-05 
0.000503298 0.000317454 0.000122581 
0.000101932 0.000447478 6.91792e-05 
0.000760203 0.000409122 1.96561e-05 
0.000288079 0.000479505 0.000101956 
0.000755911 0.000350787 2.09955e-05 
0.000691957 3.0655e-05 4.85856e-05 
0.000623397 4.73332e-05 1.92646e-05 
0.000191995 0.000370961 4.96847e-05 
0.000252512 0.000140013 0.000150944 
0.000344561 0.000177879 6.7018e-05 
0.00046338 0.00029591 0.000156576 
0.000566375 0.000256463 5.69555e-05 
0.000279976 2.18223e-05 1.7556e-05 
0.000460515 0.000250746 1.8434e-05 
0.000169786 0.000376768 0.000122793 
0.000856662 0.000238235 6.58585e-05 
0.000663959 2.36116e-05 6.87706e-05 
0.000260794 0.000312322 0.000156365 
0.000397947 0.000458267 0.000104853 
0.000716093 2.2384e-05 0.000107775 
0.00095386 0.000438095 3.58387e-05 
0.000853262 0.000256712 2.08992e-05 
0.000445774 6.66083e-05 7.93525e-05 
0.000195418 0.000139599 2.17757e-05 
0.000936837 8.5496e-05 0.000158885 
0.00036227 0.000290189 4.90062e-05 
0.000134377 0.000427038 1.75995e-05 
9.06451e-05 0.000281276 2.56088e-05 
0.00037767 0.00018672 9.32338e-05 
0.000773987 0.000238736 1.98262e-05 
0.000495248 7.76806e-05 5.10438e-05 
0.000766877 8.39017e-05 2.89055e-05 
0.000316715 0.000441699 6.9758e-05 
0.000907705 2.45281e-05 9.51602e-05 
0.00092316 0.000132442 4.06246e-05 
0.000474716 0.000356504 9.84355e-05 
0.000965413 0.000131278 0.000147269 
0.000714536 0.000400075 0.000117213 
2.30683e-05 0.000160274 2.93014e-05 
0.000500655 2.37284e-05 7.73787e-05 
0.000282878 0.000375394 7.50364e-05 
0.000115151 6.64706e-05 8.45376e-05 
0.000189489 0.000339804 2.35618e-05 
0.000790106 0.000436798 1.80577e-05 
0.000837795 0.000116687 5.88066e-05 
0.000311602 0.000347048 0.000134315 
0.000545286 0.000259261 9.2452e-05 
0.000783191 3.45757e-05 1.70281e-05 
0.000667139 0.000108362 7.74571e-05 
0.000649561 0.000157588 2.04678e-05 
7.16959e-05 0.000393834 0.000134541 
0.000196289 0.000477361 0.000122888 
0.000657446 0.000461319 1.70773e-05 
6.83702e-05 0.000469032 3.67143e-05 
0.000118702 0.000320477 7.80723e-05 
0.000871017 0.000164307 0.000148414 
0.000565264 0.000273302 0.000118558 
0.000604995 9.92406e-05 0.000141475 
3.39378e-05 0.000481266 1.87223e-05 
0.000761054 0.00031126 0.000103385 
6.77027e-05 4.26364e-05 9.90767e-05 
0.000468925 0.000219022 0.00014129 
0.000385077 0.000476541 2.3443e-05 
1.81043e-05 0.000424653 7.52886e-05 
0.000356188 0.000388367 6.44746e-05 
2.19942e-05 0.000297688 2.18887e-05 
0.000816441 2.08583e-05 0.000154306 
0.000243981 0.00027761 8.37059e-05 
0.000367858 0.000375594 2.06436e-05 
0.000913006 0.000101057 2.38722e-05 
0.000268132 0.000102582 1.78408e-05 
