0.000843721 0.000421514 3.10556e-05 
7.82047e-05 0.000294368 6.0632e-05 
0.000533946 0.00022286 8.95613e-05 
0.000318424 0.000249414 6.22035e-05 
0.000692405 0.000332296 6.75598e-05 
0.000367857 6.31446e-05 7.37406e-05 
0.000755885 0.000195602 3.09909e-05 
0.000885992 0.00028814 3.579e-05 
0.000516276 3.9826e-05 9.43892e-05 
0.000775749 0.000235789 8.56923e-05 
0.000633466 0.000365979 2.42392e-05 
0.000183989 0.000381542 1.97442e-05 
0.000831506 0.000286492 7.606e-05 
0.000201941 0.00021491 7.18064e-05 
0.000488852 0.000386823 3.6271e-05 
0.000809462 0.000157355 6.27439e-05 
0.000442983 0.000341544 5.57211e-05 
0.000231754 0.000362412 2.52282e-05 
0.000526576 0.000160918 3.81819e-05 
0.000889345 0.000236178 1.89341e-05 
0.000918929 0.000332462 6.15985e-05 
0.000418061 0.000302011 5.69322e-05 
0.000943427 5.25286e-05 5.36558e-05 
0.000838419 5.33527e-05 6.66689e-05 
0.000687602 9.10806e-05 2.14048e-05 
0.000275782 0.000301628 2.06132e-05 
8.40433e-05 0.000231192 8.4727e-05 
0.000564447 0.000234072 1.97565e-05 
0.000159877 9.08416e-05 2.9832e-05 
0.000952813 0.000441503 8.98672e-05 
0.00051486 0.000216617 3.31031e-05 
0.000968491 0.000220024 5.68347e-05 
0.000896413 0.000134307 2.57052e-05 
0.000774153 2.10008e-05 4.97761e-05 
6.66672e-05 0.000260344 2.19105e-05 
0.000746449 0.000352341 9.42525e-05 
0.000617128 0.000438141 9.20904e-05 
0.000312616 0.000163839 9.90419e-05 
0.000331964 0.000201888 6.62553e-05 
0.000329384 0.000180218 1.87163e-05 
0.000294861 0.000298734 7.65361e-05 
0.000476796 0.000305755 3.28594e-05 
0.000462977 2.31854e-05 6.83856e-05 
0.000336524 0.000102943 5.66514e-05 
0.000978195 0.000403523 2.18006e-05 
0.000597999 0.000481876 5.60842e-05 
0.000541277 0.000351971 7.64674e-05 
0.000725685 0.000172956 6.54483e-05 
0.000395001 0.000229674 6.41747e-05 
0.000385787 0.000280202 9.38031e-05 
0.000266417 0.000383058 8.03674e-05 
0.000574997 0.000156828 4.93961e-05 
0.000797083 5.3369e-05 8.26952e-05 
0.000843972 0.00046223 7.41508e-05 
9.1106e-05 6.14562e-05 8.04215e-05 
0.000192957 0.000110444 8.17157e-05 
0.000972465 8.69797e-05 2.75347e-05 
0.000512601 0.000422413 7.77561e-05 
0.000212894 0.000101492 2.45101e-05 
0.000367312 0.000416871 3.12572e-05 
0.000478306 0.000166798 2.60591e-05 
0.000284184 0.000414581 4.30094e-05 
0.000586609 0.000355823 2.37086e-05 
0.000802105 0.000190764 1.71766e-05 
0.000541904 7.54158e-05 5.91955e-05 
0.000240086 6.89232e-05 6.09332e-05 
0.00051421 0.000479209 1.73981e-05 
0.000397072 6.75009e-05 3.08115e-05 
0.000970013 0.000172961 6.23326e-05 
0.000889959 0.000178494 1.9396e-05 
0.00059427 0.000405698 7.59072e-05 
0.000620773 0.000131886 7.17928e-05 
0.00039801 0.000359211 6.66123e-05 
0.000693478 0.000382967 4.64917e-05 
0.000651824 6.60469e-05 6.31704e-05 
0.000155046 5.15458e-05 7.31598e-05 
0.000865533 0.000164403 5.68691e-05 
0.000445021 0.000114728 3.66387e-05 
0.000617481 0.000198392 8.15079e-05 
0.000709232 0.000127574 4.71143e-05 
0.000785856 0.000151402 2.3005e-05 
6.08667e-05 0.000343337 5.68188e-05 
0.000174405 0.000390626 5.42482e-05 
0.000424397 0.000439762 6.90175e-05 
0.000580888 0.000236287 5.90934e-05 
0.000792339 0.000385221 4.86355e-05 
2.99127e-05 0.000434602 2.99128e-05 
0.000347609 0.000277382 5.31663e-05 
0.000177621 0.000428842 2.88137e-05 
0.000151692 0.000274333 2.0355e-05 
0.000277697 5.63318e-05 2.3276e-05 
0.000822741 0.000474151 2.58499e-05 
0.00066943 0.000147191 5.91639e-05 
0.000980947 0.000295151 1.74972e-05 
0.000132818 0.000253798 5.6062e-05 
0.00086821 0.000335936 8.58376e-05 
0.000209046 2.35626e-05 6.17482e-05 
0.000926023 0.000209868 8.22664e-05 
0.000352038 0.000327174 7.52518e-05 
0.000419317 0.00018448 3.29377e-05 
0.000563148 0.000421558 5.77656e-05 
0.000777331 0.000477769 2.00573e-05 
0.000729577 0.000365361 4.89595e-05 
0.000789342 0.000124251 8.71491e-05 
0.000421211 2.47e-05 1.93647e-05 
0.000819923 2.92614e-05 2.92567e-05 
0.000293994 6.93596e-05 6.41049e-05 
0.000730423 0.000250025 7.09707e-05 
7.57833e-05 0.000214733 2.46866e-05 
0.000681956 0.000180597 6.2579e-05 
0.000614667 0.000175565 2.64946e-05 
0.000399663 0.000268699 2.69506e-05 
0.00097175 0.000266391 7.15048e-05 
0.000652338 0.000276823 7.87723e-05 
0.000936504 0.000244445 3.0269e-05 
0.000596806 0.000132223 2.0735e-05 
8.73413e-05 0.000416192 3.03956e-05 
0.000132332 0.000436204 6.88838e-05 
0.000492778 0.000266668 5.99128e-05 
8.25487e-05 0.000166145 6.91768e-05 
0.000688749 0.000482769 1.72096e-05 
0.000647311 0.000383339 8.12309e-05 
0.00012397 0.000200251 4.30628e-05 
0.000311515 0.000274328 2.45235e-05 
0.000514783 0.000269396 2.10378e-05 
0.000766713 0.000179587 8.39047e-05 
0.000237443 0.000448292 7.0906e-05 
0.000977359 2.26447e-05 6.71602e-05 
0.000677149 0.000353686 2.10527e-05 
0.000229325 0.000224243 2.76755e-05 
0.000909204 0.000405223 3.66552e-05 
0.000413429 2.49826e-05 6.30231e-05 
0.000686994 2.92671e-05 5.16186e-05 
0.000766445 0.00047565 6.29282e-05 
0.000536458 0.000394778 5.97565e-05 
0.000458202 0.000165656 8.61645e-05 
0.000659459 0.000214109 3.29398e-05 
0.000412602 8.6851e-05 9.02965e-05 
0.000266894 0.000468746 3.12451e-05 
0.000979275 0.00040136 7.78745e-05 
0.000164917 0.000161075 6.04782e-05 
0.000913176 9.61011e-05 3.61915e-05 
0.000647715 0.000320899 2.3055e-05 
0.000361041 0.000411186 8.52288e-05 
0.000315402 0.000407033 7.35708e-05 
0.00087255 0.000122783 7.14744e-05 
0.000187232 0.000239404 1.80798e-05 
0.000690635 0.000432166 3.07165e-05 
5.55056e-05 2.89717e-05 2.89693e-05 
0.000543173 2.52994e-05 2.52997e-05 
0.000718651 0.00029845 2.06404e-05 
0.00088375 4.31958e-05 3.64698e-05 
0.000213628 0.000268977 1.83539e-05 
0.000914367 0.000132768 7.40618e-05 
0.000298529 0.000171951 4.69953e-05 
0.000801539 0.000336196 8.48233e-05 
0.000527883 0.000266913 7.36444e-05 
0.000732712 0.000289586 5.6968e-05 
0.000199068 0.000320761 6.84001e-05 
0.000799711 0.000442815 5.55409e-05 
0.000823723 0.000226372 2.07612e-05 
0.000599561 0.00040631 2.8632e-05 
2.61553e-05 0.000120179 2.61556e-05 
0.000468125 0.00032286 8.04787e-05 
0.00044696 0.000473542 5.155e-05 
4.81315e-05 0.000394432 4.95313e-05 
0.00038264 0.000321029 2.80196e-05 
0.000554538 0.000421575 1.91485e-05 
0.00026516 0.00011572 4.96607e-05 
0.000912062 7.76209e-05 7.07019e-05 
0.000614733 0.000252958 8.25875e-05 
0.000804456 0.000207917 6.06803e-05 
0.000436578 0.000374553 3.62745e-05 
0.000248449 0.000121727 1.70668e-05 
0.000745159 2.03328e-05 2.033e-05 
0.000396607 0.000138612 1.98847e-05 
0.000350904 0.000251828 2.09448e-05 
0.000257998 0.000337418 5.56564e-05 
0.000718127 8.14282e-05 5.60076e-05 
0.000763467 0.000315196 1.8583e-05 
0.000866982 0.000411448 8.05591e-05 
0.000637637 0.000126945 2.04334e-05 
0.000616882 2.20128e-05 3.15398e-05 
0.000329685 0.000482964 1.7037e-05 
0.000579379 0.000111367 4.80348e-05 
0.00012474 0.000126047 5.63663e-05 
0.000193841 0.000471919 6.24402e-05 
0.000192374 6.43245e-05 5.15954e-05 
2.19491e-05 4.62291e-05 6.31591e-05 
6.48787e-05 0.000310261 2.2515e-05 
0.000680018 0.000245546 6.93864e-05 
2.25222e-05 0.000477089 5.97524e-05 
0.000759401 0.000429485 5.21663e-05 
0.000445549 0.000257644 6.03477e-05 
0.000623109 0.000454223 2.08293e-05 
0.000837334 7.2677e-05 1.7535e-05 
0.00029871 0.000129407 2.42612e-05 
0.000932353 0.000460709 2.46532e-05 
0.000631487 0.000477949 7.79375e-05 
0.000196337 0.000420432 8.00744e-05 
0.000967005 0.000482854 1.71391e-05 
0.000832064 0.000333319 3.29513e-05 
6.14422e-05 0.000437153 8.22567e-05 
0.000456795 0.000438655 2.56025e-05 
0.000775861 0.000118126 4.84269e-05 
0.000743272 0.000327134 4.96786e-05 
0.000612166 0.000299001 8.78534e-05 
0.000122523 0.000462643 2.16542e-05 
0.000763377 0.000239343 5.05379e-05 
0.000808579 0.000106963 2.2919e-05 
0.000728299 0.000404726 5.13579e-05 
0.000469678 0.00042939 6.93933e-05 
0.000551744 0.000156286 8.19222e-05 
0.000337653 0.000144473 1.79666e-05 
0.000610498 0.000279152 3.39185e-05 
0.000186307 0.000265978 5.82396e-05 
0.000495693 0.0001023 6.89385e-05 
0.000565669 0.000192001 2.24187e-05 
0.000436535 0.000482264 1.77267e-05 
0.000510426 0.000182107 7.38724e-05 
0.000748745 0.000128991 2.04244e-05 
0.000225793 0.000177942 1.94785e-05 
0.000101867 0.000415956 0.000106794 
0.000501488 0.000340258 5.98926e-05 
4.72403e-05 0.000194487 5.09518e-05 
0.000674383 0.000275378 3.01829e-05 
0.000578988 2.0019e-05 5.2565e-05 
0.000135171 0.00037888 3.0261e-05 
3.03249e-05 0.000278383 6.91678e-05 
0.00037975 0.000454272 6.00393e-05 
0.000537672 0.00029992 1.72972e-05 
0.000845338 9.12639e-05 7.43843e-05 
0.000728588 9.4261e-05 1.97366e-05 
7.99803e-05 0.000171562 1.90571e-05 
5.90713e-05 0.000372693 1.99488e-05 
0.000278569 0.000203123 7.81211e-05 
0.000972933 0.000211188 2.00957e-05 
0.00027423 0.000243395 2.15249e-05 
0.00083475 0.000183129 9.26781e-05 
0.000887665 0.000348066 2.51028e-05 
0.000675511 0.000127922 1.7561e-05 
2.25658e-05 0.000254633 2.25661e-05 
0.000714633 0.000235518 2.65807e-05 
0.000111136 0.000240613 1.92054e-05 
0.000944014 0.000152458 1.7148e-05 
0.000889649 0.000445321 6.82529e-05 
0.000420015 0.000407275 2.19541e-05 
0.000108307 5.79997e-05 3.13138e-05 
0.000576031 0.000316804 6.19729e-05 
0.000865499 0.000207371 1.84597e-05 
0.000249262 0.000186899 4.94684e-05 
2.11356e-05 0.000367273 5.91875e-05 
0.000775203 0.00027684 6.71119e-05 
0.000240892 2.5059e-05 2.50548e-05 
0.000796784 6.84481e-05 1.76993e-05 
0.000250551 0.000270663 8.11769e-05 
0.000292123 0.000445685 6.98867e-05 
0.000703108 0.000175636 2.56842e-05 
0.000363789 0.000119707 1.80333e-05 
0.000959702 0.000425806 5.18981e-05 
0.000168855 0.000190325 2.17758e-05 
0.000130062 0.00032517 2.09969e-05 
0.000978649 0.000121076 6.2011e-05 
0.000210404 5.75052e-05 1.9778e-05 
0.000978443 0.000135337 2.1552e-05 
0.000796905 0.000288916 2.43341e-05 
0.000390696 0.000481843 8.65549e-05 
7.93338e-05 0.000125915 2.73444e-05 
0.00044236 0.000392199 7.70387e-05 
0.000132404 0.00032496 7.59537e-05 
0.000463006 2.271e-05 2.26027e-05 
0.000940761 0.000395637 7.92833e-05 
0.000934624 0.000353989 2.23084e-05 
0.000230208 0.000310974 2.62424e-05 
0.000352038 0.000236695 8.24178e-05 
0.000824119 0.000416631 7.57586e-05 
0.000973246 0.000473258 5.95339e-05 
0.000229407 0.000139873 4.75762e-05 
0.000398438 0.000193121 0.00011661 
0.000116814 0.000156361 2.08333e-05 
0.000280191 0.000342452 2.01105e-05 
0.000369961 1.97724e-05 7.23221e-05 
0.000643573 0.000438832 5.73575e-05 
2.02832e-05 0.000386123 2.02775e-05 
0.000525047 0.000482668 5.0211e-05 
0.000972973 0.000324342 6.05288e-05 
0.000597497 0.000444226 5.83741e-05 
0.000941144 0.000308132 2.40378e-05 
0.000368146 0.000163551 1.80005e-05 
0.000599738 6.93004e-05 6.53114e-05 
0.000884105 9.36403e-05 5.43508e-05 
0.000934724 2.11459e-05 2.11437e-05 
0.00044492 5.77145e-05 1.71707e-05 
0.000680705 0.000472173 7.22853e-05 
0.000699392 5.43087e-05 8.78732e-05 
0.000762165 0.000443265 1.77054e-05 
0.000334024 3.90328e-05 3.53012e-05 
0.000337226 0.000479185 5.37127e-05 
0.000672983 5.16666e-05 2.06401e-05 
0.00032352 0.000324639 2.72755e-05 
0.000482807 7.72527e-05 1.93222e-05 
0.000103755 0.000367885 7.92397e-05 
0.000219076 0.000383829 6.29605e-05 
0.000507548 0.000115333 2.66759e-05 
1.93243e-05 6.27998e-05 1.92707e-05 
0.000502034 1.71876e-05 1.71841e-05 
0.000833654 0.000376229 8.56362e-05 
0.000308659 8.42089e-05 1.85935e-05 
4.65767e-05 0.000185228 1.70885e-05 
0.000164836 0.000223483 5.2367e-05 
0.000569841 0.00031676 1.9054e-05 
0.00042622 0.000325741 9.47297e-05 
0.000462556 0.000213774 2.06967e-05 
0.000818876 0.000116496 6.17066e-05 
0.000837944 0.000236854 7.52899e-05 
0.000182455 0.000303716 2.2225e-05 
0.000612945 0.000329872 4.18482e-05 
0.000542455 1.98772e-05 7.01395e-05 
0.000643872 0.00042042 1.88801e-05 
0.00085018 1.8362e-05 7.20069e-05 
0.000317271 0.000443142 2.55354e-05 
0.000427369 0.000310824 1.87682e-05 
0.000982265 6.37551e-05 6.46685e-05 
0.000319086 0.00038075 2.90386e-05 
2.00783e-05 0.000214987 6.80944e-05 
0.000128302 0.000158529 8.90862e-05 
0.000164658 0.00033845 4.02585e-05 
0.000941013 0.000100433 5.86799e-05 
0.000409244 0.000451632 2.37272e-05 
0.000471465 0.000207812 5.71213e-05 
6.58423e-05 0.000482603 6.54775e-05 
0.000487757 0.00047251 6.93084e-05 
0.000860848 0.000375955 5.14917e-05 
0.000137569 0.000482499 5.18597e-05 
0.00014978 0.000234267 1.97601e-05 
0.000499161 0.000446974 1.81853e-05 
0.000762457 4.66225e-05 7.64177e-05 
0.000754971 0.000150678 5.25839e-05 
0.000262274 0.00015807 2.21469e-05 
0.000477043 0.000252267 2.03989e-05 
0.000573381 9.31431e-05 1.79196e-05 
0.000805676 1.87213e-05 7.38396e-05 
0.000605582 0.000223818 2.27452e-05 
0.000716713 0.000339897 2.08482e-05 
0.000883853 9.37579e-05 1.75247e-05 
0.000165259 3.06292e-05 3.06232e-05 
0.000613713 2.10591e-05 7.44815e-05 
0.000598825 0.000355629 6.66748e-05 
0.000716716 5.31502e-05 2.31931e-05 
0.000211012 0.000167574 8.12238e-05 
0.000553042 0.000464933 2.45704e-05 
0.00075256 0.000269487 2.40604e-05 
0.000730617 0.00047325 2.67477e-05 
0.000546505 0.000380177 2.3214e-05 
0.000612797 9.29564e-05 2.16752e-05 
0.000778761 0.000421491 8.29176e-05 
0.000536125 0.000298317 5.24934e-05 
0.00075317 0.00039817 7.95761e-05 
2.49951e-05 0.000343503 2.26361e-05 
0.000666836 0.000391388 1.81428e-05 
0.000558815 0.000466736 7.82687e-05 
0.000149975 0.00030281 4.63104e-05 
0.00038039 0.000154339 5.3011e-05 
0.000922266 0.000474241 7.21409e-05 
0.000721109 0.000385699 1.84418e-05 
5.77033e-05 8.0601e-05 2.30419e-05 
0.000650195 1.83936e-05 5.41081e-05 
0.000593372 0.000480865 1.91316e-05 
0.00056493 0.000196141 6.53497e-05 
0.000405326 0.000403135 5.80549e-05 
0.000170653 1.83615e-05 7.77339e-05 
0.000199543 0.000182926 4.44861e-05 
0.000405926 0.000362068 1.96265e-05 
0.000387981 0.000114053 5.11525e-05 
0.000499881 0.000348895 9.41519e-05 
0.000792281 8.05951e-05 5.45701e-05 
0.0008078 0.000252752 4.70287e-05 
0.000698323 0.000280416 7.43336e-05 
0.000831381 0.000151905 2.25263e-05 
0.00057056 0.000382358 5.77717e-05 
0.000982128 0.000174416 1.78729e-05 
0.000154164 0.000139539 2.01368e-05 
0.00048126 5.4239e-05 8.69635e-05 
0.000277596 2.36261e-05 5.57994e-05 
2.04128e-05 0.000211689 2.17139e-05 
0.000643176 0.000317357 6.48806e-05 
0.000274678 0.000200375 2.09011e-05 
0.000704195 0.000224902 8.73881e-05 
0.00057429 4.03713e-05 8.62847e-05 
0.000539761 0.000128883 6.27208e-05 
0.00027599 0.00024672 6.42778e-05 
0.000922036 0.000170165 4.46693e-05 
0.000883246 0.000273259 9.60315e-05 
0.000583841 5.30505e-05 2.39509e-05 
4.55675e-05 0.000233322 4.74804e-05 
0.000191207 0.000364447 8.39336e-05 
0.000835704 0.000191172 3.22852e-05 
5.65572e-05 6.72529e-05 6.2418e-05 
0.000234852 0.000417009 2.96326e-05 
0.000687344 9.74981e-05 7.69753e-05 
2.27431e-05 0.000329195 8.24232e-05 
0.00055431 0.000127956 2.19829e-05 
0.000756214 6.11895e-05 4.11195e-05 
0.000958441 0.000377699 5.00941e-05 
0.000476631 0.000479702 2.02966e-05 
0.000383269 1.88615e-05 1.88478e-05 
0.000977326 3.12906e-05 2.26746e-05 
0.000311558 2.52952e-05 8.98758e-05 
0.000453828 0.000349032 1.82642e-05 
0.000978459 0.000352798 2.15479e-05 
0.000359974 0.000141132 8.86755e-05 
0.000800945 0.000478625 9.25864e-05 
0.000464821 8.35886e-05 7.67037e-05 
0.000154052 0.000202095 8.31365e-05 
0.000918883 0.000259371 7.30117e-05 
0.000523545 0.000338496 2.43867e-05 
5.24477e-05 0.000107735 6.47886e-05 
0.000117158 0.000105165 1.7014e-05 
0.000163853 0.000477671 2.23282e-05 
0.000905851 0.00037175 7.86764e-05 
0.000489455 6.87672e-05 5.48418e-05 
0.000742951 0.000297248 9.89069e-05 
0.000949097 0.000356801 8.39894e-05 
0.00032446 0.000468312 9.45907e-05 
8.87137e-05 9.41303e-05 5.71997e-05 
0.000745833 0.000116474 7.44699e-05 
0.00036482 0.00020696 2.63265e-05 
0.000525706 0.00043615 4.07449e-05 
0.000217357 0.000479449 2.05469e-05 
9.33297e-05 0.000348066 2.23085e-05 
0.000114819 0.000289129 7.07689e-05 
0.000315404 0.000221577 2.5216e-05 
0.000241807 0.000229465 7.07049e-05 
0.000887981 0.000203764 4.78427e-05 
0.000127272 2.2282e-05 6.6481e-05 
0.000933409 0.000291358 6.22716e-05 
1.80787e-05 8.38687e-05 5.00725e-05 
0.000936911 0.000197301 1.83511e-05 
0.000894905 0.000238917 5.52255e-05 
0.000501925 0.000138885 6.44271e-05 
0.000879384 0.000470571 2.94247e-05 
0.000507386 0.000305693 8.27337e-05 
9.14278e-05 0.000462414 4.84331e-05 
0.000752536 0.000407204 1.96552e-05 
0.000300515 0.000482315 6.41017e-05 
0.000756097 0.000354003 2.09864e-05 
0.000695156 1.72502e-05 1.72491e-05 
0.000633554 5.77398e-05 1.92772e-05 
0.000195503 0.00035961 4.7275e-05 
0.000263829 0.000148687 6.81581e-05 
0.000341186 0.000162626 5.10018e-05 
0.000470124 0.000288093 8.79797e-05 
0.000561896 0.00027487 1.75454e-05 
0.000289111 1.7553e-05 1.75532e-05 
0.000430755 0.000236471 1.84385e-05 
0.000154344 0.000360469 7.18158e-05 
0.000857273 0.0002377 4.09957e-05 
0.000654289 1.79774e-05 1.79784e-05 
0.000241214 0.000306538 7.45318e-05 
0.000400998 0.000481789 5.16782e-05 
0.000728169 2.23869e-05 5.94625e-05 
0.000976398 0.000446028 2.07499e-05 
0.000835879 0.000266219 2.08979e-05 
0.000442278 6.01193e-05 5.53052e-05 
0.000194359 0.000151307 2.17768e-05 
0.000943704 8.01037e-05 8.80339e-05 
0.000350695 0.000290005 1.96512e-05 
0.000132755 0.000424967 1.75951e-05 
0.000107241 0.000284795 2.56076e-05 
0.000372283 0.000189758 6.74872e-05 
0.000784343 0.000236195 1.9826e-05 
0.000510066 5.12748e-05 1.7484e-05 
0.000767621 9.29869e-05 1.93041e-05 
0.000338466 0.000441018 6.4854e-05 
0.000921885 1.80076e-05 6.61172e-05 
0.000937688 0.000116844 1.90741e-05 
0.000469882 0.000358742 7.80549e-05 
0.000955318 0.000138033 8.8588e-05 
0.000698978 0.000416723 8.33825e-05 
1.84762e-05 0.000163467 1.84748e-05 
0.000504888 3.19433e-05 5.35227e-05 
0.000271677 0.000380462 1.88523e-05 
0.000128615 8.13067e-05 7.47088e-05 
0.000194957 0.000342067 1.73743e-05 
0.000794099 0.000427413 1.79405e-05 
0.00085283 0.000113297 3.67512e-05 
0.000309235 0.000353988 7.14223e-05 
0.000544512 0.000256489 4.14795e-05 
0.00077664 4.01698e-05 1.70259e-05 
0.000661958 0.000109848 4.61956e-05 
0.000659273 0.000162183 2.0464e-05 
5.44591e-05 0.000379687 8.68876e-05 
0.000161062 0.000480978 9.49823e-05 
0.000659087 0.000465553 1.70773e-05 
6.20747e-05 0.000474588 2.19685e-05 
0.000104096 0.000320676 4.83767e-05 
0.000884673 0.000172729 9.6255e-05 
0.000566743 0.000275055 6.24235e-05 
0.000581066 9.99909e-05 8.9526e-05 
2.20535e-05 0.000481279 1.87256e-05 
0.000785095 0.000322138 4.60702e-05 
8.78223e-05 2.62681e-05 6.23702e-05 
0.000468866 0.000225176 8.66837e-05 
0.000369155 0.000476531 2.34675e-05 
1.81019e-05 0.000406029 6.66438e-05 
0.00035536 0.000377722 6.01361e-05 
2.18988e-05 0.000299084 2.18927e-05 
0.000829467 2.38666e-05 0.000101964 
0.000245772 0.000268506 4.2396e-05 
0.000365815 0.000366089 2.06447e-05 
0.000930658 7.15737e-05 1.7917e-05 
0.000272867 9.67979e-05 1.78371e-05 
