0.000842083 0.000421145 3.10544e-05 
7.7345e-05 0.000295674 6.06618e-05 
0.00053482 0.000223625 8.95473e-05 
0.000319578 0.00025053 6.26152e-05 
0.000691947 0.000332864 6.76372e-05 
0.000367607 6.17223e-05 7.37545e-05 
0.000756072 0.000195632 3.09935e-05 
0.000886098 0.000288062 3.57908e-05 
0.000518347 4.23191e-05 9.59899e-05 
0.000776326 0.000235855 8.53424e-05 
0.000632939 0.000365859 2.42387e-05 
0.000182782 0.0003814 1.97441e-05 
0.000831934 0.000286075 7.51972e-05 
0.000200169 0.000212479 6.96663e-05 
0.000487979 0.000385038 3.6269e-05 
0.000809745 0.00015638 6.27454e-05 
0.000443921 0.000341606 5.66488e-05 
0.000230995 0.000362227 2.52283e-05 
0.00052888 0.000160127 4.19306e-05 
0.000888146 0.000236028 1.89349e-05 
0.000920401 0.000331192 6.18316e-05 
0.000417379 0.000303873 5.73534e-05 
0.000942373 5.25733e-05 5.32391e-05 
0.000838479 5.05449e-05 6.82331e-05 
0.000687168 9.09385e-05 2.14024e-05 
0.0002743 0.000299556 2.0614e-05 
8.43713e-05 0.000231262 8.49489e-05 
0.00056443 0.00023422 1.97561e-05 
0.000160422 9.08462e-05 2.98303e-05 
0.000958946 0.000448861 9.93729e-05 
0.000516511 0.000215213 3.31042e-05 
0.000966832 0.000218897 5.68657e-05 
0.000894186 0.000135217 2.5706e-05 
0.000773937 2.10015e-05 4.97889e-05 
6.64686e-05 0.000260577 2.19103e-05 
0.000747392 0.000349526 9.30405e-05 
0.000617151 0.000439876 9.22049e-05 
0.000311719 0.000169317 0.000100162 
0.000333636 0.000204521 6.58602e-05 
0.000327905 0.000181829 1.87157e-05 
0.00029572 0.000299818 7.63305e-05 
0.000476575 0.000305352 3.28583e-05 
0.000462155 2.31853e-05 6.83778e-05 
0.000337669 0.000102267 5.60105e-05 
0.000978196 0.000399726 2.1801e-05 
0.000598708 0.000481875 5.58594e-05 
0.00054098 0.000351108 7.74564e-05 
0.000724965 0.000170081 6.56305e-05 
0.000394199 0.000230929 6.3808e-05 
0.000390084 0.000279982 9.68635e-05 
0.000269034 0.000380024 8.33311e-05 
0.000575376 0.000156849 4.93242e-05 
0.000797146 5.15915e-05 8.80862e-05 
0.000842213 0.000461539 7.4446e-05 
9.10395e-05 6.28778e-05 8.04873e-05 
0.000193012 0.000110364 8.20495e-05 
0.000972466 8.6428e-05 2.75349e-05 
0.000513044 0.000419712 8.00877e-05 
0.0002135 0.000101199 2.45086e-05 
0.000367734 0.000418087 3.12564e-05 
0.000481616 0.000165263 2.60585e-05 
0.000283726 0.000412558 4.55086e-05 
0.000586097 0.000355331 2.37084e-05 
0.000802011 0.000190774 1.71766e-05 
0.000542447 7.61483e-05 5.80895e-05 
0.000240289 6.89058e-05 6.14701e-05 
0.000513914 0.000479033 1.73986e-05 
0.000396663 6.69453e-05 3.08113e-05 
0.000969309 0.000173089 6.21974e-05 
0.000891965 0.000182964 1.93954e-05 
0.000593208 0.000403884 7.58476e-05 
0.00062167 0.00013296 7.17885e-05 
0.000398584 0.000358882 6.66166e-05 
0.000692909 0.000383185 4.70801e-05 
0.000651231 6.68563e-05 6.2859e-05 
0.000153015 4.99347e-05 7.32763e-05 
0.000863383 0.000163515 5.85882e-05 
0.000445252 0.000114006 3.66384e-05 
0.000616998 0.000199389 8.11893e-05 
0.000709797 0.000127657 4.69944e-05 
0.000785927 0.000151355 2.30049e-05 
6.04e-05 0.000343328 5.80859e-05 
0.000172929 0.000390767 5.40993e-05 
0.000426111 0.000440645 6.89867e-05 
0.00058083 0.000236289 5.91166e-05 
0.000791501 0.000384568 5.02875e-05 
2.99136e-05 0.00043431 2.99132e-05 
0.000347597 0.000278593 6.68886e-05 
0.000178092 0.000428873 2.88141e-05 
0.000150852 0.000275813 2.03549e-05 
0.000277425 5.65518e-05 2.32755e-05 
0.000822036 0.00047415 2.58511e-05 
0.000673511 0.00014153 7.15808e-05 
0.000980946 0.000295151 1.74972e-05 
0.00013237 0.000255163 5.60283e-05 
0.000869279 0.000336118 8.4955e-05 
0.000209241 2.35559e-05 6.19888e-05 
0.000924592 0.000208687 8.29108e-05 
0.000354348 0.000325124 7.75238e-05 
0.000419048 0.000185772 3.2935e-05 
0.000561723 0.000419306 5.79614e-05 
0.000776573 0.000476904 2.00575e-05 
0.00072879 0.000365126 4.92625e-05 
0.000786687 0.000121104 8.81894e-05 
0.000421239 2.47206e-05 1.93648e-05 
0.000819778 2.92546e-05 2.92565e-05 
0.000294213 6.99661e-05 6.37791e-05 
0.000729871 0.00024869 7.20069e-05 
7.63627e-05 0.000215127 2.46828e-05 
0.000683047 0.000181709 6.29512e-05 
0.000614896 0.000175731 2.6494e-05 
0.000400781 0.000269975 2.69552e-05 
0.00097175 0.000264376 7.12951e-05 
0.000651629 0.000277293 7.82831e-05 
0.000935368 0.000243949 3.02676e-05 
0.000597315 0.000132275 2.07348e-05 
8.76345e-05 0.000416707 3.03966e-05 
0.000132801 0.000436377 6.88554e-05 
0.000490359 0.000273163 6.87513e-05 
8.3822e-05 0.000166254 6.91901e-05 
0.000688632 0.000482787 1.7209e-05 
0.000646179 0.000383661 8.10598e-05 
0.00012469 0.000200825 4.2827e-05 
0.000311637 0.000274494 2.45243e-05 
0.000513493 0.000267906 2.10388e-05 
0.00076628 0.000179207 8.39056e-05 
0.000237614 0.000448079 7.09004e-05 
0.000977349 2.44165e-05 6.78749e-05 
0.000676942 0.000354233 2.10516e-05 
0.00022937 0.000225149 2.76753e-05 
0.000909668 0.000404805 3.66547e-05 
0.000414174 2.49834e-05 6.31486e-05 
0.000688491 3.06474e-05 5.16231e-05 
0.000765853 0.000475775 6.35098e-05 
0.000535423 0.000392016 6.03669e-05 
0.000458231 0.000165662 8.54615e-05 
0.000659666 0.000214287 3.29386e-05 
0.000412826 9.92633e-05 9.52896e-05 
0.000266931 0.00046874 3.12445e-05 
0.000979278 0.000396127 8.14426e-05 
0.000163749 0.000161808 6.50126e-05 
0.000908954 9.71965e-05 3.93801e-05 
0.000647982 0.000321027 2.30551e-05 
0.000362885 0.000411663 8.52935e-05 
0.000316656 0.000402824 7.61131e-05 
0.000872359 0.000122784 7.46201e-05 
0.000187094 0.000239788 1.80801e-05 
0.000690382 0.000432207 3.0716e-05 
5.6015e-05 2.89693e-05 2.8969e-05 
0.000543683 2.52997e-05 2.52996e-05 
0.000719053 0.000298429 2.06411e-05 
0.000883413 4.40243e-05 3.64875e-05 
0.000214315 0.000268877 1.83518e-05 
0.000914639 0.000130815 7.28841e-05 
0.000298043 0.00017165 4.74294e-05 
0.000803449 0.000335633 8.60554e-05 
0.000527321 0.000267286 7.31465e-05 
0.000731688 0.000287924 5.70585e-05 
0.000200694 0.000321157 7.01174e-05 
0.000798425 0.000442579 5.48319e-05 
0.000823852 0.000224935 2.07627e-05 
0.000598682 0.000405897 2.86323e-05 
2.61572e-05 0.000119087 2.61556e-05 
0.000470158 0.000323316 8.05147e-05 
0.000449916 0.00047338 5.10592e-05 
4.89723e-05 0.000395272 5.09582e-05 
0.000381584 0.000321474 2.80206e-05 
0.000554132 0.000420564 1.91493e-05 
0.00026589 0.000115988 4.97581e-05 
0.000911012 7.5765e-05 7.28087e-05 
0.00061383 0.000253899 8.31186e-05 
0.000804656 0.000206981 6.10441e-05 
0.000435264 0.000375131 3.85941e-05 
0.000248757 0.000121953 1.70657e-05 
0.000744959 2.03332e-05 2.03281e-05 
0.000397567 0.000139311 1.98847e-05 
0.000352332 0.000252768 2.0946e-05 
0.000257462 0.000337066 5.53282e-05 
0.000718457 8.08639e-05 5.61415e-05 
0.000767003 0.000316988 1.85834e-05 
0.000867009 0.000412092 7.9946e-05 
0.000638105 0.00012669 2.04343e-05 
0.000617251 2.20132e-05 3.42645e-05 
0.000330231 0.000479707 1.70372e-05 
0.000580226 0.000112155 4.87925e-05 
0.000125011 0.000126284 5.56762e-05 
0.000194067 0.000471835 6.25324e-05 
0.00019263 6.42156e-05 5.18811e-05 
2.19498e-05 4.77327e-05 6.18343e-05 
6.41379e-05 0.000311588 2.25126e-05 
0.000679232 0.000245965 6.97224e-05 
2.25211e-05 0.000476825 5.97024e-05 
0.000757678 0.00043034 5.69637e-05 
0.000445425 0.00025781 6.14455e-05 
0.000622817 0.000454854 2.08302e-05 
0.000837334 7.2677e-05 2.44075e-05 
0.000299471 0.000129388 2.42619e-05 
0.000930151 0.00046133 2.46536e-05 
0.000631505 0.00047795 7.87247e-05 
0.000198128 0.000419893 7.94711e-05 
0.00096518 0.000482861 1.71392e-05 
0.000831856 0.000333687 3.29511e-05 
6.11186e-05 0.00043633 8.24727e-05 
0.000457693 0.000437934 2.56029e-05 
0.000777083 0.00011746 4.8025e-05 
0.000743133 0.000324894 4.83271e-05 
0.000611247 0.000298781 8.79877e-05 
0.000122522 0.0004613 2.16543e-05 
0.000762684 0.000239451 5.0671e-05 
0.00080962 0.000104937 2.29208e-05 
0.00072801 0.000404525 5.11094e-05 
0.000471012 0.000428644 6.92513e-05 
0.000556813 0.000154101 8.46349e-05 
0.000337653 0.000146296 1.79673e-05 
0.000610809 0.000279236 3.39187e-05 
0.000185877 0.000267388 5.7531e-05 
0.000496464 0.000104396 6.93385e-05 
0.000566419 0.000192176 2.24178e-05 
0.00043814 0.000482272 1.77269e-05 
0.000510662 0.00018299 7.55381e-05 
0.000749415 0.000127976 2.04237e-05 
0.000225458 0.000178751 1.9479e-05 
0.000102977 0.000424319 0.000110573 
0.000501316 0.000339115 6.07724e-05 
4.57915e-05 0.000191502 5.19164e-05 
0.000674695 0.000275533 3.01818e-05 
0.000579446 2.00214e-05 5.26305e-05 
0.000134038 0.00037764 3.02614e-05 
3.03158e-05 0.000277309 6.91198e-05 
0.000382466 0.000452874 6.2194e-05 
0.00053659 0.000298279 1.72968e-05 
0.000842636 8.88264e-05 7.62074e-05 
0.000728167 9.39026e-05 1.97361e-05 
7.89727e-05 0.000171832 1.90549e-05 
5.96596e-05 0.000375481 1.99492e-05 
0.000274614 0.000205048 8.08534e-05 
0.000971753 0.00021045 2.00958e-05 
0.000273973 0.000244993 2.15246e-05 
0.000832755 0.000181851 9.47251e-05 
0.00088757 0.000347997 2.51029e-05 
0.00067597 0.000128063 1.75623e-05 
2.25669e-05 0.00025345 2.25675e-05 
0.000715389 0.000236126 2.65808e-05 
0.000111003 0.000241991 1.92054e-05 
0.000944075 0.000152019 1.71484e-05 
0.000890277 0.000445561 6.75129e-05 
0.000419639 0.000407218 2.19556e-05 
0.000108036 5.93453e-05 3.13138e-05 
0.000574808 0.000315534 6.18172e-05 
0.000863495 0.000207913 1.84584e-05 
0.000249267 0.000187954 4.91241e-05 
2.11347e-05 0.000368131 5.7897e-05 
0.000776042 0.00027708 6.71373e-05 
0.000240811 2.50549e-05 2.50545e-05 
0.000793444 6.81245e-05 2.86598e-05 
0.000251978 0.000271133 8.21235e-05 
0.000287869 0.000444795 7.18968e-05 
0.000703268 0.000175731 2.56853e-05 
0.000364005 0.000121762 1.80329e-05 
0.000961307 0.000420244 5.40202e-05 
0.000167475 0.00018372 2.17764e-05 
0.000134865 0.000322709 2.09978e-05 
0.000978651 0.000120526 6.20088e-05 
0.000210099 5.72877e-05 1.97779e-05 
0.000978448 0.00013479 2.15515e-05 
0.000798239 0.00028811 2.43324e-05 
0.000394422 0.000481843 8.73556e-05 
7.91744e-05 0.000126179 2.73444e-05 
0.000442207 0.000392708 7.7482e-05 
0.000130595 0.000318668 7.99854e-05 
0.000463037 2.27629e-05 2.26028e-05 
0.000939304 0.000393462 8.02205e-05 
0.0009346 0.000353323 2.23099e-05 
0.000229162 0.000310798 2.62437e-05 
0.000352503 0.00023882 8.44964e-05 
0.000822964 0.000417396 7.60763e-05 
0.000973258 0.000470452 5.84464e-05 
0.000229701 0.000139504 4.79235e-05 
0.000399322 0.000194566 0.000116218 
0.000115995 0.000157092 2.08335e-05 
0.000280526 0.000340084 2.011e-05 
0.000370516 1.97723e-05 7.1506e-05 
0.000643309 0.000439231 5.72451e-05 
2.0278e-05 0.00038597 2.02777e-05 
0.000525154 0.000482671 5.00655e-05 
0.000972973 0.000324463 6.04665e-05 
0.000598044 0.000444215 5.79197e-05 
0.000941457 0.000307519 2.40373e-05 
0.000368937 0.000164054 1.80013e-05 
0.00059922 6.49577e-05 6.72512e-05 
0.000880824 9.16128e-05 6.08395e-05 
0.000934014 2.11458e-05 2.11456e-05 
0.000444866 5.77521e-05 1.71704e-05 
0.000680642 0.000472173 7.23705e-05 
0.00069973 5.47702e-05 8.88639e-05 
0.000761382 0.000442105 2.00619e-05 
0.000333351 3.824e-05 3.53004e-05 
0.00034565 0.000476614 6.01331e-05 
0.00067238 5.15898e-05 2.06398e-05 
0.000324985 0.000325304 2.72738e-05 
0.00048554 7.63341e-05 2.71822e-05 
0.000105464 0.000363872 8.02704e-05 
0.000222501 0.000383537 6.41763e-05 
0.000507725 0.000116627 2.66771e-05 
1.92866e-05 6.42102e-05 1.92707e-05 
0.000502057 1.7185e-05 1.71845e-05 
0.000834289 0.000376941 8.59004e-05 
0.000308742 8.39468e-05 1.85939e-05 
4.62589e-05 0.000187071 1.70879e-05 
0.000162928 0.000225634 5.32909e-05 
0.000567754 0.000316927 1.90537e-05 
0.000426776 0.000326267 9.56811e-05 
0.000464262 0.000211895 2.06985e-05 
0.000816733 0.000115013 6.2628e-05 
0.000840834 0.000236915 7.86097e-05 
0.00018113 0.000305695 2.2227e-05 
0.000613122 0.000329986 4.16871e-05 
0.000540585 1.98718e-05 7.00368e-05 
0.000642804 0.000420597 1.88818e-05 
0.000855619 1.83622e-05 7.61789e-05 
0.000315881 0.000440535 2.55328e-05 
0.000427122 0.00031002 1.87734e-05 
0.000977762 6.83233e-05 6.92184e-05 
0.000319967 0.000381364 2.9039e-05 
2.00807e-05 0.000212888 7.01757e-05 
0.000126959 0.000154208 9.24775e-05 
0.000165718 0.000339833 4.33438e-05 
0.000939575 9.67551e-05 5.83828e-05 
0.000410427 0.000451931 2.37268e-05 
0.000472997 0.000208014 5.74446e-05 
7.31312e-05 0.000482603 7.34426e-05 
0.000489421 0.000471571 7.14745e-05 
0.000860931 0.000376205 5.13303e-05 
0.000137153 0.000482501 5.11393e-05 
0.000149509 0.000235725 1.97599e-05 
0.000500116 0.000446153 1.82632e-05 
0.000763546 4.7132e-05 7.6478e-05 
0.000755763 0.000150434 5.20259e-05 
0.000261785 0.000158592 2.21476e-05 
0.000475339 0.000251724 2.03987e-05 
0.00057358 9.27935e-05 1.79199e-05 
0.000805479 1.87219e-05 7.38258e-05 
0.000605563 0.000223934 2.27465e-05 
0.000716291 0.000339827 2.08489e-05 
0.000881952 9.45579e-05 1.75269e-05 
0.000165628 3.06223e-05 3.06231e-05 
0.000612457 2.10568e-05 7.70554e-05 
0.000598651 0.000353431 6.8484e-05 
0.000716122 5.28079e-05 2.31943e-05 
0.000211439 0.00016638 8.22996e-05 
0.000552612 0.00046392 2.45716e-05 
0.000753369 0.000269978 2.40607e-05 
0.000730423 0.000473252 2.69503e-05 
0.000545723 0.000379241 2.32143e-05 
0.000612996 9.28841e-05 2.16769e-05 
0.000783744 0.000421178 8.59932e-05 
0.000534961 0.000298746 5.25225e-05 
0.000760171 0.000395859 8.96577e-05 
2.40772e-05 0.000342369 2.26355e-05 
0.000666011 0.00039176 1.81427e-05 
0.000559484 0.000466774 7.8002e-05 
0.000151451 0.000301253 4.93346e-05 
0.000380827 0.000154422 5.30392e-05 
0.000922891 0.000474254 7.28222e-05 
0.000720479 0.000385078 1.84421e-05 
5.8117e-05 8.06046e-05 2.30417e-05 
0.000652143 1.83939e-05 5.4312e-05 
0.000592528 0.000480867 1.91316e-05 
0.000565074 0.000196063 6.53576e-05 
0.00040516 0.000402949 5.8124e-05 
0.000170763 1.83566e-05 7.77621e-05 
0.000198693 0.000178765 4.44334e-05 
0.000406701 0.000361089 1.96281e-05 
0.000388985 0.000114004 5.05653e-05 
0.000499575 0.000347819 9.50824e-05 
0.000793129 8.31307e-05 6.47474e-05 
0.000808298 0.000251642 4.69243e-05 
0.000697111 0.000280996 7.50755e-05 
0.000831435 0.00015005 2.2526e-05 
0.000570894 0.000379721 5.70342e-05 
0.000981972 0.00017395 1.78739e-05 
0.000152891 0.000139294 2.0136e-05 
0.000480197 4.6371e-05 9.63133e-05 
0.000277382 2.4009e-05 5.59736e-05 
2.04128e-05 0.000211125 2.97198e-05 
0.000642174 0.000316852 6.46685e-05 
0.00027572 0.000200096 2.09008e-05 
0.00070179 0.000231918 9.47928e-05 
0.000571062 3.89086e-05 8.64899e-05 
0.000538022 0.000128516 6.87353e-05 
0.000277116 0.00024767 6.42461e-05 
0.000921994 0.00016931 4.48524e-05 
0.000883549 0.000274053 9.62436e-05 
0.000584823 5.29136e-05 2.39513e-05 
4.57886e-05 0.000232731 4.77768e-05 
0.000194402 0.000365505 8.60384e-05 
0.000835002 0.000189427 3.21669e-05 
5.63161e-05 6.91358e-05 6.29849e-05 
0.000235265 0.000416768 2.96342e-05 
0.000687519 9.74996e-05 7.64839e-05 
2.27436e-05 0.000332953 8.60745e-05 
0.000554853 0.000127792 2.1982e-05 
0.000755626 6.07308e-05 4.11429e-05 
0.000957943 0.000375873 5.14355e-05 
0.000476318 0.000479571 2.02961e-05 
0.000383269 1.88614e-05 1.88478e-05 
0.000977326 2.75492e-05 2.26718e-05 
0.00031121 2.52933e-05 9.01994e-05 
0.000449932 0.000349711 1.82635e-05 
0.000978448 0.000353007 2.15483e-05 
0.000356768 0.000143477 8.71652e-05 
0.000799859 0.00047862 9.37957e-05 
0.000464854 8.72195e-05 7.98039e-05 
0.000152606 0.000204422 8.43371e-05 
0.000918622 0.000258324 7.35481e-05 
0.000523468 0.000337165 2.46807e-05 
5.24014e-05 0.000109869 6.57159e-05 
0.000116974 0.000105281 1.70138e-05 
0.000164223 0.00047767 2.23281e-05 
0.000906613 0.000378836 8.37065e-05 
0.000490233 6.85363e-05 6.32143e-05 
0.000742307 0.000294693 9.9057e-05 
0.000949256 0.000355559 8.58604e-05 
0.000321298 0.000464909 9.50621e-05 
8.80039e-05 9.4801e-05 5.77902e-05 
0.000747232 0.000119487 7.42506e-05 
0.00036424 0.000207338 2.6326e-05 
0.000522646 0.000443006 4.69892e-05 
0.000217396 0.000479429 2.05469e-05 
9.14989e-05 0.000347796 2.23074e-05 
0.000110032 0.000284215 7.71255e-05 
0.000315278 0.000223422 2.52168e-05 
0.000238707 0.000228311 7.78433e-05 
0.000883233 0.000204286 4.97393e-05 
0.000124787 2.22792e-05 6.62086e-05 
0.000933707 0.000289689 6.17894e-05 
1.80904e-05 8.7067e-05 5.55727e-05 
0.000935849 0.000196805 1.83513e-05 
0.000894441 0.000238693 5.51135e-05 
0.00050477 0.000139292 7.94935e-05 
0.000877078 0.000470574 2.9426e-05 
0.000509743 0.000306541 8.56981e-05 
9.25507e-05 0.000462343 4.96665e-05 
0.000752536 0.000405797 1.96553e-05 
0.000293665 0.000482315 6.99128e-05 
0.000755386 0.000354738 2.09859e-05 
0.000694106 1.72581e-05 1.72492e-05 
0.000632879 5.71673e-05 1.92758e-05 
0.00019569 0.000362621 4.89397e-05 
0.000259228 0.000142054 7.63553e-05 
0.000342265 0.000165173 5.04587e-05 
0.000464763 0.000289825 9.13794e-05 
0.000562232 0.000274689 1.75449e-05 
0.000288069 1.75543e-05 1.75517e-05 
0.000434129 0.000236767 1.84383e-05 
0.000155901 0.000365168 7.33387e-05 
0.000857458 0.000237012 4.29151e-05 
0.000653552 1.79784e-05 1.79783e-05 
0.000245129 0.000313415 8.49867e-05 
0.000400571 0.000481786 5.14778e-05 
0.000729279 2.24171e-05 6.00146e-05 
0.000970906 0.00044166 2.07511e-05 
0.000836708 0.000264564 2.08969e-05 
0.000441764 6.18871e-05 6.13084e-05 
0.000193959 0.0001475 2.17759e-05 
0.000940458 8.43554e-05 9.19626e-05 
0.000350297 0.000289076 3.26026e-05 
0.000133344 0.000423788 1.75975e-05 
0.000106366 0.000286121 2.56092e-05 
0.000373194 0.000190091 6.71682e-05 
0.000783535 0.000236912 1.98252e-05 
0.000510279 5.08649e-05 1.74863e-05 
0.000767185 9.2459e-05 1.93034e-05 
0.000336364 0.000438267 6.52167e-05 
0.000921091 1.8011e-05 6.60165e-05 
0.000934619 0.000117104 1.90733e-05 
0.000469715 0.000359332 7.98527e-05 
0.000955065 0.000137768 8.81789e-05 
0.000698511 0.000415998 8.3186e-05 
2.04138e-05 0.000162682 1.84739e-05 
0.000504098 3.23938e-05 5.33908e-05 
0.000272274 0.000376974 2.98809e-05 
0.000129245 8.18625e-05 7.46947e-05 
0.000193856 0.000342887 1.73745e-05 
0.000792866 0.00042553 1.79401e-05 
0.000852415 0.000112635 4.02134e-05 
0.000313293 0.000354213 7.17932e-05 
0.000544095 0.000256602 4.11395e-05 
0.000776471 4.01529e-05 1.70274e-05 
0.000662595 0.000110535 4.66365e-05 
0.000659458 0.000162195 2.04652e-05 
5.7559e-05 0.000380457 8.7835e-05 
0.000170046 0.000480999 0.000101961 
0.000658976 0.000465582 1.7077e-05 
6.37082e-05 0.000472874 2.19684e-05 
0.000107789 0.000322557 4.76638e-05 
0.000879303 0.000170429 9.96458e-05 
0.000564748 0.000274051 6.45305e-05 
0.000586408 9.7778e-05 9.24625e-05 
2.40249e-05 0.000481275 1.8724e-05 
0.000785896 0.000319197 4.87468e-05 
8.53063e-05 2.76714e-05 6.5129e-05 
0.000467194 0.000223923 8.73613e-05 
0.000370082 0.000476433 2.34675e-05 
1.80996e-05 0.00040618 6.69846e-05 
0.000356466 0.00037849 5.98847e-05 
2.18944e-05 0.0002979 2.1892e-05 
0.000829564 2.13481e-05 0.000102046 
0.00024554 0.000269107 4.35731e-05 
0.000366871 0.000367289 2.06423e-05 
0.000927192 7.60255e-05 1.7919e-05 
0.000273245 9.70893e-05 1.78373e-05 
