0.000843816 0.000421689 3.10545e-05 
7.86941e-05 0.000293605 6.09215e-05 
0.000533616 0.00022227 8.97244e-05 
0.000318693 0.000248915 6.21084e-05 
0.000692368 0.000332122 6.75491e-05 
0.000367806 6.28985e-05 7.38194e-05 
0.000755551 0.00019521 3.09901e-05 
0.000885912 0.000287982 3.57906e-05 
0.00051612 3.88162e-05 9.45402e-05 
0.000775285 0.000235768 8.58792e-05 
0.000633743 0.000365994 2.42392e-05 
0.000184845 0.0003817 1.97433e-05 
0.000830891 0.000286668 7.62346e-05 
0.000202392 0.000214736 7.21779e-05 
0.000489185 0.000387403 3.6269e-05 
0.000809205 0.000157944 6.27135e-05 
0.000442758 0.000341141 5.52189e-05 
0.000232325 0.000362649 2.52291e-05 
0.000524894 0.000160855 3.56452e-05 
0.0008903 0.000235977 1.89335e-05 
0.000918723 0.000332451 6.15001e-05 
0.000417916 0.00030045 5.61234e-05 
0.000943167 5.2463e-05 5.36064e-05 
0.000838697 5.49103e-05 6.56016e-05 
0.000687977 9.1247e-05 2.14021e-05 
0.000276014 0.000302266 2.06132e-05 
8.3693e-05 0.000231279 8.51935e-05 
0.000564211 0.000233727 1.97558e-05 
0.000159809 9.08197e-05 2.983e-05 
0.00095143 0.000441463 8.92347e-05 
0.000514693 0.000217025 3.31052e-05 
0.000969587 0.000220356 5.67888e-05 
0.000897093 0.000134236 2.57052e-05 
0.000774802 2.10063e-05 4.96209e-05 
6.67415e-05 0.000260232 2.19098e-05 
0.000745525 0.000352907 9.47435e-05 
0.000616959 0.000436874 9.17311e-05 
0.000312671 0.000160703 9.79644e-05 
0.00033069 0.000200633 6.65576e-05 
0.000330428 0.000179509 1.87167e-05 
0.000295039 0.000298471 7.67354e-05 
0.000476538 0.000305005 3.28612e-05 
0.000462631 2.31831e-05 6.83867e-05 
0.000336646 0.000102787 5.6688e-05 
0.0009782 0.000404294 2.18013e-05 
0.000597922 0.000481877 5.61269e-05 
0.000540769 0.000352067 7.51451e-05 
0.000724895 0.000173655 6.57477e-05 
0.000395359 0.000228755 6.48255e-05 
0.000385318 0.00027975 9.33507e-05 
0.000266337 0.000383341 7.98815e-05 
0.000574751 0.000156654 4.95684e-05 
0.000796884 5.33399e-05 8.22627e-05 
0.000844522 0.000462706 7.38548e-05 
9.16075e-05 6.06918e-05 8.04291e-05 
0.000192942 0.000110482 8.1654e-05 
0.000972464 8.67307e-05 2.75344e-05 
0.000513125 0.000424345 7.64056e-05 
0.000212832 0.000101457 2.45082e-05 
0.000367176 0.000416215 3.12559e-05 
0.00047627 0.000168182 2.6058e-05 
0.000284171 0.000413949 4.1794e-05 
0.000586812 0.000355885 2.37086e-05 
0.000802105 0.000190764 1.71766e-05 
0.000542054 7.48874e-05 6.00747e-05 
0.000240167 6.89448e-05 6.08912e-05 
0.000514467 0.000479868 1.73972e-05 
0.000396879 6.74311e-05 3.08112e-05 
0.000970245 0.000172417 6.2384e-05 
0.000890128 0.000178347 1.93952e-05 
0.000594662 0.000405776 7.59218e-05 
0.000620742 0.000132039 7.18748e-05 
0.000398054 0.000359193 6.65781e-05 
0.000693607 0.000382932 4.63915e-05 
0.000652152 6.52246e-05 6.3446e-05 
0.000155925 5.26599e-05 7.27763e-05 
0.00086587 0.00016398 5.68644e-05 
0.000445108 0.000114812 3.66387e-05 
0.000617374 0.000198292 8.15546e-05 
0.000708848 0.000127284 4.72647e-05 
0.000785754 0.000151169 2.30046e-05 
6.06333e-05 0.000342716 5.58128e-05 
0.000175449 0.000390525 5.4366e-05 
0.000424358 0.000439825 6.90119e-05 
0.000580679 0.00023632 5.90576e-05 
0.000792258 0.000385359 4.80342e-05 
2.99162e-05 0.000434791 2.99137e-05 
0.000346861 0.000277345 5.08366e-05 
0.000177283 0.000428802 2.88237e-05 
0.000152009 0.000273742 2.03563e-05 
0.000277825 5.64029e-05 2.32752e-05 
0.000822394 0.000474151 2.5849e-05 
0.000668279 0.000147295 5.54883e-05 
0.000980947 0.000295151 1.74972e-05 
0.000132594 0.000253026 5.60706e-05 
0.000868083 0.000335764 8.59224e-05 
0.000209179 2.35582e-05 6.16981e-05 
0.000926897 0.000210154 8.21733e-05 
0.000352032 0.000327268 7.53787e-05 
0.000419894 0.000184139 3.29404e-05 
0.000563777 0.000422191 5.78491e-05 
0.000777078 0.000478739 2.00576e-05 
0.000729787 0.000365133 4.88265e-05 
0.000791194 0.000124151 8.63938e-05 
0.000421106 2.47072e-05 1.93651e-05 
0.000820136 2.92821e-05 2.92553e-05 
0.000294052 6.92965e-05 6.4174e-05 
0.000730406 0.000250013 7.08645e-05 
7.60915e-05 0.00021466 2.46829e-05 
0.000681249 0.000179975 6.24092e-05 
0.000614293 0.0001756 2.64976e-05 
0.000397758 0.000267406 2.69505e-05 
0.000971745 0.00026674 7.21445e-05 
0.000652306 0.000276638 7.88002e-05 
0.0009374 0.000244577 3.0268e-05 
0.000596524 0.000132222 2.07348e-05 
8.71795e-05 0.000415825 3.03987e-05 
0.00013201 0.000436171 6.8909e-05 
0.000493417 0.000262681 5.38131e-05 
8.15797e-05 0.000166455 6.88228e-05 
0.00068887 0.000482742 1.72096e-05 
0.000647507 0.000383289 8.12192e-05 
0.000123961 0.000200332 4.39842e-05 
0.000310706 0.000273655 2.45271e-05 
0.000515593 0.000269796 2.10392e-05 
0.000767084 0.000179401 8.38217e-05 
0.000237512 0.00044851 7.09346e-05 
0.000977359 2.26403e-05 6.6571e-05 
0.000677243 0.000353594 2.10518e-05 
0.000229351 0.000223966 2.7675e-05 
0.000909262 0.000405258 3.66552e-05 
0.000413399 2.49835e-05 6.30368e-05 
0.000686138 2.84194e-05 5.14199e-05 
0.000766637 0.00047564 6.29795e-05 
0.000536856 0.000395682 5.94999e-05 
0.000458564 0.000165404 8.64332e-05 
0.000659289 0.000213981 3.29393e-05 
0.000412387 8.70394e-05 9.01658e-05 
0.000267081 0.000468746 3.12462e-05 
0.000979279 0.000403228 7.6189e-05 
0.000165168 0.000161165 6.02789e-05 
0.000914325 9.64735e-05 3.70014e-05 
0.000647768 0.000320844 2.30546e-05 
0.000360814 0.000411055 8.52692e-05 
0.000315302 0.000407421 7.27119e-05 
0.000872045 0.000121348 6.86755e-05 
0.000187203 0.000238979 1.80811e-05 
0.000690879 0.000432169 3.07165e-05 
5.55438e-05 2.8972e-05 2.89691e-05 
0.00054283 2.53637e-05 2.53009e-05 
0.000718624 0.000298173 2.06405e-05 
0.000884166 4.25001e-05 3.64699e-05 
0.000213202 0.000269038 1.83532e-05 
0.000913386 0.000133654 7.46687e-05 
0.000298873 0.000172186 4.64759e-05 
0.000799953 0.000335491 8.39101e-05 
0.000525818 0.000265702 7.28979e-05 
0.000732935 0.00028958 5.69337e-05 
0.000198717 0.000320317 6.8189e-05 
0.000799879 0.000442746 5.58614e-05 
0.000823878 0.000227121 2.07602e-05 
0.00059985 0.000406336 2.86316e-05 
2.61552e-05 0.000120142 2.61577e-05 
0.000467915 0.000322849 8.02141e-05 
0.00044601 0.000474303 5.17776e-05 
4.76696e-05 0.000394063 4.88997e-05 
0.000382218 0.000320131 2.80212e-05 
0.00055557 0.000421626 1.91485e-05 
0.000265258 0.000115925 4.95731e-05 
0.000911771 7.87437e-05 6.86955e-05 
0.000614642 0.000252855 8.24858e-05 
0.000804081 0.000208479 6.03291e-05 
0.000437089 0.000374376 3.58713e-05 
0.00024843 0.000121637 1.70663e-05 
0.00074564 2.03358e-05 2.03296e-05 
0.000396623 0.000138551 1.98847e-05 
0.000350556 0.000251554 2.09447e-05 
0.000258736 0.000337409 5.53182e-05 
0.0007179 8.15455e-05 5.58768e-05 
0.000761219 0.000314118 1.85835e-05 
0.000866676 0.000411301 8.06774e-05 
0.000637383 0.000127145 2.04335e-05 
0.000616923 2.20125e-05 2.96078e-05 
0.000329488 0.000482965 1.70345e-05 
0.000579087 0.000111441 4.80939e-05 
0.000124878 0.000126371 5.61684e-05 
0.000193812 0.000471918 6.23343e-05 
0.000192429 6.43787e-05 5.15097e-05 
2.19492e-05 4.59401e-05 6.32639e-05 
6.5304e-05 0.000308718 2.25115e-05 
0.000680558 0.000245221 6.9147e-05 
2.26053e-05 0.000477355 5.97606e-05 
0.00075976 0.000429052 5.17284e-05 
0.000445954 0.000256587 6.06008e-05 
0.000623261 0.000454081 2.08291e-05 
0.000837334 7.26769e-05 1.7535e-05 
0.000298963 0.000129391 2.42608e-05 
0.000933312 0.000460373 2.46533e-05 
0.00063155 0.00047795 7.77524e-05 
0.000196141 0.000420444 8.00323e-05 
0.00096779 0.000482798 1.71392e-05 
0.000832044 0.000333325 3.29511e-05 
6.15598e-05 0.000438854 8.20925e-05 
0.000456576 0.000438889 2.56025e-05 
0.000774784 0.000118186 4.87921e-05 
0.00074288 0.000327406 5.02797e-05 
0.000612231 0.000298958 8.78874e-05 
0.000122073 0.000463425 2.16531e-05 
0.000763292 0.000238891 5.05647e-05 
0.00080743 0.000107677 2.29194e-05 
0.000728403 0.0004046 5.14476e-05 
0.000469751 0.000429874 6.93572e-05 
0.00054799 0.000156638 7.92834e-05 
0.000338209 0.000143653 1.79662e-05 
0.000610413 0.00027922 3.39195e-05 
0.000186017 0.000265479 5.82809e-05 
0.000496016 0.0001023 6.93881e-05 
0.000565248 0.000191651 2.24181e-05 
0.000435718 0.000482268 1.77268e-05 
0.000510681 0.000181104 7.268e-05 
0.000748225 0.000129469 2.0425e-05 
0.000225869 0.000177662 1.94792e-05 
0.000100346 0.000411693 0.000103174 
0.000500672 0.000340291 5.93861e-05 
4.74919e-05 0.000196171 5.04611e-05 
0.000674288 0.000275236 3.01832e-05 
0.000578684 2.0019e-05 5.25023e-05 
0.000135991 0.000379736 3.02606e-05 
3.05912e-05 0.000278249 6.93375e-05 
0.000378425 0.00045576 5.75521e-05 
0.000538242 0.000300496 1.72967e-05 
0.000848039 9.25844e-05 7.18006e-05 
0.000728973 9.42322e-05 1.97357e-05 
7.97971e-05 0.000171445 1.90543e-05 
5.77296e-05 0.000371078 1.9949e-05 
0.000278754 0.000202863 7.79948e-05 
0.000973696 0.000211175 2.00957e-05 
0.000274469 0.000242642 2.15246e-05 
0.000835039 0.000184003 9.19196e-05 
0.000887691 0.000347904 2.51031e-05 
0.000675263 0.000127877 1.75607e-05 
2.25666e-05 0.000254925 2.25662e-05 
0.000714485 0.00023532 2.65794e-05 
0.00011135 0.000240216 1.9207e-05 
0.000944334 0.000152879 1.71477e-05 
0.000889448 0.000445119 6.84248e-05 
0.000419982 0.000406993 2.1957e-05 
0.000108776 5.71691e-05 3.13141e-05 
0.000576115 0.000316926 6.2092e-05 
0.000866021 0.000207539 1.8459e-05 
0.000249319 0.00018671 4.9463e-05 
2.11335e-05 0.000366843 5.96196e-05 
0.000774787 0.000276732 6.71052e-05 
0.000241082 2.50555e-05 2.50545e-05 
0.000797253 6.86389e-05 1.76985e-05 
0.00025052 0.000270623 8.03081e-05 
0.000294345 0.000444968 6.80078e-05 
0.000702754 0.000175293 2.56838e-05 
0.000364289 0.000118831 1.80328e-05 
0.000959273 0.000427803 5.06712e-05 
0.00016846 0.000190696 2.1775e-05 
0.000129753 0.000325095 2.09967e-05 
0.000978653 0.000120859 6.20021e-05 
0.000210574 5.74816e-05 1.9778e-05 
0.000978446 0.000135141 2.15514e-05 
0.000796037 0.000289612 2.43334e-05 
0.000388099 0.000481843 8.52168e-05 
7.93417e-05 0.000125796 2.73438e-05 
0.000442597 0.000392558 7.69466e-05 
0.000132249 0.000326996 7.36117e-05 
0.000462902 2.26746e-05 2.26037e-05 
0.000941859 0.000396883 7.87574e-05 
0.000934628 0.000353998 2.23086e-05 
0.000230358 0.000311224 2.62431e-05 
0.000351905 0.000234973 8.21725e-05 
0.000824169 0.000416187 7.56634e-05 
0.00097304 0.000473254 5.97496e-05 
0.000229302 0.000139936 4.74439e-05 
0.00039793 0.000191215 0.000116596 
0.000116898 0.000156904 2.08357e-05 
0.000281282 0.000343203 2.01136e-05 
0.000369942 1.97747e-05 7.23813e-05 
0.000643807 0.000438791 5.73542e-05 
2.03016e-05 0.000386383 2.02777e-05 
0.000525352 0.000482671 5.02546e-05 
0.000972975 0.000324064 6.06138e-05 
0.000597175 0.000444228 5.83521e-05 
0.000941098 0.000308139 2.40376e-05 
0.000368193 0.000163526 1.80017e-05 
0.00060065 7.38957e-05 6.27149e-05 
0.000883399 9.3703e-05 5.20088e-05 
0.000935447 2.11504e-05 2.11448e-05 
0.000444943 5.77442e-05 1.71701e-05 
0.000680784 0.000472174 7.22478e-05 
0.000699951 5.33324e-05 8.72496e-05 
0.000762914 0.000443801 1.7705e-05 
0.000333988 3.88939e-05 3.5301e-05 
0.000337113 0.000479402 5.3728e-05 
0.000673404 5.1817e-05 2.06416e-05 
0.000323858 0.000323678 2.7273e-05 
0.000482044 7.65028e-05 1.93224e-05 
0.000102561 0.000369098 7.79713e-05 
0.000218883 0.000383905 6.27832e-05 
0.000507632 0.000114015 2.66774e-05 
1.9457e-05 6.06013e-05 1.92707e-05 
0.000501935 1.71868e-05 1.71847e-05 
0.000833368 0.000375913 8.51495e-05 
0.000308714 8.42862e-05 1.85935e-05 
4.64753e-05 0.000185304 1.7088e-05 
0.000165561 0.000221997 5.17025e-05 
0.000570837 0.00031649 1.9054e-05 
0.000425705 0.000324542 9.37688e-05 
0.000462314 0.000214722 2.06967e-05 
0.000820791 0.000117696 6.06366e-05 
0.000838096 0.000237173 7.41739e-05 
0.00018272 0.000303235 2.22258e-05 
0.000613071 0.000329918 4.1935e-05 
0.0005429 1.98802e-05 7.01375e-05 
0.00064418 0.000420382 1.88801e-05 
0.000846095 1.83755e-05 6.76998e-05 
0.000317411 0.00044304 2.5534e-05 
0.00042738 0.00031212 1.87691e-05 
0.00098265 6.21737e-05 6.3694e-05 
0.000319196 0.000379769 2.90383e-05 
2.00784e-05 0.000216064 6.79172e-05 
0.0001278 0.00015979 8.79854e-05 
0.000164932 0.000338599 3.89998e-05 
0.000942463 0.00010407 5.82019e-05 
0.000408864 0.000451265 2.37261e-05 
0.000471323 0.000207331 5.68323e-05 
6.25751e-05 0.000482603 6.06734e-05 
0.000487343 0.000473174 6.82432e-05 
0.000860888 0.000376015 5.12701e-05 
0.000137659 0.000482502 5.20868e-05 
0.000149772 0.000233695 1.976e-05 
0.000498772 0.000447933 1.81862e-05 
0.000762285 4.61396e-05 7.63689e-05 
0.000753657 0.000150576 5.31138e-05 
0.000262418 0.000157919 2.21472e-05 
0.000477406 0.000253229 2.03983e-05 
0.000573288 9.32468e-05 1.79197e-05 
0.000806138 1.87222e-05 7.39554e-05 
0.000605448 0.000223892 2.27465e-05 
0.000716742 0.00033962 2.08482e-05 
0.000885648 9.30471e-05 1.75228e-05 
0.000165354 3.0625e-05 3.06234e-05 
0.000614488 2.11304e-05 7.26029e-05 
0.000598902 0.000355767 6.67077e-05 
0.000717143 5.31103e-05 2.31933e-05 
0.000211087 0.000167309 8.14638e-05 
0.000553316 0.000464951 2.45709e-05 
0.000752281 0.000268941 2.40614e-05 
0.000730863 0.000473251 2.67487e-05 
0.000546794 0.00038038 2.3214e-05 
0.000612702 9.30318e-05 2.16756e-05 
0.000778414 0.000421213 8.26713e-05 
0.000536812 0.000297412 5.23972e-05 
0.000752968 0.000397817 7.90252e-05 
2.51331e-05 0.000343781 2.26338e-05 
0.000667147 0.000391354 1.8143e-05 
0.000558883 0.000467115 7.88022e-05 
0.000149951 0.000302549 4.59184e-05 
0.000380586 0.000154485 5.30002e-05 
0.000921929 0.000474256 7.17448e-05 
0.000721338 0.00038568 1.84417e-05 
5.71189e-05 8.07783e-05 2.30417e-05 
0.000649089 1.84226e-05 5.38611e-05 
0.000593652 0.000480867 1.91317e-05 
0.000564913 0.000196099 6.53236e-05 
0.000405372 0.000403136 5.81215e-05 
0.000170804 1.83584e-05 7.77319e-05 
0.000199446 0.000183439 4.41262e-05 
0.000406151 0.000362072 1.9626e-05 
0.000388073 0.000114021 5.11959e-05 
0.000499662 0.000349253 9.35799e-05 
0.000791709 8.07918e-05 5.44227e-05 
0.000807201 0.00025334 4.67216e-05 
0.000698525 0.000280258 7.41754e-05 
0.000831251 0.00015282 2.25249e-05 
0.000570737 0.000382614 5.78451e-05 
0.000982122 0.000174221 1.78723e-05 
0.000153973 0.000139487 2.01349e-05 
0.000482056 5.41842e-05 8.58529e-05 
0.000277748 2.37474e-05 5.58514e-05 
2.04124e-05 0.000212055 2.04106e-05 
0.000642974 0.000317726 6.48854e-05 
0.000274733 0.000200218 2.09009e-05 
0.00070507 0.000221269 8.18246e-05 
0.00057694 4.1332e-05 8.59108e-05 
0.000539252 0.000128439 5.9559e-05 
0.000276244 0.000246489 6.42342e-05 
0.000922257 0.000170393 4.47141e-05 
0.000882372 0.000271656 9.56093e-05 
0.000583544 5.31023e-05 2.39511e-05 
4.59672e-05 0.00023372 4.7207e-05 
0.000192243 0.000363862 8.47087e-05 
0.00083594 0.000192003 3.24405e-05 
5.72661e-05 6.57217e-05 6.18134e-05 
0.000234581 0.000417295 2.96327e-05 
0.000687202 9.71919e-05 7.72852e-05 
2.27613e-05 0.000329151 8.20977e-05 
0.000554039 0.000127961 2.19823e-05 
0.000756513 6.13635e-05 4.12836e-05 
0.000958664 0.000377913 4.97275e-05 
0.000476885 0.000479705 2.02959e-05 
0.000383269 1.88615e-05 1.88478e-05 
0.00097733 3.39372e-05 2.26707e-05 
0.000311671 2.52951e-05 8.9972e-05 
0.00045493 0.00034898 1.82638e-05 
0.000978451 0.000352414 2.15482e-05 
0.000361246 0.000140144 8.88263e-05 
0.000801355 0.000478624 9.23816e-05 
0.000465034 8.35037e-05 7.64843e-05 
0.000154846 0.000202054 8.34474e-05 
0.000918541 0.000259389 7.25171e-05 
0.00052355 0.000338854 2.4385e-05 
5.25985e-05 0.00010614 6.41524e-05 
0.000116907 0.000104589 1.70132e-05 
0.000163685 0.000477672 2.23277e-05 
0.000904672 0.00036943 7.65726e-05 
0.000489629 6.89641e-05 5.48692e-05 
0.000742873 0.000297716 9.88552e-05 
0.000949076 0.000356924 8.34971e-05 
0.00032465 0.000468242 9.46083e-05 
8.93133e-05 9.37238e-05 5.66993e-05 
0.000744742 0.000113868 7.45237e-05 
0.00036532 0.000206971 2.63276e-05 
0.000526191 0.000434732 3.83063e-05 
0.00021752 0.000479433 2.05469e-05 
9.38369e-05 0.000349251 2.23067e-05 
0.000116502 0.000290486 6.72954e-05 
0.00031571 0.000220947 2.52181e-05 
0.000242664 0.000228062 7.05776e-05 
0.000888255 0.000203416 4.8025e-05 
0.000128015 2.22797e-05 6.71575e-05 
0.000933368 0.000291408 6.22909e-05 
1.80841e-05 8.31463e-05 4.90032e-05 
0.000937244 0.000197426 1.83513e-05 
0.000894217 0.000238738 5.54431e-05 
0.000499408 0.000140147 6.2186e-05 
0.000880411 0.000470574 2.94246e-05 
0.00050733 0.000305535 8.17325e-05 
9.0464e-05 0.000462364 4.78038e-05 
0.000752304 0.000407843 1.96554e-05 
0.000300452 0.000482316 6.43527e-05 
0.000756263 0.000353339 2.09869e-05 
0.000696142 1.72513e-05 1.72491e-05 
0.000634017 5.81497e-05 1.92764e-05 
0.000195945 0.000359173 4.69619e-05 
0.00026589 0.000151685 6.19133e-05 
0.000341151 0.000161579 5.11842e-05 
0.000470091 0.000288045 8.74798e-05 
0.000561819 0.000274842 1.75468e-05 
0.000289006 1.75552e-05 1.75518e-05 
0.000429773 0.00023637 1.84393e-05 
0.000155487 0.000361725 7.18534e-05 
0.000857741 0.000239061 4.01003e-05 
0.000654986 1.79786e-05 1.79772e-05 
0.000241045 0.000303942 6.83432e-05 
0.000402249 0.000481791 5.17105e-05 
0.000727479 2.23917e-05 5.89449e-05 
0.000979253 0.000446858 2.07523e-05 
0.000835257 0.000267347 2.0896e-05 
0.00044212 6.02171e-05 5.52881e-05 
0.000194142 0.000151348 2.17809e-05 
0.000944564 8.0091e-05 8.47143e-05 
0.000350631 0.00028956 1.7241e-05 
0.000132353 0.000425762 1.75956e-05 
0.000107494 0.000284403 2.56078e-05 
0.000371313 0.000189555 6.76422e-05 
0.000784205 0.000235666 1.98252e-05 
0.00050982 5.14689e-05 1.7484e-05 
0.000767994 9.3026e-05 1.93042e-05 
0.000338895 0.000441215 6.47149e-05 
0.000922084 1.80085e-05 6.69904e-05 
0.000938246 0.000117225 1.90743e-05 
0.000469606 0.000358695 7.73416e-05 
0.000954805 0.000137544 8.8284e-05 
0.000699131 0.00041684 8.34346e-05 
1.84734e-05 0.000163428 1.84742e-05 
0.000504568 3.19439e-05 5.35391e-05 
0.000271904 0.000381 1.88523e-05 
0.000128552 8.15497e-05 7.43705e-05 
0.000196254 0.000341089 1.73752e-05 
0.000794841 0.00042794 1.794e-05 
0.000852831 0.000113073 3.28807e-05 
0.000309052 0.000353849 7.18728e-05 
0.000544906 0.000256405 4.17715e-05 
0.000776922 4.04885e-05 1.70289e-05 
0.000661545 0.000109353 4.58685e-05 
0.000658852 0.000162055 2.04635e-05 
5.30214e-05 0.000379203 8.64335e-05 
0.000156445 0.000481008 8.94914e-05 
0.000659199 0.000465561 1.70773e-05 
6.09991e-05 0.000475602 2.19687e-05 
0.000102845 0.000320573 4.7648e-05 
0.000887789 0.000174125 9.43265e-05 
0.000566883 0.000275169 6.2805e-05 
0.000580588 0.000100929 8.99848e-05 
2.07359e-05 0.00048123 1.87284e-05 
0.000784144 0.000324077 4.4019e-05 
8.8613e-05 2.43169e-05 6.1406e-05 
0.000470965 0.000224938 8.63674e-05 
0.000369009 0.000476535 2.34662e-05 
1.80928e-05 0.000406068 6.65317e-05 
0.000355174 0.00037732 6.05257e-05 
2.18936e-05 0.000299375 2.18947e-05 
0.000831182 2.54675e-05 0.000100627 
0.000245997 0.000268451 4.14976e-05 
0.000366022 0.000365423 2.06513e-05 
0.000930592 7.17286e-05 1.7917e-05 
0.000273013 9.68713e-05 1.78372e-05 
