0.000840108 0.000419365 3.10536e-05 
7.74214e-05 0.000298178 6.14445e-05 
0.000532027 0.000222826 9.09043e-05 
0.000319191 0.000245528 7.33029e-05 
0.000687897 0.000328359 6.47993e-05 
0.000369721 5.97775e-05 7.5639e-05 
0.000754619 0.000195352 3.09954e-05 
0.00088519 0.000288575 3.57931e-05 
0.000523496 4.59063e-05 9.73434e-05 
0.000781687 0.000234022 9.11719e-05 
0.000634157 0.000367333 2.42387e-05 
0.000180542 0.000382778 1.9744e-05 
0.000830365 0.000285857 7.33274e-05 
0.00019983 0.000214819 7.00905e-05 
0.000487969 0.000379336 3.62751e-05 
0.000810654 0.000154886 6.3282e-05 
0.000444093 0.000342014 5.72865e-05 
0.000233132 0.000361926 2.52293e-05 
0.000528729 0.00016074 4.41787e-05 
0.000884423 0.000236518 1.89334e-05 
0.000921182 0.000330041 6.22535e-05 
0.000415351 0.000307493 5.66041e-05 
0.000942756 5.17677e-05 5.41876e-05 
0.000844095 4.75428e-05 7.39648e-05 
0.000689649 9.07464e-05 2.14026e-05 
0.000273226 0.00030037 2.05984e-05 
8.56104e-05 0.000227455 8.54433e-05 
0.000565591 0.000236605 1.97555e-05 
0.000162756 9.08271e-05 2.98299e-05 
0.000967134 0.000460106 0.000104053 
0.000517874 0.000215742 3.31014e-05 
0.000963022 0.000216737 5.70154e-05 
0.000890343 0.000135063 2.5707e-05 
0.000772554 2.10029e-05 5.07916e-05 
6.62152e-05 0.000259919 2.19137e-05 
0.000748118 0.000346337 9.20508e-05 
0.000613444 0.000441071 0.000103248 
0.000310078 0.000172943 0.000100144 
0.000338887 0.000206022 6.85842e-05 
0.000326551 0.000185856 1.87149e-05 
0.000296655 0.000299584 7.75437e-05 
0.000478744 0.000308036 3.28584e-05 
0.000463162 2.31853e-05 6.83841e-05 
0.000340183 9.9382e-05 5.5311e-05 
0.000972912 0.000396809 2.18009e-05 
0.000596749 0.000473162 5.49024e-05 
0.000539053 0.000349144 8.54225e-05 
0.000715865 0.000164628 7.4236e-05 
0.000395496 0.000232532 6.28957e-05 
0.000394715 0.00028031 9.79961e-05 
0.000270282 0.000374037 8.86829e-05 
0.000574923 0.000157571 5.22153e-05 
0.000799372 5.09264e-05 0.000102053 
0.000840154 0.00045835 7.57227e-05 
9.12877e-05 6.31168e-05 8.97944e-05 
0.000186599 0.000106087 8.78725e-05 
0.000972454 8.52475e-05 2.75358e-05 
0.000517198 0.000417911 9.03841e-05 
0.000215817 0.00010131 2.45104e-05 
0.000369089 0.00042115 3.12558e-05 
0.000482226 0.000165192 2.6059e-05 
0.000283631 0.000411601 5.02042e-05 
0.000587691 0.000355482 2.37088e-05 
0.00080062 0.000190916 1.71766e-05 
0.00054401 7.7629e-05 5.56955e-05 
0.000240412 7.3976e-05 6.66513e-05 
0.000515786 0.000469283 1.73982e-05 
0.000395457 6.63742e-05 3.0811e-05 
0.000966892 0.000170867 6.28549e-05 
0.000891635 0.000186332 1.93959e-05 
0.000586352 0.000395954 8.15977e-05 
0.000623432 0.000133911 7.1647e-05 
0.000398754 0.000359866 6.6181e-05 
0.000690293 0.000385566 4.99508e-05 
0.000650156 6.8168e-05 6.23003e-05 
0.000149831 4.58772e-05 7.25878e-05 
0.000861684 0.000156988 6.48039e-05 
0.000445181 0.000111591 3.66384e-05 
0.000616479 0.000199918 8.06767e-05 
0.000711299 0.000126405 4.65857e-05 
0.000787281 0.000153102 2.30039e-05 
5.9745e-05 0.000341311 5.96126e-05 
0.000170482 0.000384463 5.68969e-05 
0.000430592 0.00043861 6.79043e-05 
0.000583967 0.000240197 5.91282e-05 
0.000789155 0.000384021 5.16327e-05 
2.99171e-05 0.000433952 2.99151e-05 
0.000343919 0.000280873 9.57106e-05 
0.000180297 0.000430483 2.88141e-05 
0.000149188 0.000275683 2.0356e-05 
0.000276499 5.72222e-05 2.32776e-05 
0.00081722 0.000474152 2.58497e-05 
0.000686657 0.000135573 8.86976e-05 
0.000980863 0.000295175 1.74972e-05 
0.000130585 0.000257329 5.72084e-05 
0.000869581 0.00033463 8.4349e-05 
0.00021136 2.73893e-05 6.39138e-05 
0.000920441 0.000206174 8.2797e-05 
0.000355587 0.000324109 7.98539e-05 
0.000419002 0.000186058 3.29373e-05 
0.00055975 0.000412558 5.77706e-05 
0.000771942 0.000469196 2.00574e-05 
0.000723783 0.000363348 5.17504e-05 
0.000783211 0.000116267 8.57773e-05 
0.000421996 2.53527e-05 1.93656e-05 
0.000821305 2.92571e-05 2.92595e-05 
0.000294202 7.0856e-05 6.33191e-05 
0.000726308 0.000248986 7.37739e-05 
7.98279e-05 0.000215441 2.46872e-05 
0.000686447 0.000185082 6.39532e-05 
0.000613244 0.000175119 2.64967e-05 
0.000398956 0.000272817 2.69561e-05 
0.000971748 0.000261361 7.21892e-05 
0.000647716 0.000276798 7.66241e-05 
0.000934404 0.000244855 3.02676e-05 
0.000598589 0.000130584 2.07373e-05 
8.85946e-05 0.000419816 3.03968e-05 
0.000134885 0.000436424 6.89785e-05 
0.000488299 0.000279838 7.32326e-05 
7.99558e-05 0.000160429 7.59903e-05 
0.000687375 0.000482757 1.72096e-05 
0.000641585 0.000388852 8.08543e-05 
0.000127625 0.000200554 4.37908e-05 
0.000310999 0.000275933 2.4525e-05 
0.000518327 0.000270312 3.67003e-05 
0.00076397 0.000179655 8.42891e-05 
0.000243957 0.000458165 7.771e-05 
0.000977176 2.94253e-05 7.75652e-05 
0.000678279 0.000357442 2.1052e-05 
0.000229245 0.000225413 2.76753e-05 
0.000911487 0.000404196 3.66548e-05 
0.000415275 2.60884e-05 6.3951e-05 
0.000689856 3.64124e-05 5.35488e-05 
0.000772183 0.000475771 7.55207e-05 
0.000531646 0.000388644 6.60543e-05 
0.000459916 0.000164542 8.35584e-05 
0.000660027 0.000214196 3.29409e-05 
0.000422356 0.000109245 0.000101296 
0.000268198 0.000468751 3.12448e-05 
0.000979278 0.000389085 8.51075e-05 
0.000162531 0.000158721 6.68023e-05 
0.000899534 9.72933e-05 4.41796e-05 
0.00065074 0.000323044 2.30558e-05 
0.000359833 0.000407871 8.95616e-05 
0.000315955 0.000399269 7.79418e-05 
0.000869361 0.000123684 9.36217e-05 
0.000188268 0.000243366 1.80808e-05 
0.000692758 0.000433537 3.07169e-05 
5.83226e-05 2.89732e-05 2.8971e-05 
0.000544328 2.53007e-05 2.52993e-05 
0.000718819 0.000297713 2.06411e-05 
0.000884791 4.46758e-05 3.64716e-05 
0.00021567 0.000268395 1.83521e-05 
0.000916192 0.000127977 6.98066e-05 
0.000299507 0.000168575 4.68241e-05 
0.000805211 0.000336271 8.7276e-05 
0.000523243 0.000268208 8.12166e-05 
0.000727607 0.000288081 5.84003e-05 
0.000200415 0.000323738 7.00866e-05 
0.000796582 0.00044078 5.50782e-05 
0.000823928 0.000221975 2.0761e-05 
0.000598761 0.000406402 2.86332e-05 
2.6155e-05 0.000116265 2.61585e-05 
0.000468661 0.00032173 8.13153e-05 
0.000455365 0.000470272 4.93742e-05 
5.0561e-05 0.000392396 6.43782e-05 
0.000378345 0.000323767 2.80195e-05 
0.000553478 0.000418438 1.91498e-05 
0.000271171 0.000113137 5.39378e-05 
0.000911094 6.68177e-05 8.01661e-05 
0.000606943 0.000252081 9.52759e-05 
0.000803615 0.000205203 6.09057e-05 
0.000434572 0.000375888 4.07921e-05 
0.000250227 0.000124621 2.54844e-05 
0.000744624 2.03291e-05 2.03297e-05 
0.000398316 0.000138384 1.98838e-05 
0.000352598 0.000254136 2.09458e-05 
0.000257059 0.00033506 5.59827e-05 
0.000723051 8.42075e-05 6.47557e-05 
0.000769193 0.000315529 1.85833e-05 
0.000867885 0.000413561 7.91166e-05 
0.000639515 0.00012584 2.04336e-05 
0.000616801 2.20183e-05 3.98217e-05 
0.00033278 0.00047524 2.16103e-05 
0.000579074 0.000117115 5.10988e-05 
0.000124404 0.000122889 5.62041e-05 
0.000197629 0.000471919 6.37402e-05 
0.00019454 6.45084e-05 5.28537e-05 
3.77766e-05 4.46453e-05 7.76982e-05 
6.35075e-05 0.000311353 2.25112e-05 
0.00067716 0.000246661 7.02498e-05 
2.39453e-05 0.000476835 5.94949e-05 
0.000754796 0.000423025 7.18069e-05 
0.000444209 0.000263823 6.28501e-05 
0.000621595 0.000456804 2.08337e-05 
0.000833125 7.15936e-05 4.88396e-05 
0.000301353 0.000126009 2.42634e-05 
0.000925544 0.000462653 2.46543e-05 
0.000629751 0.000477945 8.23739e-05 
0.000194683 0.00041311 7.92061e-05 
0.00096135 0.000482858 1.71394e-05 
0.000831258 0.000335062 3.29519e-05 
6.09519e-05 0.000437807 8.24717e-05 
0.000459178 0.000433049 2.56025e-05 
0.000781741 0.000116129 4.43385e-05 
0.000743355 0.000322613 4.68511e-05 
0.000606001 0.000297953 8.94524e-05 
0.000121284 0.000459464 2.1654e-05 
0.000760854 0.000233724 5.99667e-05 
0.000811867 9.42377e-05 2.29185e-05 
0.000727892 0.000402572 5.08618e-05 
0.00047704 0.000422566 7.21783e-05 
0.0005613 0.000150415 8.91211e-05 
0.000336929 0.000147873 1.79663e-05 
0.000610429 0.000283756 3.39201e-05 
0.000189294 0.000268783 5.89826e-05 
0.000504883 0.000111655 7.19252e-05 
0.000566805 0.000190714 2.24171e-05 
0.000441821 0.000482275 1.77267e-05 
0.000513747 0.000180208 8.13312e-05 
0.00075117 0.000127611 2.04242e-05 
0.000220165 0.000179844 1.94786e-05 
0.000103719 0.000432359 0.000111265 
0.000499668 0.000337491 6.78874e-05 
4.88233e-05 0.000189111 5.16872e-05 
0.000674016 0.0002757 3.01824e-05 
0.000578002 2.54969e-05 5.56275e-05 
0.000131861 0.000377262 3.02614e-05 
3.03596e-05 0.000280371 7.1028e-05 
0.000377655 0.000441598 7.47341e-05 
0.000536329 0.000298045 1.72964e-05 
0.000844903 8.61117e-05 8.18139e-05 
0.000730708 9.30435e-05 1.97399e-05 
7.41424e-05 0.000172442 1.90548e-05 
6.00675e-05 0.000379669 1.99492e-05 
0.000270593 0.000209053 8.74105e-05 
0.000969156 0.000209848 2.00975e-05 
0.000274257 0.0002443 2.15247e-05 
0.000830448 0.000181426 9.65496e-05 
0.000887434 0.000348481 2.51054e-05 
0.00067727 0.000129648 1.75632e-05 
2.25674e-05 0.000251385 2.25669e-05 
0.000716705 0.00023846 2.65808e-05 
0.000113111 0.000243534 1.92095e-05 
0.000945158 0.000152193 1.71481e-05 
0.000891457 0.000446227 6.53279e-05 
0.000419542 0.000407024 2.19556e-05 
0.000109878 6.01586e-05 3.13144e-05 
0.000571305 0.000316482 6.20322e-05 
0.000860436 0.000207753 1.84593e-05 
0.000253682 0.000191934 5.04999e-05 
2.11375e-05 0.000367025 5.72588e-05 
0.000776375 0.000272534 6.83701e-05 
0.00024047 2.5056e-05 2.50552e-05 
0.000789854 6.32098e-05 3.72144e-05 
0.000260025 0.000265566 9.40259e-05 
0.000286852 0.000444449 7.59594e-05 
0.000702297 0.000174231 2.56849e-05 
0.000363467 0.000123547 1.80328e-05 
0.00096729 0.000422346 6.49284e-05 
0.000166484 0.000176619 2.17747e-05 
0.000138166 0.000319553 2.09981e-05 
0.000976211 0.000117433 6.41462e-05 
0.000210128 5.76436e-05 1.9778e-05 
0.000978446 0.000133886 2.45752e-05 
0.000800924 0.000287205 2.43339e-05 
0.000395843 0.000480894 9.23104e-05 
7.84923e-05 0.000127169 2.83002e-05 
0.000443317 0.000390548 8.04871e-05 
0.000128282 0.000316078 7.94561e-05 
0.000463762 2.27825e-05 2.26036e-05 
0.000940785 0.000386267 9.7066e-05 
0.000934642 0.000351897 2.23075e-05 
0.00022779 0.000310659 2.62444e-05 
0.000357096 0.000241165 8.89485e-05 
0.000822723 0.000415254 7.67385e-05 
0.000973258 0.000467924 5.66461e-05 
0.000227016 0.000148111 4.85872e-05 
0.000401556 0.000194681 0.000114162 
0.000114319 0.00015851 2.08361e-05 
0.000278562 0.000340747 2.01123e-05 
0.000360859 1.97733e-05 7.85127e-05 
0.000645683 0.000443941 5.61101e-05 
2.02843e-05 0.000385644 2.02781e-05 
0.000520659 0.000482667 5.87903e-05 
0.000972975 0.000324191 5.96505e-05 
0.000603735 0.000437533 6.51344e-05 
0.000941198 0.000306043 2.40377e-05 
0.000372239 0.000165809 1.80014e-05 
0.00059873 6.21587e-05 6.92597e-05 
0.00088054 8.58448e-05 7.04201e-05 
0.000935099 2.11519e-05 2.11433e-05 
0.00044501 5.7481e-05 1.71704e-05 
0.000685025 0.000472174 7.40183e-05 
0.0006927 5.63607e-05 9.46553e-05 
0.000759334 0.000438654 3.83385e-05 
0.000330652 3.56999e-05 3.5301e-05 
0.000354295 0.000469215 6.2544e-05 
0.000672128 5.25259e-05 2.06408e-05 
0.00032311 0.000326221 2.72743e-05 
0.000490329 7.99841e-05 4.63477e-05 
0.000114207 0.000365454 8.55419e-05 
0.000226793 0.000382955 6.47326e-05 
0.000507364 0.000118198 2.6677e-05 
1.92964e-05 6.63494e-05 4.64487e-05 
0.000503038 1.94406e-05 1.71845e-05 
0.000834978 0.000378704 8.71554e-05 
0.000309417 8.26802e-05 1.85935e-05 
4.49647e-05 0.000193681 1.7088e-05 
0.000162566 0.000229334 5.49579e-05 
0.000566068 0.000318883 1.90539e-05 
0.000425976 0.000327185 9.60703e-05 
0.00046597 0.000208892 2.07153e-05 
0.000821282 0.000115857 7.43672e-05 
0.000848186 0.000240294 8.38937e-05 
0.00017979 0.000305232 2.22262e-05 
0.0006171 0.000333935 4.28641e-05 
0.00053883 1.98719e-05 6.9805e-05 
0.000642254 0.000422947 1.88809e-05 
0.00085241 1.83674e-05 9.56533e-05 
0.000314803 0.000436819 2.55339e-05 
0.000429068 0.000308557 1.8768e-05 
0.000972528 6.57532e-05 9.40747e-05 
0.000319054 0.00038236 2.90388e-05 
2.72273e-05 0.000205592 7.84038e-05 
0.000124653 0.000147341 9.54495e-05 
0.000167197 0.000342023 4.09152e-05 
0.000943093 9.23619e-05 6.92935e-05 
0.000413805 0.000452313 2.3726e-05 
0.00047441 0.000209172 5.7751e-05 
7.98184e-05 0.000482601 8.05849e-05 
0.00048681 0.000467475 8.07445e-05 
0.000861507 0.000376178 5.25683e-05 
0.000134044 0.0004825 5.06283e-05 
0.000151266 0.000235625 1.976e-05 
0.000495909 0.000451373 4.08577e-05 
0.000765284 4.1101e-05 8.31429e-05 
0.000757208 0.00015021 5.19884e-05 
0.000261112 0.000162144 2.21469e-05 
0.000482942 0.000256196 2.03999e-05 
0.000576153 9.67159e-05 1.79206e-05 
0.000805411 1.87329e-05 7.33024e-05 
0.000606109 0.000223693 2.27436e-05 
0.000715954 0.000339102 2.08504e-05 
0.000877256 9.46786e-05 1.75248e-05 
0.000168737 3.06228e-05 3.06234e-05 
0.000609035 2.10557e-05 8.21897e-05 
0.000599287 0.000350448 7.26502e-05 
0.000715897 5.28995e-05 2.31975e-05 
0.000208282 0.000169317 8.65002e-05 
0.000553774 0.000460021 3.26434e-05 
0.000755021 0.000271701 2.40614e-05 
0.000732042 0.000473252 4.4199e-05 
0.000545957 0.000376945 2.3214e-05 
0.000615217 9.14724e-05 2.16831e-05 
0.000785694 0.000426712 9.17715e-05 
0.000533063 0.000298665 5.91235e-05 
0.000769109 0.000390074 0.000100546 
2.34375e-05 0.000340342 2.26355e-05 
0.000666051 0.000394585 1.81448e-05 
0.000560192 0.000470622 8.51472e-05 
0.00015224 0.000298746 5.1116e-05 
0.000386988 0.00015067 5.63374e-05 
0.000924016 0.000474253 7.36775e-05 
0.000724734 0.000380849 1.84418e-05 
5.99261e-05 8.0624e-05 2.30442e-05 
0.000656839 1.83913e-05 6.15526e-05 
0.00058973 0.000480867 1.91316e-05 
0.000564914 0.00020125 6.42028e-05 
0.000405696 0.000404801 5.85584e-05 
0.000172864 1.83561e-05 7.78609e-05 
0.000195969 0.000179811 4.69307e-05 
0.000409285 0.000359015 1.96268e-05 
0.000391952 0.000110002 5.8158e-05 
0.000498401 0.000352046 0.000104859 
0.000796128 7.74808e-05 7.30484e-05 
0.000808227 0.000249581 4.61755e-05 
0.000696741 0.000279262 8.16251e-05 
0.000832635 0.000148987 2.25267e-05 
0.000568776 0.000371792 5.82945e-05 
0.000976847 0.000172725 1.78729e-05 
0.000149853 0.000138117 2.01365e-05 
0.000480629 3.58693e-05 0.000102719 
0.000272683 2.98287e-05 6.01861e-05 
2.04142e-05 0.00021171 3.8961e-05 
0.00063773 0.00031705 6.80073e-05 
0.000279925 0.000200842 2.09014e-05 
0.000697304 0.000240261 0.00010006 
0.000565599 4.07138e-05 9.01042e-05 
0.000536812 0.000125322 9.47102e-05 
0.000277683 0.000247887 6.41607e-05 
0.000920373 0.000168047 4.33976e-05 
0.000880763 0.000270776 9.53256e-05 
0.000588142 5.42622e-05 2.39508e-05 
4.35627e-05 0.000237767 5.38395e-05 
0.000205237 0.000364586 9.28355e-05 
0.000837885 0.000186338 3.78044e-05 
6.33553e-05 7.27763e-05 6.37485e-05 
0.000237034 0.000416471 2.96326e-05 
0.000686925 9.83946e-05 7.65326e-05 
2.46398e-05 0.000344436 9.47107e-05 
0.000555573 0.000130659 2.19806e-05 
0.00075233 6.21601e-05 4.62633e-05 
0.000956958 0.000372493 5.36068e-05 
0.000479667 0.00047966 2.0297e-05 
0.000382108 1.88481e-05 3.62055e-05 
0.000977331 2.32831e-05 3.2639e-05 
0.000309346 2.52943e-05 9.10677e-05 
0.000446431 0.000348928 1.82723e-05 
0.000978451 0.000353816 2.1548e-05 
0.000352587 0.000145949 8.19839e-05 
0.000806246 0.000478629 0.000105704 
0.00046701 8.68362e-05 8.72591e-05 
0.000154803 0.000206399 8.55209e-05 
0.000917355 0.00025624 7.43121e-05 
0.000529444 0.000334349 3.65849e-05 
5.47155e-05 0.000113684 7.34909e-05 
0.000115771 0.000105947 1.70139e-05 
0.000161646 0.00047766 2.23287e-05 
0.000908236 0.000381326 0.000107108 
0.000498177 7.06279e-05 8.1401e-05 
0.000742671 0.0002917 9.94154e-05 
0.000949602 0.000351296 8.95382e-05 
0.000321731 0.000465595 9.21061e-05 
8.85825e-05 9.80237e-05 6.06089e-05 
0.000744012 0.000127572 8.03425e-05 
0.000364626 0.000208687 2.6326e-05 
0.000525306 0.000447332 6.20826e-05 
0.000218663 0.00047944 2.05468e-05 
8.8549e-05 0.00034854 2.23074e-05 
0.000105228 0.000283333 8.3304e-05 
0.000316633 0.000226923 3.08775e-05 
0.000231795 0.000221295 9.72652e-05 
0.000873159 0.00020003 5.25134e-05 
0.000117622 2.2278e-05 6.84333e-05 
0.000933872 0.000286165 6.08382e-05 
1.80691e-05 9.87675e-05 6.59604e-05 
0.000932193 0.000197773 1.83509e-05 
0.000893055 0.000237962 5.46867e-05 
0.000502873 0.000137416 0.000101224 
0.000872264 0.000470579 2.94244e-05 
0.000509078 0.000308029 9.6079e-05 
9.45478e-05 0.00046405 5.24482e-05 
0.000752355 0.000407062 1.96559e-05 
0.000289021 0.000482315 7.33927e-05 
0.000755536 0.000352657 2.09857e-05 
0.0006929 2.01532e-05 1.72491e-05 
0.000632271 5.43214e-05 1.92771e-05 
0.000197105 0.000364572 4.76561e-05 
0.000252512 0.000140013 9.51307e-05 
0.000347854 0.000169944 4.67215e-05 
0.000463357 0.000295794 0.000105166 
0.000561134 0.000273664 1.94017e-05 
0.000284279 1.75536e-05 1.7553e-05 
0.000446535 0.000242796 1.84379e-05 
0.000167521 0.000374459 9.1674e-05 
0.000856274 0.000234521 4.5791e-05 
0.000654807 1.79935e-05 1.89702e-05 
0.000254325 0.000314633 0.000105816 
0.000395958 0.000467673 5.84308e-05 
0.000729388 2.23856e-05 6.0188e-05 
0.00096369 0.000438336 2.07503e-05 
0.00083781 0.000261251 2.08961e-05 
0.000443147 6.27068e-05 6.73588e-05 
0.000191652 0.000140705 2.17723e-05 
0.000936837 8.5496e-05 0.000107799 
0.000349917 0.000289347 3.54875e-05 
0.000135844 0.000423241 1.75958e-05 
0.000104985 0.000287143 2.5614e-05 
0.000377609 0.000187811 6.42874e-05 
0.000781548 0.000236987 1.98304e-05 
0.000500118 5.93472e-05 1.74863e-05 
0.000769464 8.83645e-05 1.93048e-05 
0.000334669 0.000434743 6.55433e-05 
0.000920608 1.80361e-05 6.76961e-05 
0.000931634 0.000118636 1.9076e-05 
0.000471372 0.000357608 8.2619e-05 
0.00096364 0.000134407 9.72066e-05 
0.000699323 0.000416038 8.29931e-05 
2.30683e-05 0.000160274 1.84739e-05 
0.000502602 3.81413e-05 5.17777e-05 
0.000273035 0.000374135 3.94339e-05 
0.000128834 7.94039e-05 7.72431e-05 
0.00019717 0.000340481 1.73755e-05 
0.000786094 0.00042687 1.79401e-05 
0.000850039 0.000111578 4.37545e-05 
0.000315249 0.000353416 7.09588e-05 
0.000545422 0.000251217 5.59321e-05 
0.000777482 3.77944e-05 1.70273e-05 
0.000665058 0.000110778 4.6286e-05 
0.000658023 0.000162312 2.04662e-05 
7.03604e-05 0.000387961 9.96398e-05 
0.000182152 0.000481004 0.000107253 
0.000658615 0.00046408 1.70794e-05 
6.70924e-05 0.000469276 2.19691e-05 
0.000109488 0.000324603 4.54142e-05 
0.000872766 0.000166982 0.000106807 
0.000566266 0.000275247 7.22374e-05 
0.000601287 9.32575e-05 9.93236e-05 
2.83359e-05 0.000481259 1.87239e-05 
0.000778508 0.000312487 5.49024e-05 
7.89061e-05 3.21997e-05 7.06123e-05 
0.000468888 0.000219089 9.022e-05 
0.000373297 0.00047652 2.34664e-05 
1.80997e-05 0.000408394 6.88029e-05 
0.000357324 0.000380258 5.77297e-05 
2.18977e-05 0.000295842 2.18924e-05 
0.000817881 1.99388e-05 0.000108386 
0.000247098 0.000270102 4.32644e-05 
0.000366591 0.000370407 2.06413e-05 
0.000918604 8.35863e-05 1.79171e-05 
0.000270945 9.75935e-05 1.78379e-05 
