0.000831792 0.000412286 3.13089e-05 
8.2531e-05 0.00029539 0.000115699 
0.000523201 0.000207867 0.000165415 
0.000315774 0.000239138 0.000171372 
0.000676375 0.000333769 9.14374e-05 
0.00036391 7.91507e-05 0.000149457 
0.000727771 0.000217475 8.30251e-05 
0.000855319 0.000299206 9.19667e-05 
0.000525093 5.67177e-05 0.000187107 
0.000782773 0.000237932 0.000182539 
0.000633946 0.000369719 8.02787e-05 
0.000174108 0.00039626 3.68827e-05 
0.000828682 0.000304126 0.000164226 
0.000209889 0.000219113 0.000123091 
0.000490942 0.00037903 3.85128e-05 
0.00080486 0.000162102 0.000143585 
0.000438496 0.000374364 0.000110794 
0.000237407 0.000364775 5.65636e-05 
0.000524075 0.00014108 0.000110528 
0.000888467 0.000241471 3.47123e-05 
0.000916946 0.000331097 0.00010109 
0.000419698 0.000307286 8.52944e-05 
0.000938776 6.16284e-05 0.000110837 
0.000871985 4.24315e-05 0.000124545 
0.000696043 8.80136e-05 6.30882e-05 
0.000261242 0.000304564 9.58468e-05 
8.74936e-05 0.000234974 0.000149808 
0.000555071 0.000235497 3.5054e-05 
0.000183322 9.52144e-05 7.17063e-05 
0.000971079 0.000462443 0.000183724 
0.000533364 0.000214958 7.92762e-05 
0.000964136 0.000205492 9.7353e-05 
0.00088068 0.000146742 2.56926e-05 
0.000763509 2.74411e-05 0.000118117 
6.21773e-05 0.000265703 7.85731e-05 
0.000720644 0.000342407 0.000160427 
0.000610149 0.000437586 0.000176129 
0.000306558 0.000172179 0.00016974 
0.000346905 0.000222631 0.000120855 
0.000322277 0.000180749 5.656e-05 
0.000308851 0.000308053 0.000124918 
0.000486237 0.000309458 3.28234e-05 
0.00045291 3.90023e-05 0.000123248 
0.000342889 0.000108183 9.74523e-05 
0.000963408 0.000400681 6.30563e-05 
0.000571005 0.000464764 0.000129575 
0.000548657 0.000347694 0.000154549 
0.000703023 0.000160468 0.000158527 
0.000399631 0.000219496 9.32001e-05 
0.000417343 0.000255564 0.000162152 
0.000254832 0.00037652 0.000167978 
0.000564727 0.000173344 0.000119031 
0.000799119 5.31054e-05 0.000187616 
0.000852116 0.00045968 0.000137735 
9.08567e-05 6.17776e-05 0.000160871 
0.000160809 8.75421e-05 0.000146374 
0.000961999 8.45838e-05 5.57902e-05 
0.000515856 0.000413615 0.000155001 
0.000217782 9.38493e-05 2.472e-05 
0.000358892 0.000427227 5.65027e-05 
0.000492937 0.000165026 5.53173e-05 
0.00029336 0.000400233 7.84152e-05 
0.000608133 0.00034835 2.55093e-05 
0.000791047 0.000181977 5.51927e-05 
0.00055037 8.55358e-05 7.95741e-05 
0.000229451 9.65413e-05 0.000125111 
0.000521006 0.000465603 5.74867e-05 
0.000397598 7.67923e-05 3.12879e-05 
0.000953425 0.000181271 0.000164149 
0.000890299 0.000191036 4.33654e-05 
0.000575155 0.000396868 0.000163188 
0.000626518 0.000141148 0.000149256 
0.000388846 0.000367579 0.000146369 
0.000676091 0.00038723 9.1275e-05 
0.000642536 7.42427e-05 0.000148157 
0.000157428 4.38885e-05 0.000105385 
0.000883086 0.000151959 8.65528e-05 
0.000454805 0.00011228 3.70779e-05 
0.000644009 0.000203386 0.000166794 
0.000705959 0.000157959 9.18382e-05 
0.000805772 0.000160144 8.72445e-05 
6.92619e-05 0.000342163 0.000142283 
0.000143433 0.000377546 0.000120961 
0.000439163 0.000427614 0.00014394 
0.000606421 0.000244418 0.000110584 
0.000795095 0.000365479 9.2781e-05 
3.92263e-05 0.000431267 2.98602e-05 
0.00035137 0.000289286 0.000179798 
0.000177177 0.000437259 6.27302e-05 
0.00014147 0.000277426 5.09755e-05 
0.000274543 6.37411e-05 5.67491e-05 
0.000824784 0.000451291 9.06566e-05 
0.00068666 0.000131593 0.000182994 
0.000979885 0.000297383 5.91191e-05 
0.000116216 0.000269395 9.11242e-05 
0.000885027 0.000331272 0.000174348 
0.000211498 4.46451e-05 0.000154474 
0.000896343 0.000211015 0.000172339 
0.000373221 0.000319968 0.000109497 
0.000424183 0.000196192 3.25741e-05 
0.000568031 0.00039391 0.000113985 
0.000761407 0.000463451 4.94119e-05 
0.000706502 0.000371717 0.000122361 
0.000784781 0.000113943 0.000175833 
0.000411162 4.34177e-05 0.000102542 
0.000828 3.03113e-05 5.25245e-05 
0.000288509 8.24372e-05 0.000157929 
0.000725362 0.000259382 0.00014089 
9.51978e-05 0.000214929 7.21111e-05 
0.000669359 0.000194891 0.000124228 
0.000600056 0.000182453 7.40088e-05 
0.00040189 0.000269027 4.74171e-05 
0.000967818 0.000246401 0.000158416 
0.000641804 0.000272259 0.000164997 
0.000933852 0.000246198 6.65086e-05 
0.000606093 0.000128776 3.21489e-05 
6.98914e-05 0.000414894 8.49177e-05 
0.000152255 0.000435425 0.000137231 
0.00049182 0.000298672 0.000126341 
6.55348e-05 0.000150249 0.000140903 
0.000674846 0.000463988 7.99837e-05 
0.000662748 0.000383447 0.000158133 
0.000139937 0.000210152 0.000101295 
0.000310654 0.000278264 3.3651e-05 
0.000526693 0.000287258 8.69523e-05 
0.000754439 0.000186412 0.000161711 
0.00024773 0.000466168 0.000164709 
0.000971377 3.5544e-05 0.00014273 
0.000675865 0.00036176 3.01575e-05 
0.000235987 0.000243814 8.16108e-05 
0.000891693 0.000398146 6.38603e-05 
0.000409703 3.94267e-05 0.000154441 
0.000702352 4.62209e-05 0.000112076 
0.000760659 0.00046851 0.000158811 
0.000510235 0.000393553 0.000118753 
0.000447573 0.000153746 9.81497e-05 
0.000653726 0.0002107 3.54768e-05 
0.000421406 0.000105833 0.000170844 
0.000263223 0.000447369 8.77926e-05 
0.000977204 0.000381488 0.000143858 
0.000166472 0.000172923 0.000139223 
0.000901565 9.77173e-05 0.00011406 
0.000662462 0.000306993 4.48444e-05 
0.000356766 0.000414566 0.000173867 
0.000318906 0.000393141 0.000135637 
0.000869105 0.000125264 0.000173184 
0.00018496 0.000230004 2.96142e-05 
0.000710373 0.000445348 3.10937e-05 
5.75624e-05 4.05057e-05 6.96475e-05 
0.000531438 3.00323e-05 6.08482e-05 
0.000731403 0.000289303 6.63924e-05 
0.000899014 4.67842e-05 3.74123e-05 
0.000227078 0.000261422 3.99317e-05 
0.000910769 0.000144956 0.000178256 
0.000308179 0.000160332 0.000116503 
0.000787153 0.000346246 0.000161528 
0.000518719 0.000266057 0.000158158 
0.000720154 0.000303209 0.000115837 
0.000199926 0.000320509 0.000130047 
0.000785186 0.000444309 0.000125305 
0.000829664 0.000228178 3.37804e-05 
0.00061263 0.00040342 3.46458e-05 
3.68984e-05 0.000112896 3.83083e-05 
0.000461081 0.000329604 0.000160303 
0.000466048 0.000465083 0.000133852 
3.08536e-05 0.000391728 0.000144027 
0.000368872 0.000332118 3.13552e-05 
0.000556225 0.000409031 5.96075e-05 
0.000283285 0.000114098 0.000114863 
0.000907186 6.29484e-05 0.000169609 
0.000598483 0.000238903 0.000182555 
0.000812343 0.000211665 0.000109152 
0.000422354 0.000385351 7.425e-05 
0.000248508 0.000126785 7.01141e-05 
0.000743503 3.80506e-05 6.06373e-05 
0.000399147 0.00013699 7.3187e-05 
0.000351325 0.000247059 7.56845e-05 
0.00024284 0.000348638 0.000125047 
0.000721167 8.17147e-05 0.000153475 
0.000755936 0.000318869 3.41462e-05 
0.000887808 0.00040809 0.000144371 
0.000639551 0.000137238 9.66961e-05 
0.000612055 4.12959e-05 7.0995e-05 
0.000349964 0.000470683 9.98272e-05 
0.000582274 0.000122057 0.000116613 
0.000118941 0.000125368 8.59795e-05 
0.000204083 0.000470535 0.000101489 
0.000200153 4.85397e-05 0.000111039 
4.73015e-05 6.24211e-05 0.000173705 
8.01469e-05 0.00031795 6.42383e-05 
0.00066087 0.000242917 0.000136579 
3.28201e-05 0.000461681 0.000121415 
0.00074788 0.000422023 0.000143636 
0.000447692 0.000265411 0.00010745 
0.000607239 0.000461049 6.60395e-05 
0.000826378 7.88352e-05 0.000111141 
0.000299149 0.0001227 6.49567e-05 
0.000916489 0.000456173 5.73272e-05 
0.000645282 0.000467032 0.000161133 
0.000203147 0.000409222 0.000162578 
0.000946141 0.000476784 3.62634e-05 
0.000820933 0.000342454 3.40058e-05 
4.80173e-05 0.000447981 0.00017114 
0.0004634 0.000447558 6.33886e-05 
0.000774266 0.000115011 0.000127062 
0.000746062 0.000326538 9.20697e-05 
0.000589784 0.000301511 0.000181863 
0.000104982 0.000454153 4.49011e-05 
0.000761054 0.000230214 0.000135465 
0.000808043 8.10667e-05 2.85769e-05 
0.000726235 0.000399191 7.68745e-05 
0.000472727 0.00040446 0.000121613 
0.00056132 0.000149907 0.000164656 
0.000331831 0.000146955 3.47914e-05 
0.000595478 0.000286119 3.44807e-05 
0.000198738 0.000255399 0.000169822 
0.000509952 0.000105349 0.00016393 
0.000559079 0.000193683 2.4796e-05 
0.000422691 0.000472706 5.71417e-05 
0.000482387 0.000175971 0.000151051 
0.000748847 0.000134482 5.38425e-05 
0.000212936 0.000173992 6.13784e-05 
0.000109578 0.000434269 0.000185553 
0.00048781 0.000318948 9.82497e-05 
4.88516e-05 0.000186259 0.000111777 
0.000677954 0.00026508 8.14504e-05 
0.00059002 3.51519e-05 0.000133224 
0.000127438 0.000379709 4.46554e-05 
3.16098e-05 0.000286177 0.000134725 
0.000369335 0.000425517 0.00012133 
0.000536384 0.00030121 3.61635e-05 
0.000847861 8.0915e-05 0.000183415 
0.00073034 9.54737e-05 2.92358e-05 
6.95358e-05 0.000155737 3.83627e-05 
7.79119e-05 0.000372049 3.68185e-05 
0.000268195 0.000214574 0.000181806 
0.000964415 0.000208698 5.24746e-05 
0.000267122 0.000233265 2.60147e-05 
0.000831076 0.000174398 0.000183661 
0.000877315 0.000323924 4.07405e-05 
0.000668871 0.000126434 7.39333e-05 
2.35627e-05 0.000251939 5.94122e-05 
0.00071858 0.00025314 2.84678e-05 
0.000112471 0.000246362 3.59916e-05 
0.000947792 0.000144567 3.91545e-05 
0.000877024 0.000461047 9.87976e-05 
0.000431643 0.000417317 3.74433e-05 
0.000119729 6.6589e-05 3.22801e-05 
0.000576843 0.00030866 0.000111794 
0.000868953 0.000216969 7.34992e-05 
0.000263219 0.000193613 0.000130071 
3.19617e-05 0.000339052 0.000108932 
0.000785149 0.000276893 0.000142235 
0.000241216 3.72586e-05 9.09827e-05 
0.000792788 6.66926e-05 0.000104233 
0.000271576 0.000273738 0.000169495 
0.000301998 0.000437967 0.000145228 
0.000707042 0.000169451 3.54436e-05 
0.000344598 0.000108737 4.27604e-05 
0.000971908 0.000421075 0.000171084 
0.000162792 0.000173943 6.22267e-05 
0.000154017 0.000328102 3.34935e-05 
0.000970394 0.000102642 0.000136113 
0.000222672 5.41078e-05 4.9634e-05 
0.000962254 0.000136013 0.000103153 
0.000804144 0.00026684 4.50975e-05 
0.000396503 0.000475149 0.000171324 
6.38247e-05 0.000128968 8.16561e-05 
0.000449736 0.000376854 0.000167493 
0.000140977 0.0003088 0.000174509 
0.000479468 2.39691e-05 7.23494e-05 
0.000941849 0.000381186 0.000177703 
0.000917354 0.000357154 2.99302e-05 
0.000223242 0.000305187 4.81422e-05 
0.000365435 0.000218687 0.000170212 
0.000826651 0.000405952 0.000152667 
0.000956495 0.00046382 0.000129458 
0.000220315 0.000159129 0.000104066 
0.000429668 0.000177228 0.000173701 
0.000117403 0.000165678 5.22669e-05 
0.000275958 0.000318028 4.09829e-05 
0.000346321 2.70624e-05 0.000151199 
0.00066376 0.000452837 0.000117969 
2.67756e-05 0.000390343 7.40133e-05 
0.000504066 0.000476808 0.00015054 
0.000971691 0.000315806 0.00011406 
0.000626201 0.00041347 0.000108018 
0.000935386 0.000301157 2.58113e-05 
0.000365194 0.000187462 6.64594e-05 
0.000569518 7.56636e-05 0.000152727 
0.000880109 8.25358e-05 0.000143552 
0.00095457 2.24542e-05 4.73704e-05 
0.000448673 5.87871e-05 5.06192e-05 
0.000709228 0.000462979 0.000145592 
0.000687823 5.70413e-05 0.000180741 
0.000772437 0.000417811 8.84928e-05 
0.000346233 4.11492e-05 5.38038e-05 
0.000339764 0.000456186 0.000143321 
0.000661961 5.32004e-05 6.27174e-05 
0.000325374 0.000323569 6.56659e-05 
0.000503015 8.34998e-05 0.000121542 
0.000121884 0.00037503 0.000170759 
0.000232852 0.000402472 0.000116265 
0.000517784 0.000102124 2.68691e-05 
2.03078e-05 8.28246e-05 0.000141814 
0.000499236 2.36341e-05 3.38808e-05 
0.000859416 0.000380037 0.000174504 
0.000313755 8.02497e-05 3.57826e-05 
4.22012e-05 0.000204194 3.44279e-05 
0.000164759 0.000243902 0.000138087 
0.00055881 0.000321178 5.9911e-05 
0.000418448 0.000312518 0.000161015 
0.000481952 0.000216159 4.42401e-05 
0.000830763 0.000112028 0.000149492 
0.00084558 0.000257284 0.000159068 
0.000171347 0.000298159 8.07613e-05 
0.000622788 0.000329631 7.08435e-05 
0.000542185 3.92889e-05 0.000124668 
0.000650055 0.000430213 7.48612e-05 
0.000852954 2.38479e-05 0.000165197 
0.000301613 0.000444491 4.11863e-05 
0.000427089 0.00030943 4.24801e-05 
0.000972633 6.49694e-05 0.000176828 
0.000310998 0.000368191 2.95229e-05 
2.97884e-05 0.000209136 0.000162195 
0.000123205 0.000128434 0.000154508 
0.00016962 0.000344235 0.000101396 
0.00093482 0.000109626 0.000158417 
0.000415125 0.000456838 9.46847e-05 
0.00048222 0.000198013 0.000110902 
8.17399e-05 0.000469915 0.000133822 
0.000475714 0.000462279 0.000179584 
0.000872228 0.000358649 0.000130439 
0.000127131 0.000479178 0.00010398 
0.000163895 0.000220912 5.97172e-05 
0.000501189 0.000453549 0.000101812 
0.000766362 3.7776e-05 0.000164212 
0.000766671 0.000150504 0.00010407 
0.000254068 0.000154728 3.19025e-05 
0.000493823 0.000255475 7.94449e-05 
0.000603146 0.0001041 7.48705e-05 
0.000814169 2.16793e-05 0.000147344 
0.000599589 0.000226423 5.18436e-05 
0.000713074 0.000332937 4.30946e-05 
0.000870991 0.000112625 6.80724e-05 
0.000171514 3.27792e-05 3.66818e-05 
0.000597571 3.25264e-05 0.000186229 
0.000600334 0.000351169 0.000143094 
0.0007093 5.34889e-05 2.66114e-05 
0.000217723 0.000162495 0.000163572 
0.000555971 0.000462726 8.05317e-05 
0.000767137 0.000276136 9.04808e-05 
0.000718399 0.000461007 8.64412e-05 
0.000553432 0.000368465 2.49899e-05 
0.000621158 9.96862e-05 0.000109865 
0.00078201 0.000426169 0.000173269 
0.000537599 0.000304479 0.000138103 
0.000769109 0.000390074 0.000183253 
2.51981e-05 0.000344527 3.37494e-05 
0.000674682 0.000406686 5.16394e-05 
0.000547261 0.00046799 0.000170595 
0.000155517 0.000301232 0.000136972 
0.000385951 0.000136849 0.000148201 
0.000907329 0.000473828 0.000147008 
0.000736271 0.000373005 2.96971e-05 
5.42382e-05 6.3699e-05 2.30968e-05 
0.000670917 2.37549e-05 0.000147883 
0.000575864 0.000465899 4.17255e-05 
0.000569223 0.000206085 0.000153586 
0.000404597 0.000420763 0.000119777 
0.000172169 1.86148e-05 0.00014025 
0.000186164 0.000190095 0.000103848 
0.000400269 0.000354125 7.19248e-05 
0.000396646 9.14926e-05 0.000113955 
0.000494986 0.00035334 0.000188566 
0.000791259 6.6301e-05 0.000143823 
0.000812741 0.000258498 0.000104437 
0.000696095 0.000294801 0.000176847 
0.000818848 0.000146774 4.44277e-05 
0.000562474 0.000363054 8.60321e-05 
0.000974317 0.000167238 3.16065e-05 
0.000146032 0.000128978 4.80018e-05 
0.000479306 3.4927e-05 0.000183253 
0.00027282 4.57522e-05 0.000128952 
2.15979e-05 0.000212057 9.65665e-05 
0.000628824 0.000325886 0.000126226 
0.0002837 0.000204671 8.4551e-05 
0.000688835 0.000242881 0.000165467 
0.000553546 3.16395e-05 0.000166948 
0.000537294 0.000130579 0.000186821 
0.000269474 0.000238136 0.000136567 
0.000909948 0.000173985 0.000128248 
0.000908976 0.000269229 0.000169832 
0.000571239 7.51538e-05 2.45555e-05 
4.04501e-05 0.000230651 0.000124408 
0.000199167 0.000356539 0.000185074 
0.000844004 0.000172911 0.000113638 
6.57597e-05 7.59666e-05 0.000112004 
0.00025181 0.000418039 3.07583e-05 
0.000703136 0.0001152 0.000133736 
3.27928e-05 0.000365472 0.000182227 
0.000548571 0.000150635 4.6095e-05 
0.000744721 7.04792e-05 0.00010393 
0.000951845 0.000373814 0.000110196 
0.000484469 0.000479015 3.7222e-05 
0.000378246 3.60264e-05 0.000123926 
0.000961362 2.27179e-05 9.35958e-05 
0.00031104 3.42689e-05 0.000179115 
0.000444987 0.000337634 6.1443e-05 
0.000969542 0.000351579 6.20331e-05 
0.000348948 0.000122929 0.000165625 
0.000810875 0.000471565 0.000176967 
0.000466242 8.41608e-05 0.000169621 
0.000151952 0.000221569 0.000170757 
0.000916792 0.00027175 0.000125734 
0.000524666 0.000340988 9.04241e-05 
3.37093e-05 0.000105457 0.000181242 
0.0001074 0.000113372 3.18698e-05 
0.000153334 0.000471847 3.25746e-05 
0.000908337 0.000381338 0.000188582 
0.000524542 7.05725e-05 0.000150861 
0.000749715 0.000290655 0.000176915 
0.000952974 0.00034156 0.000175298 
0.000304218 0.000471675 0.000179202 
8.60523e-05 9.99131e-05 0.000139922 
0.00073939 0.000132065 0.000161424 
0.000359209 0.000223534 2.67148e-05 
0.000529119 0.000453342 0.000129011 
0.000234131 0.000477457 4.67941e-05 
8.23005e-05 0.000356332 9.77743e-05 
9.76727e-05 0.000287474 0.000155882 
0.000312221 0.00025328 9.94375e-05 
0.000228876 0.000218634 0.000168024 
0.000862311 0.000202948 0.000134849 
0.000117756 2.26267e-05 0.000134702 
0.000932734 0.000294454 8.34687e-05 
1.81025e-05 9.98382e-05 0.000108429 
0.000923168 0.000190468 7.2676e-05 
0.000892007 0.000227903 0.000124964 
0.000496545 0.000141999 0.000186107 
0.000854463 0.000469137 2.94242e-05 
0.000501129 0.000309687 0.000165461 
0.000112179 0.000440667 0.000105276 
0.00076096 0.00040839 4.22517e-05 
0.000291277 0.000477953 0.00014057 
0.000752684 0.000352143 5.92455e-05 
0.000697372 3.97805e-05 7.32786e-05 
0.000611126 4.81847e-05 2.91326e-05 
0.000188977 0.000371562 7.66212e-05 
0.000252512 0.000140013 0.000183143 
0.000344047 0.000182584 0.000101857 
0.00046338 0.00029591 0.000186298 
0.000572699 0.000262139 8.10684e-05 
0.000278296 2.2233e-05 3.75546e-05 
0.000455325 0.000254892 4.06088e-05 
0.000169786 0.000376768 0.000159557 
0.000861248 0.000244174 9.9748e-05 
0.000662461 3.56719e-05 0.000106469 
0.000260794 0.000312322 0.000188385 
0.000397947 0.000458267 0.000138382 
0.000712493 2.41857e-05 0.000155749 
0.000955573 0.000441105 8.65048e-05 
0.000854924 0.000271577 2.84682e-05 
0.000451548 7.44917e-05 9.67427e-05 
0.000188451 0.000145748 3.87668e-05 
0.000936837 8.5496e-05 0.000188357 
0.000361947 0.000286356 8.04454e-05 
0.000134883 0.000427163 4.64906e-05 
7.90134e-05 0.000275698 2.61069e-05 
0.000387714 0.000185297 0.000137888 
0.000764606 0.000232519 3.91708e-05 
0.000494886 7.84508e-05 8.36299e-05 
0.000765001 8.47897e-05 6.52417e-05 
0.000314693 0.000441316 0.000102337 
0.000907705 2.45281e-05 0.000127946 
0.00092395 0.000132489 7.55751e-05 
0.000471581 0.000359064 0.000132928 
0.000965413 0.000131278 0.000179553 
0.000721024 0.000404328 0.000174122 
2.30683e-05 0.000160274 6.38092e-05 
0.000500655 2.37284e-05 0.000126938 
0.000277092 0.0003765 0.000120839 
0.000118143 6.35126e-05 0.000117741 
0.000189756 0.000338894 5.39706e-05 
0.000796717 0.000443311 5.79989e-05 
0.000840349 0.000124168 9.818e-05 
0.000311602 0.000347048 0.000183455 
0.000544748 0.000260017 0.000124657 
0.000776724 3.48347e-05 4.3854e-05 
0.000667702 0.000108415 0.000113912 
0.000638705 0.000157374 3.63769e-05 
7.24278e-05 0.000393479 0.000184387 
0.000196289 0.000477361 0.00015934 
0.000657446 0.000461319 3.96226e-05 
5.75093e-05 0.000473157 7.31166e-05 
0.000118702 0.000320477 0.0001073 
0.000871017 0.000164307 0.000177889 
0.00056699 0.000275601 0.000153867 
0.000604995 9.92406e-05 0.000182236 
3.73998e-05 0.00048102 3.74629e-05 
0.000755188 0.000314186 0.000142836 
6.92207e-05 4.514e-05 0.000133796 
0.000468925 0.000219022 0.00017088 
0.000388173 0.000470889 2.8374e-05 
1.83119e-05 0.000430408 9.97166e-05 
0.000361297 0.000385688 0.000104774 
2.24858e-05 0.000297389 5.95565e-05 
0.000816441 2.08583e-05 0.000188811 
0.000233651 0.00027521 0.000136815 
0.000366655 0.000381034 3.41046e-05 
0.000913273 0.000101803 5.67199e-05 
0.000275557 0.000108059 3.3311e-05 
