0.000836796 0.000416433 3.10777e-05 
8.27775e-05 0.000295936 6.83229e-05 
0.000527557 0.000213977 9.88218e-05 
0.000315774 0.000239138 0.000110935 
0.000685695 0.000330723 6.4744e-05 
0.000366051 7.2301e-05 9.89331e-05 
0.000750536 0.000196325 3.21903e-05 
0.000881757 0.00029035 5.10387e-05 
0.000525577 5.1172e-05 0.000138254 
0.000782773 0.000237932 0.00012897 
0.000638293 0.000372587 2.43956e-05 
0.000178327 0.000387095 1.97463e-05 
0.000826737 0.000302685 8.72747e-05 
0.000203585 0.000213596 8.16334e-05 
0.000489074 0.000378861 3.62693e-05 
0.000799326 0.000158633 9.28574e-05 
0.000442349 0.000357893 6.28434e-05 
0.000235384 0.000364343 2.52386e-05 
0.000525563 0.000149611 6.05e-05 
0.000887734 0.000239685 1.89336e-05 
0.000922409 0.000334256 6.28165e-05 
0.0004146 0.000312237 5.55676e-05 
0.000945377 5.8878e-05 6.00918e-05 
0.000867617 4.22437e-05 8.65225e-05 
0.000689507 9.48489e-05 2.14409e-05 
0.000263512 0.000304622 5.23505e-05 
8.72686e-05 0.000222948 8.45048e-05 
0.000561216 0.000239908 1.97604e-05 
0.000170826 9.11074e-05 2.98487e-05 
0.000971077 0.00046251 0.000120286 
0.000519177 0.000214619 3.94587e-05 
0.000963134 0.000209532 5.80161e-05 
0.0008821 0.000142128 2.57055e-05 
0.000763509 2.74411e-05 5.86602e-05 
6.0931e-05 0.0002556 4.44125e-05 
0.000731561 0.000341851 0.000106833 
0.000610149 0.000437586 0.000122811 
0.000311478 0.000181044 0.000102365 
0.000344201 0.000213418 7.44772e-05 
0.000322107 0.000184095 1.87215e-05 
0.00031022 0.000294091 8.11779e-05 
0.000480091 0.000310393 3.28588e-05 
0.000456787 2.32832e-05 6.97119e-05 
0.000334387 9.70665e-05 6.37329e-05 
0.000964903 0.000397661 2.18e-05 
0.000579076 0.00046334 7.56324e-05 
0.000538029 0.000351921 8.92658e-05 
0.000703023 0.000160468 0.000103961 
0.000386829 0.00023746 6.23964e-05 
0.000405879 0.000264365 0.000111685 
0.000259607 0.000371303 0.000105962 
0.000568167 0.000169137 6.29992e-05 
0.000799119 5.31054e-05 0.000143653 
0.000840247 0.000459377 8.08433e-05 
9.08094e-05 6.26919e-05 0.000112855 
0.000172424 9.16392e-05 9.44019e-05 
0.000970608 9.08341e-05 2.75594e-05 
0.000516327 0.000422881 0.000105199 
0.000224432 9.93775e-05 2.45104e-05 
0.000365506 0.000424732 3.12585e-05 
0.000492002 0.000163763 2.60646e-05 
0.000285579 0.000412169 5.35253e-05 
0.000595694 0.000350539 2.37105e-05 
0.0007953 0.000186799 1.71792e-05 
0.000548935 8.14088e-05 6.26985e-05 
0.000237137 8.47849e-05 7.70001e-05 
0.000521338 0.000462409 1.74127e-05 
0.00039065 7.32219e-05 3.08153e-05 
0.00096563 0.000170956 8.32843e-05 
0.000890976 0.000187907 1.9395e-05 
0.000575155 0.000396868 0.000114821 
0.000622952 0.000134665 9.83681e-05 
0.000395203 0.000369489 7.64673e-05 
0.000684837 0.000390881 5.07813e-05 
0.000650408 6.15666e-05 7.12263e-05 
0.000152518 4.42018e-05 7.29165e-05 
0.000868698 0.000156415 7.51732e-05 
0.000448913 0.000107652 3.6643e-05 
0.000629636 0.000200923 9.10694e-05 
0.000713911 0.000126699 5.16524e-05 
0.000793712 0.00015947 4.6594e-05 
6.49038e-05 0.000333337 8.87177e-05 
0.000152022 0.000378475 7.3234e-05 
0.000440156 0.000433437 8.50622e-05 
0.000596397 0.000238358 6.57494e-05 
0.000786759 0.000382485 5.58057e-05 
3.00151e-05 0.000433739 2.99138e-05 
0.00035137 0.000289286 0.000132636 
0.000184464 0.000434418 2.88159e-05 
0.00014299 0.000277804 2.03551e-05 
0.000275496 6.19268e-05 2.32928e-05 
0.000809051 0.0004675 3.63933e-05 
0.00068666 0.000131593 0.000135875 
0.000980862 0.000295175 1.74972e-05 
0.000126643 0.00026218 5.94641e-05 
0.000883219 0.000332756 0.000103248 
0.000216569 3.78876e-05 9.84114e-05 
0.000908292 0.000203845 0.000102403 
0.00036945 0.000318085 8.35416e-05 
0.000418673 0.000195895 3.29413e-05 
0.000566561 0.000397875 6.15357e-05 
0.000766454 0.000462297 2.00571e-05 
0.000714141 0.000373584 7.22348e-05 
0.000784781 0.000113943 0.000114003 
0.00041664 3.49429e-05 5.02356e-05 
0.000827467 2.95966e-05 2.9283e-05 
0.000289322 8.18584e-05 9.08291e-05 
0.000725531 0.000254702 7.49986e-05 
8.29548e-05 0.000213043 2.46804e-05 
0.000679789 0.000191773 7.89103e-05 
0.000611933 0.000175605 2.94648e-05 
0.000398421 0.000276645 2.69523e-05 
0.00097174 0.000251366 7.57643e-05 
0.000639039 0.000275522 9.49552e-05 
0.000935029 0.000248744 3.02697e-05 
0.000608092 0.000129118 2.07351e-05 
8.80518e-05 0.000417339 3.04153e-05 
0.000140191 0.000427617 7.01011e-05 
0.000489699 0.000292188 8.14163e-05 
7.16212e-05 0.000157955 8.80028e-05 
0.000676578 0.000475179 4.19869e-05 
0.000642627 0.000379553 8.85735e-05 
0.000129994 0.000194539 4.24125e-05 
0.000303718 0.000275101 2.45254e-05 
0.000526018 0.000277193 4.59063e-05 
0.0007555 0.000182965 8.68186e-05 
0.000247283 0.000466113 9.91852e-05 
0.000974192 4.16731e-05 9.32551e-05 
0.000682066 0.000361232 2.1051e-05 
0.000233653 0.000235677 4.43988e-05 
0.000903076 0.000403587 3.66615e-05 
0.000413588 3.61489e-05 9.48265e-05 
0.000703307 5.149e-05 6.5359e-05 
0.000762022 0.000473509 9.96301e-05 
0.000514732 0.000389314 8.2234e-05 
0.000459757 0.000165458 7.86073e-05 
0.000658838 0.000212555 3.29552e-05 
0.000430176 0.000109141 0.000102811 
0.000268751 0.000468756 5.02343e-05 
0.000979131 0.000381979 8.85589e-05 
0.000157998 0.000156446 7.19142e-05 
0.000901565 9.77173e-05 7.36482e-05 
0.000652299 0.000315979 2.30602e-05 
0.000352713 0.00040972 0.000112125 
0.000319716 0.000396382 7.81114e-05 
0.000869105 0.000125264 0.00013345 
0.000196247 0.000234393 1.80884e-05 
0.000701321 0.000435651 3.07208e-05 
6.4703e-05 2.90423e-05 2.89708e-05 
0.000542889 3.21004e-05 2.52995e-05 
0.000724798 0.000295257 2.09108e-05 
0.000891484 4.26563e-05 3.64675e-05 
0.000218241 0.000270452 1.8354e-05 
0.000915536 0.000144215 9.78514e-05 
0.000306112 0.000162003 5.15249e-05 
0.000789621 0.000344097 0.000103869 
0.000516645 0.00026658 0.000103923 
0.00072393 0.000295867 6.50467e-05 
0.000201612 0.000320439 7.33871e-05 
0.000789627 0.000443892 7.50096e-05 
0.000827167 0.000219439 2.0761e-05 
0.000600826 0.000410086 2.86337e-05 
2.62962e-05 0.000114119 2.61565e-05 
0.000461081 0.000329604 0.000114291 
0.000466925 0.000470939 7.58167e-05 
3.0657e-05 0.000392797 9.65628e-05 
0.000376173 0.000326952 2.80199e-05 
0.000554436 0.000416956 1.91505e-05 
0.000282531 0.000113797 6.25032e-05 
0.000907186 6.29484e-05 0.000120488 
0.000597319 0.000239959 0.000120968 
0.000799692 0.000211735 5.93729e-05 
0.000424728 0.000389118 4.78809e-05 
0.000253058 0.000126185 3.86463e-05 
0.000746387 3.00427e-05 2.03339e-05 
0.000399119 0.000136982 1.98677e-05 
0.000343318 0.000257078 3.78213e-05 
0.000245493 0.000341144 6.52257e-05 
0.000728984 8.19406e-05 9.82174e-05 
0.000760023 0.000314108 1.8584e-05 
0.000881221 0.000414467 9.27932e-05 
0.000639692 0.000133686 4.67314e-05 
0.000609192 2.42673e-05 4.74074e-05 
0.000350447 0.000471399 5.9107e-05 
0.000579244 0.000123642 7.31519e-05 
0.000127541 0.000115266 5.68651e-05 
0.000208085 0.000471902 6.45193e-05 
0.000198754 5.20234e-05 6.43024e-05 
4.84964e-05 5.83178e-05 0.000117565 
7.51339e-05 0.000326101 2.25118e-05 
0.000665686 0.000244162 8.39504e-05 
2.98308e-05 0.000477322 5.97615e-05 
0.000750492 0.000423713 9.05392e-05 
0.000443724 0.000266733 6.14836e-05 
0.000619 0.000460953 2.08369e-05 
0.000825667 7.69949e-05 7.0681e-05 
0.000303057 0.000122362 2.42582e-05 
0.000917034 0.000462099 2.46686e-05 
0.000643214 0.000470653 0.000102051 
0.000191553 0.000410323 9.23626e-05 
0.000953255 0.000481653 1.71391e-05 
0.000829492 0.000335794 3.29526e-05 
6.27276e-05 0.000434492 8.7651e-05 
0.00046686 0.000439299 2.56005e-05 
0.000774329 0.000114878 7.29748e-05 
0.000743335 0.000327622 5.10918e-05 
0.000592702 0.000304841 0.000108863 
0.000112281 0.000463395 2.16426e-05 
0.000761054 0.000230214 9.4216e-05 
0.000810715 8.16253e-05 2.29197e-05 
0.000732793 0.000400894 5.07302e-05 
0.00047868 0.000407469 8.47593e-05 
0.000561492 0.000150045 0.000125105 
0.000337616 0.000149848 1.79661e-05 
0.000605922 0.000284525 3.392e-05 
0.000194339 0.000266906 9.20732e-05 
0.000509443 0.00010671 0.000115142 
0.000565445 0.000189097 2.24172e-05 
0.000429167 0.000477998 1.77378e-05 
0.000499279 0.000179994 0.000115689 
0.000749364 0.000134588 2.04472e-05 
0.000213065 0.000178712 1.94845e-05 
0.000109578 0.000434269 0.000128463 
0.000489566 0.000329896 7.82569e-05 
4.52406e-05 0.000192023 6.50714e-05 
0.000674651 0.000272594 4.43376e-05 
0.000588348 3.49469e-05 8.23439e-05 
0.000131066 0.000374566 3.02677e-05 
3.19974e-05 0.000291314 7.28531e-05 
0.000368145 0.000429498 7.97682e-05 
0.000534799 0.000301154 1.72975e-05 
0.000847861 8.0915e-05 0.000127478 
0.000730696 9.60023e-05 1.97362e-05 
6.87516e-05 0.000167311 1.90541e-05 
6.81137e-05 0.000372226 1.995e-05 
0.00026741 0.00021064 0.000117284 
0.000965474 0.000207507 2.00957e-05 
0.000277176 0.000233724 2.15306e-05 
0.00083624 0.000176787 0.000115523 
0.000886378 0.000345256 2.51223e-05 
0.000674096 0.000129283 3.11616e-05 
2.25665e-05 0.000250184 2.25667e-05 
0.000721478 0.000245758 2.66219e-05 
0.000117313 0.000243996 1.92054e-05 
0.000947136 0.000146243 1.71546e-05 
0.000887014 0.000448057 6.41573e-05 
0.000424098 0.000418747 2.19553e-05 
0.000116284 6.33447e-05 3.13139e-05 
0.000568734 0.00031648 6.53196e-05 
0.000864587 0.000212688 3.05036e-05 
0.000261821 0.000193227 7.66689e-05 
2.86559e-05 0.000350227 6.50952e-05 
0.000780774 0.000271477 8.07242e-05 
0.000244441 2.50674e-05 2.81844e-05 
0.000792183 6.5914e-05 5.54699e-05 
0.000271576 0.000273738 0.000128922 
0.000295735 0.000435485 9.95808e-05 
0.000700313 0.000170828 2.5688e-05 
0.000347406 0.000113152 1.80397e-05 
0.00097191 0.000420964 0.000117339 
0.000171128 0.000173014 2.17743e-05 
0.000148166 0.000324165 2.09995e-05 
0.000970558 0.000101642 7.55275e-05 
0.000213752 5.66515e-05 1.97809e-05 
0.000966337 0.000134939 4.87989e-05 
0.00080897 0.000272362 2.43389e-05 
0.000396503 0.000475149 0.000126878 
7.67543e-05 0.000126182 3.96007e-05 
0.000441244 0.000384876 0.000101682 
0.000134122 0.000312368 0.000117549 
0.000463168 2.26052e-05 2.43756e-05 
0.000941849 0.000381186 0.000137638 
0.000934569 0.000355833 2.23177e-05 
0.0002257 0.000313797 2.62443e-05 
0.000360361 0.000221209 0.000115578 
0.000826651 0.000405952 0.000108986 
0.000968446 0.000470718 5.68282e-05 
0.000224908 0.00015228 5.0855e-05 
0.0004111 0.000196374 0.000122513 
0.000111813 0.000153538 2.08671e-05 
0.000274205 0.000327084 2.011e-05 
0.000349455 2.53949e-05 9.85321e-05 
0.000655536 0.000447894 6.42045e-05 
2.51041e-05 0.000383999 2.46134e-05 
0.000505767 0.000481448 0.000104406 
0.000972976 0.000322118 5.73807e-05 
0.000618054 0.000426933 7.04139e-05 
0.000937049 0.000307748 2.40379e-05 
0.000372297 0.00017177 2.73579e-05 
0.000582798 6.90589e-05 0.000108746 
0.000880109 8.25358e-05 0.00010439 
0.000946426 2.22855e-05 2.11423e-05 
0.000445259 5.73791e-05 1.71703e-05 
0.000698799 0.000457897 9.05106e-05 
0.000690429 5.87454e-05 0.000108736 
0.000762575 0.0004347 4.58637e-05 
0.000335936 3.53032e-05 3.53038e-05 
0.000344228 0.00045827 9.38256e-05 
0.000667482 5.40206e-05 2.06403e-05 
0.000320957 0.000323966 2.72782e-05 
0.000496146 8.37285e-05 7.62136e-05 
0.000110691 0.000377915 9.37798e-05 
0.000230949 0.00039596 7.25713e-05 
0.000511098 0.000114611 2.66871e-05 
1.92906e-05 7.77275e-05 9.58092e-05 
0.000502303 2.24887e-05 1.71844e-05 
0.000857726 0.000378811 0.000111162 
0.000312521 8.09064e-05 1.85973e-05 
4.29929e-05 0.000203511 1.70927e-05 
0.000154182 0.000241295 8.77483e-05 
0.000565545 0.000320507 1.90557e-05 
0.000420727 0.000317186 0.000100248 
0.000468926 0.000210253 2.0704e-05 
0.000830763 0.000112028 0.000104201 
0.000845603 0.000257219 0.00010857 
0.000180507 0.000296381 2.81381e-05 
0.000623398 0.000331068 4.71481e-05 
0.000540382 2.86458e-05 7.62461e-05 
0.000643712 0.000430507 2.70938e-05 
0.000852954 2.38479e-05 0.00011975 
0.000311121 0.000440129 2.55338e-05 
0.000430462 0.000308255 1.87679e-05 
0.000972633 6.49694e-05 0.000136261 
0.000316115 0.00038004 2.9047e-05 
2.95218e-05 0.000207999 0.000109387 
0.000123205 0.000128434 0.000102228 
0.000167839 0.000345782 5.0848e-05 
0.000936417 0.000107107 0.000111547 
0.000414614 0.000454559 4.86856e-05 
0.000486707 0.000211027 7.78756e-05 
8.78079e-05 0.000476395 9.13879e-05 
0.000473962 0.000455174 0.000116913 
0.000868584 0.000364907 6.37398e-05 
0.00012762 0.000479585 6.27612e-05 
0.000159365 0.00022603 1.97725e-05 
0.000496975 0.000453886 5.38501e-05 
0.000766362 3.7776e-05 0.000121653 
0.000756296 0.000147099 6.07286e-05 
0.000258881 0.000161288 2.21541e-05 
0.0004947 0.000259837 2.46571e-05 
0.000586722 9.78877e-05 2.89618e-05 
0.000814169 2.16793e-05 0.000100097 
0.000600288 0.000223443 2.27481e-05 
0.000716614 0.000335942 2.08443e-05 
0.000872976 9.99801e-05 2.91888e-05 
0.000171963 3.06403e-05 3.06221e-05 
0.000597969 3.15835e-05 0.000126939 
0.000594921 0.000347193 8.58689e-05 
0.000711691 5.61889e-05 2.31814e-05 
0.000216285 0.000164729 9.56742e-05 
0.000552187 0.000452727 4.41886e-05 
0.000761929 0.000274956 3.54082e-05 
0.000737335 0.00047325 5.50356e-05 
0.000550429 0.000374977 2.32177e-05 
0.000620434 9.63021e-05 4.97006e-05 
0.00078201 0.000426169 0.000132185 
0.000539858 0.000303228 9.33538e-05 
0.000769109 0.000390074 0.000142908 
2.34463e-05 0.00034096 2.26355e-05 
0.000666991 0.000403147 1.81458e-05 
0.000550754 0.000470615 0.000113065 
0.000158349 0.000299759 8.70233e-05 
0.000386521 0.000138781 9.17028e-05 
0.000919825 0.000474253 7.65107e-05 
0.000726686 0.000380384 1.84416e-05 
6.264e-05 8.07173e-05 2.30434e-05 
0.000669329 2.06687e-05 0.000100783 
0.000581176 0.00047374 1.91317e-05 
0.000574293 0.000205645 9.60914e-05 
0.000400997 0.000418442 7.68396e-05 
0.000172169 1.86148e-05 9.48273e-05 
0.000186429 0.000185588 5.52423e-05 
0.000412734 0.000356995 3.38437e-05 
0.000386463 0.000100188 7.46265e-05 
0.000494986 0.00035334 0.000145317 
0.000790637 6.61488e-05 9.45959e-05 
0.000818622 0.000254614 6.34954e-05 
0.000696095 0.000294801 0.000121328 
0.000829155 0.000144058 2.25257e-05 
0.000570188 0.000358957 5.68478e-05 
0.000974965 0.000167794 1.78722e-05 
0.000151327 0.000136108 2.01434e-05 
0.000479306 3.4927e-05 0.00014264 
0.000271758 4.38389e-05 6.55773e-05 
2.04213e-05 0.000213737 4.52422e-05 
0.000630018 0.000324788 8.26306e-05 
0.000278512 0.000195358 3.96869e-05 
0.000688835 0.000242881 0.000125887 
0.000553546 3.16395e-05 0.000114915 
0.000536929 0.000130286 0.000141435 
0.000265634 0.000239323 8.14542e-05 
0.000918821 0.000172286 5.88209e-05 
0.000897517 0.000268317 0.000113257 
0.000585863 5.6193e-05 2.39518e-05 
3.44766e-05 0.000231564 8.05586e-05 
0.000199167 0.000356539 0.000131525 
0.000830846 0.00018192 7.3715e-05 
6.57597e-05 7.59666e-05 6.56094e-05 
0.000240767 0.000418767 2.96329e-05 
0.000697088 0.000106076 9.13356e-05 
3.33985e-05 0.000358324 0.00011901 
0.000550642 0.000147184 2.19856e-05 
0.000744696 7.01729e-05 4.91234e-05 
0.000952351 0.000375818 5.6769e-05 
0.000487968 0.000479705 2.03068e-05 
0.000375613 3.61785e-05 7.21568e-05 
0.000977326 2.27102e-05 5.22275e-05 
0.000305456 3.51752e-05 9.88552e-05 
0.000444957 0.00034455 1.82679e-05 
0.00097844 0.000354454 2.15481e-05 
0.000348235 0.000127365 0.000108069 
0.000809229 0.000472137 0.000117388 
0.000466952 8.38211e-05 0.000126855 
0.000149971 0.000215853 0.000117008 
0.000918658 0.000258875 7.50429e-05 
0.000531016 0.000335285 4.09238e-05 
3.55415e-05 0.000108613 0.0001183 
0.000111028 0.00010924 1.70138e-05 
0.000154004 0.000477298 2.23291e-05 
0.000908337 0.000381338 0.000148823 
0.00052009 7.24842e-05 0.00010629 
0.0007423 0.000279726 0.000111644 
0.000952974 0.00034156 0.0001235 
0.000313029 0.000468477 0.000123324 
8.60523e-05 9.99131e-05 9.97611e-05 
0.00073939 0.000132065 0.000108881 
0.000355875 0.000212962 2.63256e-05 
0.000524916 0.000452573 7.72709e-05 
0.000227568 0.000479133 2.05513e-05 
8.78178e-05 0.000355836 5.3555e-05 
9.76748e-05 0.000287483 0.000114734 
0.00030603 0.000238355 5.80166e-05 
0.000227436 0.000218472 0.000127006 
0.000859699 0.000202859 8.559e-05 
0.000117964 2.22837e-05 6.94236e-05 
0.00093847 0.000286567 6.08116e-05 
1.80678e-05 0.000102738 6.80895e-05 
0.000928055 0.00019254 2.48361e-05 
0.000890927 0.000236057 6.77027e-05 
0.000496545 0.000141999 0.000141591 
0.000863824 0.000470554 2.94197e-05 
0.000505687 0.000316714 0.000114554 
9.88495e-05 0.00045658 5.98469e-05 
0.000756564 0.000408756 1.96554e-05 
0.000288042 0.000481771 9.3277e-05 
0.000755266 0.000353338 2.09891e-05 
0.000691403 2.54713e-05 4.01533e-05 
0.000628031 4.79174e-05 1.92759e-05 
0.000197646 0.000368844 4.55408e-05 
0.000252512 0.000140013 0.00014021 
0.000348038 0.000174289 5.6395e-05 
0.00046338 0.00029591 0.000146669 
0.000564391 0.000258869 5.17607e-05 
0.000285529 2.10064e-05 1.75553e-05 
0.000458284 0.000247848 1.84377e-05 
0.00016883 0.000375562 0.00011119 
0.000854266 0.000237825 5.82422e-05 
0.00066189 1.79907e-05 5.79594e-05 
0.000260794 0.000312322 0.000145692 
0.000397947 0.000458267 9.36761e-05 
0.000718214 2.24256e-05 9.27444e-05 
0.000956112 0.000439288 2.08965e-05 
0.000850243 0.000254127 2.08988e-05 
0.000443895 6.52713e-05 7.55861e-05 
0.000194535 0.000136249 2.17772e-05 
0.000936837 8.5496e-05 0.00014906 
0.000361569 0.000289055 4.80036e-05 
0.000134377 0.000427038 1.75956e-05 
9.52846e-05 0.000282513 2.56077e-05 
0.00037643 0.000186575 7.99061e-05 
0.000778168 0.000237242 1.98268e-05 
0.000495014 7.56891e-05 4.03081e-05 
0.000768169 8.36974e-05 1.93033e-05 
0.000320861 0.000437643 6.91065e-05 
0.000907963 2.42354e-05 8.50162e-05 
0.00092309 0.000129055 3.81143e-05 
0.000473819 0.000359165 8.91656e-05 
0.000965413 0.000131278 0.000136507 
0.000713423 0.000403718 0.000104301 
2.30683e-05 0.000160274 1.86494e-05 
0.000501282 2.37359e-05 6.07445e-05 
0.000282235 0.000372607 6.20716e-05 
0.000122173 6.74213e-05 8.41122e-05 
0.000189484 0.000339813 1.73744e-05 
0.00078992 0.000432485 1.79403e-05 
0.00084103 0.000111163 5.30334e-05 
0.000311602 0.000347048 0.000117935 
0.000545764 0.000258681 8.12409e-05 
0.000783202 3.548e-05 1.7051e-05 
0.000667136 0.000108362 6.54134e-05 
0.000655572 0.000160724 2.04685e-05 
6.99687e-05 0.000392964 0.000121054 
0.000196289 0.000477361 0.000110738 
0.000656691 0.000462532 1.70774e-05 
6.92596e-05 0.000468134 2.75576e-05 
0.000118702 0.000320477 6.83295e-05 
0.000871017 0.000164307 0.000138589 
0.000565232 0.000273041 0.00010764 
0.000604736 9.74983e-05 0.000132972 
3.15826e-05 0.000481194 1.87381e-05 
0.000763772 0.000309561 9.20202e-05 
6.83232e-05 4.18638e-05 8.75383e-05 
0.000468925 0.000219022 0.000131426 
0.000381318 0.000476543 2.34792e-05 
1.81501e-05 0.00041846 7.38544e-05 
0.000354597 0.000383339 5.73463e-05 
2.19097e-05 0.000296463 2.18929e-05 
0.000816441 2.08583e-05 0.000142804 
0.00024239 0.000275033 7.4175e-05 
0.000365681 0.000373905 2.06462e-05 
0.000912601 9.98929e-05 1.79175e-05 
0.000266765 0.000101729 1.78486e-05 
