0.000837678 0.000416411 3.10868e-05 
8.2662e-05 0.000295948 6.8007e-05 
0.000528021 0.000214574 9.67496e-05 
0.000315774 0.000239138 0.000107913 
0.00068566 0.000330831 6.51496e-05 
0.000367064 7.145e-05 9.70721e-05 
0.000750855 0.000196198 3.10044e-05 
0.000883171 0.000289545 4.92425e-05 
0.000525721 5.06095e-05 0.000136123 
0.000782773 0.000237932 0.000126292 
0.000638213 0.000372205 2.42749e-05 
0.000178321 0.000387156 1.9751e-05 
0.000827569 0.000300311 8.55162e-05 
0.000204184 0.000213359 8.15199e-05 
0.000488489 0.000378796 3.62721e-05 
0.000799177 0.000158399 9.0893e-05 
0.000441581 0.000356008 6.10621e-05 
0.000235502 0.000364351 2.52377e-05 
0.000525611 0.000149964 6.01286e-05 
0.000887812 0.00024004 1.89334e-05 
0.000922579 0.000334023 6.30937e-05 
0.000414488 0.00031208 5.56222e-05 
0.000945791 5.82398e-05 5.86738e-05 
0.000866631 4.22254e-05 8.61637e-05 
0.000689479 9.43804e-05 2.1412e-05 
0.000264746 0.000303793 5.0985e-05 
8.69986e-05 0.00022306 8.47124e-05 
0.000561687 0.000240012 1.97545e-05 
0.000170579 9.10988e-05 2.98322e-05 
0.000971077 0.000462521 0.000117115 
0.000518447 0.000215384 3.75954e-05 
0.000962795 0.000210442 5.79317e-05 
0.000882383 0.000141692 2.57055e-05 
0.000764325 2.73377e-05 5.74596e-05 
6.17029e-05 0.000254924 4.32964e-05 
0.000732914 0.000341299 0.000105828 
0.000610149 0.000437586 0.000120145 
0.000311462 0.000180341 0.000102715 
0.000344398 0.000212249 7.44114e-05 
0.000322064 0.000184228 1.87197e-05 
0.000310767 0.00029392 8.12327e-05 
0.000479894 0.00030991 3.28569e-05 
0.000456838 2.31892e-05 6.83611e-05 
0.000334631 9.68197e-05 6.30059e-05 
0.000965252 0.000397618 2.17992e-05 
0.00058029 0.000463627 7.41146e-05 
0.000537169 0.000351083 8.87678e-05 
0.000703023 0.000160468 0.000101233 
0.000387133 0.000237227 6.24283e-05 
0.000405198 0.000265634 0.000111275 
0.000260037 0.000370662 0.000104873 
0.000568876 0.000168033 6.2248e-05 
0.000799119 5.31054e-05 0.000141455 
0.00083962 0.000457912 7.98291e-05 
9.07198e-05 6.26015e-05 0.00011111 
0.000173535 9.2327e-05 9.44231e-05 
0.000972045 9.07441e-05 2.75329e-05 
0.000516226 0.000423257 0.000104056 
0.000223921 0.000100143 2.45089e-05 
0.000365856 0.000424299 3.12545e-05 
0.000491632 0.000163923 2.60594e-05 
0.000285331 0.000411958 5.31908e-05 
0.000595228 0.000350968 2.37149e-05 
0.000796629 0.00018753 1.71781e-05 
0.000549058 8.1032e-05 6.17287e-05 
0.000236725 8.41026e-05 7.65388e-05 
0.000520619 0.000462564 1.74015e-05 
0.000390516 7.26437e-05 3.08144e-05 
0.00096574 0.000171198 8.2107e-05 
0.000891305 0.000187387 1.93957e-05 
0.000575155 0.000396868 0.000112403 
0.00062239 0.000134206 9.6859e-05 
0.000395399 0.000367635 7.48165e-05 
0.000685553 0.000390626 5.04765e-05 
0.000651216 6.22622e-05 6.76994e-05 
0.000152269 4.43082e-05 7.27583e-05 
0.00086822 0.000156583 7.47921e-05 
0.000448677 0.000107868 3.66428e-05 
0.00062868 0.000200571 9.02663e-05 
0.000714095 0.000126194 5.06566e-05 
0.000792795 0.00015853 4.47246e-05 
6.43186e-05 0.000333464 8.78518e-05 
0.000152951 0.000378579 7.21771e-05 
0.000440325 0.000433174 8.35968e-05 
0.000595353 0.000238291 6.5566e-05 
0.000787233 0.000382776 5.54769e-05 
2.99869e-05 0.000433919 2.99146e-05 
0.00035137 0.000289286 0.000130278 
0.000184133 0.000434545 2.88117e-05 
0.00014288 0.000277973 2.03555e-05 
0.000275718 6.16662e-05 2.32758e-05 
0.000809861 0.000468048 3.47385e-05 
0.00068666 0.000131593 0.000133519 
0.000980862 0.000295175 1.74972e-05 
0.00012717 0.000261357 5.93641e-05 
0.000880889 0.000332054 0.000100924 
0.000216938 3.65546e-05 9.63822e-05 
0.000908877 0.000203169 9.84675e-05 
0.00036999 0.000317707 8.35927e-05 
0.000417596 0.00019464 3.29368e-05 
0.000565033 0.000397927 6.01996e-05 
0.000766712 0.000462505 2.00603e-05 
0.000715038 0.000372769 7.12093e-05 
0.000784781 0.000113943 0.000110912 
0.000417324 3.39394e-05 4.81865e-05 
0.000827169 2.93757e-05 2.92594e-05 
0.000289148 8.10766e-05 8.91011e-05 
0.000725194 0.000254371 7.48412e-05 
8.26771e-05 0.000213745 2.46874e-05 
0.00067979 0.000191773 7.69318e-05 
0.000611694 0.00017559 2.81276e-05 
0.000398454 0.000276471 2.69505e-05 
0.00097175 0.000252172 7.56645e-05 
0.000638974 0.000275597 9.13571e-05 
0.000935063 0.000247987 3.0267e-05 
0.000607156 0.000129156 2.07433e-05 
8.82487e-05 0.000418317 3.03987e-05 
0.000138061 0.00042679 6.79017e-05 
0.000489699 0.000292188 7.94025e-05 
7.15522e-05 0.00015803 8.75869e-05 
0.00067704 0.000476557 4.11148e-05 
0.000641753 0.000380001 8.66292e-05 
0.000129601 0.000194753 4.22108e-05 
0.00030294 0.000275416 2.45257e-05 
0.000525483 0.000275677 4.47623e-05 
0.000755787 0.000182487 8.60524e-05 
0.0002464 0.000466004 9.7859e-05 
0.000974999 4.15952e-05 9.17947e-05 
0.000681945 0.000360766 2.10507e-05 
0.000233559 0.000235132 4.35736e-05 
0.00090394 0.00040354 3.66945e-05 
0.000414287 3.50097e-05 9.25864e-05 
0.000702371 5.13921e-05 6.50941e-05 
0.000763395 0.00047362 9.842e-05 
0.000515506 0.000389396 8.14853e-05 
0.0004596 0.000165561 7.87424e-05 
0.000659194 0.000212785 3.29422e-05 
0.000429782 0.000109305 0.000102608 
0.000269013 0.000468757 4.94767e-05 
0.000979271 0.000382261 8.7362e-05 
0.000158881 0.000155894 6.9488e-05 
0.000901565 9.77173e-05 7.16276e-05 
0.000652224 0.000317429 2.30507e-05 
0.000351916 0.000408697 0.000110135 
0.000319922 0.000396377 7.81118e-05 
0.000869105 0.000125264 0.000131463 
0.000195561 0.000234571 1.80823e-05 
0.000700477 0.000436062 3.07166e-05 
6.473e-05 2.90072e-05 2.8972e-05 
0.000543334 3.21513e-05 2.53026e-05 
0.000724168 0.000295466 2.06633e-05 
0.000891137 4.26393e-05 3.64732e-05 
0.000218072 0.0002704 1.83524e-05 
0.000916539 0.000143974 9.45056e-05 
0.000305917 0.000162298 5.1556e-05 
0.000791015 0.000342453 0.000101885 
0.000516012 0.000266752 0.000101609 
0.000724056 0.000295189 6.26911e-05 
0.000201704 0.000321388 7.29936e-05 
0.000790511 0.000444048 7.30804e-05 
0.000826862 0.000218839 2.07628e-05 
0.000600731 0.000409566 2.86319e-05 
2.61775e-05 0.000114381 2.61577e-05 
0.000461081 0.000329604 0.000111991 
0.000466912 0.000470967 7.33793e-05 
3.14316e-05 0.000391809 9.53218e-05 
0.000376064 0.000326685 2.80261e-05 
0.000554552 0.000417346 1.91487e-05 
0.00028144 0.000113341 6.18301e-05 
0.000907186 6.29484e-05 0.000118032 
0.000597319 0.000239959 0.000117851 
0.000799062 0.000212466 5.93855e-05 
0.000425137 0.000388398 4.73001e-05 
0.000253281 0.000126035 3.85282e-05 
0.000746276 2.91984e-05 2.03268e-05 
0.000399119 0.000136982 1.98878e-05 
0.000343353 0.000257219 3.49367e-05 
0.000246431 0.000340022 6.43243e-05 
0.00072914 8.19602e-05 9.54691e-05 
0.000760358 0.000314557 1.85832e-05 
0.000880346 0.000415756 9.1888e-05 
0.000639893 0.000132719 4.54938e-05 
0.000609999 2.23056e-05 4.56924e-05 
0.000350482 0.000471474 5.69491e-05 
0.000579014 0.000123858 7.08262e-05 
0.000127091 0.000114854 5.69727e-05 
0.00020828 0.000471636 6.46261e-05 
0.000199506 5.32126e-05 6.29504e-05 
4.85475e-05 5.71207e-05 0.000115885 
7.41572e-05 0.000325115 2.25194e-05 
0.00066559 0.000243668 8.20096e-05 
2.96889e-05 0.00047726 5.97672e-05 
0.000750608 0.000423775 8.79306e-05 
0.000443603 0.000266183 6.1457e-05 
0.000619164 0.00046163 2.08328e-05 
0.000825428 7.64696e-05 6.88794e-05 
0.000302849 0.000122664 2.426e-05 
0.000918051 0.000461999 2.46738e-05 
0.000643025 0.000471003 9.93561e-05 
0.000190355 0.000410757 8.87351e-05 
0.000953927 0.000482341 1.71392e-05 
0.000830073 0.000336131 3.29505e-05 
6.27709e-05 0.000434181 8.66176e-05 
0.000466213 0.000438844 2.56048e-05 
0.000774402 0.000114749 7.03163e-05 
0.000743172 0.000327904 5.09067e-05 
0.000592816 0.000304972 0.000105125 
0.000113278 0.000463889 2.16767e-05 
0.000761054 0.000230214 9.21535e-05 
0.00081154 8.23102e-05 2.29188e-05 
0.000732357 0.000401639 5.06526e-05 
0.000479441 0.00040807 8.46343e-05 
0.000561525 0.000150071 0.000123112 
0.000337616 0.000149848 1.79661e-05 
0.000607414 0.000283952 3.39179e-05 
0.000193657 0.000267048 8.88242e-05 
0.000509339 0.000107047 0.000112767 
0.000565087 0.000189292 2.24259e-05 
0.000429692 0.000478835 1.77262e-05 
0.000500435 0.000180213 0.000114319 
0.000750027 0.000134732 2.04256e-05 
0.000212895 0.000179092 1.94814e-05 
0.000109578 0.000434269 0.000125609 
0.000490208 0.000330514 7.75851e-05 
4.58095e-05 0.000191721 6.32789e-05 
0.000674304 0.000273248 4.29599e-05 
0.000588321 3.4951e-05 7.9685e-05 
0.000130923 0.00037514 3.02633e-05 
3.19872e-05 0.000290435 7.27587e-05 
0.00036854 0.000430322 7.96193e-05 
0.000535014 0.000300672 1.72976e-05 
0.000847861 8.0915e-05 0.000124681 
0.000731163 9.51244e-05 1.97362e-05 
6.86807e-05 0.000167675 1.90552e-05 
6.70721e-05 0.000373097 1.996e-05 
0.000266989 0.000210425 0.000114929 
0.000965499 0.000207482 2.00961e-05 
0.00027754 0.00023479 2.15242e-05 
0.000836724 0.00017689 0.000112794 
0.000886862 0.00034533 2.51022e-05 
0.000674397 0.000129276 2.99665e-05 
2.25682e-05 0.000250658 2.25785e-05 
0.000720895 0.000245198 2.65819e-05 
0.00011761 0.000243468 1.92054e-05 
0.000946891 0.000146867 1.71479e-05 
0.000887253 0.00044766 6.45069e-05 
0.000423366 0.000418475 2.19539e-05 
0.000115831 6.2724e-05 3.13203e-05 
0.000568784 0.000316073 6.33962e-05 
0.000864658 0.000212469 2.90794e-05 
0.000261381 0.000193062 7.46922e-05 
2.81366e-05 0.000351416 6.48908e-05 
0.000780553 0.000271008 7.85841e-05 
0.000244163 2.50504e-05 2.49684e-05 
0.000791432 6.52415e-05 5.38073e-05 
0.000271576 0.000273738 0.000126893 
0.000294788 0.000435399 9.79417e-05 
0.000700409 0.00017086 2.56893e-05 
0.000348398 0.000114402 1.80413e-05 
0.00097191 0.000420944 0.000114651 
0.000170561 0.00017302 2.17751e-05 
0.00014702 0.000323158 2.09989e-05 
0.000970592 0.000101755 7.51731e-05 
0.000213418 5.7309e-05 1.97803e-05 
0.000967819 0.000135359 4.76052e-05 
0.000809196 0.000274062 2.43411e-05 
0.000396503 0.000475149 0.000124656 
7.66731e-05 0.00012653 3.89942e-05 
0.000440434 0.000384334 9.93862e-05 
0.000133667 0.000312605 0.000114633 
0.000463261 2.28466e-05 2.27353e-05 
0.000941849 0.000381186 0.000135635 
0.000934505 0.000355194 2.23123e-05 
0.000226196 0.000313737 2.62473e-05 
0.00035938 0.000222177 0.000113872 
0.000826651 0.000405952 0.000106802 
0.000970435 0.000469619 5.57756e-05 
0.000224987 0.000152278 5.04364e-05 
0.000410202 0.000197519 0.000121057 
0.000112456 0.000153222 2.08653e-05 
0.000274236 0.000328656 2.01111e-05 
0.000349907 2.50654e-05 9.62505e-05 
0.000655363 0.000448331 6.14692e-05 
2.51011e-05 0.000383999 2.18485e-05 
0.000506441 0.000482006 0.000102117 
0.000972973 0.000321927 5.6973e-05 
0.00061785 0.000428169 6.97079e-05 
0.000936662 0.000307625 2.40384e-05 
0.000372605 0.000171242 2.50608e-05 
0.000583981 6.87167e-05 0.000106967 
0.000880109 8.25358e-05 0.000102432 
0.000944936 2.22645e-05 2.11442e-05 
0.000445037 5.77828e-05 1.71704e-05 
0.000697975 0.000457242 8.92272e-05 
0.000689381 5.93693e-05 0.00010838 
0.000761675 0.000435172 4.56299e-05 
0.000335225 3.533e-05 3.53069e-05 
0.000345618 0.000459073 9.21576e-05 
0.000668375 5.41637e-05 2.06422e-05 
0.000320843 0.000323942 2.72735e-05 
0.000495918 8.37742e-05 7.39145e-05 
0.000110835 0.000377939 9.23924e-05 
0.000230382 0.000394633 7.17552e-05 
0.000510831 0.000114811 2.66771e-05 
1.92819e-05 7.66858e-05 9.44484e-05 
0.000502729 2.24059e-05 1.71853e-05 
0.000857104 0.000378971 0.000108252 
0.000312425 8.12593e-05 1.86117e-05 
4.30368e-05 0.000202969 1.70878e-05 
0.000153776 0.000240864 8.55228e-05 
0.000565677 0.000320339 1.90539e-05 
0.000421388 0.000318126 0.000100049 
0.000467706 0.000209444 2.06967e-05 
0.000830763 0.000112028 0.000101936 
0.000845603 0.000257219 0.000106046 
0.00018088 0.000296558 2.54436e-05 
0.000622761 0.000331319 4.72112e-05 
0.000540273 2.79786e-05 7.37541e-05 
0.000643288 0.000430329 2.47332e-05 
0.000852954 2.38479e-05 0.000117477 
0.000311486 0.000439661 2.55353e-05 
0.000430252 0.000308299 1.87698e-05 
0.000972633 6.49694e-05 0.000134232 
0.000316257 0.000380046 2.90366e-05 
2.94902e-05 0.000207848 0.000106854 
0.000123083 0.00012883 0.0001009 
0.000168093 0.000345691 4.91481e-05 
0.000936632 0.000106722 0.000109329 
0.000414314 0.000454946 4.79289e-05 
0.000486427 0.000211125 7.62926e-05 
8.7741e-05 0.000476515 8.95432e-05 
0.000474762 0.000455455 0.00011438 
0.000867519 0.000365883 6.25133e-05 
0.000128035 0.000479914 6.07369e-05 
0.000158582 0.000226726 1.97687e-05 
0.00049728 0.000454825 5.20009e-05 
0.000766362 3.7776e-05 0.000119525 
0.000755164 0.000146502 5.85922e-05 
0.00025935 0.000161183 2.21628e-05 
0.000494932 0.000260312 2.05213e-05 
0.000585633 9.75371e-05 2.64111e-05 
0.000814169 2.16793e-05 9.77342e-05 
0.000600706 0.000223309 2.27448e-05 
0.000716207 0.000336209 2.08482e-05 
0.000873208 9.94065e-05 2.68987e-05 
0.000172026 3.06653e-05 3.06243e-05 
0.000598357 3.06199e-05 0.000124418 
0.00059508 0.000346108 8.47423e-05 
0.0007121 5.59827e-05 2.3189e-05 
0.000215676 0.000165611 9.49541e-05 
0.000552421 0.000453717 4.33246e-05 
0.000761613 0.000274551 3.33188e-05 
0.000737131 0.00047325 5.47142e-05 
0.000550216 0.000375401 2.32142e-05 
0.000619643 9.58194e-05 4.66124e-05 
0.00078201 0.000426169 0.000130131 
0.000539893 0.000302866 9.12944e-05 
0.000769109 0.000390074 0.000140891 
2.3396e-05 0.000340948 2.26423e-05 
0.000667032 0.000402697 1.81426e-05 
0.000551445 0.000470587 0.000111204 
0.000158375 0.000299806 8.45503e-05 
0.000386669 0.000139238 8.90638e-05 
0.000920993 0.000474234 7.3567e-05 
0.000726405 0.0003805 1.84416e-05 
6.24353e-05 8.06321e-05 2.30647e-05 
0.000669326 2.06622e-05 9.85034e-05 
0.000581676 0.000475367 1.91317e-05 
0.000574612 0.000205587 9.31791e-05 
0.000400943 0.000418324 7.47849e-05 
0.000172169 1.86148e-05 9.25561e-05 
0.000187374 0.000185803 5.44381e-05 
0.000412206 0.000357591 3.12824e-05 
0.000386314 0.00010121 7.3675e-05 
0.000494986 0.00035334 0.000143155 
0.000790584 6.61573e-05 9.28684e-05 
0.000819237 0.000254774 6.26633e-05 
0.000696095 0.000294801 0.000118552 
0.000830044 0.000144631 2.25269e-05 
0.000569594 0.000358965 5.6858e-05 
0.000974972 0.000167798 1.78722e-05 
0.000150892 0.000135991 2.0137e-05 
0.000479306 3.4927e-05 0.000140609 
0.000270362 4.24639e-05 6.48764e-05 
2.04091e-05 0.000213965 4.4903e-05 
0.00063044 0.00032439 8.23619e-05 
0.000279246 0.000195831 3.82971e-05 
0.000688835 0.000242881 0.000123908 
0.000553546 3.16395e-05 0.000112313 
0.000536862 0.000130233 0.000139197 
0.000266384 0.000239836 7.97819e-05 
0.000918786 0.00017135 5.49302e-05 
0.000895896 0.000269027 0.000111548 
0.000586747 5.54721e-05 2.39506e-05 
3.43281e-05 0.000231755 7.82894e-05 
0.000199167 0.000356539 0.000128847 
0.000830192 0.000181656 7.15579e-05 
6.58418e-05 7.58462e-05 6.43301e-05 
0.000240417 0.000418816 2.96269e-05 
0.000696447 0.000105445 8.98224e-05 
3.3531e-05 0.000356695 0.000116587 
0.0005512 0.000147009 2.19858e-05 
0.000745091 7.01628e-05 4.88807e-05 
0.000951264 0.000376311 5.65921e-05 
0.000487146 0.000479652 2.02961e-05 
0.000376389 3.63716e-05 7.04689e-05 
0.000977322 2.27379e-05 5.06556e-05 
0.000305942 3.49917e-05 9.64785e-05 
0.000445422 0.00034474 1.82653e-05 
0.000978367 0.000354724 2.15478e-05 
0.000348518 0.000128317 0.00010605 
0.000808289 0.000472526 0.000115417 
0.000466952 8.38211e-05 0.000124716 
0.000149871 0.000215218 0.00011469 
0.000919159 0.000258392 7.49755e-05 
0.00053068 0.000335361 3.99987e-05 
3.56128e-05 0.000108747 0.000115079 
0.000110866 0.000108732 1.70129e-05 
0.000155093 0.00047766 2.23372e-05 
0.000908337 0.000381338 0.000146835 
0.000519193 7.23982e-05 0.000104681 
0.000742492 0.000280612 0.000110259 
0.000952974 0.00034156 0.00012091 
0.000313802 0.000467978 0.000121414 
8.60523e-05 9.99131e-05 9.7753e-05 
0.00073939 0.000132065 0.000106253 
0.000356353 0.000212558 2.63263e-05 
0.000524681 0.000452785 7.60014e-05 
0.000227342 0.000479374 2.05497e-05 
8.75143e-05 0.000355577 5.25631e-05 
9.76748e-05 0.000287483 0.000112677 
0.000307261 0.000238344 5.7428e-05 
0.000227183 0.000218523 0.000125021 
0.000859699 0.000202859 8.32315e-05 
0.000117986 2.23148e-05 6.65645e-05 
0.000938642 0.000286012 6.05352e-05 
1.80726e-05 0.000103197 6.8185e-05 
0.000928555 0.000192976 2.19562e-05 
0.000891211 0.000236605 6.50894e-05 
0.000496545 0.000141999 0.000139365 
0.000864853 0.000470505 2.94922e-05 
0.000506212 0.000316044 0.000113445 
9.81083e-05 0.00045814 5.93804e-05 
0.000756456 0.000408827 1.96552e-05 
0.000288232 0.000482305 9.23808e-05 
0.00075529 0.000353748 2.0988e-05 
0.000691293 2.47311e-05 3.83338e-05 
0.000629005 4.77275e-05 1.92751e-05 
0.000198125 0.000368717 4.50476e-05 
0.000252512 0.000140013 0.000138064 
0.00034812 0.000174175 5.3869e-05 
0.00046338 0.00029591 0.000144687 
0.000564819 0.000260474 5.07977e-05 
0.000285934 2.09663e-05 1.75517e-05 
0.000458359 0.000247388 1.84453e-05 
0.000168828 0.00037556 0.00010874 
0.000854054 0.00023625 5.75933e-05 
0.000661529 1.79795e-05 5.59387e-05 
0.000260794 0.000312322 0.000143558 
0.000397947 0.000458267 9.14408e-05 
0.000719202 2.24218e-05 9.12783e-05 
0.00095741 0.000439627 2.08111e-05 
0.000849528 0.000253787 2.08984e-05 
0.000444638 6.52106e-05 7.53919e-05 
0.000194126 0.00013638 2.17848e-05 
0.000936837 8.5496e-05 0.000147096 
0.000361214 0.000288613 4.7481e-05 
0.000134377 0.000427038 1.75956e-05 
9.61888e-05 0.000282432 2.56228e-05 
0.000377212 0.00018575 7.73498e-05 
0.00077941 0.000236774 1.98282e-05 
0.000494855 7.5263e-05 3.81204e-05 
0.000768611 8.39198e-05 1.9303e-05 
0.000321633 0.000437341 6.90183e-05 
0.000908526 2.36085e-05 8.4468e-05 
0.0009235 0.000128549 3.79342e-05 
0.00047428 0.000360109 8.72795e-05 
0.000965413 0.000131278 0.000134355 
0.000713015 0.000404633 0.000101482 
2.30683e-05 0.000160274 1.84823e-05 
0.000501432 2.37377e-05 5.74112e-05 
0.000280687 0.000372077 6.01005e-05 
0.00012299 6.8982e-05 8.37321e-05 
0.000189484 0.000339813 1.73744e-05 
0.000789981 0.000432407 1.79403e-05 
0.000841747 0.000110333 5.15075e-05 
0.000311602 0.000347048 0.000114659 
0.000545553 0.000258436 7.97374e-05 
0.000782974 3.57376e-05 1.70285e-05 
0.000667136 0.000108362 6.30051e-05 
0.000655649 0.000160962 2.04588e-05 
6.93581e-05 0.000392117 0.00011915 
0.000195933 0.000477529 0.00010968 
0.000656869 0.000462738 1.70775e-05 
6.96345e-05 0.000467925 2.45746e-05 
0.000118702 0.000320477 6.63809e-05 
0.000871017 0.000164307 0.000136624 
0.000565372 0.000273121 0.000105605 
0.000604865 9.72631e-05 0.000132039 
3.16237e-05 0.000481232 1.87422e-05 
0.000764446 0.000309172 8.93643e-05 
6.84197e-05 4.17853e-05 8.53077e-05 
0.000468925 0.000219022 0.000129453 
0.000380207 0.000476535 2.34805e-05 
1.8091e-05 0.000417833 7.35638e-05 
0.00035459 0.000383122 5.75506e-05 
2.18974e-05 0.000296448 2.18931e-05 
0.000816441 2.08583e-05 0.000140504 
0.000242107 0.000274735 7.19733e-05 
0.000365047 0.000373506 2.0641e-05 
0.000912443 9.94617e-05 1.79168e-05 
0.000267023 0.000101492 1.78382e-05 
