0.000828041 0.000410902 3.10601e-05 
8.2531e-05 0.00029539 9.80663e-05 
0.00052229 0.000207902 0.000136511 
0.000315774 0.000239138 0.000153241 
0.000679456 0.000334394 6.63981e-05 
0.00036391 7.91507e-05 0.000131111 
0.000732902 0.000209543 5.9161e-05 
0.000858639 0.000294183 7.14542e-05 
0.00052513 5.57825e-05 0.00017156 
0.000782773 0.000237932 0.000166469 
0.000634634 0.000369026 5.88896e-05 
0.000174378 0.000391573 1.99042e-05 
0.00082923 0.000305725 0.000130217 
0.000211098 0.000221298 0.000101548 
0.00049051 0.000379518 3.62852e-05 
0.00080486 0.000162102 0.000121062 
0.000439275 0.000373826 9.37919e-05 
0.000236179 0.000360017 3.21608e-05 
0.000524075 0.00014108 8.71511e-05 
0.000887305 0.000241314 1.9765e-05 
0.000916198 0.000332832 7.61426e-05 
0.000418663 0.000309239 6.68171e-05 
0.000938721 6.1723e-05 8.65047e-05 
0.000871985 4.24315e-05 0.000110049 
0.000695599 8.9175e-05 4.53718e-05 
0.000259209 0.00030442 7.76044e-05 
8.92387e-05 0.000236162 0.000109657 
0.000556311 0.00023667 1.97851e-05 
0.000174124 9.25167e-05 4.38806e-05 
0.000971079 0.000462443 0.000164691 
0.000524173 0.000212516 5.76393e-05 
0.000964136 0.000205492 8.43206e-05 
0.000880083 0.000144566 2.57053e-05 
0.000763509 2.74411e-05 0.00010028 
6.03076e-05 0.000263296 6.37942e-05 
0.000718426 0.000338775 0.000135126 
0.000610149 0.000437586 0.000160133 
0.000306297 0.00017427 0.000140412 
0.000346914 0.000223141 9.95353e-05 
0.000322277 0.000180749 4.23931e-05 
0.000310587 0.000307383 9.94378e-05 
0.000486237 0.000309458 3.28579e-05 
0.00045306 3.56227e-05 0.000103697 
0.000345944 0.000106795 7.18687e-05 
0.000963408 0.000400681 4.38359e-05 
0.000573203 0.000464339 0.000112741 
0.000548758 0.000348088 0.000124667 
0.000703023 0.000160468 0.000142158 
0.000392818 0.00022577 7.53943e-05 
0.000414747 0.000254747 0.000125039 
0.000252252 0.000380184 0.000142304 
0.000564727 0.000173344 9.78555e-05 
0.000799119 5.31054e-05 0.000174427 
0.00084918 0.000460257 0.0001179 
9.17828e-05 6.24898e-05 0.000144387 
0.00016364 9.25722e-05 0.000107672 
0.000961999 8.45838e-05 2.83369e-05 
0.00051649 0.000415941 0.000136709 
0.000224853 9.55577e-05 2.45277e-05 
0.000356802 0.000428799 3.16142e-05 
0.000493075 0.000165068 2.77287e-05 
0.000290984 0.000404148 6.48221e-05 
0.000608133 0.00034835 2.37082e-05 
0.000790209 0.00018322 4.17221e-05 
0.000551209 8.57043e-05 7.56808e-05 
0.000228388 9.48537e-05 8.70389e-05 
0.000519303 0.000465755 4.42582e-05 
0.000396845 7.64212e-05 3.08111e-05 
0.000956501 0.000181787 0.000133815 
0.000890299 0.000191036 2.81516e-05 
0.000575155 0.000396868 0.000148678 
0.000622548 0.000141787 0.00012659 
0.000391448 0.000367795 0.000117924 
0.000678197 0.000387634 7.0907e-05 
0.000646461 6.87567e-05 0.000121766 
0.000157277 4.27736e-05 9.19127e-05 
0.000879949 0.000154845 7.79097e-05 
0.000455591 0.000109076 3.66403e-05 
0.000634407 0.000206223 0.000140536 
0.000705634 0.000154244 7.56318e-05 
0.000807002 0.000158257 6.83549e-05 
6.88437e-05 0.000341473 0.000118638 
0.000145035 0.000377733 0.000106304 
0.000441132 0.000429763 0.000122474 
0.000606421 0.000244418 8.93129e-05 
0.000788078 0.000373395 7.83394e-05 
3.28732e-05 0.000433361 2.99131e-05 
0.00035137 0.000289286 0.000165649 
0.000182315 0.00043674 3.61507e-05 
0.000143204 0.000277954 3.18486e-05 
0.000274543 6.37411e-05 3.48388e-05 
0.000824785 0.000451951 7.034e-05 
0.00068666 0.000131593 0.000168859 
0.000979979 0.000297171 4.62792e-05 
0.000115341 0.000270697 6.67907e-05 
0.000887629 0.000325706 0.000142689 
0.000212527 4.42918e-05 0.000135396 
0.000900584 0.00020841 0.000151811 
0.000372974 0.000325037 8.46016e-05 
0.000424902 0.000197654 3.29404e-05 
0.000568031 0.00039391 9.71262e-05 
0.000761398 0.000463457 3.31386e-05 
0.0007069 0.000374765 0.000102297 
0.000784781 0.000113943 0.000157284 
0.000411159 4.34283e-05 8.72497e-05 
0.000828 3.03113e-05 2.95024e-05 
0.000288509 8.24372e-05 0.000137319 
0.000725362 0.000259382 0.000120019 
9.42342e-05 0.000215046 4.68216e-05 
0.000671836 0.000194105 0.000109249 
0.000602194 0.000180452 4.77981e-05 
0.00040189 0.000269027 2.69296e-05 
0.000967818 0.000246401 0.000126148 
0.000641413 0.000272797 0.00014373 
0.000934787 0.000247845 3.0991e-05 
0.000606093 0.000128776 2.07368e-05 
8.01042e-05 0.000410247 5.94684e-05 
0.000159204 0.000434516 0.000100064 
0.000490985 0.000297028 0.000111556 
6.84405e-05 0.000147713 0.000114904 
0.000675545 0.000464708 6.58573e-05 
0.000655157 0.000381336 0.000123519 
0.000136038 0.000202505 7.91985e-05 
0.000308824 0.000272067 2.45235e-05 
0.000526693 0.000287258 6.90517e-05 
0.000754439 0.000186412 0.000135734 
0.00024773 0.000466168 0.000144737 
0.000971377 3.5544e-05 0.000121999 
0.000675811 0.000362377 2.10879e-05 
0.000238043 0.000240596 6.05364e-05 
0.000894765 0.000400696 3.70089e-05 
0.00041232 3.9698e-05 0.000131525 
0.000702485 4.63934e-05 9.67504e-05 
0.000760124 0.000469034 0.000135768 
0.000510416 0.000392007 0.000104352 
0.000449714 0.00016173 8.57888e-05 
0.000653129 0.000208965 3.29539e-05 
0.000425754 0.000104421 0.000135469 
0.000265645 0.000458994 6.63437e-05 
0.000977204 0.000381488 0.000126493 
0.00016165 0.000168763 0.000117469 
0.000901565 9.77173e-05 0.000101936 
0.000660086 0.000305356 2.31639e-05 
0.000356766 0.000414566 0.000151769 
0.000318906 0.000393141 0.000114615 
0.000869105 0.000125264 0.000161264 
0.000189137 0.000231759 1.80794e-05 
0.000707898 0.000439505 3.0716e-05 
5.9523e-05 2.90725e-05 5.64735e-05 
0.000535507 3.07447e-05 3.77858e-05 
0.000731689 0.000293314 5.15185e-05 
0.000899014 4.67842e-05 3.64697e-05 
0.000226034 0.000262869 2.20464e-05 
0.000910304 0.000145638 0.000151345 
0.000307774 0.000158654 8.81916e-05 
0.000787481 0.000346521 0.000133775 
0.000518719 0.000266057 0.000141327 
0.000720175 0.000302727 0.000100283 
0.000202271 0.000318368 0.000102454 
0.000786172 0.000444867 0.000104458 
0.000829664 0.000228178 2.07661e-05 
0.000611269 0.000405586 2.86561e-05 
3.0139e-05 0.000112003 2.6157e-05 
0.000461081 0.000329604 0.0001465 
0.000465911 0.00046593 0.000116776 
3.08437e-05 0.000391862 0.000130235 
0.000375397 0.000331022 2.80329e-05 
0.000556225 0.000409031 4.4778e-05 
0.000283285 0.000114098 9.87179e-05 
0.000907186 6.29484e-05 0.000154873 
0.000597939 0.000239388 0.000164168 
0.000812341 0.000211526 7.9132e-05 
0.000422746 0.000386953 6.11828e-05 
0.000248994 0.000127556 5.75278e-05 
0.000743477 3.76795e-05 4.51131e-05 
0.000399119 0.000136982 5.71801e-05 
0.000351669 0.000248352 6.33983e-05 
0.000242294 0.000346947 0.000102807 
0.000721601 8.20285e-05 0.000136822 
0.000756031 0.000318017 1.95698e-05 
0.000887808 0.00040809 0.000119982 
0.000638453 0.000137867 7.48384e-05 
0.000612157 3.9781e-05 5.96814e-05 
0.000349964 0.000470683 8.80912e-05 
0.000581194 0.000121531 0.000103152 
0.000121431 0.000124059 6.43287e-05 
0.000206806 0.000471583 7.3936e-05 
0.000199545 4.87485e-05 9.67864e-05 
4.73015e-05 6.24211e-05 0.000154221 
7.99898e-05 0.000321528 4.57837e-05 
0.000662635 0.000245103 0.00011929 
3.19128e-05 0.000465083 9.69808e-05 
0.000748738 0.000422588 0.00012739 
0.000445153 0.000264155 7.07873e-05 
0.000607662 0.000460981 4.88272e-05 
0.000826378 7.88352e-05 9.87057e-05 
0.000300673 0.000125104 4.36561e-05 
0.000913935 0.00045892 3.54145e-05 
0.000645282 0.000467032 0.000141469 
0.00020289 0.000409281 0.000134708 
0.00094873 0.000478463 2.29489e-05 
0.00082464 0.000339899 3.29567e-05 
4.90135e-05 0.000443192 0.000143026 
0.000463094 0.000446169 4.02691e-05 
0.000774266 0.000115011 0.000110819 
0.0007459 0.000325928 7.61352e-05 
0.000590468 0.000302288 0.000160065 
0.000104982 0.000454153 2.59372e-05 
0.000761054 0.000230214 0.00012309 
0.000808043 8.10667e-05 2.29185e-05 
0.000726235 0.000399191 6.02899e-05 
0.00047379 0.000403321 0.000102667 
0.00056132 0.000149907 0.000152827 
0.000331831 0.000146955 2.17367e-05 
0.000596568 0.000286631 3.39185e-05 
0.000201884 0.000256544 0.000144716 
0.000509952 0.000105349 0.000149162 
0.000561911 0.000191951 2.24188e-05 
0.000424619 0.000474116 4.23643e-05 
0.000484832 0.000175952 0.000133166 
0.000748847 0.000134482 3.69716e-05 
0.000212782 0.000174303 4.52335e-05 
0.000109578 0.000434269 0.000168426 
0.000487717 0.00031948 8.52496e-05 
4.78666e-05 0.00018835 9.73552e-05 
0.000671865 0.000264804 5.5845e-05 
0.00059002 3.51519e-05 0.000117016 
0.000126889 0.000379318 3.02851e-05 
3.03487e-05 0.000287181 9.93649e-05 
0.000368561 0.000425635 0.00010893 
0.000536384 0.00030121 2.40632e-05 
0.000847861 8.0915e-05 0.000166634 
0.00073034 9.54737e-05 1.97362e-05 
6.96909e-05 0.000156795 2.21834e-05 
7.73515e-05 0.000371963 2.06743e-05 
0.000269829 0.000214411 0.000158139 
0.00096515 0.000207783 3.60053e-05 
0.000267703 0.000233127 2.17818e-05 
0.000831076 0.000174398 0.000161705 
0.000880901 0.000327569 2.51258e-05 
0.000671213 0.000125564 6.0008e-05 
2.35627e-05 0.000251939 3.8816e-05 
0.000719535 0.000255101 2.65799e-05 
0.00011443 0.000244462 2.10964e-05 
0.000947792 0.000144567 2.72616e-05 
0.000879214 0.000461155 8.27371e-05 
0.000430616 0.000416359 2.2013e-05 
0.000119743 6.65333e-05 3.13139e-05 
0.000576843 0.00030866 8.78953e-05 
0.000869361 0.000215564 5.83449e-05 
0.000263219 0.000193613 0.000114467 
3.1772e-05 0.000339039 9.07216e-05 
0.000783421 0.000276426 0.000116711 
0.000242609 3.60976e-05 6.82408e-05 
0.000792879 6.67159e-05 8.93734e-05 
0.000271576 0.000273738 0.000157323 
0.000301998 0.000437967 0.000128513 
0.0007064 0.000172086 2.56713e-05 
0.000344503 0.000108977 2.17567e-05 
0.000971908 0.000421075 0.000154964 
0.000162792 0.000173943 4.30509e-05 
0.000154017 0.000328102 2.10068e-05 
0.000970394 0.000102642 0.000117682 
0.000221243 5.20712e-05 3.21984e-05 
0.000962254 0.000136013 8.4368e-05 
0.000804144 0.00026684 2.45711e-05 
0.000396503 0.000475149 0.00015799 
6.80047e-05 0.000129486 5.96842e-05 
0.000446748 0.000379287 0.000144459 
0.000139143 0.000309755 0.00015794 
0.000478099 2.40136e-05 5.4187e-05 
0.000941849 0.000381186 0.000165683 
0.00092256 0.000350078 2.23276e-05 
0.000223076 0.000307228 2.63857e-05 
0.000365435 0.000218687 0.000153942 
0.000826651 0.000405952 0.000139562 
0.000956783 0.000466299 0.000104665 
0.000220665 0.000158425 8.40774e-05 
0.000426556 0.000177039 0.000152911 
0.000117403 0.000165678 3.47131e-05 
0.000275958 0.000318028 2.46262e-05 
0.000347779 2.67646e-05 0.000134415 
0.000661584 0.000450645 0.000101733 
2.64554e-05 0.00039016 5.73081e-05 
0.000504423 0.000478277 0.000135725 
0.000971427 0.0003164 8.58016e-05 
0.000624446 0.000415153 9.05127e-05 
0.000935397 0.00030175 2.40431e-05 
0.000365486 0.000186227 5.42838e-05 
0.000569518 7.56636e-05 0.000130878 
0.000880109 8.25358e-05 0.000131804 
0.00095457 2.24542e-05 2.92897e-05 
0.000448276 5.57462e-05 3.91396e-05 
0.000706886 0.000462614 0.000124064 
0.000687734 5.76815e-05 0.000155931 
0.00077015 0.000422035 7.46733e-05 
0.000344261 3.64403e-05 3.56557e-05 
0.000339764 0.000456186 0.000126167 
0.000661961 5.32004e-05 4.54872e-05 
0.000322058 0.000319975 3.92426e-05 
0.000503041 8.35162e-05 0.000106557 
0.000117961 0.000374572 0.000143557 
0.000233073 0.000402422 9.98791e-05 
0.000517891 0.000103583 2.66773e-05 
2.0352e-05 8.24834e-05 0.000127446 
0.000497833 2.32326e-05 1.96435e-05 
0.000859416 0.000380037 0.000155071 
0.000313377 8.07281e-05 2.16187e-05 
4.22012e-05 0.000204194 2.26182e-05 
0.000161695 0.000243057 0.000122577 
0.000558413 0.000321549 4.53796e-05 
0.000418448 0.000312518 0.000137962 
0.000480708 0.000216251 2.609e-05 
0.000830763 0.000112028 0.000135905 
0.000845603 0.000257219 0.000143913 
0.000171347 0.000298159 6.07833e-05 
0.000622631 0.000329059 5.84746e-05 
0.000542185 3.92889e-05 0.000108697 
0.000650055 0.000430213 6.04445e-05 
0.000852954 2.38479e-05 0.000151563 
0.000302309 0.000444206 2.55602e-05 
0.000427246 0.000309446 2.74803e-05 
0.000972633 6.49694e-05 0.000164658 
0.000310336 0.000374102 2.90392e-05 
2.97884e-05 0.000209136 0.000145891 
0.000123205 0.000128434 0.000138824 
0.000168087 0.000345436 8.27486e-05 
0.00093509 0.00010923 0.000144108 
0.00041391 0.000454334 7.71886e-05 
0.000483845 0.00019978 9.95738e-05 
8.25837e-05 0.000470563 0.000120894 
0.000473825 0.000460322 0.000160216 
0.000870886 0.000361521 0.000107554 
0.000127131 0.000479178 9.15961e-05 
0.000162892 0.000221367 4.32885e-05 
0.000501004 0.000453558 8.82675e-05 
0.000766362 3.7776e-05 0.000151444 
0.000766671 0.000150504 8.96822e-05 
0.000254068 0.000154728 2.21469e-05 
0.000495245 0.00025758 6.18514e-05 
0.000600483 0.000104709 5.71902e-05 
0.000814169 2.16793e-05 0.00013317 
0.000599578 0.000227502 3.04418e-05 
0.000714369 0.000332853 2.40502e-05 
0.000871584 0.000111782 5.48549e-05 
0.000172181 3.23444e-05 3.06233e-05 
0.000597571 3.25264e-05 0.000168298 
0.000600334 0.000351169 0.000125329 
0.000709049 5.28596e-05 2.32143e-05 
0.000217723 0.000162495 0.000140109 
0.000556931 0.00046203 6.2473e-05 
0.000769112 0.000275378 6.82115e-05 
0.000726653 0.000472213 7.4081e-05 
0.000553432 0.000368465 2.3214e-05 
0.000621653 9.97735e-05 9.03005e-05 
0.00078201 0.000426169 0.000160944 
0.000537552 0.000304292 0.000125018 
0.000769109 0.000390074 0.00017115 
2.51981e-05 0.000344527 2.26355e-05 
0.000672758 0.000406079 3.67638e-05 
0.000547467 0.000470616 0.000152172 
0.000156258 0.000300847 0.000121809 
0.000385244 0.000138297 0.000130694 
0.000907214 0.000473847 0.000120241 
0.000734857 0.000374916 1.84431e-05 
5.40504e-05 6.87686e-05 2.30703e-05 
0.000670739 2.33984e-05 0.000133972 
0.00057692 0.000466219 2.38336e-05 
0.000569793 0.000206063 0.00013612 
0.000402799 0.000420069 0.000106293 
0.000172169 1.86148e-05 0.000126623 
0.000186576 0.00018984 8.79783e-05 
0.000402566 0.000355666 5.84902e-05 
0.00039537 9.09106e-05 9.44523e-05 
0.000494986 0.00035334 0.000175591 
0.000791132 6.62683e-05 0.000128413 
0.000813099 0.000258352 8.83264e-05 
0.000696095 0.000294801 0.000160191 
0.000818848 0.000146774 2.39063e-05 
0.000562474 0.000363054 7.15133e-05 
0.000974317 0.000167238 1.8688e-05 
0.000147798 0.000131239 2.64302e-05 
0.000479306 3.4927e-05 0.000171069 
0.00027282 4.57522e-05 0.000107842 
2.15979e-05 0.000212057 7.97177e-05 
0.000628824 0.000325886 0.000111372 
0.0002837 0.000204671 6.68829e-05 
0.000688835 0.000242881 0.000153593 
0.000553546 3.16395e-05 0.000151338 
0.000537294 0.000130579 0.000173128 
0.000269474 0.000238136 0.000118057 
0.00091246 0.0001748 0.000109957 
0.000907168 0.000268646 0.000150776 
0.000576773 7.26123e-05 2.39512e-05 
3.59928e-05 0.00023021 0.00011121 
0.000199167 0.000356539 0.00016901 
0.000844004 0.000172911 0.000100292 
6.57597e-05 7.59666e-05 9.80856e-05 
0.000249401 0.000413199 2.9665e-05 
0.000703136 0.0001152 0.00011687 
3.28102e-05 0.000365236 0.000161591 
0.00054834 0.00014989 2.66982e-05 
0.000744721 7.04792e-05 8.62433e-05 
0.000951845 0.000373814 9.18503e-05 
0.000487657 0.000479449 2.02926e-05 
0.000375789 3.57608e-05 0.000107526 
0.000961448 2.26806e-05 7.27653e-05 
0.000308478 3.47923e-05 0.000154961 
0.000444987 0.000337634 4.7952e-05 
0.000969542 0.000351579 4.32542e-05 
0.000347692 0.000122425 0.000144879 
0.000810875 0.000471565 0.000158499 
0.000466952 8.38211e-05 0.000156799 
0.000151712 0.000221069 0.000153197 
0.000917743 0.000272057 0.000107552 
0.000525234 0.000340348 6.69301e-05 
3.37093e-05 0.000105457 0.000161305 
0.0001074 0.000113372 2.01623e-05 
0.000150981 0.000474941 2.23342e-05 
0.000908337 0.000381338 0.000176654 
0.000524509 7.13912e-05 0.000136037 
0.000748653 0.000287156 0.000157177 
0.000952974 0.00034156 0.000159759 
0.000306181 0.000470722 0.000162084 
8.60523e-05 9.99131e-05 0.000127874 
0.00073939 0.000132065 0.000145661 
0.000360297 0.00022026 2.63262e-05 
0.000528006 0.000452153 0.000112764 
0.000233931 0.000477575 2.94872e-05 
8.2864e-05 0.000356945 7.5845e-05 
9.76748e-05 0.000287483 0.000143538 
0.000307146 0.000251964 7.5199e-05 
0.000228245 0.000218327 0.000155509 
0.00086113 0.000202726 0.000119529 
0.000117759 2.23472e-05 0.00011475 
0.000933233 0.000293296 6.93191e-05 
1.80677e-05 0.000100152 9.4629e-05 
0.000923168 0.000190468 5.90559e-05 
0.000891545 0.000229981 0.000107134 
0.000496545 0.000141999 0.000172752 
0.000857019 0.000470434 2.94307e-05 
0.000503055 0.000312015 0.000148525 
0.000109453 0.000441024 8.85094e-05 
0.00076096 0.00040839 2.66268e-05 
0.000290148 0.000478501 0.000124913 
0.000752748 0.000349764 4.29728e-05 
0.000697258 3.96326e-05 6.04256e-05 
0.000612202 4.82906e-05 1.92775e-05 
0.000188977 0.000371562 6.45303e-05 
0.000252512 0.000140013 0.000170263 
0.000344653 0.000182339 8.57141e-05 
0.00046338 0.00029591 0.000174409 
0.000571439 0.000260821 7.06732e-05 
0.000278296 2.2233e-05 2.50951e-05 
0.000455946 0.00025428 2.38009e-05 
0.000169786 0.000376768 0.000144852 
0.000860943 0.000240475 8.65538e-05 
0.000662731 3.51173e-05 9.29124e-05 
0.000260794 0.000312322 0.000175577 
0.000397947 0.000458267 0.00012497 
0.00071352 2.28169e-05 0.000134547 
0.00095549 0.000439094 6.57599e-05 
0.000854733 0.000268188 2.09075e-05 
0.000450504 7.47147e-05 8.28764e-05 
0.000188451 0.000145748 2.18624e-05 
0.000936837 8.5496e-05 0.000176568 
0.000361102 0.000285323 6.50171e-05 
0.000134377 0.000427038 3.38003e-05 
8.44704e-05 0.000278042 2.56084e-05 
0.000382749 0.000186363 0.000119672 
0.000764606 0.000232519 2.32745e-05 
0.000494833 7.84173e-05 7.1031e-05 
0.000765001 8.47897e-05 5.01723e-05 
0.000314693 0.000441316 8.74548e-05 
0.000907705 2.45281e-05 0.000114831 
0.000924341 0.000132493 6.08776e-05 
0.000473433 0.000357556 0.000118147 
0.000965413 0.000131278 0.000166639 
0.000718083 0.000402391 0.000152206 
2.30683e-05 0.000160274 5.00061e-05 
0.000500655 2.37284e-05 0.000107114 
0.000279818 0.000376262 0.00010159 
0.000116327 6.28681e-05 9.70418e-05 
0.000189756 0.000338894 4.17617e-05 
0.000792293 0.000443303 4.22747e-05 
0.000838394 0.000124405 7.65821e-05 
0.000311602 0.000347048 0.000163799 
0.000544748 0.000260017 0.00011258 
0.000778145 3.46984e-05 3.15262e-05 
0.000667702 0.000108415 9.94623e-05 
0.000638705 0.000157374 2.07277e-05 
7.24278e-05 0.000393479 0.000164276 
0.000196289 0.000477361 0.00014476 
0.000657446 0.000461319 2.78276e-05 
5.85694e-05 0.000472741 5.53258e-05 
0.000118702 0.000320477 9.56092e-05 
0.000871017 0.000164307 0.000166099 
0.00056629 0.000274806 0.000139396 
0.000604995 9.92406e-05 0.000165931 
3.66441e-05 0.000481275 2.21243e-05 
0.000758426 0.000313732 0.000126662 
6.81852e-05 4.43436e-05 0.000120101 
0.000468925 0.000219022 0.000159044 
0.000388016 0.000473144 2.34693e-05 
1.80985e-05 0.000428631 8.55648e-05 
0.000359724 0.000386719 8.86789e-05 
2.24858e-05 0.000297389 4.01715e-05 
0.000816441 2.08583e-05 0.000175009 
0.000237831 0.000277585 0.000113801 
0.000367353 0.000378996 2.06453e-05 
0.000913232 0.00010169 4.36716e-05 
0.000273137 0.000106472 1.78411e-05 
