0.000843526 0.000421443 3.10535e-05 
7.80012e-05 0.000294826 6.07067e-05 
0.00053432 0.000223229 8.95103e-05 
0.000318729 0.000249739 6.22063e-05 
0.000692389 0.000332416 6.75524e-05 
0.000367763 6.32611e-05 7.36705e-05 
0.000756064 0.000195657 3.09908e-05 
0.00088614 0.000288119 3.57907e-05 
0.00051627 4.01409e-05 9.42706e-05 
0.000775728 0.000235667 8.55888e-05 
0.000633391 0.000365935 2.42391e-05 
0.000183574 0.000381517 1.97448e-05 
0.000831601 0.000286555 7.59651e-05 
0.000201131 0.000214637 7.11053e-05 
0.000488645 0.000386453 3.62699e-05 
0.000809575 0.000157182 6.27278e-05 
0.000443268 0.00034168 5.59914e-05 
0.000231525 0.000362245 2.52286e-05 
0.000527283 0.000160754 3.9448e-05 
0.000888845 0.000236125 1.89333e-05 
0.000919457 0.000332132 6.16341e-05 
0.000418123 0.000302386 5.71128e-05 
0.000943445 5.23018e-05 5.33356e-05 
0.000838428 5.25373e-05 6.71844e-05 
0.000687388 9.0966e-05 2.14034e-05 
0.000275689 0.000301515 2.06131e-05 
8.40588e-05 0.000231213 8.47022e-05 
0.000564596 0.000234149 1.97549e-05 
0.000159957 9.08529e-05 2.98304e-05 
0.000954392 0.000441665 9.09849e-05 
0.000515331 0.000216273 3.31027e-05 
0.000967954 0.000219815 5.68512e-05 
0.000895778 0.000134788 2.57048e-05 
0.000773901 2.10025e-05 4.9872e-05 
6.66158e-05 0.00026045 2.19103e-05 
0.000746678 0.000351722 9.40483e-05 
0.000617094 0.000438668 9.22115e-05 
0.000312604 0.00016485 9.92921e-05 
0.000332344 0.000202409 6.61656e-05 
0.000328971 0.00018053 1.87147e-05 
0.000295071 0.000298976 7.65422e-05 
0.000476894 0.000305887 3.2858e-05 
0.000462957 2.31863e-05 6.839e-05 
0.000336487 0.000103042 5.65138e-05 
0.000978199 0.000403282 2.17998e-05 
0.000598179 0.000481876 5.60323e-05 
0.000541398 0.000351901 7.69012e-05 
0.000725814 0.000172438 6.54171e-05 
0.000394834 0.000229998 6.39635e-05 
0.000386304 0.000280265 9.42172e-05 
0.000266779 0.00038275 8.0583e-05 
0.000575222 0.000156886 4.93623e-05 
0.000797157 5.32362e-05 8.33481e-05 
0.000843554 0.000462038 7.42622e-05 
9.09553e-05 6.19673e-05 8.04041e-05 
0.000192965 0.000110439 8.1762e-05 
0.000972463 8.70097e-05 2.75341e-05 
0.000512133 0.000420913 7.88087e-05 
0.000212987 0.000101453 2.45079e-05 
0.000367369 0.000417331 3.12556e-05 
0.000479335 0.000166407 2.60585e-05 
0.000284234 0.00041466 4.33895e-05 
0.000586537 0.000355764 2.37083e-05 
0.000802105 0.000190764 1.71766e-05 
0.000541936 7.55951e-05 5.89323e-05 
0.000240082 6.88917e-05 6.10137e-05 
0.000514172 0.0004791 1.73977e-05 
0.000397134 6.75208e-05 3.08112e-05 
0.00096979 0.000173154 6.22758e-05 
0.000890532 0.000179136 1.9396e-05 
0.000594212 0.000405402 7.59095e-05 
0.000620916 0.000131813 7.1774e-05 
0.000398216 0.000359313 6.66238e-05 
0.00069336 0.000383073 4.65709e-05 
0.000651619 6.63845e-05 6.30351e-05 
0.000154545 5.12444e-05 7.31835e-05 
0.000864858 0.000164243 5.74304e-05 
0.000445119 0.000114785 3.66388e-05 
0.00061734 0.000198764 8.13626e-05 
0.000709423 0.000127657 4.70804e-05 
0.0007859 0.000151368 2.30042e-05 
6.08054e-05 0.000343399 5.70519e-05 
0.000173886 0.000390686 5.41971e-05 
0.000424441 0.000439857 6.90757e-05 
0.000581029 0.000236273 5.91009e-05 
0.000792228 0.000385225 4.90278e-05 
2.99141e-05 0.000434514 2.9913e-05 
0.000347631 0.000277469 5.76455e-05 
0.000177808 0.000428873 2.88142e-05 
0.000151391 0.000274709 2.03552e-05 
0.000277614 5.63398e-05 2.32764e-05 
0.000822723 0.000474151 2.58493e-05 
0.000670647 0.000146431 6.31391e-05 
0.000980947 0.000295151 1.74972e-05 
0.000132602 0.000254238 5.59774e-05 
0.000868599 0.000336107 8.55297e-05 
0.000209014 2.35568e-05 6.18058e-05 
0.000925622 0.000209701 8.24787e-05 
0.000352436 0.000327037 7.53985e-05 
0.000419231 0.000184702 3.29378e-05 
0.000562852 0.00042087 5.78167e-05 
0.000777279 0.000477339 2.00572e-05 
0.000729497 0.000365397 4.90657e-05 
0.00078865 0.000123318 8.75823e-05 
0.000421211 2.4699e-05 1.93654e-05 
0.00081994 2.92623e-05 2.9256e-05 
0.000293977 6.94337e-05 6.40611e-05 
0.000730464 0.000249817 7.10785e-05 
7.58671e-05 0.000214862 2.46855e-05 
0.000681904 0.000180441 6.24904e-05 
0.000614837 0.000175556 2.64936e-05 
0.000399668 0.000269174 2.69512e-05 
0.000971751 0.000265656 7.13895e-05 
0.00065225 0.000276961 7.86489e-05 
0.000936022 0.000244285 3.02677e-05 
0.000596995 0.000132205 2.07352e-05 
8.74493e-05 0.000416435 3.03958e-05 
0.000132527 0.000436226 6.8895e-05 
0.000492209 0.000268566 6.26408e-05 
8.28879e-05 0.00016614 6.92533e-05 
0.000688606 0.00048279 1.72096e-05 
0.000647083 0.000383385 8.11638e-05 
0.00012408 0.000200443 4.30509e-05 
0.000311736 0.000274629 2.45238e-05 
0.000514415 0.000269044 2.10383e-05 
0.000766765 0.000179456 8.38731e-05 
0.000237357 0.000448144 7.089e-05 
0.000977354 2.26407e-05 6.73713e-05 
0.000677144 0.000353807 2.10511e-05 
0.000229379 0.000224275 2.76762e-05 
0.00090923 0.000405243 3.66544e-05 
0.000413542 2.49879e-05 6.30525e-05 
0.000687373 2.96078e-05 5.16539e-05 
0.000766329 0.000475765 6.2935e-05 
0.000536228 0.000394083 5.99185e-05 
0.000458107 0.000165742 8.61857e-05 
0.000659595 0.000214154 3.29395e-05 
0.000412476 8.70408e-05 9.02284e-05 
0.000266735 0.000468742 3.12447e-05 
0.000979277 0.000400435 7.86315e-05 
0.000164548 0.00016136 6.19322e-05 
0.000912391 9.66498e-05 3.66696e-05 
0.000647831 0.000320913 2.30556e-05 
0.000361559 0.000411234 8.52467e-05 
0.000315083 0.000406333 7.41228e-05 
0.000872448 0.000122947 7.26992e-05 
0.000187196 0.000239178 1.80809e-05 
0.000690459 0.000432245 3.07157e-05 
5.55912e-05 2.89768e-05 2.8969e-05 
0.000543326 2.52998e-05 2.52999e-05 
0.000718772 0.000298578 2.06403e-05 
0.000883673 4.36225e-05 3.64711e-05 
0.000213809 0.000268936 1.83528e-05 
0.000914512 0.000132147 7.37166e-05 
0.000298341 0.000171998 4.71539e-05 
0.000802069 0.000336329 8.51665e-05 
0.000528249 0.000267265 7.35766e-05 
0.000732513 0.000289363 5.70006e-05 
0.0001993 0.000320671 6.86292e-05 
0.000799463 0.000442848 5.53973e-05 
0.000823755 0.000226097 2.07614e-05 
0.000599462 0.000406244 2.86322e-05 
2.61564e-05 0.000120208 2.61569e-05 
0.000468534 0.000322918 8.05562e-05 
0.000447325 0.000473373 5.15389e-05 
4.83941e-05 0.000394549 4.97054e-05 
0.000382928 0.000321527 2.80203e-05 
0.000554465 0.000421293 1.91497e-05 
0.000265105 0.000115614 4.97269e-05 
0.000912168 7.69694e-05 7.11485e-05 
0.000614541 0.000253313 8.28129e-05 
0.000804613 0.000207771 6.07974e-05 
0.000436231 0.000374857 3.70545e-05 
0.000248495 0.000121817 1.70659e-05 
0.000745005 2.03306e-05 2.03293e-05 
0.000396735 0.000138727 1.98844e-05 
0.000350903 0.000251812 2.09452e-05 
0.000257816 0.000337319 5.56786e-05 
0.000718285 8.12492e-05 5.60772e-05 
0.000764418 0.000315716 1.85831e-05 
0.000866988 0.000411602 8.05042e-05 
0.000637802 0.000126751 2.04338e-05 
0.000616816 2.20126e-05 3.24762e-05 
0.000329846 0.000482952 1.70726e-05 
0.000579687 0.00011124 4.80319e-05 
0.000124819 0.000126155 5.62323e-05 
0.000193813 0.000471911 6.25125e-05 
0.000192369 6.42747e-05 5.16579e-05 
2.19493e-05 4.63637e-05 6.30074e-05 
6.4698e-05 0.000310551 2.25126e-05 
0.000679842 0.000245672 6.94923e-05 
2.25238e-05 0.000476997 5.97518e-05 
0.000759014 0.000429844 5.24135e-05 
0.00044541 0.000257952 6.03843e-05 
0.000622955 0.000454303 2.08292e-05 
0.000837334 7.2677e-05 1.7535e-05 
0.000298557 0.000129514 2.4264e-05 
0.000931803 0.000460969 2.46532e-05 
0.000631467 0.00047795 7.81781e-05 
0.000196655 0.000420381 8.00127e-05 
0.000966609 0.000482852 1.71407e-05 
0.000832008 0.000333475 3.29519e-05 
6.12299e-05 0.000436621 8.24032e-05 
0.000456999 0.000438537 2.56004e-05 
0.000776185 0.000117984 4.84053e-05 
0.000743328 0.000326788 4.93968e-05 
0.00061208 0.000299094 8.78155e-05 
0.00012273 0.000462251 2.16551e-05 
0.000763394 0.000239454 5.04562e-05 
0.000808972 0.000106989 2.29188e-05 
0.000728178 0.00040477 5.12252e-05 
0.000469629 0.000429074 6.94206e-05 
0.00055336 0.000155901 8.28265e-05 
0.000337415 0.000144802 1.79673e-05 
0.000610661 0.000279124 3.39201e-05 
0.000186198 0.000266043 5.80442e-05 
0.000495731 0.000102691 6.89073e-05 
0.000565849 0.000192074 2.24171e-05 
0.000437015 0.000482273 1.77271e-05 
0.000510362 0.000182508 7.44318e-05 
0.000748972 0.000128656 2.04243e-05 
0.000225618 0.000177989 1.94774e-05 
0.000102318 0.000418352 0.000108177 
0.000501724 0.000340123 6.01077e-05 
4.65588e-05 0.000193342 5.1293e-05 
0.000674549 0.00027542 3.01819e-05 
0.000579141 2.00195e-05 5.25637e-05 
0.000134767 0.000378459 3.02624e-05 
3.03605e-05 0.000278084 6.91529e-05 
0.000380549 0.000453761 6.09346e-05 
0.000537332 0.000299551 1.72987e-05 
0.000844257 9.05997e-05 7.50477e-05 
0.000728369 9.41886e-05 1.97359e-05 
7.98176e-05 0.000171668 1.90555e-05 
5.98209e-05 0.000373291 1.9949e-05 
0.000278352 0.000203307 7.81324e-05 
0.000972527 0.000211107 2.00958e-05 
0.000274178 0.000243701 2.15241e-05 
0.000834153 0.000182834 9.3375e-05 
0.000887654 0.00034805 2.51038e-05 
0.000675669 0.000127927 1.75615e-05 
2.2569e-05 0.000254303 2.25669e-05 
0.000714777 0.000235536 2.65796e-05 
0.000111091 0.000241101 1.92054e-05 
0.000943851 0.000152157 1.71481e-05 
0.000889694 0.000445429 6.81542e-05 
0.000419948 0.000407372 2.19542e-05 
0.000108179 5.83623e-05 3.13147e-05 
0.000575845 0.000316647 6.19046e-05 
0.000865087 0.00020725 1.8459e-05 
0.000249152 0.000187152 4.93581e-05 
2.11346e-05 0.000367482 5.88637e-05 
0.000775512 0.00027679 6.7111e-05 
0.000240797 2.50566e-05 2.50551e-05 
0.00079588 6.88569e-05 1.7952e-05 
0.000250957 0.0002707 8.14566e-05 
0.000290212 0.000445619 7.09302e-05 
0.000703264 0.000175722 2.56849e-05 
0.000363704 0.0001202 1.80334e-05 
0.000959893 0.000424909 5.25369e-05 
0.000168468 0.000188479 2.17746e-05 
0.000130357 0.000325318 2.09952e-05 
0.000978652 0.000121103 6.20157e-05 
0.000210298 5.74912e-05 1.97781e-05 
0.000978447 0.000135362 2.15545e-05 
0.00079729 0.000288731 2.43332e-05 
0.000391776 0.000481843 8.69561e-05 
7.9327e-05 0.000126018 2.73445e-05 
0.00044219 0.000391977 7.70698e-05 
0.00013228 0.000323167 7.76188e-05 
0.000463009 2.27792e-05 2.2603e-05 
0.000940346 0.000395046 7.94637e-05 
0.000934615 0.000353977 2.23086e-05 
0.000230101 0.000310802 2.62436e-05 
0.000352144 0.000237128 8.28055e-05 
0.000823968 0.000416954 7.58209e-05 
0.000973248 0.000473253 5.94628e-05 
0.000229411 0.000139856 4.76167e-05 
0.000398586 0.000193778 0.000116609 
0.000116699 0.000156581 2.08337e-05 
0.000280025 0.000342107 2.01118e-05 
0.000370043 1.97725e-05 7.21845e-05 
0.000643398 0.00043891 5.73611e-05 
2.02779e-05 0.00038597 2.02777e-05 
0.000525084 0.000482671 5.01718e-05 
0.000972972 0.000324469 6.05962e-05 
0.000597633 0.000444225 5.8305e-05 
0.000941284 0.000308135 2.40378e-05 
0.000368139 0.000163512 1.80001e-05 
0.000599493 6.7803e-05 6.6021e-05 
0.000883693 9.33906e-05 5.61492e-05 
0.000934461 2.11453e-05 2.11449e-05 
0.000444862 5.77621e-05 1.71754e-05 
0.000680671 0.000472174 7.23928e-05 
0.000699452 5.44488e-05 8.81524e-05 
0.000761789 0.00044298 1.77049e-05 
0.000333951 3.90127e-05 3.53009e-05 
0.000337221 0.000478562 5.37798e-05 
0.000672752 5.15594e-05 2.0641e-05 
0.000323621 0.00032497 2.72731e-05 
0.000483447 7.73297e-05 1.93242e-05 
0.000104336 0.000366619 7.96671e-05 
0.000219457 0.000383702 6.31356e-05 
0.000507639 0.000115772 2.66767e-05 
1.92716e-05 6.38358e-05 1.92643e-05 
0.000502031 1.72016e-05 1.71858e-05 
0.00083381 0.000376198 8.57202e-05 
0.000308587 8.41304e-05 1.85961e-05 
4.64477e-05 0.00018541 1.70879e-05 
0.000163529 0.000224206 5.3004e-05 
0.000569202 0.000316949 1.90546e-05 
0.00042634 0.000325995 9.49746e-05 
0.000463077 0.000213059 2.06989e-05 
0.00081827 0.000116171 6.20431e-05 
0.000837783 0.000236881 7.5772e-05 
0.000182278 0.000303961 2.22259e-05 
0.000613 0.000329871 4.17435e-05 
0.000542358 1.98735e-05 7.01344e-05 
0.000643729 0.000420514 1.88805e-05 
0.00085199 1.83611e-05 7.3409e-05 
0.000317134 0.000443205 2.55401e-05 
0.000427424 0.000310405 1.87679e-05 
0.000981268 6.52975e-05 6.58225e-05 
0.000319231 0.00038109 2.90387e-05 
2.00781e-05 0.000214709 6.84425e-05 
0.000127897 0.000157266 9.03143e-05 
0.000164666 0.000338482 4.0844e-05 
0.000940678 9.91862e-05 5.88645e-05 
0.000409527 0.000451813 2.37257e-05 
0.000471931 0.000207788 5.72419e-05 
6.78199e-05 0.000482603 6.79703e-05 
0.000488034 0.000472054 6.9488e-05 
0.00086093 0.000376005 5.15177e-05 
0.000137506 0.000482498 5.17364e-05 
0.000149664 0.000234637 1.97597e-05 
0.000499369 0.000446751 1.81855e-05 
0.000762577 4.69558e-05 7.63715e-05 
0.000755375 0.000150616 5.2365e-05 
0.000262154 0.000158223 2.21477e-05 
0.000476725 0.000251832 2.03988e-05 
0.000573408 9.31066e-05 1.79194e-05 
0.000805537 1.87207e-05 7.37892e-05 
0.000605707 0.000223795 2.27444e-05 
0.000716709 0.000340016 2.08485e-05 
0.00088339 9.41829e-05 1.7524e-05 
0.000165275 3.06301e-05 3.06222e-05 
0.000613306 2.10557e-05 7.53939e-05 
0.000598729 0.000355412 6.66791e-05 
0.000716485 5.30825e-05 2.31934e-05 
0.000211235 0.000167636 8.13136e-05 
0.000552933 0.000464647 2.45703e-05 
0.000752779 0.00026974 2.40601e-05 
0.000730519 0.000473252 2.67476e-05 
0.000546313 0.000379921 2.32142e-05 
0.000612823 9.28704e-05 2.16747e-05 
0.000780312 0.000421431 8.39937e-05 
0.000535895 0.000298591 5.25262e-05 
0.00075488 0.000397782 8.22874e-05 
2.47416e-05 0.000343186 2.26356e-05 
0.00066667 0.000391463 1.81433e-05 
0.000558941 0.00046677 7.81406e-05 
0.000149805 0.000302903 4.66248e-05 
0.000380449 0.0001544 5.30092e-05 
0.000922356 0.00047425 7.23447e-05 
0.000720939 0.000385537 1.84416e-05 
5.79463e-05 8.0595e-05 2.30417e-05 
0.000650684 1.83893e-05 5.41998e-05 
0.000593147 0.000480868 1.91317e-05 
0.000565025 0.000196145 6.53532e-05 
0.000405266 0.000403298 5.80662e-05 
0.000170583 1.83632e-05 7.77422e-05 
0.000199287 0.000181958 4.45768e-05 
0.000406026 0.000362345 1.96272e-05 
0.000387953 0.000114098 5.10568e-05 
0.000499962 0.000348421 9.44369e-05 
0.000794148 8.13874e-05 5.58919e-05 
0.000808067 0.000252568 4.70812e-05 
0.000698112 0.000280548 7.45257e-05 
0.000831428 0.000151354 2.25257e-05 
0.000570497 0.000382143 5.76824e-05 
0.000982127 0.00017444 1.78724e-05 
0.000153933 0.000139503 2.01379e-05 
0.000480245 5.29034e-05 8.98986e-05 
0.000277495 2.35919e-05 5.58073e-05 
2.04106e-05 0.000211414 2.4305e-05 
0.000643228 0.000317249 6.48636e-05 
0.000274803 0.000200441 2.09009e-05 
0.000703757 0.000226798 8.96602e-05 
0.000573318 3.99219e-05 8.63765e-05 
0.000539117 0.000128819 6.47769e-05 
0.000276301 0.000246924 6.42708e-05 
0.000922201 0.000169954 4.48714e-05 
0.000883397 0.000273894 9.61855e-05 
0.000584001 5.30499e-05 2.39509e-05 
4.5431e-05 0.000232959 4.75841e-05 
0.000191933 0.000364289 8.4525e-05 
0.00083538 0.000190712 3.20741e-05 
5.63181e-05 6.77848e-05 6.25791e-05 
0.000234994 0.000416819 2.9633e-05 
0.000687433 9.75184e-05 7.6805e-05 
2.27462e-05 0.000328856 8.25231e-05 
0.000554503 0.00012801 2.19828e-05 
0.000756059 6.10663e-05 4.0954e-05 
0.000958375 0.000377627 5.01957e-05 
0.000476595 0.000479703 2.02957e-05 
0.000383269 1.88615e-05 1.88478e-05 
0.000977329 3.00697e-05 2.26729e-05 
0.00031147 2.53652e-05 8.98924e-05 
0.000452833 0.000349464 1.82647e-05 
0.000978452 0.000352869 2.15479e-05 
0.000359553 0.000141494 8.85056e-05 
0.000800649 0.000478622 9.28146e-05 
0.000465048 8.36066e-05 7.65946e-05 
0.00015318 0.000202658 8.38152e-05 
0.00091868 0.000259215 7.31291e-05 
0.000523422 0.000338199 2.43869e-05 
5.24178e-05 0.000108286 6.49815e-05 
0.000117136 0.000105191 1.70138e-05 
0.000163925 0.000477666 2.23281e-05 
0.000906041 0.000373649 8.01206e-05 
0.000489382 6.90502e-05 5.50194e-05 
0.000742926 0.000296671 9.89576e-05 
0.000949162 0.000356865 8.42099e-05 
0.000324163 0.000467882 9.47559e-05 
8.85508e-05 9.43523e-05 5.73761e-05 
0.000746198 0.000117433 7.45402e-05 
0.000364676 0.000206911 2.63265e-05 
0.000524585 0.000438447 4.32053e-05 
0.000217203 0.000479449 2.05472e-05 
9.31213e-05 0.000347379 2.23077e-05 
0.000113569 0.000287836 7.32307e-05 
0.000315383 0.000221944 2.52168e-05 
0.00024161 0.000229488 7.07791e-05 
0.000887 0.000203742 4.82721e-05 
0.00012701 2.22771e-05 6.61831e-05 
0.000933619 0.000290913 6.20867e-05 
1.80696e-05 8.42073e-05 5.05337e-05 
0.000936599 0.000197152 1.83513e-05 
0.000894787 0.000238817 5.51604e-05 
0.00050342 0.000139468 6.70114e-05 
0.000878797 0.000470564 2.9425e-05 
0.000507775 0.000305881 8.33862e-05 
9.18578e-05 0.000462518 4.86943e-05 
0.000752501 0.000406846 1.96574e-05 
0.000298735 0.000482305 6.56888e-05 
0.000756024 0.000354313 2.09863e-05 
0.000694859 1.72493e-05 1.72511e-05 
0.000633302 5.74909e-05 1.92764e-05 
0.000195361 0.000359985 4.7477e-05 
0.000262626 0.000146998 7.07109e-05 
0.000341329 0.000163089 5.08889e-05 
0.000468934 0.000288315 8.90126e-05 
0.000562046 0.000274992 1.75452e-05 
0.000289025 1.75558e-05 1.75543e-05 
0.000431627 0.000236246 1.84385e-05 
0.000155131 0.000361573 7.19011e-05 
0.000857071 0.000237314 4.14432e-05 
0.000653869 1.79791e-05 1.79786e-05 
0.000242036 0.000308058 7.77305e-05 
0.000400745 0.000481789 5.17122e-05 
0.000728452 2.23829e-05 5.9649e-05 
0.000974466 0.000445771 2.07505e-05 
0.000836169 0.000265869 2.08965e-05 
0.000442325 6.01872e-05 5.53287e-05 
0.000194251 0.000150844 2.17823e-05 
0.000942917 8.11777e-05 8.97273e-05 
0.000350817 0.000289874 2.40492e-05 
0.000132981 0.000424576 1.75962e-05 
0.000106968 0.000285273 2.5606e-05 
0.000372533 0.000189866 6.74751e-05 
0.000784477 0.000236286 1.98256e-05 
0.000510162 5.11999e-05 1.7484e-05 
0.000767395 9.30095e-05 1.9303e-05 
0.00033789 0.000440414 6.50513e-05 
0.000921647 1.80109e-05 6.59689e-05 
0.00093722 0.000116599 1.90734e-05 
0.000470045 0.000358831 7.85216e-05 
0.000955276 0.000138126 8.85043e-05 
0.000698858 0.000416605 8.33155e-05 
1.84736e-05 0.000163494 1.8473e-05 
0.000504802 3.22149e-05 5.34262e-05 
0.000271744 0.000380161 1.88678e-05 
0.000128656 8.14782e-05 7.47356e-05 
0.000194428 0.000342811 1.7376e-05 
0.00079373 0.00042714 1.79404e-05 
0.000852836 0.000113197 3.79875e-05 
0.000309844 0.000354131 7.1401e-05 
0.000544456 0.000256562 4.12884e-05 
0.000776605 3.99762e-05 1.70273e-05 
0.000662207 0.000110097 4.64018e-05 
0.000659451 0.000162199 2.04648e-05 
5.54101e-05 0.000380028 8.70303e-05 
0.000163359 0.000481007 9.72308e-05 
0.000658961 0.00046556 1.70774e-05 
6.25021e-05 0.000474094 2.19685e-05 
0.000104912 0.000320917 4.88806e-05 
0.000883291 0.000172132 9.72439e-05 
0.000566556 0.000274901 6.25679e-05 
0.000581435 9.9542e-05 8.93277e-05 
2.2576e-05 0.000481273 1.87238e-05 
0.000785453 0.000321447 4.67999e-05 
8.75712e-05 2.7076e-05 6.27466e-05 
0.000468138 0.000225068 8.67239e-05 
0.000369328 0.000476532 2.34688e-05 
1.81112e-05 0.000405842 6.65706e-05 
0.000355659 0.000377962 5.99433e-05 
2.18926e-05 0.000298753 2.18929e-05 
0.000829331 2.31105e-05 0.00010206 
0.000245683 0.000268473 4.27429e-05 
0.000365992 0.000366549 2.06417e-05 
0.000929938 7.25262e-05 1.79199e-05 
0.000272835 9.68139e-05 1.78366e-05 
