0.00084361 0.000421663 3.10534e-05 
7.96071e-05 0.000292739 6.12817e-05 
0.000533145 0.000221094 9.01257e-05 
0.000319319 0.000248116 6.12889e-05 
0.000691121 0.000331046 6.74524e-05 
0.000367794 6.27014e-05 7.3783e-05 
0.000755038 0.000194445 3.09915e-05 
0.000885725 0.000288408 3.57907e-05 
0.00051572 3.93821e-05 9.44547e-05 
0.000774732 0.000235877 8.57294e-05 
0.000633973 0.000365932 2.42393e-05 
0.000186136 0.000381982 1.97434e-05 
0.000830101 0.000286645 7.64018e-05 
0.000203811 0.000214307 7.29172e-05 
0.000489482 0.000388022 3.62711e-05 
0.000808906 0.000158542 6.25804e-05 
0.000441844 0.000340328 5.43045e-05 
0.000232876 0.000362844 2.52284e-05 
0.000524698 0.000161211 3.33658e-05 
0.000891803 0.000234831 1.89339e-05 
0.000918501 0.00033283 6.16362e-05 
0.000419237 0.000299956 5.42988e-05 
0.000943089 5.27725e-05 5.34831e-05 
0.000839543 5.50257e-05 6.52043e-05 
0.000688026 9.15941e-05 2.14024e-05 
0.000276231 0.000303848 2.06132e-05 
8.37173e-05 0.000231003 8.62051e-05 
0.00056362 0.000233626 1.97568e-05 
0.000159482 9.07554e-05 2.9833e-05 
0.000951015 0.00044164 8.90424e-05 
0.00051507 0.000217538 3.31033e-05 
0.000971312 0.000221237 5.67517e-05 
0.000897218 0.00013458 2.57059e-05 
0.000775229 2.10139e-05 4.96463e-05 
6.67483e-05 0.00026021 2.19103e-05 
0.000743228 0.000353109 9.56273e-05 
0.000617022 0.000433914 9.10891e-05 
0.000314248 0.000153638 9.43807e-05 
0.000330546 0.000200379 6.6998e-05 
0.000331559 0.000177876 1.87157e-05 
0.00029517 0.000298425 7.72763e-05 
0.000475958 0.000303956 3.28578e-05 
0.000462292 2.31829e-05 6.83831e-05 
0.000336494 0.000102616 5.70135e-05 
0.000978191 0.000404203 2.18026e-05 
0.000598252 0.000481877 5.6102e-05 
0.000540054 0.000352059 7.30631e-05 
0.000723955 0.000173743 6.589e-05 
0.000395024 0.000228399 6.5094e-05 
0.000386094 0.000280601 9.17642e-05 
0.000265684 0.000383555 7.92382e-05 
0.000574395 0.000156518 4.949e-05 
0.000796013 5.3098e-05 8.16936e-05 
0.000845245 0.000462992 7.35232e-05 
9.21215e-05 5.94404e-05 8.04721e-05 
0.000192808 0.000110062 8.16664e-05 
0.000972464 8.71318e-05 2.75367e-05 
0.00051323 0.000425372 7.61441e-05 
0.000212552 0.00010115 2.45086e-05 
0.000366733 0.000415642 3.12558e-05 
0.000475702 0.000168693 2.60621e-05 
0.000283832 0.000413655 4.09053e-05 
0.000586964 0.000355997 2.37087e-05 
0.000802105 0.000190764 1.71766e-05 
0.000542216 7.49517e-05 5.98942e-05 
0.000240341 6.90207e-05 6.08692e-05 
0.000514306 0.000479768 1.73977e-05 
0.000396928 6.71788e-05 3.08112e-05 
0.000969975 0.000171159 6.2216e-05 
0.000890412 0.000178716 1.93953e-05 
0.00059504 0.000405727 7.59178e-05 
0.000620175 0.000131484 7.17567e-05 
0.000397989 0.00035981 6.65729e-05 
0.000694354 0.000382833 4.62577e-05 
0.000652354 6.45995e-05 6.36388e-05 
0.000158277 5.54148e-05 7.16342e-05 
0.000865514 0.000165032 5.66982e-05 
0.000444962 0.000115078 3.66389e-05 
0.000617369 0.000197653 8.18591e-05 
0.000708417 0.000127243 4.7578e-05 
0.000785597 0.000150646 2.30049e-05 
6.01837e-05 0.000341724 5.43117e-05 
0.000176969 0.000390506 5.4503e-05 
0.00042439 0.000440329 6.9015e-05 
0.000580115 0.00023654 5.90276e-05 
0.000792185 0.000385055 4.78457e-05 
2.9913e-05 0.000435001 2.99128e-05 
0.000344676 0.000277133 5.06133e-05 
0.000176712 0.000428748 2.88165e-05 
0.000152458 0.000272502 2.03575e-05 
0.000278021 5.64809e-05 2.3277e-05 
0.000822251 0.000474151 2.5851e-05 
0.000667621 0.000146975 5.53333e-05 
0.000980947 0.00029515 1.74972e-05 
0.000132463 0.00025172 5.60972e-05 
0.000867849 0.000334674 8.62e-05 
0.000209469 2.35556e-05 6.17244e-05 
0.000928171 0.000210636 8.19312e-05 
0.000351876 0.000327962 7.5187e-05 
0.000419064 0.000183701 3.29447e-05 
0.000564101 0.000422075 5.78783e-05 
0.000777052 0.000479723 2.00578e-05 
0.000730667 0.000364971 4.86467e-05 
0.000792885 0.000123122 8.52753e-05 
0.000420872 2.45942e-05 1.93649e-05 
0.000820419 2.92565e-05 2.92559e-05 
0.000294208 6.87114e-05 6.43938e-05 
0.000730309 0.000249681 7.06918e-05 
7.55288e-05 0.000214534 2.4683e-05 
0.000680419 0.000179698 6.2343e-05 
0.000613599 0.000175816 2.64943e-05 
0.000397016 0.000266711 2.69506e-05 
0.00097175 0.000267082 7.30632e-05 
0.000652183 0.000276469 7.87143e-05 
0.00093863 0.000244813 3.02693e-05 
0.000596407 0.000132202 2.07363e-05 
8.70011e-05 0.000415074 3.03964e-05 
0.000131465 0.000436147 6.89301e-05 
0.000495084 0.000261587 5.17024e-05 
7.95085e-05 0.000166589 6.86625e-05 
0.000689234 0.000482755 1.72096e-05 
0.000648259 0.000383514 8.1093e-05 
0.000123144 0.000200115 4.45372e-05 
0.000309253 0.000273323 2.45239e-05 
0.000516364 0.000270303 2.1038e-05 
0.000767674 0.000178906 8.36456e-05 
0.000237334 0.000448706 7.09667e-05 
0.000977356 2.26424e-05 6.5514e-05 
0.000677462 0.000353678 2.10511e-05 
0.000229456 0.000223651 2.7678e-05 
0.00090903 0.000405105 3.6655e-05 
0.000413867 2.49876e-05 6.31541e-05 
0.000686292 2.77979e-05 5.08151e-05 
0.000766978 0.000475394 6.29675e-05 
0.000537183 0.000395571 5.96802e-05 
0.000456615 0.0001653 8.72591e-05 
0.000658728 0.000213948 3.29399e-05 
0.000412252 8.71061e-05 9.00731e-05 
0.000266982 0.000468755 3.12453e-05 
0.000979277 0.000403352 7.60013e-05 
0.000165922 0.000161085 6.00671e-05 
0.000914109 9.67325e-05 3.72427e-05 
0.000648112 0.000320816 2.30563e-05 
0.000360315 0.00041076 8.52907e-05 
0.000316034 0.000406909 7.27012e-05 
0.000872673 0.00012186 6.56223e-05 
0.000187088 0.000238013 1.80802e-05 
0.000691272 0.000432093 3.07159e-05 
5.5361e-05 2.89694e-05 2.8969e-05 
0.000542616 2.53003e-05 2.53003e-05 
0.000718595 0.000298169 2.06417e-05 
0.000884722 4.07839e-05 3.64702e-05 
0.000212632 0.000269293 1.83519e-05 
0.000912883 0.000134205 7.48745e-05 
0.000298873 0.00017271 4.56484e-05 
0.000795967 0.000333307 8.11143e-05 
0.000525768 0.000264623 7.33705e-05 
0.000732738 0.000289324 5.69469e-05 
0.000197767 0.000319454 6.76878e-05 
0.000800207 0.000442458 5.59094e-05 
0.000824309 0.000227927 2.07613e-05 
0.000600222 0.000406392 2.8632e-05 
2.61557e-05 0.000120328 2.61554e-05 
0.000466908 0.000322627 7.98101e-05 
0.000443013 0.000477013 5.28295e-05 
4.70648e-05 0.000394031 4.88174e-05 
0.000382196 0.00031968 2.80227e-05 
0.000556019 0.000421856 1.91484e-05 
0.000265486 0.000116131 4.9473e-05 
0.000911056 7.8312e-05 6.84994e-05 
0.000614777 0.000252229 8.20264e-05 
0.000803552 0.000209043 5.97208e-05 
0.000437628 0.000373994 3.53959e-05 
0.000248224 0.000121169 1.70676e-05 
0.000746105 2.03281e-05 2.03289e-05 
0.000396073 0.000137969 1.98845e-05 
0.000348794 0.000251144 2.0945e-05 
0.000259228 0.000337306 5.51074e-05 
0.000717808 8.15026e-05 5.58217e-05 
0.000758142 0.000311802 1.85839e-05 
0.000866196 0.000411278 8.09124e-05 
0.000637239 0.000126838 2.04335e-05 
0.000617502 2.20126e-05 2.88444e-05 
0.0003292 0.000482962 1.70348e-05 
0.000579177 0.000111016 4.79176e-05 
0.000124822 0.000126483 5.62911e-05 
0.000193565 0.000471916 6.22298e-05 
0.000192444 6.46763e-05 5.14204e-05 
2.19515e-05 4.60521e-05 6.33881e-05 
6.5751e-05 0.000306446 2.25125e-05 
0.000681222 0.000243995 6.94224e-05 
2.25204e-05 0.000477478 5.97491e-05 
0.000759704 0.000429944 5.17467e-05 
0.000445979 0.000255644 6.14356e-05 
0.000623555 0.000454275 2.08291e-05 
0.000837334 7.26768e-05 1.7535e-05 
0.000299296 0.000129507 2.4261e-05 
0.000934378 0.000459628 2.4653e-05 
0.000631687 0.00047795 7.8029e-05 
0.000195724 0.000420473 8.00165e-05 
0.000968303 0.000482858 1.71402e-05 
0.000832176 0.000333114 3.29518e-05 
6.10548e-05 0.000439019 8.23945e-05 
0.00045613 0.00043903 2.56006e-05 
0.000774009 0.000118115 4.87012e-05 
0.000742488 0.000327275 5.07294e-05 
0.000611939 0.000298339 8.81959e-05 
0.000121321 0.000464548 2.16539e-05 
0.000762996 0.000238216 5.02631e-05 
0.000807002 0.000108487 2.29182e-05 
0.000728938 0.000404753 5.14832e-05 
0.000469777 0.000430427 6.92978e-05 
0.000542373 0.000159855 7.3203e-05 
0.00033916 0.000141947 1.7969e-05 
0.000610509 0.000279415 3.39188e-05 
0.000185843 0.000264332 5.83978e-05 
0.000495632 0.000102701 6.94502e-05 
0.000564674 0.000191514 2.24177e-05 
0.000434705 0.000482273 1.77267e-05 
0.000508173 0.00017965 7.0383e-05 
0.000747552 0.000129857 2.04259e-05 
0.00022584 0.000177357 1.9478e-05 
9.97962e-05 0.000411484 0.000103048 
0.000499493 0.000340203 5.86121e-05 
4.61136e-05 0.000197043 5.02362e-05 
0.000674353 0.000275047 3.01818e-05 
0.000578156 2.00199e-05 5.29208e-05 
0.000137258 0.000381102 3.02613e-05 
3.16795e-05 0.000276914 6.98512e-05 
0.000380744 0.000455114 5.63158e-05 
0.000538831 0.00030114 1.72964e-05 
0.000849258 9.28179e-05 6.9908e-05 
0.000729047 9.42183e-05 1.97362e-05 
7.97121e-05 0.000171354 1.90544e-05 
5.73316e-05 0.000371039 1.99488e-05 
0.00027884 0.00020272 7.78493e-05 
0.000975343 0.000211867 2.00979e-05 
0.000274513 0.00024244 2.15252e-05 
0.000834512 0.000184995 9.16386e-05 
0.000887651 0.000348326 2.5103e-05 
0.000675107 0.000128153 1.7561e-05 
2.25684e-05 0.000255069 2.25664e-05 
0.000714145 0.000234729 2.65795e-05 
0.000111329 0.000239325 1.92059e-05 
0.000944232 0.000153032 1.71481e-05 
0.000889255 0.000444861 6.85516e-05 
0.000420848 0.000406978 2.19548e-05 
0.000109185 5.60184e-05 3.13139e-05 
0.000576561 0.000317383 6.21458e-05 
0.000866076 0.000207699 1.8459e-05 
0.000248921 0.000185628 4.99616e-05 
2.11345e-05 0.000366449 6.00657e-05 
0.000774179 0.000276937 6.71489e-05 
0.000241342 2.50545e-05 2.50545e-05 
0.000797752 6.87206e-05 1.76981e-05 
0.000250693 0.000270373 7.97192e-05 
0.000295994 0.000444577 6.63742e-05 
0.000702048 0.00017505 2.56847e-05 
0.000364771 0.000116648 1.80333e-05 
0.000959008 0.000427791 5.05572e-05 
0.000167471 0.000190998 2.17742e-05 
0.000128927 0.000324924 2.0997e-05 
0.000978652 0.000122328 6.2381e-05 
0.000210501 5.71628e-05 1.97781e-05 
0.000978449 0.000135493 2.15512e-05 
0.000794956 0.000290427 2.43334e-05 
0.000382123 0.000481843 8.06851e-05 
7.93715e-05 0.000125704 2.73443e-05 
0.000442669 0.000393044 7.67082e-05 
0.000130641 0.000328006 7.03897e-05 
0.000462668 2.26083e-05 2.26027e-05 
0.000941938 0.000396909 7.85409e-05 
0.000934644 0.000353956 2.23082e-05 
0.000230339 0.000311443 2.62432e-05 
0.000351751 0.000234631 8.28822e-05 
0.000824181 0.000415598 7.56924e-05 
0.00097306 0.000473243 5.96919e-05 
0.000229214 0.000139509 4.75029e-05 
0.000395975 0.000191288 0.000117238 
0.000116833 0.000156871 2.08344e-05 
0.000281794 0.000344195 2.01104e-05 
0.000370361 1.97733e-05 7.22671e-05 
0.000644237 0.000439039 5.73335e-05 
2.02776e-05 0.000386695 2.02777e-05 
0.000525235 0.00048267 5.02319e-05 
0.000972974 0.000323711 6.0652e-05 
0.000597418 0.000444233 5.8404e-05 
0.000940995 0.00030808 2.4038e-05 
0.000368126 0.000163619 1.80001e-05 
0.000601171 7.52817e-05 6.14516e-05 
0.000882024 9.19636e-05 5.1869e-05 
0.00093667 2.11425e-05 2.11442e-05 
0.000444954 5.78152e-05 1.71709e-05 
0.000680927 0.000472174 7.21134e-05 
0.00070044 5.24223e-05 8.67159e-05 
0.000763783 0.00044442 1.77049e-05 
0.000334082 3.84921e-05 3.53009e-05 
0.000336788 0.000479402 5.3727e-05 
0.000673736 5.20611e-05 2.06406e-05 
0.000323578 0.000323026 2.72732e-05 
0.000481688 7.65648e-05 1.93223e-05 
0.000101115 0.000370097 7.58611e-05 
0.000218139 0.000383911 6.23998e-05 
0.000507479 0.000113951 2.66771e-05 
1.92711e-05 5.94771e-05 1.92707e-05 
0.000501711 1.71878e-05 1.71847e-05 
0.000832909 0.000374822 8.51782e-05 
0.000308778 8.4504e-05 1.85936e-05 
4.64966e-05 0.000185463 1.70875e-05 
0.000168443 0.000219231 4.94015e-05 
0.00057184 0.000316268 1.9054e-05 
0.000424597 0.000323533 9.26866e-05 
0.000461772 0.000213742 2.06968e-05 
0.000822862 0.000119126 5.94784e-05 
0.000838234 0.000237393 7.25958e-05 
0.000182926 0.000302217 2.22262e-05 
0.000613403 0.000330117 4.18002e-05 
0.000542172 1.98732e-05 7.01432e-05 
0.000644503 0.000420587 1.88799e-05 
0.000845866 1.83608e-05 6.79995e-05 
0.000317281 0.000442989 2.55335e-05 
0.000427968 0.000316754 1.87675e-05 
0.000982653 6.22495e-05 6.34751e-05 
0.000318814 0.00037911 2.90377e-05 
2.00784e-05 0.000218537 6.78991e-05 
0.000126927 0.000162327 8.54281e-05 
0.000165135 0.000338805 3.65139e-05 
0.000942517 0.000105695 5.75306e-05 
0.00040828 0.000450861 2.37265e-05 
0.000472045 0.000205272 5.62566e-05 
6.20934e-05 0.000482604 6.0811e-05 
0.000485691 0.000474195 6.51589e-05 
0.000860582 0.000376027 5.14308e-05 
0.000137624 0.000482501 5.2392e-05 
0.000149687 0.000232487 1.97602e-05 
0.000498368 0.000447948 1.81857e-05 
0.000761431 4.52687e-05 7.65598e-05 
0.000752491 0.000150134 5.3711e-05 
0.000262288 0.000157428 2.21475e-05 
0.000476323 0.000252174 2.03994e-05 
0.000572915 9.26856e-05 1.79211e-05 
0.000806554 1.87206e-05 7.39629e-05 
0.000604942 0.000224143 2.27451e-05 
0.000716935 0.000339627 2.08493e-05 
0.000885901 9.1332e-05 1.75244e-05 
0.000165673 3.06246e-05 3.06231e-05 
0.000614457 2.35285e-05 7.18183e-05 
0.000599604 0.000356099 6.65499e-05 
0.000717485 5.29929e-05 2.31929e-05 
0.000211558 0.000166669 8.19731e-05 
0.000553354 0.000465159 2.45715e-05 
0.00075183 0.000268473 2.40612e-05 
0.000731177 0.000473252 2.67478e-05 
0.000547046 0.000380655 2.32142e-05 
0.000612334 9.29058e-05 2.1673e-05 
0.000778281 0.00042107 8.24598e-05 
0.000538331 0.000294817 5.19865e-05 
0.000753127 0.000397293 7.92176e-05 
2.42627e-05 0.000343977 2.26355e-05 
0.000667292 0.000391418 1.81426e-05 
0.000559034 0.000467125 7.84723e-05 
0.000149593 0.000301935 4.51169e-05 
0.000379955 0.000153818 5.30025e-05 
0.000921574 0.000474255 7.11507e-05 
0.0007222 0.000385778 1.84423e-05 
5.66566e-05 8.09283e-05 2.30417e-05 
0.000649125 1.83866e-05 5.37245e-05 
0.000593773 0.000480866 1.91316e-05 
0.000565045 0.000196058 6.53106e-05 
0.000405475 0.000403674 5.7858e-05 
0.000171086 1.83567e-05 7.7731e-05 
0.000199132 0.000184584 4.3426e-05 
0.000406299 0.000362078 1.96258e-05 
0.000387962 0.000113623 5.14519e-05 
0.000499242 0.000350878 9.23293e-05 
0.000791804 8.11295e-05 5.42733e-05 
0.000806474 0.00025393 4.61617e-05 
0.000698549 0.000279376 7.42792e-05 
0.00083107 0.000152862 2.25268e-05 
0.000571094 0.000382616 5.77901e-05 
0.000982125 0.000174576 1.7873e-05 
0.000153906 0.000139454 2.01361e-05 
0.000481555 5.44249e-05 8.55967e-05 
0.000277959 2.38898e-05 5.5916e-05 
2.04173e-05 0.000212203 2.041e-05 
0.000641163 0.000318786 6.46497e-05 
0.000273259 0.000200014 2.09012e-05 
0.000706576 0.000217687 6.9021e-05 
0.000581191 4.46547e-05 8.38618e-05 
0.000536288 0.000128217 5.82852e-05 
0.000276879 0.000246407 6.41949e-05 
0.000922417 0.000170675 4.48401e-05 
0.000880785 0.000267299 9.39916e-05 
0.000583588 5.26483e-05 2.39512e-05 
4.68378e-05 0.000235308 4.75591e-05 
0.000193218 0.00036279 8.53127e-05 
0.000835577 0.000192273 3.16191e-05 
5.81944e-05 6.39696e-05 6.09888e-05 
0.000234075 0.000417565 2.96315e-05 
0.000687095 9.68636e-05 7.75406e-05 
2.27444e-05 0.000327981 8.11178e-05 
0.00055396 0.000127562 2.19809e-05 
0.000756754 6.10803e-05 4.15674e-05 
0.000958886 0.000377649 4.97436e-05 
0.000476724 0.000479702 2.02958e-05 
0.000383061 1.88935e-05 1.88478e-05 
0.000977328 3.73994e-05 2.26717e-05 
0.000311831 2.52932e-05 9.00944e-05 
0.000456166 0.000348776 1.82652e-05 
0.00097845 0.000352 2.15481e-05 
0.000364858 0.000136734 8.96555e-05 
0.000801963 0.00047863 9.20227e-05 
0.000464656 8.3983e-05 7.67667e-05 
0.000155988 0.00020253 8.23605e-05 
0.000918935 0.000259691 7.21176e-05 
0.00052355 0.000339267 2.43851e-05 
5.27451e-05 0.000104297 6.32324e-05 
0.000116173 0.000103186 1.70138e-05 
0.000163296 0.000477671 2.23284e-05 
0.0009005 0.000368628 7.53106e-05 
0.000489742 6.93291e-05 5.48276e-05 
0.000742191 0.000297806 9.89122e-05 
0.000949337 0.000356747 8.35785e-05 
0.000324533 0.000468081 9.45925e-05 
8.99102e-05 9.31652e-05 5.59761e-05 
0.000743475 0.00010746 7.18812e-05 
0.000365008 0.000207068 2.63265e-05 
0.000526182 0.000434734 3.77431e-05 
0.000217449 0.000479453 2.0547e-05 
9.46495e-05 0.000351355 2.23071e-05 
0.000118042 0.000289963 6.70002e-05 
0.000314942 0.000219273 2.5216e-05 
0.000244645 0.000225589 7.0108e-05 
0.000889437 0.000203644 4.81934e-05 
0.00012907 2.22778e-05 6.78944e-05 
0.000933673 0.000291981 6.26413e-05 
1.80679e-05 8.29184e-05 4.83098e-05 
0.000937585 0.000197556 1.83511e-05 
0.000894235 0.000239185 5.54042e-05 
0.000496633 0.000142981 5.90964e-05 
0.000881609 0.000470573 2.94246e-05 
0.000508381 0.00030537 8.00276e-05 
8.92417e-05 0.000461912 4.71151e-05 
0.000752701 0.000408609 1.96558e-05 
0.00030018 0.000482316 6.45327e-05 
0.000756851 0.000352152 2.09858e-05 
0.00069872 1.72563e-05 1.72491e-05 
0.000634359 5.84679e-05 1.92772e-05 
0.000196266 0.000358344 4.63952e-05 
0.000266262 0.000151969 6.15671e-05 
0.000340272 0.000159464 5.15152e-05 
0.000471232 0.000287872 8.63016e-05 
0.000561915 0.00027504 1.75457e-05 
0.000288914 1.75521e-05 1.75518e-05 
0.000429568 0.000236197 1.84385e-05 
0.000157383 0.000360151 7.01346e-05 
0.000858811 0.000239617 3.90992e-05 
0.000655777 1.79759e-05 1.79773e-05 
0.000243179 0.000302414 6.7389e-05 
0.000404146 0.000481789 5.17446e-05 
0.000727646 2.23986e-05 5.87916e-05 
0.000979241 0.000446763 2.07519e-05 
0.000834857 0.000268306 2.08979e-05 
0.000442249 6.04689e-05 5.52828e-05 
0.00019415 0.000151045 2.17759e-05 
0.000945525 8.1369e-05 8.36248e-05 
0.000350608 0.000289108 1.72427e-05 
0.000131715 0.000426918 1.75954e-05 
0.000107973 0.000283551 2.56082e-05 
0.000371134 0.000189106 6.73775e-05 
0.000784263 0.000234502 1.9825e-05 
0.000509736 5.15355e-05 1.74838e-05 
0.000768049 9.26066e-05 1.93028e-05 
0.000338885 0.000441209 6.46471e-05 
0.000923102 1.80059e-05 6.77145e-05 
0.000938033 0.00011739 1.90744e-05 
0.000468659 0.000358392 7.60568e-05 
0.00095416 0.000137237 8.91393e-05 
0.000699764 0.000417133 8.34959e-05 
1.84729e-05 0.000163614 1.84736e-05 
0.000504484 3.22407e-05 5.34108e-05 
0.000272103 0.000381915 1.88527e-05 
0.000128253 8.14781e-05 7.4061e-05 
0.000198122 0.000339477 1.7374e-05 
0.000795286 0.000427734 1.79414e-05 
0.000852966 0.000112753 3.05777e-05 
0.000308508 0.000353952 7.22875e-05 
0.000545348 0.000256788 4.21465e-05 
0.000777264 4.06684e-05 1.70277e-05 
0.000661175 0.000108901 4.59806e-05 
0.00065808 0.000162028 2.04644e-05 
5.21917e-05 0.000380693 8.6881e-05 
0.000153503 0.00048101 8.52091e-05 
0.000659548 0.000465578 1.70773e-05 
5.98837e-05 0.000476603 2.19683e-05 
0.000100409 0.000320331 4.575e-05 
0.000893312 0.000176182 8.97042e-05 
0.000567218 0.000275654 6.32068e-05 
0.000580738 9.99544e-05 9.06986e-05 
1.95785e-05 0.00048126 1.87239e-05 
0.000782884 0.000327223 3.91339e-05 
9.06034e-05 1.93811e-05 5.78381e-05 
0.000475277 0.000225276 8.40287e-05 
0.000368683 0.000476534 2.3465e-05 
1.80972e-05 0.00040678 6.69122e-05 
0.00035468 0.000376933 6.06746e-05 
2.18929e-05 0.000299518 2.18929e-05 
0.000831004 2.98724e-05 9.96786e-05 
0.000245796 0.000268409 4.0942e-05 
0.000365662 0.000364853 2.06417e-05 
0.000930331 7.21455e-05 1.79165e-05 
0.000273366 9.69656e-05 1.78379e-05 
