0.000828038 0.000408435 3.10557e-05 
8.2531e-05 0.00029539 9.21888e-05 
0.000522278 0.000207903 0.000126814 
0.000315774 0.000239138 0.000147197 
0.000682712 0.000333512 6.47374e-05 
0.00036391 7.91507e-05 0.000124995 
0.000738145 0.000208247 5.54294e-05 
0.000862284 0.000292945 6.94914e-05 
0.000525144 5.54468e-05 0.000166364 
0.000782773 0.000237932 0.000161112 
0.000637385 0.000369054 5.42076e-05 
0.000175231 0.000389924 1.9756e-05 
0.000827522 0.000305704 0.00012475 
0.000210433 0.000220328 9.7078e-05 
0.000489238 0.00038096 3.62694e-05 
0.00080486 0.000162102 0.000113554 
0.000439735 0.000373453 8.85024e-05 
0.000236056 0.000359525 2.57745e-05 
0.000524075 0.00014108 7.93587e-05 
0.000887172 0.000241296 1.89334e-05 
0.000916104 0.000333049 6.76458e-05 
0.000418145 0.000309833 6.13176e-05 
0.000939274 6.22264e-05 7.92299e-05 
0.000871985 4.24315e-05 0.000105218 
0.000694723 9.15652e-05 4.05443e-05 
0.000258354 0.000304373 7.15386e-05 
8.81468e-05 0.000233997 0.000101328 
0.000556311 0.00023667 1.97555e-05 
0.000173908 9.18169e-05 3.26115e-05 
0.000971079 0.000462443 0.000158346 
0.000521792 0.000212293 5.42499e-05 
0.000964136 0.000205492 7.99765e-05 
0.000880346 0.000143692 2.57037e-05 
0.000763509 2.74411e-05 9.43341e-05 
5.76877e-05 0.000259904 5.92407e-05 
0.000718313 0.000338909 0.000127714 
0.000610149 0.000437586 0.000154802 
0.000306225 0.000175088 0.000130519 
0.000346152 0.000223002 9.39839e-05 
0.000322277 0.000180749 3.76709e-05 
0.000311105 0.000306972 9.02318e-05 
0.000486128 0.000309151 3.28952e-05 
0.000453284 3.25216e-05 9.80028e-05 
0.000347371 0.000105864 6.8364e-05 
0.000963408 0.000400681 3.7429e-05 
0.000573937 0.000464159 0.000107196 
0.000548763 0.000348107 0.000114688 
0.000703023 0.000160468 0.000136701 
0.000390354 0.000227805 7.03289e-05 
0.000412948 0.000255072 0.000117896 
0.000251396 0.000380657 0.000134693 
0.000564727 0.000173344 9.07969e-05 
0.000799119 5.31054e-05 0.000170031 
0.000849315 0.00046078 0.000112252 
9.20807e-05 6.27189e-05 0.000138836 
0.000162826 9.41407e-05 9.63967e-05 
0.000961999 8.45838e-05 2.76024e-05 
0.000516731 0.000416899 0.000130656 
0.000227494 9.60488e-05 2.44949e-05 
0.000358769 0.000427848 3.12908e-05 
0.000493075 0.000165068 2.61186e-05 
0.000289072 0.000407068 6.19004e-05 
0.000606661 0.000348353 2.37095e-05 
0.000789871 0.000183723 3.72177e-05 
0.000550654 8.50362e-05 7.42968e-05 
0.00022757 9.23042e-05 8.10056e-05 
0.000518721 0.000465777 3.99314e-05 
0.00039574 7.62627e-05 3.08248e-05 
0.000959769 0.000182299 0.000124813 
0.000890299 0.000191036 2.30803e-05 
0.000575155 0.000396868 0.000143842 
0.000623106 0.000142098 0.000119527 
0.000393656 0.000370318 0.000110391 
0.000679856 0.000387288 6.46199e-05 
0.000646942 6.81478e-05 0.000114043 
0.000157241 4.24915e-05 8.75286e-05 
0.000877814 0.000154202 7.78023e-05 
0.000454575 0.0001088 3.66497e-05 
0.000631444 0.000207745 0.000129941 
0.000705524 0.000151135 7.4029e-05 
0.000806285 0.00015872 6.43924e-05 
6.89871e-05 0.000341082 0.000111553 
0.000145943 0.000377839 0.000101147 
0.000441509 0.000430097 0.000115196 
0.000606421 0.000244418 8.22224e-05 
0.0007879 0.000376399 7.33817e-05 
2.99168e-05 0.000434365 2.99737e-05 
0.00035137 0.000289286 0.000160933 
0.000182839 0.000437086 2.88112e-05 
0.000143704 0.000278086 2.56231e-05 
0.000274543 6.37411e-05 2.75353e-05 
0.000822249 0.000452908 6.60839e-05 
0.00068666 0.000131593 0.000164147 
0.000980168 0.000296748 4.1327e-05 
0.000118931 0.000270774 6.27434e-05 
0.000888521 0.000323798 0.000131472 
0.000213184 4.40664e-05 0.000129831 
0.000901144 0.000208631 0.000145893 
0.000372212 0.000324696 8.4245e-05 
0.000426172 0.000197359 3.2929e-05 
0.000568031 0.00039391 9.15068e-05 
0.000761056 0.000463684 2.76129e-05 
0.000706508 0.000375992 9.62335e-05 
0.000784781 0.000113943 0.000151101 
0.000411124 4.35284e-05 8.1027e-05 
0.000828 3.03113e-05 2.92559e-05 
0.000288509 8.24372e-05 0.000130449 
0.000725362 0.000259382 0.000113061 
9.30573e-05 0.000213355 4.00161e-05 
0.000672632 0.000193845 0.00010468 
0.000604161 0.00017741 4.33896e-05 
0.000400277 0.000269203 2.69854e-05 
0.000967818 0.000246401 0.00011539 
0.000641041 0.000273275 0.000136897 
0.000934807 0.000247988 3.06537e-05 
0.000606093 0.000128776 2.0735e-05 
8.13824e-05 0.000411033 5.13158e-05 
0.000160105 0.000434398 8.64383e-05 
0.000490743 0.000296129 0.000107165 
6.92508e-05 0.000148097 0.000108384 
0.00067585 0.000465016 6.11146e-05 
0.00065307 0.000378767 0.000115099 
0.000134129 0.000198724 7.19105e-05 
0.000308282 0.000270292 2.45841e-05 
0.000526693 0.000287258 6.30848e-05 
0.000754439 0.000186412 0.000127075 
0.00024773 0.000466168 0.00013808 
0.000971377 3.5544e-05 0.000115088 
0.000675647 0.000363418 2.10511e-05 
0.000237047 0.000241808 5.69504e-05 
0.0008951 0.000400627 3.67099e-05 
0.0004128 3.95911e-05 0.000125178 
0.000702885 4.69063e-05 9.38367e-05 
0.000759358 0.000469722 0.000128738 
0.000510547 0.00039137 9.95651e-05 
0.00045126 0.00016165 8.57907e-05 
0.000654852 0.000206852 3.30034e-05 
0.000428378 0.000105534 0.00012514 
0.000264987 0.000462265 6.1874e-05 
0.000977204 0.000381488 0.000120705 
0.000159784 0.000167095 0.000110039 
0.000901565 9.77173e-05 9.78953e-05 
0.000658562 0.000305986 2.30617e-05 
0.000356766 0.000414566 0.000144402 
0.000318906 0.000393141 0.000107608 
0.000869105 0.000125264 0.00015729 
0.000191176 0.00023255 1.80911e-05 
0.000706791 0.000437971 3.07192e-05 
6.04301e-05 2.89782e-05 5.20787e-05 
0.000537604 3.11645e-05 3.00969e-05 
0.00073214 0.000295715 4.70024e-05 
0.000898434 4.65625e-05 3.66352e-05 
0.00022533 0.000263942 1.83484e-05 
0.000910128 0.000145897 0.000142353 
0.000307326 0.000157821 7.88074e-05 
0.00078693 0.000347203 0.000127596 
0.000518719 0.000266057 0.000135717 
0.00072023 0.000301614 9.42045e-05 
0.000202738 0.000317562 9.29944e-05 
0.000786786 0.000445272 9.89457e-05 
0.000829664 0.000228178 2.07609e-05 
0.000610496 0.000406766 2.86321e-05 
2.60753e-05 0.000112009 2.61679e-05 
0.000461081 0.000329604 0.000141899 
0.000466043 0.000466611 0.000110762 
3.08166e-05 0.000392229 0.000125271 
0.000375861 0.000330208 2.80202e-05 
0.000556225 0.000409031 3.98348e-05 
0.000283285 0.000114098 9.33363e-05 
0.000907186 6.29484e-05 0.000149961 
0.000597455 0.000239831 0.000158263 
0.000812341 0.000211526 6.91205e-05 
0.000423256 0.0003884 5.6661e-05 
0.000249343 0.000128111 5.31299e-05 
0.000744873 3.66988e-05 4.13646e-05 
0.000399119 0.000136982 5.18495e-05 
0.00034931 0.000251034 5.98264e-05 
0.00024236 0.000346608 9.56565e-05 
0.000722261 8.25018e-05 0.000130992 
0.000756178 0.000316519 1.85818e-05 
0.000887808 0.00040809 0.000111853 
0.00063816 0.000138057 6.75276e-05 
0.00061204 3.84411e-05 5.94609e-05 
0.000349964 0.000470683 8.41792e-05 
0.000580564 0.000121463 9.86524e-05 
0.000122491 0.000123021 5.85096e-05 
0.000206515 0.00047125 6.80237e-05 
0.000199174 4.88757e-05 9.1626e-05 
4.73015e-05 6.24211e-05 0.000147726 
7.95621e-05 0.000324054 3.97213e-05 
0.000663651 0.000245838 0.000113434 
3.14919e-05 0.000465942 8.88789e-05 
0.000749005 0.000422764 0.00012205 
0.000445484 0.000265303 6.45348e-05 
0.000608613 0.000460815 4.37592e-05 
0.000826378 7.88352e-05 9.45604e-05 
0.000301649 0.000126357 3.83281e-05 
0.000913298 0.000458851 2.74858e-05 
0.000645181 0.000467139 0.000135166 
0.000201865 0.000409512 0.000126477 
0.00094908 0.000478658 1.88752e-05 
0.000825741 0.000338291 3.29643e-05 
4.8596e-05 0.000440893 0.000133279 
0.000463322 0.00044522 3.49169e-05 
0.000774266 0.000115011 0.000105405 
0.000745765 0.000325317 7.19525e-05 
0.000590863 0.000302737 0.000152903 
0.000104982 0.000454153 2.17848e-05 
0.000761054 0.000230214 0.000118966 
0.000808043 8.10667e-05 2.29185e-05 
0.000726752 0.000398112 5.549e-05 
0.000474088 0.000402891 9.63169e-05 
0.00056132 0.000149907 0.000148884 
0.000332563 0.000147456 1.79931e-05 
0.000598737 0.000286098 3.39789e-05 
0.000202255 0.00025795 0.000136837 
0.000509952 0.000105349 0.000144239 
0.000562234 0.000191457 2.24176e-05 
0.000425885 0.000474624 3.77698e-05 
0.000485244 0.000176126 0.000128024 
0.000748847 0.000134482 3.1348e-05 
0.000212673 0.000174524 3.95885e-05 
0.000109578 0.000434269 0.000162717 
0.000487723 0.000319897 8.20181e-05 
4.7568e-05 0.000188931 9.27363e-05 
0.000670971 0.000264267 5.37184e-05 
0.00059002 3.51519e-05 0.000111613 
0.00012776 0.000377969 3.03524e-05 
3.04557e-05 0.000289213 9.27949e-05 
0.000368116 0.000425709 0.000104815 
0.000536353 0.000301182 2.00019e-05 
0.000847861 8.0915e-05 0.00016104 
0.00073034 9.54737e-05 1.97362e-05 
6.9734e-05 0.000157826 1.90566e-05 
7.73015e-05 0.000371407 2.00146e-05 
0.000269885 0.000214215 0.00015042 
0.000965363 0.000207502 3.05897e-05 
0.000270037 0.000232506 2.15309e-05 
0.000831076 0.000174398 0.000154387 
0.000882595 0.000329402 2.51055e-05 
0.000671896 0.000125307 5.55639e-05 
2.33963e-05 0.000251899 3.18186e-05 
0.000719969 0.000254911 2.65939e-05 
0.000115216 0.000245078 1.92377e-05 
0.000947792 0.000144567 2.32973e-05 
0.000879901 0.000461171 7.75636e-05 
0.000429034 0.000414924 2.19538e-05 
0.000118084 6.57443e-05 3.13309e-05 
0.000575915 0.000309655 8.21323e-05 
0.00086949 0.000215202 5.33287e-05 
0.000263219 0.000193613 0.000109266 
3.14217e-05 0.000339964 8.42669e-05 
0.000782452 0.000276786 0.000108876 
0.000243244 3.56237e-05 6.08354e-05 
0.000792915 6.67252e-05 8.43524e-05 
0.000271576 0.000273738 0.000153266 
0.000301998 0.000437967 0.000122941 
0.000705452 0.000172772 2.56843e-05 
0.000344237 0.000109263 1.80825e-05 
0.000971908 0.000421075 0.000149591 
0.000162133 0.000174808 3.67683e-05 
0.000154017 0.000328102 2.09968e-05 
0.000970394 0.000102642 0.000111539 
0.000220563 5.22327e-05 2.59097e-05 
0.000962254 0.000136013 7.81062e-05 
0.000804144 0.00026684 2.4337e-05 
0.000396503 0.000475149 0.000153546 
6.89787e-05 0.000127297 5.41319e-05 
0.000445681 0.000380156 0.000136514 
0.000138479 0.0003101 0.000152343 
0.000476173 2.40948e-05 5.05809e-05 
0.000941849 0.000381186 0.000161677 
0.000924646 0.000351193 2.23092e-05 
0.000222981 0.000308803 2.62721e-05 
0.000365435 0.000218687 0.000148519 
0.000826651 0.000405952 0.000135194 
0.000956999 0.000467292 9.64059e-05 
0.000220919 0.000157912 7.80503e-05 
0.000423783 0.000179667 0.000150467 
0.000117403 0.000165678 2.88618e-05 
0.000275106 0.000317997 2.02788e-05 
0.000348229 2.66727e-05 0.00012892 
0.000660509 0.000449407 9.57671e-05 
2.63782e-05 0.0003893 5.22208e-05 
0.000504494 0.00047872 0.000131027 
0.000970689 0.000318058 7.92672e-05 
0.000623735 0.00041597 8.45755e-05 
0.00093551 0.000302437 2.40394e-05 
0.000366386 0.000183553 5.13698e-05 
0.000571099 7.48075e-05 0.000128173 
0.000880109 8.25358e-05 0.000127888 
0.000954523 2.24527e-05 2.29693e-05 
0.000448205 5.5181e-05 3.51661e-05 
0.000705744 0.000462002 0.000117191 
0.000687879 5.80247e-05 0.000148891 
0.000768355 0.000424381 6.91396e-05 
0.000343041 3.55111e-05 3.5348e-05 
0.000339764 0.000456186 0.000120449 
0.000661961 5.32004e-05 3.97438e-05 
0.000321501 0.000320147 2.98695e-05 
0.000503114 8.35613e-05 0.000101835 
0.000115466 0.000374281 0.000135631 
0.000233333 0.000402699 9.30301e-05 
0.000517055 0.000105876 2.66748e-05 
2.03689e-05 8.23521e-05 0.000122682 
0.000497905 2.31347e-05 1.72326e-05 
0.000859416 0.000380037 0.000148593 
0.000313377 8.07281e-05 1.86576e-05 
4.22012e-05 0.000204194 1.86817e-05 
0.000161054 0.000243072 0.000117563 
0.000558863 0.000321458 4.0141e-05 
0.000418448 0.000312518 0.000130278 
0.000479322 0.000216374 2.09084e-05 
0.000830763 0.000112028 0.000131376 
0.000845603 0.000257219 0.000138864 
0.000171347 0.000298159 5.4124e-05 
0.000623139 0.000328134 5.5582e-05 
0.000542144 3.90713e-05 0.000103513 
0.000650055 0.000430213 5.5639e-05 
0.000852954 2.38479e-05 0.000147018 
0.000304289 0.000443231 2.55883e-05 
0.000427381 0.000309446 2.21294e-05 
0.000972633 6.49694e-05 0.000160601 
0.000311048 0.000375515 2.90381e-05 
2.97884e-05 0.000209136 0.000140456 
0.000123205 0.000128434 0.000133596 
0.000167395 0.000345495 7.6889e-05 
0.000935185 0.000109089 0.000139356 
0.000413414 0.000453434 7.11478e-05 
0.000485069 0.000201158 9.60147e-05 
8.30149e-05 0.000470922 0.000116554 
0.000473493 0.000459585 0.000154075 
0.00087043 0.000362495 0.000100279 
0.000127131 0.000479178 8.74681e-05 
0.000161351 0.000221426 3.85808e-05 
0.000500581 0.000453583 8.3429e-05 
0.000766362 3.7776e-05 0.000147188 
0.000766671 0.000150504 8.48863e-05 
0.000254068 0.000154728 2.21469e-05 
0.00049566 0.000259347 5.61687e-05 
0.000599431 0.000104954 5.12594e-05 
0.000814169 2.16793e-05 0.000128445 
0.000599578 0.000227519 2.34616e-05 
0.000714382 0.000332852 2.09478e-05 
0.000871758 0.000110147 5.15883e-05 
0.000172155 3.13635e-05 3.06222e-05 
0.000597571 3.25264e-05 0.000162321 
0.000600334 0.000351169 0.000119408 
0.000708827 5.29712e-05 2.31926e-05 
0.000217723 0.000162495 0.000132288 
0.000556494 0.000461593 5.77367e-05 
0.000769499 0.00027519 6.05777e-05 
0.000730139 0.000473204 6.96448e-05 
0.000553432 0.000368465 2.3214e-05 
0.000621798 9.9834e-05 8.35263e-05 
0.00078201 0.000426169 0.000156835 
0.000537885 0.000304214 0.000120442 
0.000769109 0.000390074 0.000167115 
2.51981e-05 0.000344527 2.26355e-05 
0.00067057 0.000405147 3.10183e-05 
0.000547865 0.000470624 0.000146371 
0.000156523 0.000300709 0.000116792 
0.000385396 0.000138362 0.00012513 
0.000907109 0.000473863 0.000111338 
0.000733485 0.000376833 1.84538e-05 
5.40879e-05 7.16596e-05 2.3031e-05 
0.000670414 2.27435e-05 0.000129012 
0.000577571 0.000466426 1.91573e-05 
0.000569798 0.000206063 0.000130334 
0.00040226 0.000419747 0.000101869 
0.000172169 1.86148e-05 0.000122081 
0.000186206 0.000189025 8.25821e-05 
0.00040422 0.000356514 5.58857e-05 
0.000394547 9.02483e-05 8.72566e-05 
0.000494986 0.00035334 0.000171266 
0.00079108 6.62551e-05 0.000123388 
0.000813612 0.000258041 8.26081e-05 
0.000696095 0.000294801 0.000154639 
0.000819344 0.0001463 2.25646e-05 
0.000562474 0.000363054 6.66736e-05 
0.000974317 0.000167238 1.78722e-05 
0.000147931 0.000132893 2.02526e-05 
0.000479306 3.4927e-05 0.000167008 
0.00027282 4.57522e-05 0.000100806 
2.15979e-05 0.000212057 7.41014e-05 
0.000628824 0.000325886 0.000106421 
0.0002837 0.000204671 6.09935e-05 
0.000688835 0.000242881 0.000149635 
0.000553546 3.16395e-05 0.000146135 
0.000537294 0.000130579 0.000168564 
0.00026947 0.0002384 0.000111452 
0.000914231 0.000175836 0.00010395 
0.000906431 0.000268408 0.000144396 
0.000578935 7.20525e-05 2.39554e-05 
3.49116e-05 0.000230095 0.000107143 
0.000199167 0.000356539 0.000163655 
0.000841624 0.000174149 9.72577e-05 
6.57597e-05 7.59666e-05 9.34461e-05 
0.000249202 0.00041271 2.96325e-05 
0.000703136 0.0001152 0.000111247 
3.28672e-05 0.000364464 0.000155508 
0.000548156 0.000149321 2.22655e-05 
0.000744721 7.04792e-05 8.03478e-05 
0.000951845 0.000373814 8.57351e-05 
0.000489739 0.000479765 2.03203e-05 
0.000375467 3.57264e-05 0.000102529 
0.000961698 2.26736e-05 6.62023e-05 
0.000307673 3.49566e-05 0.000146747 
0.000444987 0.000337634 4.34549e-05 
0.000969542 0.000351579 3.69946e-05 
0.000347411 0.000122306 0.00013788 
0.000810875 0.000471565 0.000152343 
0.000466952 8.38211e-05 0.000152521 
0.000151461 0.000220505 0.000147886 
0.000918134 0.000272183 0.000101492 
0.000525513 0.000339342 6.14829e-05 
3.37093e-05 0.000105457 0.000154659 
0.0001074 0.000113372 1.70732e-05 
0.000150085 0.000476028 2.23281e-05 
0.000908337 0.000381338 0.000172678 
0.000524498 7.16802e-05 0.00013112 
0.000748151 0.000285793 0.000150599 
0.000952974 0.00034156 0.000154579 
0.000306912 0.000470367 0.00015628 
8.60523e-05 9.99131e-05 0.000123858 
0.00073939 0.000132065 0.000140406 
0.00036072 0.000219686 2.63269e-05 
0.000527911 0.000451551 0.000107505 
0.000233473 0.000477837 2.32536e-05 
8.31166e-05 0.000357976 6.93182e-05 
9.76748e-05 0.000287483 0.000139423 
0.000303632 0.000250455 6.99517e-05 
0.000228207 0.000218331 0.00015141 
0.000860928 0.000202696 0.00011465 
0.000117768 2.23851e-05 0.000108198 
0.000933262 0.000292947 6.55651e-05 
1.80678e-05 0.000100273 9.00053e-05 
0.000923168 0.000190468 5.45158e-05 
0.000891621 0.000230619 0.000101521 
0.000496545 0.000141999 0.000168301 
0.000859978 0.000470098 2.94271e-05 
0.00050322 0.00031309 0.000143138 
0.000109139 0.000441065 8.33804e-05 
0.00076096 0.00040839 2.14185e-05 
0.000289728 0.000478705 0.000119752 
0.000753134 0.000349933 3.95575e-05 
0.000695737 3.78579e-05 5.83462e-05 
0.000614313 4.76475e-05 1.92759e-05 
0.000189234 0.000371879 6.02863e-05 
0.000252512 0.000140013 0.00016597 
0.000343989 0.000181671 8.18933e-05 
0.00046338 0.00029591 0.000170447 
0.000570283 0.000259661 6.81266e-05 
0.000278296 2.2233e-05 2.0942e-05 
0.000457432 0.000252899 1.84499e-05 
0.000169786 0.000376768 0.00013995 
0.000859818 0.000238684 8.2355e-05 
0.000663553 3.34124e-05 8.71443e-05 
0.000260794 0.000312322 0.000171308 
0.000397947 0.000458267 0.000120499 
0.000713534 2.27972e-05 0.000127781 
0.00095545 0.000438286 5.88322e-05 
0.000854047 0.000264922 2.09075e-05 
0.000449215 7.38096e-05 8.24346e-05 
0.000189597 0.000144488 2.17757e-05 
0.000936837 8.5496e-05 0.000172638 
0.000361575 0.000287253 5.9973e-05 
0.000134377 0.000427038 2.96264e-05 
8.56813e-05 0.000278423 2.56061e-05 
0.000381971 0.000186517 0.000114239 
0.000765006 0.000232876 1.98494e-05 
0.000494709 7.83408e-05 6.63818e-05 
0.000765001 8.47897e-05 4.51491e-05 
0.000314693 0.000441316 8.24942e-05 
0.000907705 2.45281e-05 0.00011046 
0.000924388 0.000132626 5.60466e-05 
0.000474091 0.00035702 0.000113396 
0.000965413 0.000131278 0.000162335 
0.000717174 0.000401792 0.000144635 
2.30683e-05 0.000160274 4.5405e-05 
0.000500655 2.37284e-05 0.000100506 
0.000280823 0.000376113 9.5363e-05 
0.000115792 6.28481e-05 9.0319e-05 
0.000189756 0.000338894 3.7692e-05 
0.000791336 0.000442607 3.68178e-05 
0.000837055 0.000123135 7.00649e-05 
0.000311602 0.000347048 0.000157247 
0.000544748 0.000260017 0.000108555 
0.000779351 3.46047e-05 2.71362e-05 
0.000667702 0.000108415 9.46456e-05 
0.000639655 0.000156813 2.05166e-05 
7.24278e-05 0.000393479 0.000157572 
0.000196289 0.000477361 0.000139899 
0.000657446 0.000461319 2.38959e-05 
5.98212e-05 0.000472258 5.06608e-05 
0.000118702 0.000320477 9.17121e-05 
0.000871017 0.000164307 0.000162169 
0.000565905 0.000274368 0.000134486 
0.000604995 9.92406e-05 0.000160497 
3.61788e-05 0.000481277 1.87154e-05 
0.000758567 0.000313626 0.000121455 
6.78371e-05 4.4076e-05 0.000115582 
0.000468925 0.000219022 0.000155098 
0.000387227 0.00047399 2.34667e-05 
1.81009e-05 0.000428392 8.10899e-05 
0.000359099 0.000387064 8.33523e-05 
2.24858e-05 0.000297389 3.37098e-05 
0.000816441 2.08583e-05 0.000170409 
0.000239019 0.000278278 0.000106389 
0.000367612 0.000377695 2.06416e-05 
0.0009132 0.000101601 3.92949e-05 
0.00027146 0.000105317 1.78402e-05 
