0.000839074 0.000418636 3.10555e-05 
7.93185e-05 0.00029618 6.44514e-05 
0.000530729 0.000220658 9.15939e-05 
0.000316964 0.000241275 8.09923e-05 
0.000688033 0.000326616 6.42804e-05 
0.000371654 6.21665e-05 7.83818e-05 
0.000753795 0.000195707 3.09927e-05 
0.000884535 0.000289109 3.76563e-05 
0.000525842 4.64511e-05 0.000102645 
0.000783702 0.000232439 9.55502e-05 
0.000635278 0.000367971 2.42422e-05 
0.000179987 0.000384193 1.97445e-05 
0.000829244 0.000288092 7.45982e-05 
0.000202104 0.000216448 7.18474e-05 
0.000487908 0.000378877 3.62696e-05 
0.000804643 0.000154929 6.63869e-05 
0.000443191 0.000344266 5.76257e-05 
0.000232687 0.000362251 2.52322e-05 
0.000527597 0.000155275 5.22296e-05 
0.000885067 0.000237666 1.89333e-05 
0.000920969 0.000331208 6.24732e-05 
0.000414405 0.00030861 5.68813e-05 
0.00094345 5.20296e-05 5.39323e-05 
0.000847985 4.90141e-05 7.70963e-05 
0.000689868 9.07846e-05 2.14024e-05 
0.000273678 0.000303176 3.19401e-05 
8.57495e-05 0.000226233 8.42144e-05 
0.000565535 0.000236995 1.97555e-05 
0.000166421 9.10114e-05 2.98317e-05 
0.000969106 0.000462561 0.000103952 
0.0005184 0.000216472 3.31026e-05 
0.000961877 0.000216801 5.67285e-05 
0.000888017 0.000135226 2.57083e-05 
0.000771032 2.10507e-05 5.14549e-05 
6.64372e-05 0.000258587 2.19324e-05 
0.000743008 0.000346977 9.41964e-05 
0.000610902 0.000439606 0.000104635 
0.000308557 0.000175863 9.98777e-05 
0.000342841 0.000205699 7.10264e-05 
0.000325168 0.000187975 1.8716e-05 
0.000302219 0.000297131 7.97418e-05 
0.000477085 0.000309834 3.28582e-05 
0.000459794 2.31828e-05 6.81506e-05 
0.000339853 9.92235e-05 5.66682e-05 
0.000970145 0.000396621 2.18025e-05 
0.000592525 0.000469431 5.42447e-05 
0.00053708 0.00034813 8.67805e-05 
0.000709518 0.000160856 7.88662e-05 
0.000393789 0.000234012 6.34643e-05 
0.00039743 0.000277233 0.000103899 
0.000269194 0.000373258 9.10578e-05 
0.0005742 0.000160081 5.48438e-05 
0.000799111 5.30845e-05 0.000110912 
0.000842503 0.000455109 7.76661e-05 
8.87236e-05 6.44067e-05 9.40838e-05 
0.000180458 0.000102393 9.18317e-05 
0.00097246 8.63048e-05 2.75422e-05 
0.000521258 0.000420198 9.54287e-05 
0.000219848 0.000101715 2.45123e-05 
0.000369747 0.000422201 3.1255e-05 
0.000486164 0.000165743 2.60598e-05 
0.00028372 0.000411026 5.13459e-05 
0.000588922 0.000354862 2.37085e-05 
0.000799666 0.000190689 1.71781e-05 
0.000544514 7.77806e-05 5.55422e-05 
0.000239217 7.93026e-05 7.19427e-05 
0.000515609 0.000466777 1.74029e-05 
0.000392807 6.45397e-05 3.0811e-05 
0.000965492 0.000171236 6.33853e-05 
0.000890905 0.000186982 1.93973e-05 
0.000580193 0.000394797 8.75419e-05 
0.000623335 0.000131721 7.16688e-05 
0.000397485 0.000361577 6.56421e-05 
0.000689485 0.000386578 4.95911e-05 
0.00064921 6.98097e-05 6.12605e-05 
0.000150144 4.54889e-05 7.20216e-05 
0.000864621 0.000152512 7.02519e-05 
0.000444261 0.000109176 3.66388e-05 
0.000617197 0.000197875 8.08582e-05 
0.000712162 0.000126378 4.64513e-05 
0.000787727 0.000152768 2.30039e-05 
5.34727e-05 0.000334458 6.44039e-05 
0.000168044 0.000379552 6.0579e-05 
0.000437638 0.000437123 7.04933e-05 
0.000584027 0.000241203 5.84824e-05 
0.000788501 0.000383903 5.35824e-05 
2.99185e-05 0.000433924 2.99132e-05 
0.000346982 0.00028307 0.000106435 
0.000181287 0.000431881 2.88149e-05 
0.0001479 0.000277116 2.03614e-05 
0.00027692 5.7216e-05 2.32831e-05 
0.000814982 0.000474146 2.58526e-05 
0.000686659 0.00013206 0.000100894 
0.000980863 0.000295175 1.74972e-05 
0.000129663 0.000258912 5.7468e-05 
0.000869219 0.000334541 8.45315e-05 
0.00021431 2.87285e-05 6.58827e-05 
0.00091623 0.000203575 8.2282e-05 
0.000361411 0.000321026 8.21355e-05 
0.000418469 0.000188034 3.29441e-05 
0.000558577 0.000406127 5.66636e-05 
0.000770202 0.000465828 2.00572e-05 
0.00072213 0.000363173 5.16815e-05 
0.000786007 0.000113763 8.41703e-05 
0.000422654 2.58206e-05 1.93648e-05 
0.000821979 2.92613e-05 2.92515e-05 
0.000292182 7.32579e-05 6.34368e-05 
0.000723351 0.000252068 7.43851e-05 
8.16009e-05 0.000214608 2.46838e-05 
0.000686401 0.000186418 6.4725e-05 
0.000612191 0.000173897 2.64936e-05 
0.000397779 0.000273734 2.69509e-05 
0.000971747 0.000258979 7.28687e-05 
0.000647485 0.000279039 7.65076e-05 
0.000933857 0.000245788 3.02705e-05 
0.00059909 0.000128875 2.07354e-05 
8.84339e-05 0.000419295 3.03966e-05 
0.000135169 0.000436055 6.83934e-05 
0.000485943 0.000282328 7.38429e-05 
7.48293e-05 0.000160178 8.17634e-05 
0.000686169 0.000482781 2.07988e-05 
0.000640384 0.00039201 8.00678e-05 
0.000128553 0.000197829 4.42601e-05 
0.000308102 0.000274927 2.45275e-05 
0.000521346 0.000272204 4.10975e-05 
0.000761181 0.000180269 8.46642e-05 
0.000247383 0.000462125 7.95685e-05 
0.000977358 3.10747e-05 7.92152e-05 
0.000679208 0.000357415 2.10507e-05 
0.000229558 0.000224916 2.76764e-05 
0.000910968 0.000404573 3.66572e-05 
0.000412949 3.33076e-05 7.30753e-05 
0.000689682 4.20621e-05 5.57423e-05 
0.00077369 0.000475774 7.83139e-05 
0.000528024 0.000388695 7.05614e-05 
0.000459814 0.000163416 8.17667e-05 
0.00065962 0.000214339 3.29392e-05 
0.000424345 0.000109251 0.000102296 
0.000269296 0.000468745 3.12445e-05 
0.000979272 0.000387037 8.64421e-05 
0.0001637 0.000156041 6.66016e-05 
0.000898454 9.74385e-05 4.89498e-05 
0.000651151 0.000323437 2.30549e-05 
0.00035982 0.000403722 9.36468e-05 
0.000316696 0.000397925 7.79626e-05 
0.00086921 0.000124438 0.000104721 
0.000188015 0.000241524 1.80809e-05 
0.000694122 0.000434537 3.07166e-05 
6.20075e-05 2.89842e-05 2.89702e-05 
0.000545634 2.53671e-05 2.52986e-05 
0.000719071 0.000296844 2.06404e-05 
0.000885427 4.48138e-05 3.64636e-05 
0.000217513 0.000268357 1.83517e-05 
0.000915102 0.000130101 7.184e-05 
0.000300339 0.000167398 4.66448e-05 
0.000800428 0.00033597 9.03356e-05 
0.000518425 0.000265351 8.2603e-05 
0.000726746 0.000291245 5.94437e-05 
0.000200266 0.000323235 7.0215e-05 
0.000796779 0.000440564 5.67599e-05 
0.000822901 0.000220466 2.07618e-05 
0.000598825 0.000406022 2.86319e-05 
2.61633e-05 0.000114958 2.6158e-05 
0.000466541 0.000326504 8.46828e-05 
0.000456053 0.000471701 4.99116e-05 
4.61085e-05 0.000390338 7.7125e-05 
0.000377596 0.000324869 2.80178e-05 
0.000553392 0.00041758 1.91491e-05 
0.000275627 0.000112873 5.82232e-05 
0.000908104 6.22889e-05 8.40789e-05 
0.00060094 0.000246713 9.92089e-05 
0.000802398 0.000205545 6.15372e-05 
0.000434352 0.000377868 3.99947e-05 
0.000253567 0.000125162 3.10992e-05 
0.00074383 2.03303e-05 2.03313e-05 
0.000398292 0.000137503 1.98525e-05 
0.000349753 0.00025528 2.09455e-05 
0.00025694 0.000335643 5.59662e-05 
0.000723941 8.66017e-05 6.94714e-05 
0.000767826 0.000314672 1.85839e-05 
0.000874277 0.000413556 8.4834e-05 
0.000640109 0.000125368 2.0432e-05 
0.000615916 2.20129e-05 4.19848e-05 
0.000333929 0.000472549 3.27705e-05 
0.000577573 0.000119032 5.11405e-05 
0.000125988 0.000119537 5.6847e-05 
0.00020034 0.00047186 6.45509e-05 
0.000196701 6.36848e-05 5.36915e-05 
4.3998e-05 5.1042e-05 9.10038e-05 
6.26823e-05 0.000313234 2.25139e-05 
0.000675131 0.000247161 7.06453e-05 
2.59516e-05 0.000476988 5.96524e-05 
0.000752736 0.000421841 7.4964e-05 
0.000442742 0.000264937 6.20397e-05 
0.000620853 0.000458781 2.08316e-05 
0.000829861 7.16149e-05 5.49465e-05 
0.000301389 0.000124716 2.42608e-05 
0.000923412 0.000463394 2.46532e-05 
0.000635102 0.00047795 8.63805e-05 
0.000192565 0.000410809 7.85824e-05 
0.000959632 0.000482852 1.71393e-05 
0.000831147 0.000336199 3.2957e-05 
6.06248e-05 0.000437455 8.26929e-05 
0.000462026 0.000434077 2.56014e-05 
0.000783253 0.000114818 4.2818e-05 
0.000744438 0.000324881 4.8005e-05 
0.000604879 0.000298763 8.96136e-05 
0.000118939 0.000460557 2.16565e-05 
0.000759731 0.00022886 6.5868e-05 
0.000812287 8.90048e-05 2.29202e-05 
0.000728445 0.000402323 5.02618e-05 
0.000480402 0.000416509 7.87442e-05 
0.000561947 0.000150411 9.52703e-05 
0.000336176 0.000147815 1.79672e-05 
0.000609957 0.00028544 3.39198e-05 
0.000189767 0.00026835 5.80566e-05 
0.000507855 0.000110009 7.9403e-05 
0.000566499 0.000190877 2.24173e-05 
0.000442441 0.000482097 1.77249e-05 
0.000513914 0.00017647 8.89295e-05 
0.00075212 0.000127888 2.04239e-05 
0.000216202 0.000180441 1.94793e-05 
0.000104032 0.000434042 0.000110859 
0.000497155 0.00033774 6.95914e-05 
4.94369e-05 0.000188669 5.12689e-05 
0.0006738 0.000275785 3.01829e-05 
0.000576981 2.895e-05 5.78168e-05 
0.000131638 0.000376719 3.02616e-05 
3.03176e-05 0.000283325 7.19053e-05 
0.000374951 0.000438025 7.71371e-05 
0.000536171 0.000298345 1.72976e-05 
0.00084712 8.55377e-05 9.16488e-05 
0.000731923 9.31169e-05 1.97374e-05 
7.11581e-05 0.000170403 1.90536e-05 
5.99767e-05 0.000379091 1.99513e-05 
0.000267564 0.000210845 8.88347e-05 
0.000968191 0.000208695 2.00957e-05 
0.00027499 0.000242807 2.1528e-05 
0.000830974 0.000181119 9.53421e-05 
0.000887461 0.000348622 2.51047e-05 
0.000678149 0.000130769 1.75613e-05 
2.25695e-05 0.000251241 2.25666e-05 
0.000718523 0.000240993 2.65837e-05 
0.000113671 0.000244132 1.92054e-05 
0.000946395 0.00015062 1.71504e-05 
0.000891214 0.000447092 6.47854e-05 
0.000420902 0.000410189 2.19613e-05 
0.000113142 6.0976e-05 3.13155e-05 
0.000570351 0.000317437 6.21674e-05 
0.000860484 0.000209489 1.84595e-05 
0.000256016 0.000192865 5.03011e-05 
2.11333e-05 0.000367045 5.72835e-05 
0.000775882 0.000268165 6.92191e-05 
0.000240438 2.50677e-05 2.50538e-05 
0.000788294 6.04618e-05 3.90704e-05 
0.000264478 0.000269285 0.000103617 
0.000288264 0.000444319 7.63105e-05 
0.000701714 0.000173983 2.56876e-05 
0.000361858 0.000122541 1.80328e-05 
0.000969947 0.000425948 7.906e-05 
0.000167478 0.000174473 2.17744e-05 
0.000138722 0.000318278 2.09979e-05 
0.000973631 0.000112863 6.8562e-05 
0.000211102 5.85572e-05 1.97783e-05 
0.000978448 0.00013482 3.20112e-05 
0.000803913 0.000286439 2.4336e-05 
0.000396048 0.000479061 0.000101391 
7.76843e-05 0.000127004 3.41106e-05 
0.000442458 0.000387268 8.15294e-05 
0.000129144 0.000314802 8.30113e-05 
0.000464525 2.27827e-05 2.26042e-05 
0.000941849 0.000381186 0.00010759 
0.000934634 0.000352505 2.23082e-05 
0.000227833 0.00031102 2.62437e-05 
0.000358831 0.000238027 9.49569e-05 
0.000822803 0.000413333 7.98279e-05 
0.000973257 0.00046758 5.59546e-05 
0.000225974 0.000149625 4.7371e-05 
0.000403368 0.000195649 0.000113838 
0.000113214 0.000156717 2.0838e-05 
0.000278356 0.000341866 2.0116e-05 
0.000355504 1.978e-05 8.19805e-05 
0.000646879 0.00044672 5.49852e-05 
2.02804e-05 0.000385618 2.02746e-05 
0.0005178 0.000482666 7.27944e-05 
0.000972974 0.000323772 5.91235e-05 
0.000606177 0.000436131 6.55873e-05 
0.000940132 0.000306518 2.40371e-05 
0.00037328 0.000167372 1.80001e-05 
0.000598711 6.61332e-05 7.40955e-05 
0.000880179 8.30844e-05 7.42762e-05 
0.000935672 2.11447e-05 2.11438e-05 
0.00044501 5.74811e-05 1.71704e-05 
0.000687414 0.000469621 7.72387e-05 
0.000687933 5.88324e-05 9.82972e-05 
0.000758256 0.000437113 4.14755e-05 
0.000331042 3.58525e-05 3.53004e-05 
0.000355044 0.000467743 6.3565e-05 
0.000672029 5.27146e-05 2.064e-05 
0.00032224 0.000324684 2.72731e-05 
0.000490185 8.10832e-05 5.19287e-05 
0.000115874 0.000372453 8.71963e-05 
0.000227285 0.000383312 6.48509e-05 
0.0005063 0.000116989 2.66771e-05 
1.92839e-05 6.6658e-05 6.15558e-05 
0.00050392 2.14042e-05 1.71845e-05 
0.000842143 0.000380422 9.15267e-05 
0.000310574 8.28334e-05 1.85936e-05 
4.52316e-05 0.000195519 1.70881e-05 
0.000160993 0.000230174 5.97826e-05 
0.000565982 0.000319072 1.90548e-05 
0.000424453 0.000329176 9.60498e-05 
0.000466748 0.000207936 2.06966e-05 
0.000825408 0.00011504 7.90502e-05 
0.000849305 0.000243627 8.59131e-05 
0.000179885 0.000305156 2.22272e-05 
0.000618617 0.000335055 4.42498e-05 
0.000540011 1.98759e-05 6.97843e-05 
0.00064143 0.000424674 1.888e-05 
0.000850558 1.83648e-05 9.81881e-05 
0.000314768 0.00043522 2.55378e-05 
0.000427375 0.000308474 1.87684e-05 
0.000972633 6.49694e-05 0.000105836 
0.000317572 0.000380771 2.90463e-05 
2.86347e-05 0.000204751 7.88678e-05 
0.000119614 0.000142227 9.66242e-05 
0.000166962 0.000341537 4.11453e-05 
0.000940516 9.49256e-05 8.23667e-05 
0.000414288 0.000454544 3.06833e-05 
0.000475388 0.000209447 5.83678e-05 
8.09691e-05 0.000482603 8.22455e-05 
0.000481619 0.0004628 8.52845e-05 
0.000862226 0.000376558 5.29623e-05 
0.000132395 0.000482498 5.11667e-05 
0.000151118 0.000233284 1.97642e-05 
0.000496108 0.000454168 4.43708e-05 
0.000766362 3.7776e-05 8.9734e-05 
0.000757579 0.000150643 5.19807e-05 
0.000261607 0.000162493 2.21475e-05 
0.00048789 0.000259179 2.03996e-05 
0.00057762 9.68538e-05 1.79199e-05 
0.000811538 1.93243e-05 7.50225e-05 
0.000605494 0.000222538 2.2744e-05 
0.000716469 0.000338252 2.08489e-05 
0.000876037 9.44985e-05 1.75257e-05 
0.000170553 3.06281e-05 3.06225e-05 
0.000604116 2.45138e-05 8.83453e-05 
0.000599656 0.00034994 7.41828e-05 
0.000715778 5.34898e-05 2.31925e-05 
0.00020854 0.000169954 8.6379e-05 
0.000553165 0.000458605 3.42611e-05 
0.000757184 0.000273727 2.40613e-05 
0.000733092 0.000473251 4.75969e-05 
0.000545894 0.000376084 2.3214e-05 
0.000616782 9.0334e-05 2.16736e-05 
0.00078201 0.000426169 0.000101373 
0.000532755 0.000298699 6.73505e-05 
0.000769109 0.000390074 0.000112649 
2.32344e-05 0.000340222 2.26576e-05 
0.000665777 0.000396776 1.81436e-05 
0.0005604 0.000470608 8.92155e-05 
0.000154826 0.000301889 5.37943e-05 
0.000392378 0.000147697 5.81633e-05 
0.00092436 0.000474252 7.38611e-05 
0.000725429 0.000380518 1.84411e-05 
6.12953e-05 8.06556e-05 2.30426e-05 
0.00066383 1.83878e-05 7.15416e-05 
0.000587594 0.000480868 1.91309e-05 
0.000564826 0.000202368 6.39589e-05 
0.00040642 0.00040972 6.04319e-05 
0.000173549 1.83619e-05 7.79494e-05 
0.000194388 0.000182009 4.88174e-05 
0.000409885 0.000358931 1.96267e-05 
0.000392098 0.000106715 6.05543e-05 
0.000495931 0.000352885 0.000114404 
0.000792816 7.11099e-05 7.63992e-05 
0.000810627 0.000249679 4.76959e-05 
0.000699085 0.000283056 9.17224e-05 
0.000833056 0.000148516 2.2529e-05 
0.000567667 0.000367806 5.83583e-05 
0.000975537 0.00017151 1.78722e-05 
0.000149054 0.000136856 2.01404e-05 
0.000479306 3.4927e-05 0.00011218 
0.000269011 3.40997e-05 6.24237e-05 
2.04103e-05 0.000211965 3.98847e-05 
0.000637506 0.000319935 7.17811e-05 
0.000283062 0.000199807 2.09014e-05 
0.000691917 0.000241973 0.000102679 
0.00056507 3.65813e-05 9.53794e-05 
0.00053604 0.000129571 0.000107719 
0.000278431 0.000247824 6.40121e-05 
0.00092016 0.000167165 4.14821e-05 
0.000882982 0.000272271 9.74464e-05 
0.000588747 5.44063e-05 2.39521e-05 
4.00589e-05 0.000238358 5.86879e-05 
0.000204992 0.000359665 9.95374e-05 
0.00083757 0.000180873 4.67937e-05 
6.50123e-05 7.22931e-05 6.36261e-05 
0.000237727 0.000416714 2.96453e-05 
0.00068674 0.000100292 7.80453e-05 
2.36564e-05 0.000351905 9.84002e-05 
0.000556078 0.000135451 2.19815e-05 
0.00075085 6.48311e-05 4.74081e-05 
0.00095589 0.00037262 5.46405e-05 
0.000480307 0.000479702 2.03018e-05 
0.000381227 1.88654e-05 4.64943e-05 
0.000977329 2.2983e-05 3.46064e-05 
0.000307428 2.53861e-05 9.01151e-05 
0.000446362 0.000348394 1.82633e-05 
0.000978452 0.000354077 2.15482e-05 
0.000354503 0.000146897 8.00782e-05 
0.000809539 0.000478616 0.000106337 
0.000470353 8.41689e-05 9.78997e-05 
0.000149492 0.000206524 8.89797e-05 
0.000917822 0.000255592 7.50701e-05 
0.00052878 0.000334036 3.75227e-05 
5.12502e-05 0.000112159 8.91539e-05 
0.000113471 0.000107139 1.70135e-05 
0.000159453 0.000477672 2.23272e-05 
0.000908337 0.000381338 0.000119004 
0.000501534 7.17208e-05 8.6008e-05 
0.000743572 0.000290128 9.99174e-05 
0.000950073 0.000345957 9.31472e-05 
0.000322025 0.000467653 9.2858e-05 
8.63867e-05 0.000100382 6.9936e-05 
0.000743234 0.000130349 8.15209e-05 
0.000363791 0.000209926 2.63266e-05 
0.000525417 0.00044866 6.53819e-05 
0.00021971 0.000479209 2.0552e-05 
8.6847e-05 0.000349376 3.34032e-05 
0.000102963 0.00028535 9.2636e-05 
0.000316435 0.000227428 3.67184e-05 
0.000229594 0.00021983 0.00010405 
0.000866607 0.0001981 6.164e-05 
0.000117622 2.22817e-05 6.81216e-05 
0.000934821 0.000284414 5.99048e-05 
1.80725e-05 0.000103406 6.80742e-05 
0.000931098 0.000198728 1.8353e-05 
0.000892854 0.000238876 5.48894e-05 
0.000499183 0.000140492 0.000110361 
0.000870026 0.000470576 2.94248e-05 
0.000505608 0.000309104 9.90234e-05 
9.36641e-05 0.000462865 5.39063e-05 
0.000753615 0.000407141 1.96585e-05 
0.000288269 0.000482302 7.4267e-05 
0.000755086 0.000354345 2.09883e-05 
0.000693143 2.05057e-05 1.72507e-05 
0.000632138 5.24461e-05 1.92777e-05 
0.000196271 0.000365103 4.70038e-05 
0.000252512 0.000140013 0.000108011 
0.000347383 0.000171221 4.55342e-05 
0.00046338 0.00029591 0.000116947 
0.000560232 0.000272138 3.10832e-05 
0.000284728 1.75543e-05 1.75517e-05 
0.000452122 0.000244169 1.84412e-05 
0.000169481 0.000375537 9.66061e-05 
0.00085593 0.00023302 4.85717e-05 
0.000657953 1.79785e-05 2.99668e-05 
0.000260794 0.000312322 0.000113673 
0.000398177 0.000463757 6.83104e-05 
0.000727105 2.23866e-05 5.95836e-05 
0.000960953 0.000438154 2.07498e-05 
0.000839847 0.00025852 2.08962e-05 
0.000446415 6.50396e-05 7.38467e-05 
0.000190926 0.000137749 2.17768e-05 
0.000936837 8.5496e-05 0.000119588 
0.000354729 0.000287774 4.0388e-05 
0.000135319 0.000425103 1.75956e-05 
0.000103562 0.000288032 2.56103e-05 
0.000378301 0.000183649 6.54417e-05 
0.000783544 0.000235421 1.98252e-05 
0.000495511 6.92671e-05 1.74834e-05 
0.000770315 8.60532e-05 1.93007e-05 
0.000332088 0.00043536 6.67693e-05 
0.000918165 1.80141e-05 7.08243e-05 
0.000930126 0.000119885 2.73083e-05 
0.000476681 0.00036104 8.57672e-05 
0.000965413 0.000131278 0.000104222 
0.000700512 0.000416263 8.27543e-05 
2.30683e-05 0.000160274 1.84739e-05 
0.000502389 3.15803e-05 5.51379e-05 
0.000271938 0.00037358 4.18171e-05 
0.000127194 7.70116e-05 8.01511e-05 
0.000196793 0.000340643 1.73759e-05 
0.000788309 0.000430379 1.7941e-05 
0.000848304 0.00011026 4.39122e-05 
0.000316144 0.000352589 7.17835e-05 
0.000544696 0.000249203 6.0952e-05 
0.000777765 3.57484e-05 1.70345e-05 
0.000666346 0.000112038 4.65405e-05 
0.000657334 0.000162461 2.04643e-05 
7.29211e-05 0.000391521 0.000107677 
0.000186258 0.000480975 0.000108535 
0.000658324 0.000463123 1.70788e-05 
6.79694e-05 0.000468433 2.19709e-05 
0.000112399 0.000323257 4.79508e-05 
0.000871409 0.000165286 0.000112418 
0.00056629 0.000274436 7.56479e-05 
0.000604021 9.49798e-05 0.000106146 
2.94791e-05 0.000481271 1.8728e-05 
0.000773931 0.000310189 6.57813e-05 
7.57474e-05 3.49507e-05 7.30588e-05 
0.000468925 0.000219022 0.000101836 
0.000373154 0.000476528 2.34697e-05 
1.81064e-05 0.000413082 7.1527e-05 
0.000355874 0.00038184 5.77598e-05 
2.18924e-05 0.000295699 2.18967e-05 
0.00081621 2.08056e-05 0.0001119 
0.000248186 0.000271321 4.40699e-05 
0.000365676 0.000371506 2.06422e-05 
0.00091268 8.86367e-05 1.79361e-05 
0.000270021 9.73817e-05 1.784e-05 
