0.000830755 0.000412544 3.13054e-05 
8.2531e-05 0.00029539 0.00011276 
0.000522931 0.000207877 0.000160639 
0.000315774 0.000239138 0.00016835 
0.000676896 0.00033407 8.61295e-05 
0.00036391 7.91507e-05 0.0001464 
0.000727771 0.000217475 7.65721e-05 
0.000854462 0.000298523 8.54352e-05 
0.000525099 5.65717e-05 0.000184513 
0.000782773 0.000237932 0.000179861 
0.000633942 0.000369722 7.63175e-05 
0.000174309 0.000395769 3.38659e-05 
0.000828956 0.000304495 0.000158092 
0.000210302 0.000219618 0.000119211 
0.000490942 0.00037903 3.67347e-05 
0.00080486 0.000162102 0.000139832 
0.000438496 0.000374364 0.0001077 
0.000237407 0.000364775 5.22741e-05 
0.000524075 0.00014108 0.000106632 
0.000888467 0.000241471 3.22959e-05 
0.000916787 0.000331464 9.70009e-05 
0.000419698 0.000307286 8.21811e-05 
0.000938776 6.16284e-05 0.000106776 
0.000871985 4.24315e-05 0.000122129 
0.000696043 8.80136e-05 6.00006e-05 
0.000260781 0.00030453 9.26994e-05 
8.93401e-05 0.000234992 0.00014233 
0.000555441 0.000235847 3.16766e-05 
0.000182978 9.5228e-05 6.61373e-05 
0.000971079 0.000462443 0.000180552 
0.000532397 0.000214044 7.39566e-05 
0.000964136 0.000205492 9.51809e-05 
0.00088068 0.000146742 2.57125e-05 
0.000763509 2.74411e-05 0.000115144 
6.21773e-05 0.000265703 7.53373e-05 
0.000720342 0.000341875 0.000156265 
0.000610149 0.000437586 0.000173463 
0.000306516 0.000172488 0.000164863 
0.000346905 0.000222631 0.00011722 
0.000322277 0.000180749 5.41988e-05 
0.000309917 0.00030853 0.000119153 
0.000486237 0.000309458 3.29856e-05 
0.000452914 3.88926e-05 0.000119708 
0.000344112 0.000107784 9.14803e-05 
0.000963408 0.000400681 5.98529e-05 
0.000571315 0.000464721 0.000126827 
0.000548657 0.000347694 0.000149561 
0.000703023 0.000160468 0.000155799 
0.000399631 0.000219496 8.8237e-05 
0.000417312 0.000255554 0.000155274 
0.000255181 0.000377332 0.000163016 
0.000564727 0.000173344 0.000115502 
0.000799119 5.31054e-05 0.000185418 
0.000851117 0.000459625 0.000133961 
9.10103e-05 6.18957e-05 0.000158137 
0.000161881 8.81474e-05 0.000139111 
0.000961999 8.45838e-05 5.06833e-05 
0.000515888 0.000413729 0.000151541 
0.000218105 9.38365e-05 2.44298e-05 
0.000358724 0.000428223 5.04367e-05 
0.000493044 0.000165059 5.06434e-05 
0.00029336 0.000400233 7.52888e-05 
0.000608133 0.00034835 2.41705e-05 
0.000791047 0.000181977 5.32039e-05 
0.000549601 8.62571e-05 7.78852e-05 
0.000229451 9.65413e-05 0.000118486 
0.000520728 0.000465626 5.52648e-05 
0.000397409 7.67288e-05 3.08668e-05 
0.000953425 0.000181271 0.000158782 
0.000890299 0.000191036 4.08298e-05 
0.000575155 0.000396868 0.00016077 
0.000625557 0.000141042 0.000145089 
0.000388846 0.000367579 0.00014105 
0.000676089 0.00038754 8.82955e-05 
0.00064328 7.33616e-05 0.000143856 
0.000157428 4.38885e-05 0.000103233 
0.000883105 0.000152665 8.18095e-05 
0.00045557 0.000112328 3.67767e-05 
0.00064234 0.000203512 0.000162733 
0.000705959 0.000157959 8.68252e-05 
0.000805772 0.000160144 8.36775e-05 
6.92619e-05 0.000342163 0.000137967 
0.000143433 0.000377546 0.000118966 
0.00043958 0.000428022 0.000140361 
0.000606421 0.000244418 0.000107039 
0.000793856 0.000367729 9.05732e-05 
3.91211e-05 0.000431323 2.99461e-05 
0.00035137 0.000289286 0.00017744 
0.000177711 0.000437911 5.80483e-05 
0.00014147 0.000277426 4.81826e-05 
0.000274543 6.37411e-05 5.30975e-05 
0.00082541 0.000451469 8.6891e-05 
0.00068666 0.000131593 0.000180638 
0.000979885 0.000297383 5.70554e-05 
0.000116216 0.000269395 8.69738e-05 
0.000885391 0.000330493 0.000169094 
0.000211498 4.46451e-05 0.000150735 
0.00089725 0.000210258 0.000168688 
0.000373508 0.000320823 0.000104757 
0.000424183 0.000196192 3.45164e-05 
0.000568031 0.00039391 0.000111175 
0.000761407 0.000463451 4.67001e-05 
0.000707065 0.000372037 0.000118567 
0.000784781 0.000113943 0.000172742 
0.000411162 4.34177e-05 0.000100014 
0.000828 3.03113e-05 4.67645e-05 
0.000288509 8.24372e-05 0.000154494 
0.000725362 0.000259382 0.000137412 
9.4958e-05 0.000214955 6.78455e-05 
0.000669788 0.000194749 0.000121545 
0.000600059 0.000182178 6.94191e-05 
0.00040189 0.000269027 4.25236e-05 
0.000967818 0.000246401 0.000153042 
0.000641804 0.000272259 0.000161372 
0.000933492 0.00024664 6.05353e-05 
0.000606093 0.000128776 2.92508e-05 
7.0247e-05 0.000414981 7.89393e-05 
0.000153667 0.00043524 0.000131512 
0.000491692 0.000298441 0.000123835 
6.59965e-05 0.000149252 0.000135319 
0.000674936 0.000464093 7.76337e-05 
0.00066149 0.000383777 0.000150131 
0.00013943 0.000209739 9.73279e-05 
0.000310654 0.000278264 2.95975e-05 
0.000526693 0.000287258 8.39688e-05 
0.000754439 0.000186412 0.000157382 
0.00024773 0.000466168 0.00016138 
0.000971377 3.5544e-05 0.000139275 
0.000675865 0.00036176 2.71703e-05 
0.000236324 0.000243148 7.80388e-05 
0.000892716 0.000399096 5.74315e-05 
0.000410115 3.94712e-05 0.000150633 
0.000702352 4.62209e-05 0.000109362 
0.000760659 0.00046851 0.000154856 
0.000510207 0.000393453 0.000116538 
0.000447357 0.000155834 9.37375e-05 
0.000653726 0.0002107 3.45362e-05 
0.000421744 0.000105234 0.000164779 
0.000263289 0.000447541 8.15392e-05 
0.000977204 0.000381488 0.000140964 
0.000165738 0.000172283 0.000135703 
0.000901565 9.77173e-05 0.000112039 
0.00066219 0.000306469 4.03505e-05 
0.000356766 0.000414566 0.000170184 
0.000318906 0.000393141 0.000132134 
0.000869105 0.000125264 0.000171197 
0.000185467 0.000230223 2.6689e-05 
0.000709913 0.000444455 3.11321e-05 
5.78615e-05 3.84185e-05 6.83058e-05 
0.000532172 3.01064e-05 5.71587e-05 
0.000731302 0.00028934 6.34547e-05 
0.000899014 4.67842e-05 3.72669e-05 
0.000226927 0.000261632 3.69001e-05 
0.000910769 0.000144956 0.000173735 
0.000308206 0.000160137 0.000111762 
0.000787153 0.000346246 0.000156506 
0.000518719 0.000266057 0.000155353 
0.000720154 0.000303209 0.000113324 
0.000200349 0.000320177 0.000125511 
0.000785186 0.000444309 0.000121715 
0.000829664 0.000228178 3.08751e-05 
0.00061263 0.00040342 2.91265e-05 
3.6831e-05 0.000112856 3.35897e-05 
0.000461081 0.000329604 0.000158003 
0.000466048 0.000465083 0.000131489 
3.08536e-05 0.000391728 0.000141755 
0.000369692 0.00033214 2.80111e-05 
0.000556225 0.000409031 5.71359e-05 
0.000283285 0.000114098 0.000112172 
0.000907186 6.29484e-05 0.000167153 
0.000598483 0.000238903 0.000179438 
0.000812342 0.000211591 0.000104155 
0.000422354 0.000385351 7.22052e-05 
0.000248508 0.000126785 6.81508e-05 
0.000743353 3.80651e-05 5.79268e-05 
0.000399121 0.000136983 7.05077e-05 
0.000351587 0.000247017 7.25687e-05 
0.000242652 0.000348201 0.000121085 
0.000721167 8.17147e-05 0.000150742 
0.000755936 0.000318869 3.18184e-05 
0.000887808 0.00040809 0.000140306 
0.000639527 0.000137273 9.27622e-05 
0.000612055 4.12959e-05 6.77287e-05 
0.000349964 0.000470683 9.78712e-05 
0.000582274 0.000122057 0.000114481 
0.000118389 0.000125295 8.20087e-05 
0.000204207 0.000470688 9.63577e-05 
0.000200153 4.85397e-05 0.000108993 
4.73015e-05 6.24211e-05 0.000170458 
8.01469e-05 0.00031795 6.08222e-05 
0.000660997 0.000243211 0.000133819 
3.26738e-05 0.000462292 0.000117238 
0.000748024 0.000422118 0.000140908 
0.000447722 0.00026542 0.00010104 
0.000607303 0.000461039 6.31653e-05 
0.000826378 7.88352e-05 0.000109069 
0.000299078 0.000123325 6.13139e-05 
0.000916003 0.000455835 5.35785e-05 
0.000645282 0.000467032 0.000157856 
0.000203147 0.000409222 0.000157884 
0.000946379 0.000476949 3.41178e-05 
0.000822013 0.000341466 3.30735e-05 
4.85721e-05 0.000447481 0.000166436 
0.000463251 0.000447334 5.91577e-05 
0.000774266 0.000115011 0.000124355 
0.000746062 0.000326538 8.92747e-05 
0.000589784 0.000301511 0.000178119 
0.000104982 0.000454153 4.17405e-05 
0.000761054 0.000230214 0.000133403 
0.000808043 8.10667e-05 2.50363e-05 
0.000726235 0.000399191 7.41104e-05 
0.000472983 0.000404283 0.000118479 
0.00056132 0.000149907 0.000162684 
0.000331831 0.000146955 3.26157e-05 
0.000595478 0.000286119 3.3912e-05 
0.000199195 0.000255792 0.000165788 
0.000509952 0.000105349 0.000161468 
0.000559079 0.000193683 2.27591e-05 
0.000422792 0.000472918 5.45266e-05 
0.000482963 0.000175958 0.000147975 
0.000748847 0.000134482 5.10307e-05 
0.000212936 0.000173992 5.88209e-05 
0.000109578 0.000434269 0.000182699 
0.000487797 0.000319014 9.6107e-05 
4.85998e-05 0.000186803 0.000109159 
0.000677954 0.00026508 7.53246e-05 
0.00059002 3.51519e-05 0.000130523 
0.000127206 0.000379582 3.85958e-05 
3.16098e-05 0.000286177 0.000128547 
0.000369335 0.000425517 0.000119255 
0.000536384 0.00030121 3.41468e-05 
0.000847861 8.0915e-05 0.000180618 
0.00073034 9.54737e-05 2.66102e-05 
6.95358e-05 0.000155737 3.59155e-05 
7.77297e-05 0.000372021 3.41157e-05 
0.00026862 0.00021453 0.000177939 
0.000964567 0.000208512 4.96835e-05 
0.000267122 0.000233265 2.28916e-05 
0.000831076 0.000174398 0.000180002 
0.000877753 0.000324416 3.54648e-05 
0.000669199 0.000126313 7.16104e-05 
2.35627e-05 0.000251939 5.59796e-05 
0.00071858 0.00025314 2.73333e-05 
0.000112471 0.000246362 3.35052e-05 
0.000947792 0.000144567 3.71724e-05 
0.000877444 0.00046107 9.5963e-05 
0.000431643 0.000417317 3.41943e-05 
0.000119741 6.65419e-05 3.27402e-05 
0.000576843 0.00030866 0.000107811 
0.00086897 0.000216909 7.11438e-05 
0.000263219 0.000193613 0.00012747 
3.19617e-05 0.000339052 0.000105921 
0.000784923 0.000276752 0.000137863 
0.000241216 3.72586e-05 8.6752e-05 
0.000792797 6.66949e-05 0.000101892 
0.000271576 0.000273738 0.000167466 
0.000301998 0.000437967 0.000142442 
0.000707042 0.000169451 3.09981e-05 
0.000344598 0.000108737 4.05684e-05 
0.000971908 0.000421075 0.000168397 
0.000162792 0.000173943 5.90307e-05 
0.000154017 0.000328102 3.05217e-05 
0.000970394 0.000102642 0.000133041 
0.000222672 5.41078e-05 4.69972e-05 
0.000962254 0.000136013 0.000100023 
0.000804144 0.00026684 4.11066e-05 
0.000396503 0.000475149 0.000169102 
6.39321e-05 0.000129032 7.67925e-05 
0.000449518 0.000377031 0.000163338 
0.000140687 0.000308951 0.000171769 
0.000479468 2.39691e-05 6.89058e-05 
0.000941849 0.000381186 0.0001757 
0.000917959 0.000356194 2.57792e-05 
0.000223207 0.000305581 4.35777e-05 
0.000365435 0.000218687 0.0001675 
0.000826651 0.000405952 0.000150483 
0.000956502 0.000464007 0.000124982 
0.000220315 0.000159129 0.000100433 
0.00042955 0.000176749 0.000168845 
0.000117403 0.000165678 4.93413e-05 
0.000275958 0.000318028 3.82568e-05 
0.000346543 2.70169e-05 0.000148393 
0.000663442 0.000452517 0.000115246 
2.65767e-05 0.000390229 7.11902e-05 
0.000504534 0.000477048 0.000148045 
0.000971691 0.000315806 0.00010914 
0.000626201 0.00041347 0.000105429 
0.000935386 0.000301157 2.45245e-05 
0.000365194 0.000187462 6.42754e-05 
0.000569518 7.56636e-05 0.000149086 
0.000880109 8.25358e-05 0.000141594 
0.00095457 2.24542e-05 4.4357e-05 
0.000448673 5.87871e-05 4.86319e-05 
0.000709228 0.000462979 0.000140377 
0.000687719 5.71802e-05 0.000176393 
0.000772437 0.000417811 8.63799e-05 
0.000345001 3.88737e-05 4.70028e-05 
0.000339764 0.000456186 0.000140462 
0.000661961 5.32004e-05 5.98457e-05 
0.000324775 0.000323667 6.02703e-05 
0.000503015 8.34998e-05 0.000119025 
0.000121884 0.00037503 0.000165115 
0.000232852 0.000402472 0.000113577 
0.00051812 0.000102255 2.70065e-05 
2.03108e-05 8.2801e-05 0.000139357 
0.000498876 2.35625e-05 3.15933e-05 
0.000859416 0.000380037 0.000171265 
0.000313533 8.05195e-05 3.33319e-05 
4.22012e-05 0.000204194 3.24596e-05 
0.000164205 0.000243714 0.000135455 
0.00055881 0.000321178 5.74638e-05 
0.000418448 0.000312518 0.000157173 
0.000481952 0.000216159 4.13527e-05 
0.000830763 0.000112028 0.000147228 
0.000845602 0.000257224 0.000156537 
0.000171347 0.000298159 7.74317e-05 
0.000622788 0.000329631 6.87852e-05 
0.000542185 3.92889e-05 0.000122006 
0.000650055 0.000430213 7.24584e-05 
0.000852954 2.38479e-05 0.000162925 
0.000301613 0.000444491 3.67925e-05 
0.000427089 0.00030943 4.01058e-05 
0.000972633 6.49694e-05 0.000174799 
0.000310909 0.000368466 2.89407e-05 
2.97884e-05 0.000209136 0.000159478 
0.000123205 0.000128434 0.000151894 
0.000169356 0.000344442 9.82411e-05 
0.00093482 0.000109626 0.000156053 
0.000414949 0.00045647 9.17629e-05 
0.00048222 0.000198013 0.000108891 
8.17399e-05 0.000469915 0.000131782 
0.00047512 0.000461975 0.000175722 
0.000872034 0.000359064 0.000126593 
0.000127131 0.000479178 0.000101916 
0.000163928 0.000220941 5.68234e-05 
0.000501189 0.000453549 9.95831e-05 
0.000766362 3.7776e-05 0.000162084 
0.000766671 0.000150504 0.000101672 
0.000254068 0.000154728 2.85963e-05 
0.000493823 0.000255475 7.66401e-05 
0.000602812 0.00010418 7.20608e-05 
0.000814169 2.16793e-05 0.000144982 
0.000599587 0.000226633 4.8251e-05 
0.000713074 0.000332937 4.01647e-05 
0.000870906 0.00011235 6.5877e-05 
0.000172002 3.2461e-05 3.04545e-05 
0.000597571 3.25264e-05 0.000183241 
0.000600334 0.000351169 0.000140133 
0.0007093 5.34889e-05 2.31032e-05 
0.000217723 0.000162495 0.000159662 
0.000556163 0.000462621 7.7555e-05 
0.000767247 0.000276095 8.66512e-05 
0.000719072 0.000462066 8.53376e-05 
0.000553432 0.000368465 2.36354e-05 
0.00062122 0.000100074 0.000106885 
0.00078201 0.000426169 0.000171214 
0.000537599 0.000304479 0.000135927 
0.000769109 0.000390074 0.000181236 
2.51981e-05 0.000344527 3.02958e-05 
0.000674682 0.000406686 4.94207e-05 
0.00054704 0.000468546 0.000167479 
0.000155635 0.000301171 0.000134435 
0.000385598 0.000137316 0.000145086 
0.000907329 0.000473828 0.000142541 
0.000736174 0.000373124 2.72315e-05 
5.40813e-05 6.47935e-05 2.30508e-05 
0.000670917 2.37549e-05 0.000145605 
0.000576037 0.000465945 3.87656e-05 
0.000569394 0.000206078 0.000150649 
0.000404226 0.000420689 0.000117517 
0.000172169 1.86148e-05 0.000137979 
0.00018626 0.000190102 0.000101151 
0.000400269 0.000354125 6.93285e-05 
0.000396646 9.14926e-05 0.00011104 
0.000494986 0.00035334 0.000186403 
0.000791249 6.62982e-05 0.000141016 
0.000812742 0.000258555 0.00010181 
0.000696095 0.000294801 0.000174071 
0.000818848 0.000146774 4.10076e-05 
0.000562474 0.000363054 8.36123e-05 
0.000974317 0.000167238 2.94535e-05 
0.000146375 0.000129024 4.47909e-05 
0.000479306 3.4927e-05 0.000181222 
0.00027282 4.57522e-05 0.000125433 
2.15979e-05 0.000212057 9.37584e-05 
0.000628824 0.000325886 0.00012375 
0.0002837 0.000204671 8.16063e-05 
0.000688835 0.000242881 0.000163488 
0.000553546 3.16395e-05 0.000164346 
0.000537294 0.000130579 0.000184539 
0.000269474 0.000238136 0.000133482 
0.000909948 0.000173985 0.000124905 
0.000908723 0.000269147 0.000166596 
0.000572956 7.43233e-05 2.41302e-05 
3.99033e-05 0.000230601 0.000122063 
0.000199167 0.000356539 0.000182397 
0.000844004 0.000172911 0.000111413 
6.57597e-05 7.59666e-05 0.000109684 
0.000251705 0.000417769 2.95713e-05 
0.000703136 0.0001152 0.000130925 
3.27928e-05 0.000365472 0.000178741 
0.000548571 0.000150635 4.28379e-05 
0.000744721 7.04792e-05 0.000100982 
0.000951845 0.000373814 0.000107138 
0.000484693 0.000479349 3.41695e-05 
0.000377857 3.59843e-05 0.000121157 
0.000961362 2.27179e-05 9.01313e-05 
0.000310745 3.43292e-05 0.00017503 
0.000444987 0.000337634 5.91945e-05 
0.000969542 0.000351579 5.89033e-05 
0.000348683 0.00012283 0.000162199 
0.000810875 0.000471565 0.000173889 
0.000466688 8.39458e-05 0.000167476 
0.000151952 0.000221569 0.000167713 
0.00091692 0.000271791 0.000122756 
0.000524666 0.000340988 8.64162e-05 
3.37093e-05 0.000105457 0.000177919 
0.0001074 0.000113372 2.99185e-05 
0.000153133 0.000472133 2.89677e-05 
0.000908337 0.000381338 0.000186594 
0.000524536 7.07063e-05 0.000148377 
0.000749598 0.000290161 0.00017357 
0.000952974 0.00034156 0.000172708 
0.000304521 0.000471528 0.000176375 
8.60523e-05 9.99131e-05 0.000137914 
0.00073939 0.000132065 0.000158796 
0.000359209 0.000223534 2.66833e-05 
0.000528871 0.00045314 0.000126187 
0.000234131 0.000477457 4.39484e-05 
8.23005e-05 0.000356332 9.44201e-05 
9.76747e-05 0.000287483 0.000153825 
0.000311804 0.000252952 9.52341e-05 
0.000228733 0.000218548 0.000165892 
0.000862028 0.000202882 0.000132181 
0.000117755 2.25566e-05 0.000131386 
0.000932844 0.000294199 8.10602e-05 
1.80995e-05 9.98611e-05 0.000106184 
0.000923168 0.000190468 7.0406e-05 
0.000891918 0.00022824 0.000121878 
0.000496545 0.000141999 0.000183881 
0.000854463 0.000469137 2.9614e-05 
0.00050142 0.000310031 0.000162676 
0.000111613 0.000440741 0.000102299 
0.00076096 0.00040839 3.96475e-05 
0.000291103 0.000478038 0.000137946 
0.000752547 0.000351945 5.62513e-05 
0.000697372 3.97805e-05 7.1273e-05 
0.000611126 4.81847e-05 2.6628e-05 
0.000188977 0.000371562 7.4606e-05 
0.000252512 0.000140013 0.000180997 
0.000344047 0.000182584 9.91892e-05 
0.00046338 0.00029591 0.000184317 
0.000572699 0.000262139 7.89934e-05 
0.000278296 2.2233e-05 3.5478e-05 
0.000455325 0.000254892 3.83171e-05 
0.000169786 0.000376768 0.000157106 
0.000861221 0.000244175 9.72063e-05 
0.000662461 3.56719e-05 0.000104291 
0.000260794 0.000312322 0.00018625 
0.000397947 0.000458267 0.000136146 
0.000712674 2.39456e-05 0.000152189 
0.000955565 0.000440905 8.32359e-05 
0.000854924 0.000271577 2.55248e-05 
0.000451541 7.46739e-05 9.35974e-05 
0.000188451 0.000145748 3.55705e-05 
0.000936837 8.5496e-05 0.000186392 
0.00036171 0.000285648 7.78432e-05 
0.000134639 0.000427104 4.43099e-05 
7.90134e-05 0.000275698 2.56927e-05 
0.000386535 0.000185526 0.000134485 
0.000764606 0.000232519 3.65214e-05 
0.000494886 7.84508e-05 8.15693e-05 
0.000765001 8.47897e-05 6.27302e-05 
0.000314693 0.000441316 9.98563e-05 
0.000907705 2.45281e-05 0.00012576 
0.000924129 0.000132404 7.30756e-05 
0.000471772 0.000358909 0.00013057 
0.000965413 0.000131278 0.000177401 
0.000720522 0.000403998 0.00017055 
2.30683e-05 0.000160274 6.15087e-05 
0.000500655 2.37284e-05 0.000123634 
0.000277092 0.0003765 0.000118444 
0.000117516 6.32537e-05 0.000114028 
0.000189756 0.000338894 5.19358e-05 
0.000796248 0.000443178 5.5291e-05 
0.000840349 0.000124168 9.4338e-05 
0.000311602 0.000347048 0.000180179 
0.000544748 0.000260017 0.000122644 
0.0007769 3.48177e-05 4.1812e-05 
0.000667702 0.000108415 0.000111504 
0.000638705 0.000157374 3.35541e-05 
7.24278e-05 0.000393479 0.000181035 
0.000196289 0.000477361 0.00015691 
0.000657446 0.000461319 3.76567e-05 
5.75093e-05 0.000473157 6.98635e-05 
0.000118702 0.000320477 0.000105352 
0.000871017 0.000164307 0.000175924 
0.00056699 0.000275601 0.000151569 
0.000604995 9.92406e-05 0.000179518 
3.73998e-05 0.00048102 3.50997e-05 
0.00075587 0.000314058 0.000140062 
6.90553e-05 4.50128e-05 0.000131506 
0.000468925 0.000219022 0.000168907 
0.000388173 0.000470889 2.46626e-05 
1.81392e-05 0.000430034 9.72541e-05 
0.000361297 0.000385688 0.000102382 
2.24858e-05 0.000297389 5.63257e-05 
0.000816441 2.08583e-05 0.000186511 
0.000234259 0.000275556 0.000133039 
0.000366768 0.000380816 3.08885e-05 
0.000913273 0.000101803 5.4556e-05 
0.000275036 0.000107734 3.04736e-05 
