0.000843951 0.000421772 3.10528e-05 
8.05363e-05 0.000292023 6.14065e-05 
0.000531328 0.000220843 9.06487e-05 
0.000321865 0.000246455 5.91074e-05 
0.000690455 0.000329655 6.67376e-05 
0.000368216 6.19323e-05 7.38929e-05 
0.000754602 0.000194313 3.09902e-05 
0.000886698 0.000288731 3.57914e-05 
0.000514739 3.97277e-05 9.45194e-05 
0.000774579 0.000234697 8.63748e-05 
0.000633374 0.000365825 2.42387e-05 
0.000189351 0.000382932 1.97442e-05 
0.000828537 0.00028646 7.73567e-05 
0.000205876 0.000214507 7.39703e-05 
0.000489314 0.000389219 3.62695e-05 
0.000805922 0.000158121 6.36624e-05 
0.000439203 0.000340568 5.26166e-05 
0.000232108 0.000363125 2.52288e-05 
0.00052505 0.000163124 2.40418e-05 
0.000894925 0.00022736 1.89336e-05 
0.000918803 0.000333488 6.18907e-05 
0.000421622 0.000296779 4.96811e-05 
0.000942589 5.26901e-05 5.3975e-05 
0.000840101 5.51821e-05 6.43992e-05 
0.000688417 9.20985e-05 2.1403e-05 
0.000276362 0.000304468 2.06133e-05 
8.43601e-05 0.000229944 8.67356e-05 
0.000563202 0.00023502 1.97556e-05 
0.000159048 9.07387e-05 2.98302e-05 
0.000949775 0.000441906 8.86864e-05 
0.000514762 0.000218607 3.3103e-05 
0.000973907 0.000224755 5.65387e-05 
0.000896397 0.000134685 2.57048e-05 
0.000774718 2.10006e-05 5.00278e-05 
6.69529e-05 0.000260164 2.19103e-05 
0.000741103 0.000353112 9.64112e-05 
0.000616995 0.000433607 9.14617e-05 
0.000304369 0.00014426 9.04145e-05 
0.00032928 0.000200162 6.84184e-05 
0.0003331 0.000175592 1.8716e-05 
0.000295066 0.000299148 7.73248e-05 
0.000475002 0.000303325 3.28582e-05 
0.000462182 2.31835e-05 6.83817e-05 
0.000336884 0.000101976 5.74441e-05 
0.000978198 0.000403849 2.17993e-05 
0.000598644 0.000481877 5.60359e-05 
0.000539125 0.000352212 7.17522e-05 
0.000723348 0.000173772 6.58723e-05 
0.0003947 0.00022681 6.57875e-05 
0.000384819 0.000281771 8.56992e-05 
0.000263814 0.000384502 7.87626e-05 
0.000573331 0.000156771 4.89388e-05 
0.000791502 5.1847e-05 8.02249e-05 
0.000846348 0.000463429 7.31712e-05 
9.15496e-05 5.70089e-05 8.04943e-05 
0.000192653 0.000109349 8.1737e-05 
0.000972463 8.93745e-05 2.75336e-05 
0.00051185 0.000427798 7.56698e-05 
0.000212147 0.000100981 2.45087e-05 
0.000366752 0.000414252 3.12558e-05 
0.000475306 0.000168735 2.60595e-05 
0.000283623 0.000413699 4.05527e-05 
0.000586446 0.000356008 2.37087e-05 
0.000801261 0.000190769 1.71766e-05 
0.000541566 7.49676e-05 5.98785e-05 
0.000240577 6.89875e-05 6.04912e-05 
0.000513441 0.000479253 1.73977e-05 
0.000397104 6.6914e-05 3.08113e-05 
0.000971768 0.000173576 6.26825e-05 
0.00089349 0.000179247 1.93952e-05 
0.000594698 0.000405878 7.59128e-05 
0.000619261 0.000132343 7.15687e-05 
0.000397675 0.000363687 6.65573e-05 
0.000693639 0.00038324 4.59957e-05 
0.000652683 6.58671e-05 6.34412e-05 
0.000161582 6.17322e-05 6.76194e-05 
0.000865052 0.00016669 5.44986e-05 
0.000444258 0.000115301 3.66408e-05 
0.000616001 0.000198519 8.15324e-05 
0.000707122 0.000127968 4.85136e-05 
0.000784593 0.000150129 2.30045e-05 
5.95808e-05 0.000340505 5.34158e-05 
0.000179947 0.000388193 5.50823e-05 
0.000423865 0.000444927 6.94572e-05 
0.000579333 0.000235712 5.92745e-05 
0.000792825 0.000384163 4.64859e-05 
2.99225e-05 0.000435258 2.99131e-05 
0.000345183 0.000277764 5.0968e-05 
0.000176417 0.00042885 2.88141e-05 
0.000153735 0.000270709 2.0355e-05 
0.000278709 5.66599e-05 2.32761e-05 
0.000822335 0.000474151 2.58485e-05 
0.000666742 0.000148626 5.60341e-05 
0.000980947 0.00029515 1.74972e-05 
0.000132796 0.000250373 5.59403e-05 
0.000868131 0.000333124 8.64727e-05 
0.000209629 2.35552e-05 6.11207e-05 
0.000930733 0.000213285 8.35122e-05 
0.00035173 0.000331591 7.5119e-05 
0.000418326 0.000182403 3.29351e-05 
0.000564042 0.000422805 5.78452e-05 
0.000777165 0.00047994 2.00582e-05 
0.000728874 0.000364091 4.91273e-05 
0.000797563 0.000116911 8.03175e-05 
0.000419852 2.36614e-05 1.93648e-05 
0.000819731 2.92574e-05 2.92557e-05 
0.000294388 6.83206e-05 6.47537e-05 
0.000731216 0.000248882 7.0286e-05 
7.53499e-05 0.000214416 2.46831e-05 
0.00068073 0.000180918 6.27582e-05 
0.000612995 0.000175771 2.64945e-05 
0.000393606 0.000264452 2.69508e-05 
0.00097175 0.000267645 7.36013e-05 
0.000651184 0.000275754 7.83943e-05 
0.000939215 0.000245549 3.02711e-05 
0.000595839 0.000132146 2.07351e-05 
8.75466e-05 0.000412988 3.03969e-05 
0.00013108 0.000436048 6.88561e-05 
0.00049402 0.000260762 5.13246e-05 
7.37797e-05 0.000166524 6.82797e-05 
0.000689483 0.000482785 1.72096e-05 
0.00064762 0.000383233 8.09331e-05 
0.000122679 0.0001989 4.43933e-05 
0.000308787 0.000273311 2.45238e-05 
0.000516753 0.000271354 2.10372e-05 
0.000766838 0.000179495 8.3947e-05 
0.000237117 0.000449011 7.08979e-05 
0.000977359 2.26403e-05 6.46875e-05 
0.000676916 0.000353765 2.10511e-05 
0.000229492 0.000223204 2.7675e-05 
0.000909409 0.000405396 3.66545e-05 
0.000414313 2.49825e-05 6.33472e-05 
0.000686244 2.74122e-05 5.01844e-05 
0.000767094 0.000475771 6.29769e-05 
0.000537131 0.000396292 5.96072e-05 
0.000452803 0.000164835 8.95165e-05 
0.000657985 0.0002141 3.29427e-05 
0.0004125 8.64013e-05 9.07951e-05 
0.000267064 0.000468746 3.12444e-05 
0.000979279 0.000402624 7.6578e-05 
0.000165 0.000160311 6.09758e-05 
0.000914983 9.73482e-05 3.62506e-05 
0.000647714 0.000320772 2.30567e-05 
0.000361179 0.000411146 8.55132e-05 
0.000317104 0.000407114 7.23178e-05 
0.000871646 0.000122708 5.85998e-05 
0.000187126 0.000237578 1.80797e-05 
0.000690899 0.000432604 3.07161e-05 
5.49473e-05 2.89691e-05 2.89689e-05 
0.000541627 2.53037e-05 2.52995e-05 
0.000718901 0.000297043 2.06422e-05 
0.000884545 3.74608e-05 3.64705e-05 
0.000212056 0.000270378 1.83519e-05 
0.000909918 0.000132986 7.54807e-05 
0.000299121 0.000173009 4.43837e-05 
0.000790092 0.000329852 7.5364e-05 
0.000524344 0.000264256 7.34247e-05 
0.000733473 0.000288652 5.68785e-05 
0.000197326 0.000318889 6.74316e-05 
0.000800083 0.000442613 5.5917e-05 
0.000825245 0.000226871 2.07612e-05 
0.000599931 0.000406539 2.86324e-05 
2.61556e-05 0.000120066 2.61556e-05 
0.0004627 0.000322071 7.90357e-05 
0.000442865 0.000481274 5.29548e-05 
4.65161e-05 0.000393962 4.86066e-05 
0.000383009 0.000318995 2.80229e-05 
0.000555811 0.000422242 1.91484e-05 
0.000266557 0.000116171 4.96804e-05 
0.000914231 8.20997e-05 6.92993e-05 
0.000612906 0.00025306 8.26678e-05 
0.000803336 0.000208729 5.94414e-05 
0.000437737 0.000374517 3.37995e-05 
0.000248039 0.000120598 1.70671e-05 
0.000745977 2.03293e-05 2.03296e-05 
0.000394804 0.000136946 1.98846e-05 
0.000348103 0.000250752 2.09448e-05 
0.000259471 0.000337989 5.45329e-05 
0.000717042 8.21398e-05 5.55657e-05 
0.000756092 0.000309344 1.8584e-05 
0.000865602 0.000410659 8.10573e-05 
0.000636686 0.00012699 2.04336e-05 
0.000617471 2.1255e-05 2.20128e-05 
0.000327521 0.000482965 1.70344e-05 
0.000578881 0.000110628 4.78165e-05 
0.000124363 0.000125927 5.69711e-05 
0.000193221 0.000471917 6.19814e-05 
0.000192561 6.50047e-05 5.09926e-05 
2.1949e-05 4.603e-05 6.37925e-05 
6.59519e-05 0.000304571 2.25123e-05 
0.000689431 0.000240729 6.52126e-05 
2.25219e-05 0.000477478 6.01113e-05 
0.000758813 0.000430596 5.17818e-05 
0.000446383 0.000252763 6.30758e-05 
0.000623638 0.000454503 2.08292e-05 
0.000837165 7.22616e-05 1.7535e-05 
0.000300332 0.000129221 2.42607e-05 
0.000935909 0.000459365 2.46537e-05 
0.000631928 0.00047795 7.81854e-05 
0.000194225 0.000420668 8.04293e-05 
0.000969659 0.000482859 1.71404e-05 
0.000832854 0.000331875 3.29511e-05 
6.01801e-05 0.000439288 8.29086e-05 
0.000454641 0.00043934 2.56016e-05 
0.000771855 0.000117325 4.77938e-05 
0.000742134 0.000326835 5.04634e-05 
0.000611548 0.00029861 8.80476e-05 
0.000120431 0.000465205 2.16538e-05 
0.000764354 0.000237616 5.04903e-05 
0.00080597 0.000109381 2.29189e-05 
0.000728573 0.000404795 5.0838e-05 
0.000468134 0.000430848 6.93586e-05 
0.000536923 0.000164822 6.33983e-05 
0.000340959 0.000138865 1.79663e-05 
0.000610205 0.000279287 3.39186e-05 
0.000186021 0.00026356 5.86209e-05 
0.00049562 0.000102304 6.95356e-05 
0.000564358 0.000192381 2.24172e-05 
0.00043355 0.000482272 1.77266e-05 
0.000501398 0.000177096 6.42632e-05 
0.000745533 0.000131312 2.04238e-05 
0.000225763 0.000176918 1.94785e-05 
9.91191e-05 0.000411417 0.000102724 
0.000497594 0.000340712 5.78245e-05 
4.34936e-05 0.000199548 4.89334e-05 
0.000674076 0.000275074 3.01835e-05 
0.000576971 2.00198e-05 5.31682e-05 
0.000139914 0.000382377 3.02617e-05 
3.23596e-05 0.00027676 6.95754e-05 
0.000380425 0.000454453 5.5311e-05 
0.000539435 0.000302463 1.72969e-05 
0.000849539 9.32979e-05 6.60433e-05 
0.000729453 9.45181e-05 1.97365e-05 
7.99347e-05 0.000171284 1.90542e-05 
5.71507e-05 0.000370874 1.9949e-05 
0.000278533 0.000202385 7.6818e-05 
0.000977493 0.000214431 2.00958e-05 
0.000274889 0.000241219 2.15247e-05 
0.000834107 0.000183882 9.09247e-05 
0.000887869 0.000348668 2.51028e-05 
0.000674679 0.000128357 1.7561e-05 
2.25678e-05 0.000254618 2.25665e-05 
0.000713559 0.000234454 2.65796e-05 
0.000111717 0.000238372 1.92056e-05 
0.000944248 0.0001553 1.7148e-05 
0.00088839 0.000444418 6.86668e-05 
0.000419478 0.000407326 2.19543e-05 
0.000108852 5.58573e-05 3.13138e-05 
0.000575666 0.000317139 6.23252e-05 
0.000865297 0.00020449 1.8459e-05 
0.000248177 0.000183911 5.0769e-05 
2.11351e-05 0.000366001 6.01845e-05 
0.000774662 0.000275483 6.71332e-05 
0.000242185 2.50551e-05 2.50545e-05 
0.000798898 6.97215e-05 1.76986e-05 
0.000251764 0.000269254 7.81136e-05 
0.000296331 0.000444389 6.60348e-05 
0.000701434 0.00017542 2.56847e-05 
0.000366204 0.00011212 1.80328e-05 
0.000959618 0.000427337 5.09227e-05 
0.000166913 0.000189 2.17745e-05 
0.000127639 0.000324939 2.09966e-05 
0.000978652 0.000124479 6.2353e-05 
0.000211127 5.69542e-05 1.97782e-05 
0.000978447 0.00013773 2.15518e-05 
0.000794836 0.000289897 2.43333e-05 
0.000379557 0.00048184 7.82007e-05 
7.93526e-05 0.000125633 2.73443e-05 
0.000442284 0.000392563 7.66292e-05 
0.000128075 0.000330205 6.44207e-05 
0.000461682 2.261e-05 2.26025e-05 
0.000942191 0.000394679 7.80944e-05 
0.000934876 0.000354186 2.23087e-05 
0.000230408 0.000311691 2.62437e-05 
0.000351816 0.000233529 8.43267e-05 
0.000823664 0.000415068 7.52247e-05 
0.000973249 0.000472865 5.97238e-05 
0.000229675 0.000138602 4.80728e-05 
0.000391548 0.000190588 0.00011846 
0.00011655 0.000155551 2.08333e-05 
0.000282962 0.000344651 2.01108e-05 
0.000370727 1.9772e-05 7.208e-05 
0.000643813 0.000438871 5.74143e-05 
2.02776e-05 0.000386953 2.02793e-05 
0.000524617 0.00048267 5.00995e-05 
0.000972974 0.000322883 6.19513e-05 
0.000597816 0.000444252 5.86248e-05 
0.000941976 0.000308416 2.40377e-05 
0.000367724 0.000163374 1.80001e-05 
0.000599999 7.57863e-05 6.14283e-05 
0.000884083 9.15589e-05 5.17692e-05 
0.000937633 2.11465e-05 2.11456e-05 
0.000444875 5.82495e-05 1.71703e-05 
0.000681183 0.000472174 7.27507e-05 
0.000700952 5.18483e-05 8.59855e-05 
0.000764099 0.000444588 1.77049e-05 
0.000334185 3.83466e-05 3.53008e-05 
0.000335094 0.000479401 5.37247e-05 
0.000674016 5.26052e-05 2.06402e-05 
0.000324313 0.000322651 2.72737e-05 
0.000480839 7.66495e-05 1.93222e-05 
9.92504e-05 0.000372442 7.21507e-05 
0.000216295 0.000384376 6.18501e-05 
0.000506771 0.000113928 2.6677e-05 
1.9271e-05 5.99575e-05 1.92707e-05 
0.000500723 1.71861e-05 1.71842e-05 
0.000832185 0.000372181 8.47465e-05 
0.000308817 8.53756e-05 1.85942e-05 
4.65895e-05 0.000185086 1.7088e-05 
0.000173322 0.000219043 4.6625e-05 
0.00057329 0.000315583 1.90548e-05 
0.000421294 0.000323982 9.07795e-05 
0.000460753 0.000212842 2.06965e-05 
0.000827653 0.000123293 5.51358e-05 
0.000838401 0.00023848 6.70595e-05 
0.000183216 0.000301376 2.22252e-05 
0.000612899 0.000330026 4.16298e-05 
0.000540867 1.98717e-05 7.01365e-05 
0.000644258 0.000420591 1.88803e-05 
0.000844366 1.83635e-05 6.8522e-05 
0.000317767 0.000442411 2.55342e-05 
0.000428801 0.000321552 1.87684e-05 
0.000982653 6.21686e-05 6.17441e-05 
0.000318173 0.000378606 2.90379e-05 
2.00787e-05 0.000222745 6.80533e-05 
0.000122929 0.000165946 8.00804e-05 
0.000164419 0.000337963 3.58961e-05 
0.000942302 0.000108498 5.69452e-05 
0.000406792 0.000451176 2.37269e-05 
0.000472775 0.00020111 5.47493e-05 
6.26323e-05 0.0004826 6.09088e-05 
0.000485096 0.000474208 6.50987e-05 
0.000859956 0.000375705 5.12419e-05 
0.000137141 0.000482501 5.25493e-05 
0.00014994 0.000230777 1.97599e-05 
0.000496994 0.000447618 1.81857e-05 
0.000757116 4.22074e-05 7.73009e-05 
0.000752162 0.000150258 5.41948e-05 
0.00026213 0.000156838 2.2147e-05 
0.00047456 0.000251548 2.03984e-05 
0.000572545 9.21596e-05 1.79198e-05 
0.000806256 1.87218e-05 7.40804e-05 
0.000604158 0.000224064 2.27439e-05 
0.000715907 0.000338423 2.08482e-05 
0.000887149 8.79559e-05 1.75242e-05 
0.000165412 3.06234e-05 3.06234e-05 
0.000614197 3.38808e-05 6.36172e-05 
0.00059896 0.000355718 6.65856e-05 
0.000717768 5.33504e-05 2.31933e-05 
0.000211154 0.000166296 8.16534e-05 
0.000553083 0.000465538 2.45703e-05 
0.000752072 0.00026724 2.40616e-05 
0.000731326 0.000473251 2.6748e-05 
0.00054677 0.000381055 2.32143e-05 
0.000611965 9.29257e-05 2.16731e-05 
0.000778294 0.000419626 8.12295e-05 
0.000538475 0.000291955 5.09463e-05 
0.000753335 0.000395716 7.75658e-05 
2.2951e-05 0.000343581 2.26358e-05 
0.000667363 0.000391671 1.81441e-05 
0.000558961 0.000467992 7.81414e-05 
0.000148928 0.000301058 4.36628e-05 
0.000378902 0.000152963 5.30264e-05 
0.000920371 0.000474254 7.02253e-05 
0.000721861 0.000384731 1.84426e-05 
5.60939e-05 8.11442e-05 2.30417e-05 
0.000649006 1.83858e-05 5.34224e-05 
0.000593647 0.000480863 1.91318e-05 
0.000562837 0.000195759 6.53936e-05 
0.000406105 0.000407559 5.87968e-05 
0.00017146 1.83558e-05 7.76544e-05 
0.000199454 0.000186723 4.29469e-05 
0.000406093 0.000361484 1.96257e-05 
0.000388363 0.000113068 5.21862e-05 
0.000498207 0.000353706 9.07098e-05 
0.000791658 8.15192e-05 5.42428e-05 
0.000807455 0.000253434 4.56062e-05 
0.000699232 0.000278226 7.3831e-05 
0.000830118 0.000150586 2.25257e-05 
0.00057087 0.000382662 5.77721e-05 
0.000982127 0.000176811 1.78733e-05 
0.000154246 0.00013952 2.01368e-05 
0.000480608 5.48704e-05 8.56988e-05 
0.000278694 2.42097e-05 5.60549e-05 
2.04118e-05 0.000211745 2.04106e-05 
0.000639827 0.000320384 6.45306e-05 
0.000271089 0.000198967 2.09009e-05 
0.00070465 0.000204895 5.75315e-05 
0.000580621 4.48198e-05 8.39078e-05 
0.000535165 0.000129787 5.78904e-05 
0.000279567 0.000246322 6.38811e-05 
0.00092387 0.000171397 4.68103e-05 
0.000876872 0.000258672 8.92974e-05 
0.00058355 5.22132e-05 2.3951e-05 
4.82683e-05 0.000237044 4.7761e-05 
0.00019355 0.000361992 8.57988e-05 
0.000833878 0.000190254 3.07758e-05 
5.81156e-05 6.40255e-05 6.08943e-05 
0.0002338 0.000417784 2.96322e-05 
0.000687631 9.70507e-05 7.91787e-05 
2.27429e-05 0.000327572 8.14269e-05 
0.000553421 0.000126943 2.19821e-05 
0.000756571 6.01461e-05 4.30317e-05 
0.000960643 0.000376162 4.97789e-05 
0.000475846 0.000479704 2.02965e-05 
0.000381947 1.88479e-05 1.88484e-05 
0.000977327 3.96405e-05 2.26719e-05 
0.000312467 2.53012e-05 9.03467e-05 
0.000457216 0.000348976 1.82636e-05 
0.000978451 0.000349299 2.15478e-05 
0.000364968 0.00013615 9.02607e-05 
0.000802737 0.000478631 9.12649e-05 
0.000464059 8.4682e-05 7.70807e-05 
0.000158201 0.000204233 7.93714e-05 
0.000917519 0.000260784 7.0989e-05 
0.000522725 0.000339986 2.43848e-05 
5.27776e-05 0.000104355 6.33443e-05 
0.000115405 0.000101943 1.70138e-05 
0.000162633 0.00047767 2.23282e-05 
0.000898685 0.000368589 7.44412e-05 
0.00048913 6.91136e-05 5.47102e-05 
0.00074337 0.000297786 9.86038e-05 
0.000949904 0.000356786 8.41584e-05 
0.000324096 0.000466955 9.46126e-05 
8.99017e-05 9.3139e-05 5.60211e-05 
0.000742202 0.000107968 7.26081e-05 
0.000364673 0.000206806 2.63268e-05 
0.000525578 0.000435122 3.70921e-05 
0.000217532 0.000479451 2.05467e-05 
9.60446e-05 0.000354524 2.23074e-05 
0.00012286 0.000290338 6.55448e-05 
0.000313932 0.000215787 2.52164e-05 
0.000245988 0.000227636 6.94223e-05 
0.000893859 0.000202481 4.95885e-05 
0.000128882 2.22784e-05 6.79641e-05 
0.00093387 0.000292593 6.25981e-05 
1.80679e-05 8.28948e-05 4.87094e-05 
0.000937735 0.000197832 1.83511e-05 
0.000894385 0.000238806 5.3918e-05 
0.000489056 0.000141048 5.76946e-05 
0.000883217 0.000470571 2.94242e-05 
0.000509583 0.000306304 7.84051e-05 
8.77648e-05 0.000460266 4.59975e-05 
0.000753132 0.000408925 1.96554e-05 
0.000298898 0.000482316 6.58345e-05 
0.000755219 0.000352728 2.09865e-05 
0.000700536 1.72483e-05 1.72491e-05 
0.000634524 5.8834e-05 1.9276e-05 
0.000195076 0.000357905 4.64376e-05 
0.0002662 0.000152066 6.16452e-05 
0.00033895 0.000156169 5.158e-05 
0.000472509 0.000287988 8.23432e-05 
0.000561556 0.000275534 1.75454e-05 
0.000288952 1.75516e-05 1.75528e-05 
0.000429193 0.000236279 1.84385e-05 
0.000158327 0.000358646 6.93934e-05 
0.000861449 0.000238958 3.51365e-05 
0.000657126 1.79795e-05 1.79792e-05 
0.000243013 0.000301502 6.71912e-05 
0.000405142 0.00048179 5.23404e-05 
0.00072751 2.23831e-05 5.87895e-05 
0.000979239 0.000446373 2.07506e-05 
0.000835639 0.000269109 2.08963e-05 
0.00044247 6.06585e-05 5.53187e-05 
0.000194879 0.000149663 2.17779e-05 
0.000951364 8.33297e-05 8.07448e-05 
0.000351219 0.000288636 1.72421e-05 
0.000131392 0.000427736 1.75957e-05 
0.000108665 0.000282624 2.56079e-05 
0.000369651 0.000188203 6.72481e-05 
0.000785185 0.000233335 1.98256e-05 
0.000509135 5.20223e-05 1.7484e-05 
0.000768276 9.04308e-05 1.93027e-05 
0.000340009 0.000441376 6.43194e-05 
0.000923344 1.80095e-05 6.93944e-05 
0.000938058 0.000119657 1.90728e-05 
0.00046736 0.000357364 7.36515e-05 
0.000951745 0.000139587 8.65572e-05 
0.000699398 0.000416446 8.31417e-05 
1.8474e-05 0.000163353 1.8474e-05 
0.000504031 3.20796e-05 5.34271e-05 
0.000271492 0.000381869 1.88522e-05 
0.000127328 8.08334e-05 7.45998e-05 
0.00019774 0.000339199 1.7375e-05 
0.000795542 0.00042779 1.79405e-05 
0.000852752 0.000110101 2.38751e-05 
0.000306914 0.000355062 7.29522e-05 
0.000545286 0.000257857 4.27616e-05 
0.000776738 4.12678e-05 1.70275e-05 
0.000661223 0.000109542 4.57491e-05 
0.000657535 0.000162174 2.04641e-05 
5.11819e-05 0.00038197 8.7179e-05 
0.000153309 0.000481005 8.52227e-05 
0.000659565 0.000466034 1.70776e-05 
5.91542e-05 0.000477991 2.19687e-05 
9.63345e-05 0.00032055 4.20839e-05 
0.00089996 0.000174421 8.11078e-05 
0.00056784 0.000275143 6.44484e-05 
0.00057974 0.000100842 9.03864e-05 
1.87178e-05 0.000481276 1.87239e-05 
0.000782936 0.000328893 3.1575e-05 
9.10811e-05 1.75843e-05 5.60245e-05 
0.000485612 0.000227225 7.30666e-05 
0.000366992 0.000476537 2.34657e-05 
1.8097e-05 0.000407321 6.71237e-05 
0.000352938 0.000377128 6.19176e-05 
2.18932e-05 0.000299069 2.18932e-05 
0.00082943 3.80065e-05 9.58729e-05 
0.00024617 0.000268269 3.93946e-05 
0.000364746 0.000363492 2.06427e-05 
0.00093056 7.16118e-05 1.79155e-05 
0.000273857 9.7122e-05 1.78377e-05 
