0.000838971 0.000418028 3.10559e-05 
7.97821e-05 0.000295099 6.54578e-05 
0.000530107 0.000220281 9.18029e-05 
0.000316202 0.000240482 8.34639e-05 
0.000688174 0.000326074 6.41132e-05 
0.000372759 6.30106e-05 7.9508e-05 
0.000753687 0.000195744 3.09903e-05 
0.000884447 0.000288981 3.95882e-05 
0.000525472 4.68523e-05 0.000108303 
0.0007836 0.00023411 9.83826e-05 
0.000635714 0.00036802 2.42401e-05 
0.00017948 0.000384613 1.97425e-05 
0.000829269 0.000289452 7.67311e-05 
0.000201646 0.000216541 7.34963e-05 
0.000487811 0.000378523 3.62692e-05 
0.000802457 0.00015552 6.73151e-05 
0.000443506 0.000345449 5.77818e-05 
0.000232617 0.00036221 2.52291e-05 
0.000527521 0.000153922 5.35509e-05 
0.000885635 0.000238278 1.89334e-05 
0.000921372 0.000331616 6.27379e-05 
0.000414068 0.000308601 5.67416e-05 
0.000943551 5.25277e-05 5.34388e-05 
0.000850042 4.89454e-05 7.88659e-05 
0.000689762 9.06291e-05 2.14059e-05 
0.000272844 0.000302501 3.4624e-05 
8.56981e-05 0.000225676 8.4287e-05 
0.000565456 0.000236966 1.97554e-05 
0.000167468 9.10042e-05 2.9834e-05 
0.000969621 0.000463209 0.000103724 
0.000518472 0.000216701 3.31028e-05 
0.000960944 0.000216162 5.66531e-05 
0.000887064 0.00013522 2.57082e-05 
0.000770395 2.22838e-05 5.18635e-05 
6.65625e-05 0.000258211 2.2819e-05 
0.000740429 0.000347019 9.5267e-05 
0.000610362 0.000439166 0.000104524 
0.000308299 0.000176418 0.000100709 
0.00034327 0.00020524 7.17016e-05 
0.000324883 0.000186539 1.87151e-05 
0.00030491 0.000296236 8.03943e-05 
0.000477081 0.000310041 3.28586e-05 
0.000459444 2.31947e-05 6.81223e-05 
0.000339781 9.87326e-05 5.71999e-05 
0.000969363 0.000396915 2.1801e-05 
0.000591262 0.000468654 5.40787e-05 
0.000535842 0.00034867 8.72495e-05 
0.000707423 0.00016005 7.91759e-05 
0.0003923 0.000234556 6.33729e-05 
0.000398863 0.000275572 0.00010573 
0.000268456 0.000372561 9.19622e-05 
0.000574374 0.000160744 5.51925e-05 
0.000799086 5.31661e-05 0.000115081 
0.000842733 0.000454008 7.80362e-05 
8.85005e-05 6.46705e-05 9.50278e-05 
0.000179233 0.000101546 9.24537e-05 
0.000972352 8.73389e-05 2.75358e-05 
0.000522115 0.00042103 9.62962e-05 
0.000220584 0.000101805 2.45144e-05 
0.000370613 0.000422454 3.12586e-05 
0.000487387 0.000165934 2.60653e-05 
0.000283954 0.000411754 5.12828e-05 
0.000589697 0.00035455 2.37148e-05 
0.000799523 0.000190391 1.71766e-05 
0.000544939 7.87062e-05 5.63334e-05 
0.000238866 8.0534e-05 7.29044e-05 
0.000515453 0.000466665 1.74002e-05 
0.000391297 6.36758e-05 3.08112e-05 
0.000964727 0.000171189 6.65002e-05 
0.000890768 0.000187148 1.93953e-05 
0.000578136 0.000395748 8.91043e-05 
0.000623901 0.000129996 7.18697e-05 
0.000397292 0.000362993 6.54712e-05 
0.00068911 0.000386748 4.91369e-05 
0.000648047 7.01743e-05 6.10467e-05 
0.000150033 4.58186e-05 7.16436e-05 
0.000866373 0.000151926 7.17836e-05 
0.000444031 0.000108038 3.66392e-05 
0.000618497 0.000196084 8.15507e-05 
0.000711955 0.000125888 4.66204e-05 
0.000788353 0.000152232 2.30129e-05 
5.44615e-05 0.00033363 6.83117e-05 
0.000166105 0.000379265 6.24037e-05 
0.000439957 0.000435648 7.12596e-05 
0.00058351 0.000241292 5.82398e-05 
0.000788457 0.000383638 5.41468e-05 
2.99139e-05 0.00043391 2.99163e-05 
0.000348852 0.00028412 0.000109318 
0.000181519 0.000432282 2.8815e-05 
0.000147114 0.000277459 2.03551e-05 
0.000277908 5.74081e-05 2.32771e-05 
0.000813907 0.000474136 2.58523e-05 
0.00068666 0.000131593 0.000105248 
0.000980863 0.000295175 1.74972e-05 
0.000128788 0.000259629 5.75945e-05 
0.000870118 0.000335213 8.59035e-05 
0.00021665 2.97686e-05 6.71443e-05 
0.000914635 0.000201822 8.23134e-05 
0.000364471 0.000320117 8.28781e-05 
0.000417982 0.000189375 3.29359e-05 
0.000558399 0.000404278 5.61221e-05 
0.000769233 0.000465306 2.00575e-05 
0.00072174 0.000363185 5.17343e-05 
0.000787146 0.000113922 8.47158e-05 
0.000422488 2.60473e-05 1.94362e-05 
0.000821988 2.92512e-05 2.92586e-05 
0.000292042 7.37004e-05 6.65313e-05 
0.000722775 0.000252819 7.43097e-05 
8.20775e-05 0.000214289 2.46837e-05 
0.000685417 0.00018715 6.61789e-05 
0.00061231 0.000174016 2.64941e-05 
0.000397397 0.000274232 2.69516e-05 
0.000971751 0.000257988 7.30409e-05 
0.000647465 0.000279395 7.65595e-05 
0.000933673 0.000245925 3.02697e-05 
0.000599404 0.000128945 2.07348e-05 
8.83472e-05 0.000418987 3.0397e-05 
0.000135236 0.000435644 6.83072e-05 
0.000485228 0.000283177 7.44072e-05 
7.28712e-05 0.00015985 8.27314e-05 
0.000685551 0.000482758 2.46046e-05 
0.000640263 0.000392939 7.97348e-05 
0.000128643 0.000196843 4.46688e-05 
0.000307132 0.000274937 2.45238e-05 
0.000521774 0.000272818 4.18666e-05 
0.000760189 0.000180918 8.4955e-05 
0.000248303 0.000463132 7.9888e-05 
0.00097735 3.21341e-05 7.9289e-05 
0.000679522 0.000356919 2.10511e-05 
0.000229398 0.000224259 2.77657e-05 
0.000910154 0.000404456 3.66589e-05 
0.000413127 3.30635e-05 7.69433e-05 
0.000689852 4.30016e-05 5.58401e-05 
0.00077362 0.000474649 7.97459e-05 
0.000527088 0.000389369 7.12048e-05 
0.000459306 0.000163059 8.09087e-05 
0.000659459 0.000214152 3.2943e-05 
0.00042474 0.00010888 0.000102489 
0.000269877 0.000468523 3.12572e-05 
0.00097923 0.000385699 8.70278e-05 
0.000164298 0.00015539 6.64751e-05 
0.000900417 9.80411e-05 5.06579e-05 
0.000651049 0.000323292 2.30595e-05 
0.000359196 0.000402663 9.445e-05 
0.000316347 0.000397507 7.80137e-05 
0.000869105 0.000125264 0.000107622 
0.000187907 0.000240995 1.80824e-05 
0.000694445 0.00043481 3.07159e-05 
6.31912e-05 2.89755e-05 2.89688e-05 
0.000545228 2.67408e-05 2.53005e-05 
0.000718992 0.000296412 2.06411e-05 
0.00088547 4.46825e-05 3.64745e-05 
0.000218625 0.000268018 1.83569e-05 
0.000915877 0.000131536 7.34295e-05 
0.000300711 0.000166536 4.76166e-05 
0.000798379 0.000336097 9.20442e-05 
0.000516962 0.000265101 8.36966e-05 
0.000726955 0.00029194 5.9533e-05 
0.000200214 0.000323042 7.04196e-05 
0.000797151 0.00044036 5.72023e-05 
0.00082287 0.00022008 2.07612e-05 
0.000599006 0.00040582 2.86334e-05 
2.61635e-05 0.000114897 2.61598e-05 
0.000465297 0.000328368 8.6519e-05 
0.000458727 0.000470812 5.16572e-05 
4.36624e-05 0.000388987 8.0522e-05 
0.000377402 0.00032543 2.80206e-05 
0.000553668 0.000417547 1.91483e-05 
0.000276375 0.0001126 5.8442e-05 
0.000907922 6.24059e-05 8.8902e-05 
0.000599704 0.000244136 9.95285e-05 
0.000801992 0.000206109 6.1833e-05 
0.000434237 0.000378609 3.9806e-05 
0.000254196 0.000125243 3.1577e-05 
0.000743664 2.07085e-05 2.03279e-05 
0.0003984 0.000137447 1.98847e-05 
0.000348618 0.000255718 2.09431e-05 
0.000255942 0.000335594 5.6647e-05 
0.000724286 8.59944e-05 7.18583e-05 
0.000766701 0.000314971 1.85887e-05 
0.000876437 0.000414296 8.68202e-05 
0.000640575 0.000124989 2.04404e-05 
0.000615096 2.2011e-05 4.19077e-05 
0.000335888 0.00047117 3.60957e-05 
0.000577568 0.000120199 5.12449e-05 
0.000126205 0.000119258 5.68293e-05 
0.000201191 0.000471913 6.45891e-05 
0.000197293 6.33698e-05 5.39038e-05 
4.49788e-05 5.15477e-05 9.52884e-05 
6.19695e-05 0.000315146 2.2533e-05 
0.000674588 0.000247073 7.07274e-05 
2.65563e-05 0.000476996 5.96095e-05 
0.000751956 0.000421998 7.60082e-05 
0.000442564 0.000265074 6.17237e-05 
0.000620819 0.000459539 2.08292e-05 
0.000829333 7.17387e-05 5.66702e-05 
0.000301882 0.000124385 2.42607e-05 
0.00092233 0.000463349 2.46561e-05 
0.000636506 0.000477945 8.73695e-05 
0.000192132 0.000410406 7.8382e-05 
0.000958529 0.000482858 1.71394e-05 
0.000830489 0.00033564 3.29507e-05 
6.03227e-05 0.000436844 8.29142e-05 
0.000462879 0.000435176 2.5605e-05 
0.000781799 0.000115011 4.36188e-05 
0.00074465 0.000325828 4.88022e-05 
0.000604439 0.000299322 8.9417e-05 
0.000118172 0.000460742 2.16541e-05 
0.000760038 0.000228255 6.74601e-05 
0.000813236 8.71776e-05 2.29184e-05 
0.000729099 0.000402678 4.98302e-05 
0.000481362 0.000414987 7.99201e-05 
0.00056189 0.000150366 9.92412e-05 
0.000335923 0.000148567 1.79663e-05 
0.000609939 0.000285365 3.39186e-05 
0.000190457 0.000268157 5.77943e-05 
0.000508925 0.000109096 8.35576e-05 
0.00056665 0.000191199 2.2419e-05 
0.000441847 0.000482275 1.77262e-05 
0.000512686 0.000176291 9.20686e-05 
0.000751706 0.000129015 2.04239e-05 
0.000214958 0.00018008 1.94827e-05 
0.000104031 0.000434362 0.000110763 
0.000495956 0.000337792 7.03363e-05 
4.94754e-05 0.000188815 5.11671e-05 
0.000673615 0.000275603 3.01845e-05 
0.000578275 3.14027e-05 5.98586e-05 
0.000131316 0.000376174 3.02596e-05 
3.03176e-05 0.000283608 7.19427e-05 
0.000374743 0.000436673 7.77655e-05 
0.000536122 0.000298514 1.7296e-05 
0.000846728 8.43618e-05 9.55895e-05 
0.000732882 9.34872e-05 1.97367e-05 
6.9968e-05 0.000169843 1.90543e-05 
6.00218e-05 0.000378684 1.99483e-05 
0.000265985 0.000209837 8.98317e-05 
0.000967939 0.00020827 2.0096e-05 
0.000274863 0.000242172 2.15261e-05 
0.000831336 0.000180933 9.43973e-05 
0.000887443 0.000348056 2.51052e-05 
0.000678108 0.000130528 1.75732e-05 
2.25824e-05 0.000251436 2.25717e-05 
0.000718619 0.000241195 2.65825e-05 
0.000114032 0.000243913 1.92099e-05 
0.000947001 0.000149868 1.71492e-05 
0.000891049 0.00044749 6.44944e-05 
0.000421835 0.000411435 2.1953e-05 
0.000114047 6.128e-05 3.13167e-05 
0.000569435 0.00031744 6.22322e-05 
0.000860757 0.000210202 1.84595e-05 
0.000257422 0.000193213 4.99108e-05 
2.11391e-05 0.000364637 5.90708e-05 
0.000776766 0.000267442 6.88238e-05 
0.0002405 2.50502e-05 2.50538e-05 
0.000788021 5.99818e-05 3.95703e-05 
0.000266718 0.000270837 0.000106195 
0.000288172 0.000442262 7.96463e-05 
0.000701842 0.00017348 2.5684e-05 
0.000360527 0.000122271 1.80358e-05 
0.000970096 0.000425309 8.44939e-05 
0.000167752 0.000174186 2.17745e-05 
0.00013854 0.000318399 2.09992e-05 
0.000973084 0.000111755 6.98897e-05 
0.00021137 5.87419e-05 1.97797e-05 
0.00097845 0.000135537 3.45659e-05 
0.000804845 0.000285103 2.43379e-05 
0.000396168 0.000478268 0.000104149 
7.75375e-05 0.000126936 3.50136e-05 
0.000441223 0.000386555 8.60029e-05 
0.000129581 0.000314688 8.37901e-05 
0.000464357 2.27986e-05 2.26026e-05 
0.000941849 0.000381186 0.000111596 
0.000934609 0.000352753 2.23047e-05 
0.000227533 0.000310999 2.62437e-05 
0.000358962 0.000236026 9.77653e-05 
0.000821966 0.000412835 8.16718e-05 
0.000973257 0.000467833 5.56467e-05 
0.000226246 0.000149659 4.72501e-05 
0.000404355 0.000197019 0.000113779 
0.000113254 0.000155989 2.08365e-05 
0.000276535 0.000340375 2.01115e-05 
0.0003536 1.97731e-05 8.30391e-05 
0.000647238 0.000447623 5.47324e-05 
2.02746e-05 0.000384899 2.02778e-05 
0.000516478 0.00048267 7.70117e-05 
0.000972976 0.000323616 5.8662e-05 
0.000606769 0.000436157 6.53177e-05 
0.000939479 0.000306688 2.40371e-05 
0.00037315 0.000167392 1.80001e-05 
0.000598423 6.75236e-05 7.72085e-05 
0.000880247 8.30413e-05 7.82262e-05 
0.000935775 2.11423e-05 2.1143e-05 
0.00044501 5.74812e-05 1.71704e-05 
0.000688191 0.00046736 7.91687e-05 
0.000686115 5.89221e-05 9.87107e-05 
0.000758185 0.000437054 4.25494e-05 
0.000331066 3.5553e-05 3.53029e-05 
0.000354019 0.00046744 6.88584e-05 
0.000671752 5.26355e-05 2.06435e-05 
0.000322105 0.000324475 2.72734e-05 
0.000490539 8.13214e-05 5.2687e-05 
0.000115915 0.00037423 8.74099e-05 
0.000227249 0.000383333 6.48246e-05 
0.000505982 0.00011659 2.66946e-05 
1.92734e-05 6.71188e-05 6.70759e-05 
0.000503759 2.16774e-05 1.71861e-05 
0.00084406 0.000381344 9.23429e-05 
0.000310974 8.27376e-05 1.85953e-05 
4.52293e-05 0.000196131 1.70871e-05 
0.000160175 0.000231567 6.38108e-05 
0.000565861 0.000319346 1.90543e-05 
0.000423884 0.000329937 9.55559e-05 
0.000466914 0.000207632 2.07e-05 
0.000826863 0.000113854 8.03167e-05 
0.00084945 0.000244662 8.63955e-05 
0.000179601 0.000304944 2.22283e-05 
0.000618918 0.000334757 4.49493e-05 
0.000541377 1.98774e-05 6.97842e-05 
0.000641248 0.000425266 1.88841e-05 
0.00085039 1.83805e-05 0.000100258 
0.000315576 0.00043526 2.5539e-05 
0.00042744 0.00030849 1.87683e-05 
0.000972633 6.49694e-05 0.000109892 
0.00031695 0.000380521 2.90385e-05 
2.8834e-05 0.000204704 7.9006e-05 
0.000119602 0.000140288 9.7473e-05 
0.000166986 0.000341375 4.126e-05 
0.000940058 9.62844e-05 8.6508e-05 
0.000414809 0.000455092 3.34883e-05 
0.000477236 0.000209759 6.1193e-05 
8.21317e-05 0.000482599 8.29406e-05 
0.000481174 0.000460886 8.88068e-05 
0.000861853 0.000375763 5.2877e-05 
0.000131813 0.000482497 5.12219e-05 
0.000151176 0.000232041 1.97714e-05 
0.000496443 0.000455281 4.52644e-05 
0.000766362 3.7776e-05 9.39898e-05 
0.000757201 0.000150933 5.25605e-05 
0.00026251 0.000162391 2.21449e-05 
0.000488889 0.000259565 2.04064e-05 
0.000577741 9.70322e-05 1.79197e-05 
0.000813044 2.06122e-05 7.55958e-05 
0.000605376 0.000222621 2.27452e-05 
0.000716828 0.000337845 2.08522e-05 
0.000875764 9.43024e-05 1.75247e-05 
0.000170952 3.06223e-05 3.06238e-05 
0.000602673 2.53944e-05 9.23572e-05 
0.000599333 0.000349123 7.47339e-05 
0.000715943 5.41852e-05 2.31979e-05 
0.000208912 0.000169725 8.64296e-05 
0.00055287 0.000458457 3.45465e-05 
0.00075736 0.00027372 2.40606e-05 
0.000733148 0.000473252 4.87892e-05 
0.000545796 0.000376121 2.32142e-05 
0.000616787 9.02688e-05 2.16729e-05 
0.00078201 0.000426169 0.000105481 
0.000532888 0.000297593 6.98826e-05 
0.000769109 0.000390074 0.000116684 
2.31285e-05 0.000340462 2.26356e-05 
0.00066564 0.000397402 1.81438e-05 
0.000561044 0.000470618 9.07266e-05 
0.000156675 0.000302602 5.55468e-05 
0.00039218 0.000146433 6.36261e-05 
0.000924396 0.000474247 7.38176e-05 
0.000725384 0.000380361 1.84415e-05 
6.16682e-05 8.06285e-05 2.30422e-05 
0.000666416 1.84444e-05 7.39205e-05 
0.000587072 0.000480869 1.91338e-05 
0.000565107 0.000202245 6.48438e-05 
0.000405685 0.000411527 6.29402e-05 
0.000173376 1.83559e-05 7.79865e-05 
0.00019385 0.00018299 4.92322e-05 
0.000410012 0.000359166 1.96254e-05 
0.000392125 0.000105485 6.11105e-05 
0.000494986 0.00035334 0.000117206 
0.000792219 6.95241e-05 7.72333e-05 
0.000813375 0.000250017 4.96055e-05 
0.000698694 0.000285104 9.54572e-05 
0.000833728 0.000148485 2.25258e-05 
0.000567185 0.000365956 5.81039e-05 
0.000975506 0.00017113 1.78721e-05 
0.000149328 0.000136542 2.01365e-05 
0.000479306 3.4927e-05 0.000116242 
0.000267901 3.53742e-05 6.29673e-05 
2.04104e-05 0.000212249 4.01216e-05 
0.000637735 0.000320489 7.29692e-05 
0.000285137 0.000199016 2.08993e-05 
0.000690304 0.000242457 0.000103384 
0.000563453 3.5462e-05 9.86191e-05 
0.000536145 0.000129655 0.000112231 
0.000276479 0.000246399 6.42053e-05 
0.000920139 0.000166594 4.06589e-05 
0.000883552 0.000272141 9.93894e-05 
0.000588271 5.47319e-05 2.39498e-05 
3.85474e-05 0.000237668 6.16429e-05 
0.000204101 0.000357271 0.000102415 
0.000836207 0.00017896 4.93735e-05 
6.61136e-05 7.2634e-05 6.36167e-05 
0.000237844 0.000416667 2.96483e-05 
0.000686987 0.000100536 7.85015e-05 
2.43085e-05 0.000352371 0.000101098 
0.000556225 0.000136634 2.19845e-05 
0.000750728 6.59047e-05 4.7674e-05 
0.00095539 0.000373012 5.48367e-05 
0.000480204 0.000479699 2.03078e-05 
0.000380369 1.96384e-05 5.10746e-05 
0.00097733 2.29237e-05 3.49144e-05 
0.000306719 2.66161e-05 9.00677e-05 
0.000446225 0.000348098 1.82638e-05 
0.000978427 0.00035452 2.1551e-05 
0.000353153 0.00014602 8.21218e-05 
0.000810359 0.000478594 0.000106467 
0.000469651 8.29791e-05 0.000100639 
0.000147489 0.000205666 9.0301e-05 
0.000917299 0.000256201 7.48388e-05 
0.000529039 0.000334058 3.78983e-05 
4.85686e-05 0.000111515 9.36949e-05 
0.000113084 0.000107443 1.70132e-05 
0.000158797 0.000477647 2.23314e-05 
0.000908337 0.000381338 0.00012298 
0.000503359 7.19444e-05 8.86103e-05 
0.000744137 0.000288615 9.97323e-05 
0.00095068 0.000343799 9.43015e-05 
0.000319643 0.000467724 9.65706e-05 
8.63864e-05 0.000100382 7.39519e-05 
0.000742173 0.000131376 8.22617e-05 
0.000362731 0.000209817 2.63265e-05 
0.000525593 0.000449858 6.65171e-05 
0.000220381 0.000479446 2.05492e-05 
8.61548e-05 0.000350076 3.68136e-05 
0.000101906 0.000285805 9.53723e-05 
0.000316159 0.000228121 3.87099e-05 
0.00022864 0.000219525 0.000106123 
0.000864066 0.000197652 6.46777e-05 
0.000117725 2.22801e-05 6.7894e-05 
0.000935557 0.000284443 6.00011e-05 
1.80676e-05 0.000104424 6.83618e-05 
0.00093066 0.000198879 1.83539e-05 
0.00089292 0.000238245 5.50174e-05 
0.000496912 0.000141792 0.000112974 
0.000868948 0.000470566 2.9423e-05 
0.00050459 0.000309661 0.000100117 
9.34655e-05 0.000462375 5.43866e-05 
0.000754723 0.000407716 1.96547e-05 
0.00028797 0.000482307 7.45794e-05 
0.000755185 0.000354553 2.09865e-05 
0.000693149 2.05145e-05 1.72507e-05 
0.000631822 5.22244e-05 1.92806e-05 
0.000196048 0.000365346 4.6693e-05 
0.000252512 0.000140013 0.000112304 
0.00034792 0.00017078 4.61934e-05 
0.00046338 0.00029591 0.00012091 
0.000560571 0.000270812 3.46759e-05 
0.000284643 1.75498e-05 1.75509e-05 
0.000453225 0.000244251 1.84446e-05 
0.000170073 0.000375954 9.83247e-05 
0.000855881 0.000232353 4.955e-05 
0.000659437 1.7989e-05 3.2447e-05 
0.000260794 0.000312322 0.000117942 
0.000398514 0.000462617 7.13998e-05 
0.000726879 2.24374e-05 5.97808e-05 
0.000960078 0.000438424 2.07576e-05 
0.000841115 0.000257563 2.08979e-05 
0.000446359 6.49987e-05 7.5101e-05 
0.000191203 0.000137462 2.17846e-05 
0.000936837 8.5496e-05 0.000123518 
0.000356096 0.000287547 4.06744e-05 
0.000135102 0.00042556 1.75967e-05 
0.000102869 0.000288748 2.56075e-05 
0.000378756 0.000183117 6.6241e-05 
0.000783544 0.000235421 1.98252e-05 
0.000494603 7.13732e-05 1.74839e-05 
0.000771187 8.59608e-05 1.93025e-05 
0.000329545 0.000436086 6.80066e-05 
0.000916207 1.80073e-05 7.27094e-05 
0.000929313 0.000120972 2.9972e-05 
0.000477297 0.000362571 8.65602e-05 
0.000965413 0.000131278 0.000108527 
0.000701353 0.00041498 8.31211e-05 
2.30683e-05 0.000160274 1.84739e-05 
0.00050273 2.87274e-05 5.58599e-05 
0.000271918 0.00037174 4.27659e-05 
0.000126883 7.69779e-05 8.05969e-05 
0.000196739 0.000340617 1.73749e-05 
0.000789251 0.000431488 1.79407e-05 
0.000848165 0.000110012 4.40883e-05 
0.000316085 0.000352425 7.8315e-05 
0.000544567 0.000250221 6.28023e-05 
0.000777797 3.56194e-05 1.70278e-05 
0.000666704 0.000111935 4.67947e-05 
0.000657383 0.000162273 2.04658e-05 
7.23694e-05 0.000390231 0.000109289 
0.000187624 0.00048094 0.000108753 
0.000658416 0.000463197 1.70773e-05 
6.83724e-05 0.000467849 2.19713e-05 
0.000112929 0.000323172 4.86838e-05 
0.000871137 0.000164653 0.000114238 
0.000566558 0.000273928 7.99549e-05 
0.000604879 9.6424e-05 0.000109693 
3.00954e-05 0.000481276 1.8726e-05 
0.00077186 0.000309363 6.85506e-05 
7.42371e-05 3.61346e-05 7.3622e-05 
0.000468925 0.000219022 0.000105781 
0.000373992 0.000476536 2.34601e-05 
1.80971e-05 0.000413448 7.17187e-05 
0.000355382 0.00038258 5.75144e-05 
2.19331e-05 0.000295947 2.18892e-05 
0.000815937 2.07959e-05 0.000113123 
0.000246083 0.000272047 4.73615e-05 
0.000365161 0.000371946 2.06484e-05 
0.000911566 9.07788e-05 1.79176e-05 
0.000270188 9.74195e-05 1.78374e-05 
