0.000839769 0.000419167 3.10544e-05 
7.82604e-05 0.00029714 6.2491e-05 
0.000531446 0.000222297 9.1119e-05 
0.000318451 0.000243681 7.65094e-05 
0.000687445 0.00032817 6.45908e-05 
0.000369209 5.95776e-05 7.58656e-05 
0.000754372 0.000195334 3.09934e-05 
0.000884954 0.000288811 3.57919e-05 
0.000525363 4.62933e-05 9.78457e-05 
0.000782133 0.000232967 9.2405e-05 
0.00063436 0.000367508 2.42418e-05 
0.000180605 0.000383045 1.97444e-05 
0.000829837 0.000286134 7.28913e-05 
0.000199978 0.000215594 7.02525e-05 
0.00048814 0.000379272 3.62714e-05 
0.000809736 0.00015452 6.3801e-05 
0.000443412 0.000342255 5.72698e-05 
0.000232918 0.000361873 2.5228e-05 
0.000528236 0.000159622 4.64973e-05 
0.000884227 0.000236699 1.89363e-05 
0.000921192 0.000330101 6.22143e-05 
0.00041517 0.000307663 5.66908e-05 
0.000943013 5.17653e-05 5.41869e-05 
0.000845937 4.82728e-05 7.55514e-05 
0.000689841 9.08863e-05 2.14048e-05 
0.000273469 0.00030117 2.43305e-05 
8.54662e-05 0.000226584 8.45887e-05 
0.000565562 0.000236818 1.97555e-05 
0.000164193 9.08655e-05 2.98301e-05 
0.000967864 0.00046103 0.000104177 
0.000518203 0.000215229 3.31051e-05 
0.000962694 0.000216846 5.6975e-05 
0.000889772 0.000135023 2.57046e-05 
0.000771929 2.10085e-05 5.1075e-05 
6.63167e-05 0.00025928 2.191e-05 
0.000747126 0.000346365 9.23038e-05 
0.00061249 0.000440628 0.000104268 
0.000309761 0.000173745 9.99419e-05 
0.000340546 0.000205795 6.96133e-05 
0.000326085 0.000186679 1.87165e-05 
0.000297316 0.000299409 7.77528e-05 
0.000478357 0.000308645 3.28582e-05 
0.000462473 2.31854e-05 6.83656e-05 
0.000339913 9.94965e-05 5.57822e-05 
0.000971921 0.000396843 2.17998e-05 
0.00059601 0.000471548 5.45916e-05 
0.000538721 0.000348686 8.58704e-05 
0.000713774 0.000163173 7.65846e-05 
0.000395189 0.000232937 6.29817e-05 
0.000394728 0.000280195 9.87839e-05 
0.000270143 0.000373289 8.94889e-05 
0.000574704 0.000158291 5.33574e-05 
0.000799307 5.1776e-05 0.000105188 
0.000840687 0.000457463 7.63056e-05 
9.04444e-05 6.35012e-05 9.16582e-05 
0.000184794 0.000104763 8.94367e-05 
0.000972447 8.54854e-05 2.75388e-05 
0.000518706 0.000419261 9.27226e-05 
0.000217616 0.000101373 2.45089e-05 
0.000369219 0.000421732 3.12565e-05 
0.000482835 0.000165201 2.60608e-05 
0.00028351 0.000411529 5.06594e-05 
0.000587972 0.000355377 2.37094e-05 
0.000800323 0.000190945 1.71776e-05 
0.000544132 7.78713e-05 5.52788e-05 
0.000240376 7.54998e-05 6.85934e-05 
0.000515993 0.000467675 1.74006e-05 
0.000394595 6.60752e-05 3.08107e-05 
0.000966651 0.000171192 6.29391e-05 
0.000891501 0.000186435 1.93952e-05 
0.000584223 0.000394463 8.35124e-05 
0.000623533 0.000133926 7.16442e-05 
0.000398215 0.000360572 6.59411e-05 
0.000689984 0.000385877 5.01781e-05 
0.000650383 6.87945e-05 6.2331e-05 
0.00015006 4.54979e-05 7.24739e-05 
0.000862174 0.000155403 6.63706e-05 
0.00044462 0.000110952 3.66392e-05 
0.000616275 0.000199945 8.03591e-05 
0.000711575 0.000126419 4.6729e-05 
0.000787241 0.000153246 2.30044e-05 
5.74677e-05 0.000338375 6.16481e-05 
0.000169627 0.00038262 5.87647e-05 
0.000433266 0.000438167 6.91242e-05 
0.000584083 0.000240524 5.88941e-05 
0.000788773 0.000384164 5.20454e-05 
2.99135e-05 0.000433956 2.99141e-05 
0.000343914 0.00028215 9.91003e-05 
0.000180456 0.000430755 2.88141e-05 
0.000148938 0.000275721 2.03566e-05 
0.000276611 5.72129e-05 2.32769e-05 
0.00081654 0.00047415 2.58577e-05 
0.00068666 0.000134722 9.30537e-05 
0.000980863 0.000295175 1.74972e-05 
0.000130437 0.000257349 5.72466e-05 
0.000869579 0.000334433 8.43435e-05 
0.000211943 2.80667e-05 6.42446e-05 
0.000919261 0.000205613 8.25359e-05 
0.000356555 0.00032367 8.02778e-05 
0.000418916 0.000186625 3.29361e-05 
0.000559296 0.000410313 5.74917e-05 
0.00077145 0.000467784 2.00566e-05 
0.000723182 0.000363208 5.16968e-05 
0.00078362 0.000115631 8.49338e-05 
0.000422123 2.56953e-05 1.93675e-05 
0.000821552 2.92568e-05 2.92606e-05 
0.000293921 7.0898e-05 6.34691e-05 
0.000726089 0.000249988 7.38711e-05 
8.02809e-05 0.000214915 2.4685e-05 
0.000686736 0.0001855 6.39951e-05 
0.000612805 0.000174596 2.64972e-05 
0.000398744 0.000273126 2.69504e-05 
0.000971751 0.000260451 7.24322e-05 
0.000647965 0.000277812 7.66922e-05 
0.000934185 0.000245113 3.02679e-05 
0.000598604 0.000129923 2.07351e-05 
8.85268e-05 0.000419764 3.03978e-05 
0.000134906 0.000436348 6.88728e-05 
0.000487753 0.000280622 7.33634e-05 
7.79178e-05 0.000160399 7.84327e-05 
0.000686925 0.000482836 1.72096e-05 
0.000641294 0.000389776 8.10437e-05 
0.000128208 0.000200051 4.34393e-05 
0.000310723 0.000275679 2.45237e-05 
0.000519649 0.000271061 3.87022e-05 
0.000763443 0.000179752 8.43661e-05 
0.000244759 0.000459757 7.84008e-05 
0.000977354 3.0153e-05 7.83944e-05 
0.00067848 0.000357772 2.10509e-05 
0.000229474 0.000225269 2.76752e-05 
0.000911913 0.000404488 3.66589e-05 
0.000414627 2.87597e-05 6.71526e-05 
0.000689649 3.90931e-05 5.46883e-05 
0.000772337 0.000475773 7.62749e-05 
0.000530146 0.000388779 6.82925e-05 
0.000459699 0.000164103 8.32162e-05 
0.000660012 0.000214298 3.29415e-05 
0.000423156 0.000109452 0.000101795 
0.000268328 0.000468699 3.12488e-05 
0.00097927 0.000387736 8.59172e-05 
0.000162855 0.000157696 6.68049e-05 
0.000898102 9.74804e-05 4.50807e-05 
0.000651089 0.000323261 2.3055e-05 
0.000359564 0.000406849 9.09347e-05 
0.000315834 0.000398457 7.81312e-05 
0.000869301 0.000123946 9.73477e-05 
0.000188441 0.000243101 1.80821e-05 
0.000692992 0.000433725 3.07162e-05 
5.97903e-05 2.89687e-05 2.89716e-05 
0.000544598 2.53025e-05 2.53004e-05 
0.000719079 0.000297399 2.06395e-05 
0.000885046 4.46296e-05 3.64719e-05 
0.000216091 0.000268315 1.83524e-05 
0.000915273 0.000128272 7.00722e-05 
0.000299534 0.000168374 4.66509e-05 
0.000804168 0.000336109 8.73218e-05 
0.000522086 0.000267755 8.20915e-05 
0.000726789 0.000289287 5.89887e-05 
0.000200325 0.000323811 7.01175e-05 
0.000796727 0.000440837 5.57187e-05 
0.000823633 0.000221553 2.07615e-05 
0.000598763 0.000406356 2.86326e-05 
2.6151e-05 0.000115343 2.6156e-05 
0.000468527 0.000322623 8.12666e-05 
0.000456104 0.000470516 4.94505e-05 
4.96935e-05 0.000391577 6.89876e-05 
0.000378323 0.000324169 2.80191e-05 
0.000553428 0.000418112 1.91489e-05 
0.000273141 0.000113096 5.60973e-05 
0.000911208 6.48881e-05 8.1118e-05 
0.000604512 0.000250643 9.70407e-05 
0.000803379 0.000204893 6.09775e-05 
0.000434719 0.000376337 4.07459e-05 
0.000251666 0.000124932 2.83178e-05 
0.000744294 2.03274e-05 2.0328e-05 
0.000397881 0.000137967 1.98847e-05 
0.000351663 0.000254535 2.09456e-05 
0.000257183 0.000334966 5.57835e-05 
0.000723545 8.52613e-05 6.70118e-05 
0.000769234 0.000314778 1.85839e-05 
0.000869315 0.000413229 7.99215e-05 
0.000639587 0.00012578 2.04328e-05 
0.000616572 2.2014e-05 4.06878e-05 
0.000332726 0.000474907 2.55184e-05 
0.000578706 0.000117865 5.14396e-05 
0.000124936 0.000121533 5.6601e-05 
0.000198125 0.000471907 6.39128e-05 
0.000195428 6.4215e-05 5.32126e-05 
3.95784e-05 4.65551e-05 8.28743e-05 
6.3391e-05 0.000311533 2.25124e-05 
0.000676601 0.000246878 7.0397e-05 
2.46575e-05 0.000476907 5.9546e-05 
0.000754164 0.000422166 7.30024e-05 
0.000443809 0.000264372 6.27446e-05 
0.000621317 0.000456883 2.08291e-05 
0.000831659 7.21394e-05 5.19634e-05 
0.000301156 0.000125707 2.42614e-05 
0.000924946 0.000463198 2.46533e-05 
0.000631728 0.000477945 8.40588e-05 
0.000194259 0.000412374 7.90202e-05 
0.00096105 0.000482861 1.71394e-05 
0.000831255 0.000335699 3.29545e-05 
6.09166e-05 0.000437973 8.24778e-05 
0.000459563 0.000433106 2.56044e-05 
0.000782424 0.000115698 4.34924e-05 
0.000743716 0.000323073 4.68128e-05 
0.000605519 0.000297491 8.96102e-05 
0.000120995 0.000459497 2.1654e-05 
0.000760107 0.000232026 6.21614e-05 
0.000812024 9.23275e-05 2.29196e-05 
0.00072782 0.00040237 5.07543e-05 
0.000478066 0.00042005 7.51589e-05 
0.000561713 0.000150412 9.03425e-05 
0.000336725 0.000147582 1.79662e-05 
0.00061063 0.000284157 3.39217e-05 
0.000189377 0.000268861 5.87658e-05 
0.000505227 0.000112151 7.21601e-05 
0.000566696 0.000190398 2.24178e-05 
0.000442529 0.000482273 1.77271e-05 
0.000513816 0.000178896 8.39806e-05 
0.000751402 0.000127657 2.04271e-05 
0.000218858 0.000180029 1.94791e-05 
0.000103753 0.000433016 0.000111224 
0.000499136 0.000337613 6.8357e-05 
4.88902e-05 0.000189017 5.15896e-05 
0.000674083 0.000275776 3.01847e-05 
0.000577739 2.63678e-05 5.61919e-05 
0.000132022 0.000377475 3.02619e-05 
3.0313e-05 0.000281586 7.14352e-05 
0.00037714 0.00044048 7.56146e-05 
0.00053632 0.000298145 1.72983e-05 
0.000845264 8.65126e-05 8.46302e-05 
0.000730899 9.31245e-05 1.97408e-05 
7.34208e-05 0.000172087 1.90546e-05 
6.00489e-05 0.000379565 1.9949e-05 
0.000269891 0.000209763 8.81792e-05 
0.00096849 0.000209506 2.00957e-05 
0.000274626 0.00024382 2.15246e-05 
0.000830636 0.000181429 9.65125e-05 
0.000887432 0.000348712 2.51042e-05 
0.000677728 0.000130192 1.75606e-05 
2.25672e-05 0.000251262 2.25674e-05 
0.000717321 0.000239177 2.658e-05 
0.000113175 0.000243458 1.92076e-05 
0.000945699 0.000151971 1.71471e-05 
0.000891467 0.000446451 6.512e-05 
0.000419664 0.000407489 2.19562e-05 
0.00011116 6.0431e-05 3.13153e-05 
0.000571515 0.000316892 6.20271e-05 
0.000860335 0.000207904 1.84589e-05 
0.00025461 0.000192425 5.06628e-05 
2.11358e-05 0.000366964 5.72267e-05 
0.000776277 0.000270909 6.8772e-05 
0.000240543 2.5055e-05 2.50551e-05 
0.000789221 6.22115e-05 3.78483e-05 
0.000261173 0.000266621 9.74845e-05 
0.000287721 0.000444404 7.62414e-05 
0.000702097 0.000174097 2.56859e-05 
0.000363068 0.000123047 1.80337e-05 
0.000967837 0.000423472 7.01463e-05 
0.000166911 0.000175567 2.17747e-05 
0.000138166 0.000319148 2.09984e-05 
0.000975125 0.00011546 6.60754e-05 
0.000210497 5.79172e-05 1.97824e-05 
0.000978448 0.000134206 2.76253e-05 
0.000801745 0.000287358 2.43414e-05 
0.000395962 0.000479668 9.38397e-05 
7.81e-05 0.000127386 3.05852e-05 
0.000442954 0.00038925 8.11515e-05 
0.00012857 0.000316081 8.01875e-05 
0.000463864 2.27869e-05 2.26024e-05 
0.000941157 0.000384117 0.000100569 
0.000934652 0.000352012 2.23076e-05 
0.000227625 0.000310673 2.62454e-05 
0.000357282 0.000240633 9.00405e-05 
0.000823437 0.000414264 7.70512e-05 
0.000973256 0.000467826 5.65154e-05 
0.00022625 0.000149115 4.81263e-05 
0.000401859 0.000194968 0.000114078 
0.000113875 0.000158152 2.08362e-05 
0.000278827 0.00034132 2.01096e-05 
0.000359566 1.98041e-05 7.93473e-05 
0.00064595 0.000444657 5.59495e-05 
2.02794e-05 0.000385648 2.02776e-05 
0.000520187 0.000482657 6.30932e-05 
0.000972974 0.000324195 5.95187e-05 
0.000604476 0.000436543 6.58184e-05 
0.000941002 0.000306132 2.40374e-05 
0.000372813 0.00016631 1.80044e-05 
0.000598976 6.26153e-05 6.92025e-05 
0.000880279 8.47517e-05 7.15646e-05 
0.00093537 2.11449e-05 2.11435e-05 
0.00044501 5.74811e-05 1.71704e-05 
0.000685591 0.000472173 7.42424e-05 
0.000691746 5.75471e-05 9.65241e-05 
0.000758872 0.000438078 3.96897e-05 
0.000330697 3.59141e-05 3.53009e-05 
0.000354448 0.000468177 6.24608e-05 
0.000672029 5.27753e-05 2.06411e-05 
0.000323061 0.000325912 2.72748e-05 
0.000490076 8.05398e-05 4.84986e-05 
0.000115037 0.000367081 8.60348e-05 
0.000227091 0.000382875 6.48241e-05 
0.00050676 0.000118122 2.6687e-05 
1.92964e-05 6.635e-05 5.14553e-05 
0.000503202 2.02556e-05 1.71847e-05 
0.000837711 0.000378988 8.91316e-05 
0.000309718 8.26961e-05 1.85929e-05 
4.48454e-05 0.000194138 1.70886e-05 
0.000162515 0.000229471 5.50221e-05 
0.000566091 0.000318932 1.90534e-05 
0.000425066 0.000327838 9.61095e-05 
0.00046627 0.000208632 2.06992e-05 
0.00082223 0.00011625 7.55143e-05 
0.000848788 0.00024121 8.42655e-05 
0.000179637 0.00030517 2.2226e-05 
0.000617582 0.00033426 4.30299e-05 
0.000539079 1.98758e-05 6.98091e-05 
0.000642246 0.00042319 1.88818e-05 
0.000851628 1.83635e-05 9.70909e-05 
0.000314636 0.00043634 2.55351e-05 
0.000428666 0.000308498 1.8769e-05 
0.000972633 6.49694e-05 9.77225e-05 
0.000318423 0.000382006 2.90383e-05 
2.7675e-05 0.000205332 7.87118e-05 
0.000122848 0.000145585 9.6032e-05 
0.000166977 0.000341866 4.09506e-05 
0.000941977 9.26357e-05 7.34716e-05 
0.000413977 0.000452806 2.36959e-05 
0.000474652 0.000209302 5.77274e-05 
8.02184e-05 0.000482602 8.09347e-05 
0.000485599 0.000465618 8.24169e-05 
0.000861837 0.000376449 5.28354e-05 
0.000133574 0.0004825 5.07396e-05 
0.000151366 0.000235684 1.97624e-05 
0.000495675 0.000451755 4.1897e-05 
0.000765828 3.94947e-05 8.46003e-05 
0.00075723 0.000150234 5.20445e-05 
0.000260933 0.000162534 2.21471e-05 
0.00048513 0.000257258 2.03989e-05 
0.000576708 9.70214e-05 1.79196e-05 
0.000807669 1.87351e-05 7.3963e-05 
0.000606001 0.00022322 2.27463e-05 
0.000715816 0.000338759 2.08485e-05 
0.000876989 9.45456e-05 1.75242e-05 
0.000169529 3.06322e-05 3.06263e-05 
0.000608444 2.10948e-05 8.29878e-05 
0.000599753 0.000350548 7.29357e-05 
0.000715789 5.30898e-05 2.31921e-05 
0.000208173 0.000169994 8.65309e-05 
0.000553986 0.000459494 3.32417e-05 
0.000755799 0.000272135 2.40621e-05 
0.000732197 0.000473251 4.49571e-05 
0.000546117 0.000376583 2.32139e-05 
0.000615693 9.11213e-05 2.16754e-05 
0.000783867 0.000426464 9.46023e-05 
0.000532791 0.000299851 6.15683e-05 
0.000769109 0.000390074 0.00010458 
2.33873e-05 0.000340234 2.26366e-05 
0.000666153 0.000394877 1.81439e-05 
0.000560095 0.000470624 8.5674e-05 
0.000152448 0.000299141 5.15482e-05 
0.000389104 0.000149888 5.7151e-05 
0.000924122 0.000474251 7.38207e-05 
0.000724935 0.000380754 1.84407e-05 
6.08988e-05 8.06329e-05 2.30416e-05 
0.000659018 1.8386e-05 6.52846e-05 
0.000589398 0.000480867 1.91321e-05 
0.000564653 0.000201764 6.39773e-05 
0.000406238 0.000406722 5.87741e-05 
0.000173513 1.83581e-05 7.78747e-05 
0.000195537 0.000180281 4.76758e-05 
0.00040966 0.00035907 1.96263e-05 
0.000391857 0.000109016 5.93118e-05 
0.000497808 0.000352229 0.000108201 
0.000794588 7.56553e-05 7.41474e-05 
0.000808353 0.000249187 4.61134e-05 
0.000697908 0.000280638 8.46647e-05 
0.00083259 0.000148709 2.25267e-05 
0.000568551 0.000370777 5.84356e-05 
0.000976311 0.000172354 1.78721e-05 
0.00014929 0.000137564 2.01381e-05 
0.000479306 3.4927e-05 0.000104058 
0.000271286 3.15191e-05 6.12153e-05 
2.04106e-05 0.000211777 3.94046e-05 
0.000637154 0.000318128 6.94685e-05 
0.000280927 0.000200638 2.09021e-05 
0.000695456 0.000240852 0.000101106 
0.000565781 3.90417e-05 9.18232e-05 
0.000536341 0.000127194 9.91538e-05 
0.000277943 0.000247912 6.41218e-05 
0.000920376 0.000167737 4.29155e-05 
0.000881144 0.000271547 9.53359e-05 
0.000588454 5.43086e-05 2.395e-05 
4.24629e-05 0.00023843 5.4873e-05 
0.000206203 0.00036429 9.33284e-05 
0.000839025 0.000185267 3.92328e-05 
6.41843e-05 7.2365e-05 6.3673e-05 
0.000237117 0.000416441 2.96322e-05 
0.000686707 9.90343e-05 7.6995e-05 
2.42004e-05 0.000347263 9.63135e-05 
0.000555951 0.000132238 2.19878e-05 
0.000751666 6.32399e-05 4.6778e-05 
0.000956948 0.000372225 5.38639e-05 
0.000480387 0.000479702 2.02994e-05 
0.00038195 1.88527e-05 3.96417e-05 
0.000977321 2.31819e-05 3.36198e-05 
0.000308768 2.52939e-05 9.07948e-05 
0.000446613 0.000348855 1.82641e-05 
0.000978451 0.00035399 2.15477e-05 
0.000353473 0.000146443 8.12754e-05 
0.000806919 0.000478616 0.000105865 
0.000468191 8.62285e-05 9.12371e-05 
0.000153541 0.000207588 8.60426e-05 
0.000917586 0.000255867 7.48056e-05 
0.000529409 0.000334206 3.70297e-05 
5.43229e-05 0.000112933 7.91937e-05 
0.000114797 0.000106458 1.70142e-05 
0.000161063 0.000477664 2.23282e-05 
0.000908337 0.000381338 0.000111052 
0.000499536 7.13414e-05 8.31978e-05 
0.000743223 0.000291572 9.95751e-05 
0.00094956 0.000349588 9.08488e-05 
0.000321941 0.000466689 9.22674e-05 
8.79517e-05 9.91734e-05 6.37395e-05 
0.000744408 0.000127296 8.03856e-05 
0.000364456 0.000209047 2.63259e-05 
0.000525341 0.000447262 6.26889e-05 
0.000218803 0.000479438 2.05477e-05 
8.85488e-05 0.000348609 2.3915e-05 
0.000104972 0.00028419 8.67898e-05 
0.000316659 0.000227059 3.32302e-05 
0.000230877 0.000220493 9.89427e-05 
0.000870629 0.000198957 5.34565e-05 
0.000117563 2.22768e-05 6.84003e-05 
0.000934138 0.00028534 6.04202e-05 
1.80696e-05 0.000100347 6.69659e-05 
0.000931719 0.00019804 1.83493e-05 
0.000893088 0.000238485 5.46195e-05 
0.000501908 0.000138372 0.000104406 
0.000871586 0.000470573 2.94253e-05 
0.000508532 0.000308245 9.66512e-05 
9.45075e-05 0.000463869 5.26925e-05 
0.000752351 0.000407224 1.96558e-05 
0.000288667 0.000482316 7.36181e-05 
0.00075502 0.000353367 2.09844e-05 
0.000692947 2.02208e-05 1.72491e-05 
0.000632146 5.36983e-05 1.92754e-05 
0.000196793 0.0003646 4.74869e-05 
0.000252512 0.000140013 9.9424e-05 
0.000347767 0.000170318 4.61582e-05 
0.00046338 0.00029591 0.000109021 
0.000560299 0.000273579 2.32826e-05 
0.000284423 1.75505e-05 1.75518e-05 
0.000448825 0.000243593 1.84377e-05 
0.00016864 0.00037476 9.41778e-05 
0.000856359 0.000234239 4.62569e-05 
0.000655374 1.80094e-05 2.31436e-05 
0.000256521 0.000313855 0.000108476 
0.000397993 0.000465258 6.04463e-05 
0.000728338 2.24003e-05 5.98933e-05 
0.000962776 0.000438385 2.07517e-05 
0.000838074 0.000260636 2.08978e-05 
0.000444609 6.37235e-05 6.99273e-05 
0.000191137 0.000139237 2.1778e-05 
0.000936837 8.5496e-05 0.000111729 
0.000351702 0.00028886 3.76817e-05 
0.000136007 0.000423456 1.75949e-05 
0.000104702 0.000287038 2.56124e-05 
0.000377775 0.000186724 6.44684e-05 
0.000781511 0.000236821 1.98272e-05 
0.000498554 6.2627e-05 1.74826e-05 
0.000769526 8.74651e-05 1.93044e-05 
0.000334341 0.000434 6.56189e-05 
0.000920897 1.80082e-05 6.76832e-05 
0.000931259 0.000118884 2.01642e-05 
0.000473146 0.000358261 8.34727e-05 
0.000964383 0.000133251 9.93329e-05 
0.000699656 0.000416359 8.302e-05 
2.30683e-05 0.000160274 1.84739e-05 
0.00050314 3.62137e-05 5.31323e-05 
0.000272534 0.000374086 4.02295e-05 
0.000128356 7.83567e-05 7.84564e-05 
0.000196931 0.000340462 1.73777e-05 
0.000786693 0.000428384 1.79425e-05 
0.000849514 0.000111064 4.37255e-05 
0.000316355 0.00035307 7.10894e-05 
0.000544966 0.000249827 5.81067e-05 
0.000777583 3.69776e-05 1.70287e-05 
0.000665491 0.000111306 4.62492e-05 
0.000657754 0.00016242 2.04623e-05 
7.22258e-05 0.000389744 0.000102805 
0.000183548 0.000481009 0.000107733 
0.000658398 0.000463808 1.70776e-05 
6.73148e-05 0.000469029 2.19689e-05 
0.000109962 0.000324099 4.59768e-05 
0.000872185 0.000166388 0.000108393 
0.000565912 0.000275543 7.14427e-05 
0.000602451 9.31137e-05 9.98942e-05 
2.86434e-05 0.000481273 1.87255e-05 
0.000777402 0.0003119 5.87393e-05 
7.77267e-05 3.3219e-05 7.17222e-05 
0.000468925 0.000219022 9.3945e-05 
0.000373183 0.000476529 2.34641e-05 
1.81001e-05 0.000410267 6.99704e-05 
0.000356783 0.00038102 5.76649e-05 
2.18933e-05 0.000295732 2.18931e-05 
0.00081712 2.0163e-05 0.000109921 
0.000247843 0.000270376 4.28185e-05 
0.000366132 0.000370977 2.0642e-05 
0.000916702 8.49354e-05 1.7917e-05 
0.00027056 9.7513e-05 1.78403e-05 
