0.00084058 0.000419864 3.10538e-05 
7.70037e-05 0.000297145 6.1236e-05 
0.000533976 0.000224131 9.01563e-05 
0.000320635 0.000249793 6.46594e-05 
0.000689199 0.000329872 6.59429e-05 
0.00037018 6.04066e-05 7.54946e-05 
0.000755284 0.000195608 3.09945e-05 
0.000885324 0.000288026 3.5792e-05 
0.00052026 4.46953e-05 9.64035e-05 
0.000778703 0.000235354 8.81506e-05 
0.000633618 0.000366718 2.42439e-05 
0.000180921 0.000382161 1.97442e-05 
0.000830973 0.000285783 7.40343e-05 
0.000199675 0.000212669 6.94747e-05 
0.000487927 0.000380536 3.62699e-05 
0.000810217 0.000155278 6.32221e-05 
0.000444384 0.00034213 5.7225e-05 
0.000232918 0.000361844 2.52278e-05 
0.000529596 0.000160306 4.44844e-05 
0.00088588 0.000235961 1.89336e-05 
0.000921021 0.000329902 6.20297e-05 
0.000415969 0.000306769 5.68672e-05 
0.000941982 5.23367e-05 5.35996e-05 
0.000839506 4.69283e-05 6.97481e-05 
0.000688678 9.09314e-05 2.14023e-05 
0.000273316 0.00029974 2.06169e-05 
8.56478e-05 0.000228536 8.62486e-05 
0.000565015 0.000236672 1.97605e-05 
0.000160713 9.09501e-05 2.98293e-05 
0.000965375 0.000457841 0.000103627 
0.000517726 0.000215035 3.31076e-05 
0.000963889 0.000216941 5.70066e-05 
0.000891664 0.00013515 2.57068e-05 
0.000773649 2.10127e-05 5.00856e-05 
6.6195e-05 0.000260515 2.19102e-05 
0.000748652 0.000346525 9.21131e-05 
0.00061563 0.00044164 9.99543e-05 
0.000309711 0.000172279 0.000100754 
0.000334376 0.000205717 6.54351e-05 
0.000327614 0.000183842 1.87154e-05 
0.000296774 0.000299564 7.72837e-05 
0.000478497 0.000307636 3.2857e-05 
0.000462061 2.31864e-05 6.83611e-05 
0.000340099 9.95594e-05 5.50415e-05 
0.000974975 0.000397078 2.18007e-05 
0.000597344 0.000476648 5.55447e-05 
0.000540333 0.000349994 8.31512e-05 
0.000719261 0.000168657 6.79835e-05 
0.000395692 0.000231879 6.29424e-05 
0.000395304 0.000279569 9.8216e-05 
0.000270025 0.000375476 8.72125e-05 
0.000575934 0.000156601 5.08977e-05 
0.000799445 4.97241e-05 9.44239e-05 
0.000839263 0.000460067 7.46061e-05 
9.25626e-05 6.25488e-05 8.47612e-05 
0.000191151 0.000108629 8.39656e-05 
0.000972427 8.55964e-05 2.75342e-05 
0.000515237 0.000415089 8.44129e-05 
0.000213826 0.000101985 2.45085e-05 
0.000368371 0.000420046 3.12547e-05 
0.000482166 0.000165201 2.60585e-05 
0.000283442 0.000411505 4.9581e-05 
0.000587036 0.000355364 2.37115e-05 
0.000801192 0.000190859 1.71766e-05 
0.000543412 7.70528e-05 5.66753e-05 
0.000240678 7.03818e-05 6.25006e-05 
0.000515189 0.00047382 1.74027e-05 
0.000396194 6.69534e-05 3.08101e-05 
0.000967692 0.000170395 6.2677e-05 
0.000891974 0.000186035 1.93951e-05 
0.000588644 0.000399365 7.95413e-05 
0.000623512 0.000133758 7.18349e-05 
0.000398708 0.000358946 6.64246e-05 
0.000691158 0.000384546 4.93038e-05 
0.00065016 6.78213e-05 6.23566e-05 
0.000149979 4.71859e-05 7.26987e-05 
0.000861207 0.000159747 6.17487e-05 
0.00044572 0.000112446 3.66383e-05 
0.000616594 0.000199732 8.12519e-05 
0.00071143 0.000127181 4.62937e-05 
0.000786831 0.000152521 2.30053e-05 
5.9807e-05 0.000341673 5.93807e-05 
0.000171306 0.000387651 5.49898e-05 
0.000429691 0.000438485 6.77637e-05 
0.000582603 0.000238742 5.94803e-05 
0.000789875 0.000383774 5.12779e-05 
2.99197e-05 0.000433991 2.99128e-05 
0.000345534 0.000278918 8.77957e-05 
0.000179701 0.000429851 2.88148e-05 
0.000149422 0.000275854 2.03552e-05 
0.000276378 5.70831e-05 2.32741e-05 
0.000818479 0.000474107 2.58495e-05 
0.000684585 0.000136636 8.23986e-05 
0.000980863 0.000295175 1.74972e-05 
0.000131026 0.000256601 5.68417e-05 
0.000869679 0.000335272 8.45515e-05 
0.000210235 2.46299e-05 6.339e-05 
0.000921807 0.000207011 8.31041e-05 
0.000355489 0.000324624 7.94653e-05 
0.00041924 0.000185451 3.29358e-05 
0.000560326 0.000416215 5.80153e-05 
0.000772976 0.000472208 2.00579e-05 
0.000725431 0.000363556 5.11675e-05 
0.000783129 0.000116883 8.72706e-05 
0.000421848 2.51266e-05 1.93648e-05 
0.000820239 2.92764e-05 2.92528e-05 
0.000294795 6.99858e-05 6.32368e-05 
0.00072827 0.000247752 7.33705e-05 
7.87595e-05 0.000215729 2.46839e-05 
0.000685446 0.000184325 6.3825e-05 
0.000614273 0.000175914 2.64952e-05 
0.000400155 0.000272032 2.69505e-05 
0.00097175 0.000263843 7.13262e-05 
0.000647745 0.000275767 7.66727e-05 
0.000934777 0.000244571 3.02674e-05 
0.000598458 0.00013178 2.07367e-05 
8.84428e-05 0.000419427 3.03975e-05 
0.000134477 0.000436452 6.90859e-05 
0.000489355 0.00027801 7.18326e-05 
8.402e-05 0.000163078 7.25802e-05 
0.000688152 0.000482825 1.72096e-05 
0.000642926 0.000386949 8.10287e-05 
0.000126595 0.000200687 4.35194e-05 
0.000311021 0.000275236 2.453e-05 
0.000516215 0.000269148 3.18925e-05 
0.000764589 0.000179044 8.40294e-05 
0.000241749 0.000454343 7.57657e-05 
0.000977263 2.78933e-05 7.32111e-05 
0.000677666 0.000356406 2.10569e-05 
0.000228999 0.000225691 2.76745e-05 
0.000910804 0.000403967 3.66549e-05 
0.000413939 2.49842e-05 6.30047e-05 
0.000689845 3.26685e-05 5.16105e-05 
0.000771098 0.000475775 7.36689e-05 
0.000534959 0.000388314 6.09304e-05 
0.000459998 0.00016503 8.41253e-05 
0.000659401 0.000214047 3.29396e-05 
0.000420012 0.000108177 0.000100104 
0.000267616 0.000468756 3.12473e-05 
0.000979278 0.000392227 8.33234e-05 
0.000163225 0.000160789 6.68659e-05 
0.000902454 9.70248e-05 4.2554e-05 
0.000649795 0.00032228 2.30586e-05 
0.000361678 0.000410438 8.66376e-05 
0.00031645 0.000399871 7.78354e-05 
0.000869482 0.000123165 8.6081e-05 
0.000187742 0.000243018 1.80799e-05 
0.000692124 0.000432828 3.07163e-05 
5.6292e-05 2.89701e-05 2.89687e-05 
0.000543852 2.53035e-05 2.52992e-05 
0.000718613 0.0002978 2.06402e-05 
0.000883764 4.45186e-05 3.6469e-05 
0.00021526 0.000268629 1.83533e-05 
0.000916823 0.000128385 7.02526e-05 
0.000299673 0.000168873 4.72677e-05 
0.000805735 0.000336337 8.73244e-05 
0.000525543 0.00026849 7.63282e-05 
0.000730613 0.000286392 5.69946e-05 
0.000200715 0.000323439 7.01619e-05 
0.000796317 0.000440863 5.41082e-05 
0.000824047 0.000221813 2.07609e-05 
0.000598561 0.000406187 2.86334e-05 
2.61557e-05 0.000117589 2.61556e-05 
0.000468862 0.000321747 8.12648e-05 
0.000453819 0.000470781 4.95518e-05 
5.09836e-05 0.000393167 5.44622e-05 
0.000379046 0.000322794 2.80205e-05 
0.000553635 0.000419423 1.91494e-05 
0.00026808 0.000115061 5.11945e-05 
0.000910479 7.09983e-05 7.73599e-05 
0.000611039 0.000254039 9.00226e-05 
0.000803932 0.000205732 6.14323e-05 
0.000434604 0.000375559 4.00291e-05 
0.000248461 0.000123938 1.71161e-05 
0.000744938 2.03304e-05 2.03333e-05 
0.000398497 0.000138602 1.98844e-05 
0.000353313 0.000253831 2.09458e-05 
0.000257279 0.000335239 5.58637e-05 
0.000721163 8.2067e-05 5.73185e-05 
0.000768718 0.000315889 1.85832e-05 
0.000867676 0.000413056 7.91498e-05 
0.000639234 0.000126109 2.04363e-05 
0.000616894 2.20156e-05 3.81068e-05 
0.000332029 0.000475406 1.70354e-05 
0.000579655 0.000115223 4.99981e-05 
0.000124607 0.00012565 5.57333e-05 
0.00019627 0.000471913 6.33671e-05 
0.000193253 6.49963e-05 5.21941e-05 
3.31951e-05 4.4837e-05 7.14852e-05 
6.36435e-05 0.00031146 2.25126e-05 
0.00067765 0.000246117 7.00573e-05 
2.25459e-05 0.000476798 5.94014e-05 
0.000756567 0.000424539 6.84033e-05 
0.000444744 0.000262637 6.25761e-05 
0.000622246 0.000456474 2.08375e-05 
0.000836474 7.15258e-05 4.21789e-05 
0.000301313 0.000126539 2.42613e-05 
0.000926695 0.000461952 2.46557e-05 
0.000628986 0.000477945 8.02716e-05 
0.000195234 0.000414601 7.95552e-05 
0.000962095 0.000482856 1.714e-05 
0.000831637 0.000334396 3.29511e-05 
6.08929e-05 0.000437415 8.25358e-05 
0.000458193 0.000433739 2.55997e-05 
0.000781256 0.00011647 4.58596e-05 
0.000743061 0.000322739 4.70853e-05 
0.000608718 0.000299291 8.85199e-05 
0.000121485 0.000459947 2.1654e-05 
0.000762266 0.000237456 5.4507e-05 
0.000812368 9.77232e-05 2.29131e-05 
0.000728082 0.00040292 5.09682e-05 
0.000475618 0.000426435 6.82148e-05 
0.00055978 0.000150185 8.69231e-05 
0.00033695 0.000148308 1.79735e-05 
0.000610238 0.000281354 3.39222e-05 
0.000188623 0.000268715 5.88048e-05 
0.000502322 0.000109448 7.13052e-05 
0.000566779 0.000190616 2.24174e-05 
0.000440222 0.000482267 1.77303e-05 
0.000512761 0.000183354 7.86748e-05 
0.000751506 0.000126738 2.0424e-05 
0.000223331 0.000179572 1.94787e-05 
0.000103511 0.000430739 0.000111321 
0.000500773 0.000337886 6.63251e-05 
4.83673e-05 0.000189251 5.19406e-05 
0.000673995 0.0002754 3.01836e-05 
0.000578288 2.36095e-05 5.47113e-05 
0.000132136 0.000377318 3.02624e-05 
3.07695e-05 0.000276767 6.94744e-05 
0.000379048 0.000444541 7.21141e-05 
0.000536561 0.000298185 1.72975e-05 
0.000844091 8.51021e-05 7.79361e-05 
0.000729744 9.29817e-05 1.97363e-05 
7.54861e-05 0.000172479 1.90542e-05 
5.99836e-05 0.000379229 1.99465e-05 
0.000270603 0.000207582 8.49592e-05 
0.000970335 0.000210335 2.00959e-05 
0.00027381 0.000245064 2.15246e-05 
0.000830887 0.000181157 9.64546e-05 
0.000887542 0.000347935 2.51027e-05 
0.000677029 0.000128799 1.75613e-05 
2.25665e-05 0.000251873 2.25668e-05 
0.000716363 0.000237798 2.65805e-05 
0.000112289 0.000243512 1.92061e-05 
0.000944666 0.000152328 1.7148e-05 
0.000891306 0.00044588 6.58402e-05 
0.000419092 0.000406918 2.19572e-05 
0.000108107 5.98125e-05 3.13138e-05 
0.000572242 0.000315462 6.20548e-05 
0.000861117 0.000207943 1.84586e-05 
0.000251092 0.000190024 4.95668e-05 
2.11348e-05 0.000367321 5.7387e-05 
0.000776435 0.000275518 6.78358e-05 
0.000240122 2.50651e-05 2.50547e-05 
0.00079096 6.54989e-05 3.53087e-05 
0.000256937 0.000267506 8.98365e-05 
0.000286875 0.000444458 7.51792e-05 
0.000702682 0.000175179 2.56843e-05 
0.000363516 0.000124008 1.80327e-05 
0.00096667 0.000421062 5.75106e-05 
0.000166685 0.000178628 2.17742e-05 
0.000137819 0.000320351 2.09983e-05 
0.000978651 0.00011968 6.20226e-05 
0.000210076 5.79291e-05 1.9778e-05 
0.000978449 0.000133969 2.15523e-05 
0.0008002 0.00028729 2.43338e-05 
0.000395841 0.000481828 9.19815e-05 
7.88216e-05 0.000126945 2.73451e-05 
0.000441712 0.000390173 8.0067e-05 
0.000128361 0.000316033 7.97299e-05 
0.000463628 2.28003e-05 2.26028e-05 
0.000940322 0.000388636 8.9426e-05 
0.000934694 0.000352001 2.23072e-05 
0.000228085 0.00031061 2.62427e-05 
0.000355306 0.000241448 8.54422e-05 
0.000821732 0.000416842 7.62442e-05 
0.000973254 0.000468214 5.6974e-05 
0.000229728 0.000141762 4.80543e-05 
0.000401685 0.0001951 0.000115003 
0.000115114 0.000157962 2.0833e-05 
0.000279183 0.000340067 2.01103e-05 
0.000364374 1.97728e-05 7.69556e-05 
0.000645021 0.000442235 5.64457e-05 
2.02779e-05 0.000385682 2.0278e-05 
0.00052243 0.000482626 5.03406e-05 
0.000972975 0.000323997 5.97089e-05 
0.000602128 0.000439954 6.2887e-05 
0.000941171 0.000305998 2.40395e-05 
0.00037166 0.000165286 1.80003e-05 
0.000598641 6.22222e-05 6.8905e-05 
0.000879884 8.8364e-05 6.69779e-05 
0.000934139 2.11414e-05 2.11454e-05 
0.000444987 5.75237e-05 1.71704e-05 
0.000683574 0.000472174 7.32175e-05 
0.000695788 5.48116e-05 9.12291e-05 
0.000760014 0.00043989 3.46703e-05 
0.000331932 3.5439e-05 3.53008e-05 
0.000352909 0.000470851 6.27474e-05 
0.000672038 5.21839e-05 2.06427e-05 
0.000323817 0.000325829 2.72731e-05 
0.000489974 7.86662e-05 4.23586e-05 
0.00011181 0.00036479 8.44538e-05 
0.000225589 0.000382915 6.4533e-05 
0.000508007 0.000118008 2.66764e-05 
1.92964e-05 6.63494e-05 3.64358e-05 
0.000502767 1.80787e-05 1.71845e-05 
0.000833942 0.000378324 8.57108e-05 
0.00030896 8.29666e-05 1.85969e-05 
4.51754e-05 0.000192079 1.70882e-05 
0.000162972 0.000228594 5.43946e-05 
0.000567119 0.000317801 1.90569e-05 
0.000426848 0.000326788 9.61043e-05 
0.000465686 0.000209317 2.06966e-05 
0.000819401 0.000115101 7.10555e-05 
0.000846972 0.000239181 8.30695e-05 
0.000180058 0.000305367 2.22254e-05 
0.000615361 0.000331848 4.21732e-05 
0.000539042 1.98774e-05 6.9885e-05 
0.000642238 0.000422215 1.888e-05 
0.000853546 1.83567e-05 8.91685e-05 
0.00031458 0.000437347 2.55361e-05 
0.000428839 0.0003087 1.87686e-05 
0.00097249 6.60363e-05 8.60766e-05 
0.00031954 0.000382648 2.90366e-05 
2.57195e-05 0.000206576 7.72198e-05 
0.0001275 0.000150235 9.47848e-05 
0.000167096 0.000341904 4.15574e-05 
0.000944894 9.43184e-05 6.36796e-05 
0.00041244 0.00045209 2.37248e-05 
0.000474216 0.000208641 5.76905e-05 
7.86638e-05 0.000482602 7.9639e-05 
0.000489804 0.000470374 7.57638e-05 
0.000861496 0.000376131 5.19311e-05 
0.00013508 0.000482501 5.06293e-05 
0.00015051 0.000235755 1.97594e-05 
0.000497005 0.000450425 3.71057e-05 
0.000764 4.44379e-05 7.94787e-05 
0.000756307 0.000150201 5.15654e-05 
0.000261966 0.000160421 2.21481e-05 
0.000479147 0.000254603 2.03994e-05 
0.000575052 9.4978e-05 1.79202e-05 
0.000805527 1.87448e-05 7.37732e-05 
0.000605585 0.000224272 2.27509e-05 
0.000715867 0.000339198 2.08517e-05 
0.000878311 9.48052e-05 1.75283e-05 
0.00016751 3.06408e-05 3.06233e-05 
0.000610089 2.10565e-05 8.06242e-05 
0.000598928 0.000350845 7.13114e-05 
0.000715799 5.25294e-05 2.31998e-05 
0.000210988 0.000166964 8.34297e-05 
0.000553111 0.000461613 3.06023e-05 
0.000754403 0.000271225 2.40603e-05 
0.000731477 0.000473244 4.16853e-05 
0.000545913 0.00037797 2.32157e-05 
0.000614365 9.21415e-05 2.16735e-05 
0.000786549 0.00042486 9.00477e-05 
0.000535019 0.000297168 5.25495e-05 
0.000767069 0.000390778 9.6992e-05 
2.35671e-05 0.000340821 2.26363e-05 
0.000665778 0.000393642 1.81446e-05 
0.000559454 0.000470544 8.35398e-05 
0.00015212 0.000299324 5.08428e-05 
0.000383998 0.00015217 5.47442e-05 
0.000923747 0.000474247 7.34424e-05 
0.000723368 0.000382043 1.84427e-05 
5.86326e-05 8.07527e-05 2.30432e-05 
0.000654196 1.84236e-05 5.44032e-05 
0.000590638 0.000480868 1.91364e-05 
0.000565304 0.000198931 6.47198e-05 
0.000405007 0.000403451 5.83695e-05 
0.000171359 1.83577e-05 7.78808e-05 
0.000197561 0.000178127 4.54182e-05 
0.00040809 0.000359637 1.96269e-05 
0.000391566 0.000111876 5.57953e-05 
0.000499089 0.000351303 0.000101496 
0.000799123 8.09577e-05 7.02576e-05 
0.000808157 0.000250123 4.6632e-05 
0.000697821 0.000279356 7.80566e-05 
0.000832201 0.000148675 2.25277e-05 
0.000569954 0.00037468 5.7694e-05 
0.000978224 0.000173256 1.7875e-05 
0.000151561 0.000139267 2.01359e-05 
0.000482678 3.78612e-05 0.000100046 
0.000275927 2.54916e-05 5.68791e-05 
2.04109e-05 0.000211588 3.7394e-05 
0.000639789 0.000315409 6.39842e-05 
0.000277617 0.000200904 2.08987e-05 
0.000698955 0.000238549 9.87559e-05 
0.000567229 3.97804e-05 8.92081e-05 
0.000536937 0.000123046 8.5416e-05 
0.000278115 0.000247692 6.41457e-05 
0.000920807 0.000168602 4.3994e-05 
0.000881872 0.000272015 9.57317e-05 
0.000586937 5.38791e-05 2.39509e-05 
4.6468e-05 0.000235839 5.04178e-05 
0.000202553 0.000365104 9.18386e-05 
0.000835976 0.000187182 3.51432e-05 
6.09478e-05 7.33692e-05 6.39114e-05 
0.000236577 0.000416411 2.96349e-05 
0.000687843 9.72781e-05 7.50581e-05 
2.34617e-05 0.000338857 9.07086e-05 
0.000555132 0.000129313 2.19937e-05 
0.00075371 6.05584e-05 4.42715e-05 
0.000957169 0.000373291 5.30215e-05 
0.000478068 0.000479705 2.03e-05 
0.000383249 1.8858e-05 2.74292e-05 
0.000977328 2.39096e-05 2.79283e-05 
0.000310016 2.52942e-05 9.08793e-05 
0.000446474 0.000349415 1.82651e-05 
0.000978515 0.000353556 2.15478e-05 
0.000352461 0.000145144 8.33719e-05 
0.00080443 0.000478628 0.000104647 
0.000465508 8.78041e-05 8.10012e-05 
0.000155332 0.000204881 8.43915e-05 
0.000917882 0.000256926 7.41088e-05 
0.000528644 0.000335168 3.48581e-05 
5.3585e-05 0.00011327 6.77323e-05 
0.000116342 0.000105634 1.70138e-05 
0.000162679 0.000477656 2.23282e-05 
0.000908143 0.00038131 9.9185e-05 
0.000495471 6.88303e-05 7.77685e-05 
0.000741502 0.000292008 9.91071e-05 
0.000949549 0.000353005 8.77097e-05 
0.000321251 0.000465337 9.30095e-05 
8.90914e-05 9.59026e-05 5.76872e-05 
0.000743981 0.000127479 8.02359e-05 
0.000364696 0.000208268 2.6329e-05 
0.000525334 0.000447125 5.98743e-05 
0.000218055 0.00047945 2.05467e-05 
8.88978e-05 0.000348488 2.23071e-05 
0.000106738 0.000282113 8.02373e-05 
0.000316226 0.000225771 2.52177e-05 
0.000232897 0.000223642 9.35283e-05 
0.000877675 0.000201583 5.11161e-05 
0.000118831 2.22768e-05 6.80306e-05 
0.000933006 0.000287998 6.16261e-05 
1.80675e-05 9.48282e-05 6.31993e-05 
0.000933479 0.00019745 1.83528e-05 
0.000893792 0.000238002 5.48254e-05 
0.000504961 0.000137635 9.55609e-05 
0.000873521 0.00047056 2.94302e-05 
0.000510267 0.000307146 9.31523e-05 
9.42941e-05 0.000463823 5.21475e-05 
0.000752565 0.0004065 1.96567e-05 
0.000289582 0.000482316 7.28126e-05 
0.000755333 0.000353076 2.09877e-05 
0.000693206 1.85162e-05 1.72489e-05 
0.000632268 5.53895e-05 1.92769e-05 
0.000197082 0.000364458 4.79762e-05 
0.000252512 0.000140013 8.65441e-05 
0.000348219 0.000168878 4.77344e-05 
0.000462607 0.0002922 0.000100172 
0.000561414 0.000273748 1.75453e-05 
0.000284862 1.75608e-05 1.75621e-05 
0.000442807 0.000240996 1.84394e-05 
0.000164572 0.000372893 8.74315e-05 
0.000857137 0.000235307 4.52212e-05 
0.000654179 1.80443e-05 1.79831e-05 
0.000251156 0.000315761 9.91363e-05 
0.000396378 0.000471944 5.69879e-05 
0.000730099 2.23921e-05 6.03317e-05 
0.000965389 0.00043852 2.07512e-05 
0.000837404 0.000261646 2.08979e-05 
0.000441219 6.21252e-05 6.46519e-05 
0.000193238 0.000143428 2.17775e-05 
0.000936837 8.5496e-05 9.99398e-05 
0.000349109 0.000289401 3.42091e-05 
0.000135135 0.000423372 1.75971e-05 
0.000105232 0.000287353 2.56126e-05 
0.000376866 0.000189111 6.54477e-05 
0.000782007 0.00023737 1.98343e-05 
0.000503278 5.50215e-05 1.74843e-05 
0.000768687 9.0328e-05 1.92973e-05 
0.00033468 0.000435598 6.54408e-05 
0.000920498 1.80138e-05 6.67269e-05 
0.000932657 0.000118195 1.90736e-05 
0.000470382 0.00035772 8.1727e-05 
0.00096165 0.000136334 9.32038e-05 
0.00069858 0.000414883 8.28536e-05 
2.2983e-05 0.00016147 1.84739e-05 
0.000502777 3.595e-05 5.22126e-05 
0.000273266 0.000374173 3.80014e-05 
0.000129718 8.1411e-05 7.49687e-05 
0.000196584 0.000341026 1.73772e-05 
0.000787096 0.000423852 1.79394e-05 
0.000851589 0.000112309 4.38644e-05 
0.000314865 0.000353594 7.07924e-05 
0.000546555 0.000253193 4.9016e-05 
0.000776781 3.95881e-05 1.70368e-05 
0.00066429 0.000110785 4.66112e-05 
0.000658744 0.000162073 2.04627e-05 
6.51748e-05 0.000384824 9.16415e-05 
0.000179077 0.000481002 0.000106233 
0.000659099 0.000464584 1.70814e-05 
6.66534e-05 0.000469773 2.19714e-05 
0.000109396 0.000324612 4.58666e-05 
0.0008741 0.000168012 0.000103608 
0.000564984 0.000274319 7.12453e-05 
0.000598395 9.40389e-05 9.83225e-05 
2.77541e-05 0.000481276 1.87244e-05 
0.000780997 0.000314395 5.20321e-05 
7.97135e-05 2.98622e-05 6.91911e-05 
0.00046766 0.000221427 8.8925e-05 
0.00037204 0.000476524 2.34642e-05 
1.81024e-05 0.000405346 6.65841e-05 
0.000357223 0.000379387 5.83847e-05 
2.18937e-05 0.000296329 2.18929e-05 
0.000821173 2.02072e-05 0.000107495 
0.000246183 0.000269783 4.3916e-05 
0.00036666 0.000369275 2.06409e-05 
0.000921919 8.10387e-05 1.79189e-05 
0.00027144 9.75453e-05 1.78394e-05 
