0.000843671 0.000421658 3.10558e-05 
7.95202e-05 0.000293135 6.12896e-05 
0.000533219 0.000221205 9.00764e-05 
0.00031895 0.000248378 6.16109e-05 
0.000691574 0.000331521 6.75391e-05 
0.000367813 6.26946e-05 7.37792e-05 
0.000755206 0.000194655 3.09916e-05 
0.000885658 0.000288383 3.57908e-05 
0.000515823 3.92202e-05 9.44874e-05 
0.000775068 0.000235864 8.57436e-05 
0.000633923 0.000365935 2.424e-05 
0.000185754 0.000381896 1.97454e-05 
0.000830385 0.00028664 7.63578e-05 
0.000203465 0.000214423 7.27902e-05 
0.000489406 0.000387866 3.62705e-05 
0.000809024 0.000158331 6.26364e-05 
0.00044226 0.000340607 5.46431e-05 
0.000233055 0.000362861 2.52303e-05 
0.000524797 0.000161077 3.405e-05 
0.000891321 0.00023521 1.89332e-05 
0.000918541 0.000332735 6.16161e-05 
0.000418592 0.000300058 5.50967e-05 
0.00094309 5.27182e-05 5.35646e-05 
0.000839362 5.49788e-05 6.53232e-05 
0.000688065 9.14905e-05 2.14028e-05 
0.000276316 0.000303719 2.06146e-05 
8.36319e-05 0.000231107 8.59079e-05 
0.000563765 0.000233562 1.97558e-05 
0.00015961 9.07785e-05 2.98318e-05 
0.000950933 0.000441525 8.90582e-05 
0.000515025 0.000217372 3.31029e-05 
0.000970848 0.000220933 5.67566e-05 
0.000897284 0.000134514 2.5706e-05 
0.000775178 2.10019e-05 4.95799e-05 
6.67504e-05 0.000260185 2.19108e-05 
0.000744099 0.000353034 9.53743e-05 
0.000617019 0.000434575 9.12495e-05 
0.000313723 0.000156248 9.57855e-05 
0.000330613 0.00020048 6.68946e-05 
0.000331281 0.000178499 1.87164e-05 
0.00029516 0.000298237 7.71485e-05 
0.00047627 0.000304335 3.2858e-05 
0.000462405 2.3183e-05 6.8384e-05 
0.000336616 0.000102638 5.6869e-05 
0.000978201 0.000404293 2.18014e-05 
0.000598073 0.000481876 5.61247e-05 
0.000540339 0.000352072 7.37891e-05 
0.000724233 0.00017372 6.58454e-05 
0.000395165 0.000228595 6.50687e-05 
0.000385711 0.000280261 9.2565e-05 
0.000265947 0.000383519 7.93166e-05 
0.000574525 0.000156527 4.95223e-05 
0.000796319 5.31787e-05 8.18341e-05 
0.000845073 0.000462912 7.36087e-05 
9.21441e-05 5.98313e-05 8.04719e-05 
0.000192891 0.000110236 8.16369e-05 
0.000972463 8.69564e-05 2.75351e-05 
0.000513075 0.000425184 7.622e-05 
0.000212663 0.000101258 2.45092e-05 
0.000366886 0.00041584 3.12559e-05 
0.000475906 0.000168553 2.60582e-05 
0.000283937 0.000413648 4.09225e-05 
0.000586964 0.000355976 2.37078e-05 
0.000802105 0.000190764 1.71766e-05 
0.000542209 7.4905e-05 5.99613e-05 
0.000240282 6.89958e-05 6.08842e-05 
0.000514527 0.000479853 1.73981e-05 
0.000396944 6.72345e-05 3.08118e-05 
0.00097007 0.000171345 6.22673e-05 
0.000890441 0.000178643 1.93947e-05 
0.000594964 0.000405712 7.59171e-05 
0.000620275 0.000131385 7.1779e-05 
0.000398009 0.000359396 6.65629e-05 
0.000694144 0.00038288 4.62714e-05 
0.000652284 6.46219e-05 6.36328e-05 
0.000157473 5.45007e-05 7.20507e-05 
0.000865742 0.000164646 5.6716e-05 
0.000445041 0.000115014 3.66387e-05 
0.000617615 0.00019755 8.1863e-05 
0.000708569 0.000127304 4.74937e-05 
0.000785683 0.000150799 2.30046e-05 
6.01633e-05 0.000341956 5.45127e-05 
0.000176534 0.00039055 5.44602e-05 
0.000424222 0.000439996 6.90422e-05 
0.000580265 0.000236494 5.90189e-05 
0.000792233 0.000385129 4.79776e-05 
2.9914e-05 0.000435001 2.99129e-05 
0.000345378 0.000277136 5.07126e-05 
0.000176829 0.000428765 2.88147e-05 
0.000152323 0.000272819 2.03554e-05 
0.000277953 5.6469e-05 2.32757e-05 
0.000822328 0.00047415 2.58491e-05 
0.000667715 0.000146878 5.53322e-05 
0.000980947 0.00029515 1.74972e-05 
0.000132446 0.00025204 5.60594e-05 
0.000867893 0.000335362 8.61278e-05 
0.000209369 2.35552e-05 6.17092e-05 
0.000927971 0.000210518 8.19981e-05 
0.000351863 0.000327616 7.52238e-05 
0.000419381 0.000183979 3.29357e-05 
0.000564031 0.000422051 5.78706e-05 
0.000777084 0.000479343 2.00576e-05 
0.000730333 0.00036498 4.87548e-05 
0.000792497 0.000123308 8.55858e-05 
0.000420977 2.47003e-05 1.93649e-05 
0.000820393 2.9262e-05 2.92558e-05 
0.000294157 6.89649e-05 6.43058e-05 
0.000730386 0.000249849 7.06878e-05 
7.57543e-05 0.000214554 2.46831e-05 
0.000680504 0.000179618 6.22914e-05 
0.000613818 0.000175744 2.64951e-05 
0.000397218 0.00026692 2.69507e-05 
0.000971751 0.000266992 7.27335e-05 
0.000652278 0.000276528 7.87553e-05 
0.000938261 0.000244644 3.02681e-05 
0.000596474 0.000132194 2.07354e-05 
8.69951e-05 0.000415387 3.03967e-05 
0.000131595 0.000436151 6.89408e-05 
0.000495102 0.000261963 5.19557e-05 
8.02034e-05 0.000166564 6.8679e-05 
0.000689144 0.000482761 1.72096e-05 
0.000648084 0.000383492 8.11534e-05 
0.000123387 0.000200356 4.46516e-05 
0.000309471 0.000273341 2.45246e-05 
0.000516221 0.000270143 2.10381e-05 
0.000767576 0.000179052 8.36917e-05 
0.000237376 0.0004487 7.09537e-05 
0.000977359 2.26412e-05 6.57132e-05 
0.0006774 0.000353655 2.10511e-05 
0.000229479 0.000223715 2.76753e-05 
0.000909087 0.00040511 3.66549e-05 
0.000413788 2.49833e-05 6.31248e-05 
0.000686304 2.80504e-05 5.10536e-05 
0.000766945 0.000475422 6.29841e-05 
0.000537111 0.000395548 5.96301e-05 
0.000457267 0.000165388 8.69699e-05 
0.000658889 0.000213948 3.29393e-05 
0.00041228 8.70878e-05 9.00618e-05 
0.000267045 0.000468755 3.12447e-05 
0.000979275 0.000403333 7.60089e-05 
0.000165772 0.000161168 6.00611e-05 
0.000914141 9.66235e-05 3.71472e-05 
0.00064803 0.000320809 2.30548e-05 
0.000360535 0.000410913 8.52981e-05 
0.000316078 0.000406909 7.27649e-05 
0.000872651 0.000121679 6.67606e-05 
0.000187159 0.00023823 1.80797e-05 
0.000691205 0.000432143 3.07169e-05 
5.54593e-05 2.89691e-05 2.89696e-05 
0.000542712 2.53002e-05 2.52996e-05 
0.000718626 0.000298153 2.06409e-05 
0.000884629 4.11698e-05 3.647e-05 
0.000212749 0.000269192 1.83523e-05 
0.000913082 0.000134128 7.48438e-05 
0.000298943 0.000172536 4.58951e-05 
0.00079753 0.000334105 8.22706e-05 
0.000525978 0.000264778 7.33775e-05 
0.000732911 0.00028948 5.6927e-05 
0.000198025 0.000319639 6.77774e-05 
0.000800167 0.000442507 5.58748e-05 
0.000824251 0.0002278 2.07607e-05 
0.000600164 0.000406389 2.8632e-05 
2.61574e-05 0.000120239 2.61557e-05 
0.000467343 0.000322675 7.99671e-05 
0.000443283 0.000476404 5.2746e-05 
4.71972e-05 0.000394084 4.88188e-05 
0.000382126 0.00031977 2.80229e-05 
0.000555914 0.000421717 1.91478e-05 
0.000265437 0.000116104 4.94921e-05 
0.000910975 7.82547e-05 6.84176e-05 
0.000614943 0.000252128 8.1997e-05 
0.000803782 0.000208833 5.98323e-05 
0.00043747 0.000374103 3.55697e-05 
0.000248301 0.000121333 1.70665e-05 
0.000745987 2.03309e-05 2.03285e-05 
0.000396327 0.000138283 1.98852e-05 
0.000349025 0.0002512 2.09453e-05 
0.000259255 0.000337284 5.52188e-05 
0.000717838 8.1557e-05 5.58289e-05 
0.00075908 0.000312589 1.85839e-05 
0.000866244 0.000411262 8.09569e-05 
0.00063732 0.000126934 2.04336e-05 
0.000617391 2.20127e-05 2.91014e-05 
0.000329351 0.000482964 1.70346e-05 
0.000579183 0.00011111 4.79715e-05 
0.000124925 0.000126614 5.61227e-05 
0.000193614 0.000471919 6.22267e-05 
0.000192455 6.4584e-05 5.14596e-05 
2.19493e-05 4.5943e-05 6.33463e-05 
6.56935e-05 0.000306853 2.25123e-05 
0.000680967 0.000244577 6.91864e-05 
2.25205e-05 0.000477479 5.97492e-05 
0.00075979 0.000429605 5.17493e-05 
0.000446018 0.000255999 6.11303e-05 
0.000623497 0.000454204 2.08318e-05 
0.000837334 7.26768e-05 1.7535e-05 
0.000299242 0.000129459 2.42605e-05 
0.000934091 0.000459788 2.46533e-05 
0.000631584 0.000477949 7.79286e-05 
0.000195929 0.00042046 7.99516e-05 
0.00096812 0.000482858 1.71404e-05 
0.000832138 0.000333168 3.29532e-05 
6.11382e-05 0.000439006 8.23473e-05 
0.000456321 0.000439047 2.56001e-05 
0.000774296 0.000118178 4.86941e-05 
0.000742636 0.000327423 5.06268e-05 
0.000612077 0.000298512 8.80995e-05 
0.00012144 0.000464334 2.16538e-05 
0.000763134 0.000238391 5.03605e-05 
0.000807202 0.000108264 2.29187e-05 
0.000728807 0.000404688 5.14547e-05 
0.000469632 0.000430199 6.93431e-05 
0.000543865 0.000158533 7.5114e-05 
0.000338872 0.000142616 1.79687e-05 
0.000610501 0.000279341 3.39184e-05 
0.00018584 0.000264597 5.83623e-05 
0.000495757 0.000102587 6.94387e-05 
0.000564767 0.000191486 2.24173e-05 
0.000435032 0.000482271 1.77271e-05 
0.000509051 0.000180078 7.1132e-05 
0.00074777 0.000129773 2.04238e-05 
0.000225885 0.000177414 1.94793e-05 
9.98706e-05 0.000411424 0.000102964 
0.000499902 0.000340298 5.89208e-05 
4.65691e-05 0.000196789 5.03119e-05 
0.000674353 0.000275087 3.01821e-05 
0.000578307 2.00188e-05 5.28468e-05 
0.000136878 0.000380829 3.02607e-05 
3.15541e-05 0.000277341 6.96775e-05 
0.000379849 0.000455345 5.68121e-05 
0.000538704 0.000300966 1.72971e-05 
0.000849052 9.27195e-05 7.04663e-05 
0.000729082 9.42331e-05 1.97364e-05 
7.96904e-05 0.000171358 1.90548e-05 
5.73337e-05 0.000371034 1.99496e-05 
0.000278771 0.000202644 7.79164e-05 
0.000974873 0.000211589 2.00957e-05 
0.000274559 0.000242471 2.15248e-05 
0.000834781 0.000184687 9.16427e-05 
0.000887637 0.00034831 2.51012e-05 
0.00067519 0.000128066 1.75611e-05 
2.25681e-05 0.000255073 2.25666e-05 
0.000714248 0.000234871 2.65803e-05 
0.000111384 0.000239589 1.92055e-05 
0.00094425 0.000152884 1.7148e-05 
0.000889234 0.000444869 6.85018e-05 
0.000420611 0.000406975 2.19548e-05 
0.000109172 5.62371e-05 3.1314e-05 
0.000576497 0.000317276 6.213e-05 
0.000866087 0.000207615 1.84591e-05 
0.000249098 0.00018601 4.97723e-05 
2.11361e-05 0.000366589 5.99794e-05 
0.000774297 0.0002769 6.71171e-05 
0.000241262 2.50594e-05 2.50546e-05 
0.00079761 6.8675e-05 1.76988e-05 
0.000250527 0.000270466 7.97982e-05 
0.000296078 0.000444583 6.63853e-05 
0.000702257 0.000175157 2.56837e-05 
0.00036467 0.000117487 1.80328e-05 
0.000959058 0.000427816 5.05688e-05 
0.000167628 0.000191103 2.17746e-05 
0.000129099 0.000325007 2.0997e-05 
0.000978651 0.000121968 6.23248e-05 
0.000210528 5.7273e-05 1.97779e-05 
0.000978448 0.000135308 2.15514e-05 
0.000795281 0.000290168 2.43345e-05 
0.000383927 0.000481843 8.24435e-05 
7.93641e-05 0.000125705 2.73443e-05 
0.000442627 0.000392748 7.6765e-05 
0.0001311 0.00032765 7.13188e-05 
0.000462769 2.2631e-05 2.2603e-05 
0.000941926 0.000396967 7.86049e-05 
0.000934631 0.000353932 2.23083e-05 
0.000230446 0.00031146 2.62431e-05 
0.000351776 0.000234841 8.25667e-05 
0.000824246 0.000415764 7.57154e-05 
0.000972877 0.000473244 5.9693e-05 
0.000229197 0.00013973 4.74073e-05 
0.000396648 0.000191298 0.000117055 
0.000116937 0.000157195 2.0833e-05 
0.000281674 0.000344085 2.01123e-05 
0.000370275 1.97781e-05 7.22072e-05 
0.000644154 0.000438993 5.73326e-05 
2.02778e-05 0.000386689 2.02794e-05 
0.000525404 0.000482671 5.02564e-05 
0.000972974 0.00032371 6.06201e-05 
0.000597341 0.00044423 5.84055e-05 
0.00094097 0.000308053 2.40386e-05 
0.000368188 0.000163639 1.80001e-05 
0.000601024 7.54979e-05 6.14442e-05 
0.000882097 9.23505e-05 5.18909e-05 
0.000936437 2.11558e-05 2.11441e-05 
0.00044496 5.77767e-05 1.71702e-05 
0.000680791 0.000472174 7.21467e-05 
0.000700349 5.27696e-05 8.69281e-05 
0.00076354 0.000444163 1.77053e-05 
0.000334 3.86211e-05 3.53008e-05 
0.000336921 0.000479398 5.37261e-05 
0.000673694 5.19871e-05 2.06408e-05 
0.000323557 0.000323114 2.72727e-05 
0.000481779 7.65149e-05 1.93226e-05 
0.000101392 0.00036968 7.63392e-05 
0.000218406 0.000383872 6.2469e-05 
0.000507563 0.000113928 2.6677e-05 
1.92708e-05 5.93562e-05 1.92705e-05 
0.000501807 1.71854e-05 1.71845e-05 
0.000833075 0.000375441 8.53326e-05 
0.000308758 8.44383e-05 1.85937e-05 
4.64583e-05 0.00018543 1.70878e-05 
0.00016783 0.000219123 4.9633e-05 
0.000571599 0.000316336 1.90542e-05 
0.000425158 0.000323908 9.31248e-05 
0.000461938 0.000214235 2.06964e-05 
0.000822408 0.000118691 5.98168e-05 
0.000838217 0.000237305 7.30798e-05 
0.000183011 0.000302355 2.22257e-05 
0.000613323 0.000330043 4.18423e-05 
0.00054236 1.98725e-05 7.01422e-05 
0.00064446 0.000420536 1.88803e-05 
0.000845942 1.83604e-05 6.79309e-05 
0.000317349 0.000443015 2.55348e-05 
0.000427721 0.000314818 1.87683e-05 
0.000982651 6.22187e-05 6.35725e-05 
0.000319033 0.000379227 2.90377e-05 
2.00787e-05 0.000217735 6.79659e-05 
0.000127282 0.000161644 8.62062e-05 
0.000165298 0.000338885 3.65326e-05 
0.0009425 0.000105329 5.76142e-05 
0.000408498 0.000450985 2.37262e-05 
0.00047183 0.000206025 5.64222e-05 
6.2093e-05 0.000482604 6.07947e-05 
0.00048594 0.000473814 6.51734e-05 
0.000860617 0.00037603 5.14732e-05 
0.000137605 0.000482501 5.23391e-05 
0.000149749 0.000232791 1.97601e-05 
0.000498553 0.000447929 1.81854e-05 
0.000761738 4.54955e-05 7.64592e-05 
0.00075284 0.000150262 5.35579e-05 
0.000262383 0.000157578 2.21463e-05 
0.000476777 0.000252559 2.03987e-05 
0.00057308 9.28143e-05 1.79199e-05 
0.000806471 1.8721e-05 7.39414e-05 
0.000605086 0.000224056 2.27441e-05 
0.000716873 0.000339604 2.08497e-05 
0.000885775 9.17179e-05 1.75243e-05 
0.000165563 3.06241e-05 3.06233e-05 
0.000614509 2.26675e-05 7.20745e-05 
0.000599461 0.00035603 6.65913e-05 
0.00071744 5.30575e-05 2.3193e-05 
0.000211445 0.00016683 8.18767e-05 
0.000553413 0.000465026 2.45707e-05 
0.000751975 0.000268566 2.40611e-05 
0.000731162 0.000473251 2.67486e-05 
0.000546971 0.00038051 2.32141e-05 
0.000612495 9.29402e-05 2.16735e-05 
0.000778408 0.000421071 8.25274e-05 
0.000538296 0.000295426 5.21239e-05 
0.000753081 0.000397493 7.9189e-05 
2.44082e-05 0.000343988 2.26377e-05 
0.000667317 0.000391418 1.81425e-05 
0.000558997 0.000467014 7.8677e-05 
0.000149769 0.000302163 4.5253e-05 
0.000380267 0.00015413 5.30325e-05 
0.000921549 0.000474252 7.12731e-05 
0.000721993 0.000385676 1.84419e-05 
5.6741e-05 8.0872e-05 2.30417e-05 
0.000649186 1.83861e-05 5.377e-05 
0.000593778 0.000480868 1.91317e-05 
0.00056506 0.000196054 6.53081e-05 
0.000405416 0.000403289 5.78956e-05 
0.000170991 1.83565e-05 7.7731e-05 
0.000199187 0.000184439 4.34991e-05 
0.000406263 0.000362071 1.9626e-05 
0.000388063 0.00011377 5.12853e-05 
0.000499475 0.000350254 9.28511e-05 
0.000791801 8.10603e-05 5.43077e-05 
0.000806658 0.000253755 4.63812e-05 
0.000698619 0.000279775 7.41919e-05 
0.000831162 0.000152918 2.25274e-05 
0.000571029 0.000382606 5.7774e-05 
0.000982127 0.000174387 1.78723e-05 
0.000153864 0.000139463 2.01361e-05 
0.000481697 5.4372e-05 8.56639e-05 
0.000277886 2.387e-05 5.59048e-05 
2.04116e-05 0.000212202 2.04106e-05 
0.000641817 0.00031844 6.47485e-05 
0.000273857 0.000200052 2.09003e-05 
0.000706088 0.000218298 7.29253e-05 
0.000580547 4.41054e-05 8.42858e-05 
0.000536368 0.000128179 5.82965e-05 
0.000276514 0.000246305 6.42287e-05 
0.000922466 0.000170611 4.48121e-05 
0.000881429 0.000269025 9.46672e-05 
0.000583595 5.27368e-05 2.39514e-05 
4.65275e-05 0.000234742 4.74061e-05 
0.000192868 0.000363075 8.49882e-05 
0.00083565 0.000192269 3.18657e-05 
5.81492e-05 6.39547e-05 6.10153e-05 
0.000234181 0.000417535 2.96327e-05 
0.00068707 9.69262e-05 7.73378e-05 
2.27433e-05 0.000328329 8.14011e-05 
0.00055402 0.000127632 2.19819e-05 
0.000756756 6.11799e-05 4.14555e-05 
0.000958764 0.000377793 4.96894e-05 
0.000476945 0.000479705 2.02951e-05 
0.000383215 1.88531e-05 1.88478e-05 
0.000977329 3.68703e-05 2.26745e-05 
0.000311768 2.52937e-05 9.00719e-05 
0.000455815 0.000348859 1.82638e-05 
0.000978445 0.00035213 2.15518e-05 
0.000363621 0.000137925 8.94136e-05 
0.00080184 0.000478629 9.21555e-05 
0.000464766 8.38705e-05 7.67131e-05 
0.000155889 0.000202393 8.27718e-05 
0.000918823 0.000259588 7.2209e-05 
0.000523489 0.000339121 2.43854e-05 
5.27681e-05 0.000104294 6.3254e-05 
0.000116421 0.000103618 1.7014e-05 
0.000163346 0.000477671 2.23286e-05 
0.000901336 0.000368798 7.56265e-05 
0.000489749 6.92235e-05 5.4835e-05 
0.000742342 0.00029777 9.89362e-05 
0.000949334 0.000356769 8.34789e-05 
0.000324622 0.000468155 9.45921e-05 
9.00072e-05 9.33386e-05 5.61289e-05 
0.000743908 0.000109427 7.28437e-05 
0.000365223 0.000207114 2.63267e-05 
0.000526227 0.000434685 3.79192e-05 
0.000217507 0.000479441 2.0547e-05 
9.44044e-05 0.000350889 2.2307e-05 
0.000117507 0.000290033 6.71179e-05 
0.000315289 0.000219839 2.52177e-05 
0.000244423 0.000225279 7.0212e-05 
0.000888792 0.000203729 4.80237e-05 
0.000128863 2.22776e-05 6.77989e-05 
0.000933566 0.000291834 6.25759e-05 
1.80706e-05 8.28181e-05 4.82943e-05 
0.000937518 0.000197513 1.83532e-05 
0.000894117 0.000239156 5.54241e-05 
0.000497654 0.000142037 6.01939e-05 
0.000881314 0.000470574 2.94257e-05 
0.000508281 0.000305338 8.03361e-05 
8.95357e-05 0.000462115 4.73705e-05 
0.000752641 0.000408315 1.96551e-05 
0.000300298 0.000482315 6.44778e-05 
0.000756627 0.000352631 2.09853e-05 
0.000697835 1.7249e-05 1.72492e-05 
0.000634315 5.83705e-05 1.92759e-05 
0.000196418 0.00035846 4.63664e-05 
0.000266123 0.000151943 6.15657e-05 
0.000340663 0.00016025 5.14251e-05 
0.000471108 0.000287883 8.661e-05 
0.000561907 0.000274972 1.75472e-05 
0.000288892 1.75534e-05 1.75518e-05 
0.000429568 0.000236198 1.84385e-05 
0.000156621 0.000360772 7.0774e-05 
0.000858497 0.000239755 3.94168e-05 
0.000655594 1.7978e-05 1.79774e-05 
0.000243159 0.000302541 6.74541e-05 
0.000403396 0.000481789 5.17207e-05 
0.000727658 2.23826e-05 5.88521e-05 
0.00097925 0.000446818 2.075e-05 
0.000834849 0.000268115 2.08963e-05 
0.000442248 6.04081e-05 5.5283e-05 
0.000194055 0.000151249 2.17757e-05 
0.000945197 8.11531e-05 8.38868e-05 
0.000350559 0.000289175 1.72419e-05 
0.000131842 0.000426706 1.75956e-05 
0.000107821 0.000283801 2.56068e-05 
0.000371229 0.000189336 6.74772e-05 
0.000784285 0.000234812 1.98253e-05 
0.000509786 5.14961e-05 1.7484e-05 
0.000768092 9.27695e-05 1.93029e-05 
0.000338894 0.000441208 6.46755e-05 
0.000922867 1.80078e-05 6.76005e-05 
0.000938062 0.000117243 1.90734e-05 
0.000469114 0.000358468 7.6499e-05 
0.000954364 0.000137265 8.90466e-05 
0.000699624 0.000417055 8.34781e-05 
1.84767e-05 0.000163527 1.84742e-05 
0.000504534 3.21498e-05 5.3447e-05 
0.000272305 0.000381884 1.88535e-05 
0.000128399 8.16574e-05 7.40098e-05 
0.000198274 0.000339546 1.73749e-05 
0.000795168 0.000427726 1.79402e-05 
0.000853001 0.000112928 3.13052e-05 
0.000308586 0.000353731 7.20538e-05 
0.000545288 0.000256646 4.20579e-05 
0.000777208 4.05796e-05 1.70289e-05 
0.000661327 0.000109028 4.59377e-05 
0.000658326 0.000162025 2.04634e-05 
5.23808e-05 0.000380461 8.67762e-05 
0.000153514 0.000481012 8.51394e-05 
0.000659467 0.00046557 1.70777e-05 
6.01889e-05 0.00047639 2.19689e-05 
0.000101078 0.000320452 4.62719e-05 
0.000891984 0.00017603 9.08932e-05 
0.000567153 0.000275548 6.30857e-05 
0.000580636 0.000100107 9.07162e-05 
1.99191e-05 0.000481273 1.8724e-05 
0.000783255 0.000326206 4.09842e-05 
8.99751e-05 2.09096e-05 5.91517e-05 
0.000473874 0.000225178 8.48994e-05 
0.000368818 0.00047653 2.34664e-05 
1.8098e-05 0.00040666 6.68205e-05 
0.000354926 0.000377069 6.06446e-05 
2.18991e-05 0.000299528 2.18933e-05 
0.000831076 2.84155e-05 0.000100097 
0.000245882 0.000268437 4.09946e-05 
0.000365901 0.000365049 2.06417e-05 
0.000930423 7.20026e-05 1.79168e-05 
0.000273275 9.6951e-05 1.78373e-05 
