0.000832974 0.000411425 3.10539e-05 
8.2531e-05 0.00029539 7.45562e-05 
0.00052478 0.000209982 0.000107809 
0.000315774 0.000239138 0.000129066 
0.000684413 0.000330741 6.31806e-05 
0.000364411 7.81642e-05 0.0001083 
0.000748689 0.000203491 4.81595e-05 
0.000872926 0.000290967 6.22931e-05 
0.000525186 5.43764e-05 0.000150697 
0.000782773 0.000237932 0.000145041 
0.000637822 0.000370124 3.88597e-05 
0.000176931 0.000387092 1.97446e-05 
0.000824653 0.000305419 0.000105689 
0.000207485 0.000216192 8.60462e-05 
0.000489481 0.000379689 3.62716e-05 
0.000801923 0.000161213 0.000101996 
0.000444942 0.000368423 7.3235e-05 
0.000236229 0.000360104 2.52283e-05 
0.000525351 0.000145966 6.21141e-05 
0.000889101 0.000239593 1.89334e-05 
0.000918214 0.000331825 6.1793e-05 
0.000414169 0.000311978 5.61466e-05 
0.000941006 6.27714e-05 6.699e-05 
0.000871985 4.24315e-05 9.07221e-05 
0.000690115 9.57831e-05 2.41528e-05 
0.000258725 0.0003046 5.5075e-05 
8.90161e-05 0.000226707 8.86058e-05 
0.000557665 0.000237554 1.97563e-05 
0.00017332 9.12274e-05 2.98292e-05 
0.000971079 0.000462443 0.000139313 
0.000520174 0.000213379 4.81321e-05 
0.000964117 0.000206491 6.37111e-05 
0.000881271 0.000143266 2.57039e-05 
0.000763509 2.74411e-05 7.64972e-05 
5.72848e-05 0.000256057 4.99033e-05 
0.000723356 0.000342011 0.00011167 
0.000610149 0.000437586 0.000138806 
0.000308066 0.000179313 0.000107363 
0.000341132 0.000221032 7.85029e-05 
0.000322102 0.000182717 2.30944e-05 
0.000307323 0.000296759 8.22181e-05 
0.000483084 0.000310678 3.28663e-05 
0.000453941 2.31823e-05 8.32386e-05 
0.000341188 0.000104382 6.78245e-05 
0.000963684 0.000399484 2.18146e-05 
0.000576301 0.000463578 9.05671e-05 
0.000543941 0.000351424 9.88423e-05 
0.000703023 0.000160468 0.000120331 
0.000386912 0.000236266 6.39465e-05 
0.000410652 0.000258685 0.000113442 
0.000252123 0.000379038 0.000116623 
0.000564727 0.000173344 6.96213e-05 
0.000799119 5.31054e-05 0.000156842 
0.000845163 0.000461896 9.34928e-05 
9.2846e-05 6.33109e-05 0.00012196 
0.000166516 8.99075e-05 9.40349e-05 
0.000964637 8.7219e-05 2.75344e-05 
0.000516802 0.000418091 0.000113561 
0.00022712 9.67142e-05 2.45081e-05 
0.000364339 0.000426701 3.12558e-05 
0.000493075 0.000165068 2.60585e-05 
0.000287565 0.000412474 5.61558e-05 
0.000598259 0.000347579 2.37834e-05 
0.000789296 0.000184786 2.39227e-05 
0.000549659 8.37766e-05 6.88272e-05 
0.000232057 8.78328e-05 7.9496e-05 
0.000521582 0.000463041 2.89438e-05 
0.00039245 7.34226e-05 3.08218e-05 
0.000964422 0.000179039 0.00010085 
0.000890586 0.000190706 1.93997e-05 
0.000575155 0.000396868 0.000129331 
0.000625015 0.000139711 0.000106581 
0.000395721 0.000373235 8.79861e-05 
0.000682293 0.000391489 5.20437e-05 
0.000648266 6.33271e-05 9.33405e-05 
0.000156744 4.13812e-05 7.53129e-05 
0.000874325 0.000152975 7.78292e-05 
0.000451497 0.000105523 3.66437e-05 
0.000629034 0.000206739 0.000104646 
0.000707291 0.000140972 6.6446e-05 
0.000799321 0.00016199 5.54717e-05 
6.67109e-05 0.00033681 9.48172e-05 
0.000148793 0.000378188 8.67305e-05 
0.000440089 0.000434225 9.36801e-05 
0.000603146 0.000239037 6.67863e-05 
0.000783293 0.000380402 5.99661e-05 
3.05688e-05 0.000433906 2.99123e-05 
0.00035137 0.000289286 0.000146785 
0.000184318 0.00043423 2.8815e-05 
0.000143988 0.000277633 2.03555e-05 
0.000275677 6.27931e-05 2.32754e-05 
0.000811772 0.000460458 5.09771e-05 
0.00068666 0.000131593 0.000150011 
0.000980858 0.000295186 2.66801e-05 
0.000124343 0.00026701 5.962e-05 
0.00089432 0.000329407 0.000112768 
0.000215417 4.32997e-05 0.000112853 
0.000904664 0.000206534 0.000124909 
0.000369995 0.000320259 8.37782e-05 
0.000423603 0.000200187 3.29363e-05 
0.000568326 0.000396235 7.62041e-05 
0.000762272 0.000463991 2.00666e-05 
0.000707044 0.000378174 8.08337e-05 
0.000784781 0.000113943 0.000132552 
0.000412255 4.1623e-05 6.42457e-05 
0.000827627 3.02316e-05 2.92567e-05 
0.000288509 8.24372e-05 0.00010984 
0.000725399 0.000258996 9.233e-05 
8.90747e-05 0.000210891 2.47155e-05 
0.000675672 0.000192817 9.18317e-05 
0.000607806 0.000175004 3.66223e-05 
0.000397732 0.000274266 2.69964e-05 
0.000967955 0.000247891 8.39526e-05 
0.000639986 0.000274474 0.000116102 
0.000936394 0.000248229 3.02679e-05 
0.00060834 0.000130523 2.07366e-05 
8.76333e-05 0.00041539 3.62298e-05 
0.000152005 0.00043273 8.04394e-05 
0.000490043 0.000292845 9.42831e-05 
7.18957e-05 0.000152871 9.5078e-05 
0.000674495 0.000468686 4.9022e-05 
0.000650039 0.000379344 9.84308e-05 
0.000132563 0.000195395 5.19023e-05 
0.000308911 0.000272919 2.45289e-05 
0.000527931 0.000284184 5.08582e-05 
0.000754491 0.000186259 0.000101563 
0.00024773 0.000466168 0.000118109 
0.000972945 3.86522e-05 0.000103892 
0.000678879 0.000363126 2.10576e-05 
0.000239718 0.000241023 5.24988e-05 
0.000899792 0.000401984 3.66657e-05 
0.000414183 3.89388e-05 0.000108498 
0.000703633 4.98057e-05 8.07397e-05 
0.000755949 0.000473033 0.000108411 
0.000510446 0.000389438 8.53644e-05 
0.000456244 0.000162906 8.03121e-05 
0.000657337 0.000207646 3.29804e-05 
0.000431771 0.000107294 0.000110001 
0.000268522 0.000468703 5.33455e-05 
0.000977204 0.000381488 0.000103339 
0.000156657 0.000160623 8.83047e-05 
0.000901565 9.77173e-05 8.57718e-05 
0.000652198 0.000310191 2.30597e-05 
0.000355453 0.000413149 0.000126647 
0.000319445 0.0003934 8.67295e-05 
0.000869105 0.000125264 0.00014537 
0.000194889 0.000233841 1.80798e-05 
0.000704081 0.000435718 3.07205e-05 
6.36496e-05 2.91539e-05 4.39861e-05 
0.000540799 3.18246e-05 2.52995e-05 
0.000726149 0.000296954 3.52481e-05 
0.00089166 4.37884e-05 3.64781e-05 
0.000222474 0.000266639 1.83673e-05 
0.000910502 0.00014538 0.000116534 
0.000306088 0.000160383 5.58462e-05 
0.000785578 0.000348135 0.000112351 
0.000517834 0.000266269 0.000119748 
0.000722004 0.000298682 7.8281e-05 
0.00020295 0.000318515 7.53095e-05 
0.000783919 0.000441734 8.66008e-05 
0.000828446 0.00022419 2.07589e-05 
0.000605008 0.000410319 2.86543e-05 
2.62942e-05 0.000112416 2.61618e-05 
0.000461081 0.000329604 0.000128095 
0.000466851 0.000469405 9.27998e-05 
3.02713e-05 0.000392367 0.000110355 
0.000376523 0.000327605 2.80198e-05 
0.000556638 0.000412561 2.56466e-05 
0.000283285 0.000114098 7.71914e-05 
0.000907186 6.29484e-05 0.000135224 
0.000597319 0.000239959 0.00013967 
0.000804979 0.000211659 6.0739e-05 
0.000423221 0.000390262 4.95584e-05 
0.000249269 0.000125556 4.46574e-05 
0.000747233 3.39617e-05 2.80705e-05 
0.000399119 0.000136982 3.58577e-05 
0.000344359 0.000256586 4.87527e-05 
0.0002441 0.000346953 7.48703e-05 
0.00072629 8.15277e-05 0.00011492 
0.00075897 0.000310755 1.85886e-05 
0.0008862 0.000409082 9.59368e-05 
0.000637707 0.000135405 5.39695e-05 
0.00060962 3.40305e-05 5.61013e-05 
0.000350203 0.000471022 7.16884e-05 
0.000580336 0.000123275 8.64438e-05 
0.000127931 0.000117987 5.54217e-05 
0.00020878 0.000471919 6.37178e-05 
0.000197909 4.93099e-05 7.62939e-05 
4.78675e-05 6.21592e-05 0.000129902 
7.75496e-05 0.000327273 2.25513e-05 
0.000665646 0.000246327 9.70382e-05 
3.01648e-05 0.000470258 6.77072e-05 
0.000749674 0.000423204 0.000106258 
0.000444045 0.000269065 6.1137e-05 
0.000615901 0.000459382 3.04706e-05 
0.000826378 7.88352e-05 8.21247e-05 
0.000304495 0.000123853 2.43267e-05 
0.000914571 0.000460458 2.46532e-05 
0.000644706 0.000467867 0.000116902 
0.000198659 0.000409012 0.000106636 
0.000950908 0.000479702 1.71392e-05 
0.000826634 0.000336244 3.29516e-05 
5.32125e-05 0.000437112 0.000108292 
0.000465448 0.000440545 2.56217e-05 
0.000774266 0.000115011 8.9162e-05 
0.000746056 0.000325316 5.78481e-05 
0.000592072 0.000304115 0.000131159 
0.000108245 0.00046092 2.1655e-05 
0.000761054 0.000230214 0.000106591 
0.000808047 8.10663e-05 2.29185e-05 
0.000729283 0.000397374 5.29271e-05 
0.00047444 0.000403929 8.58964e-05 
0.00056132 0.000149907 0.000137055 
0.000337606 0.000149868 1.79661e-05 
0.000602031 0.000285421 3.39191e-05 
0.000201046 0.000264417 0.000111975 
0.000509952 0.000105349 0.000129472 
0.000563442 0.000189923 2.2418e-05 
0.000427942 0.000475978 2.35303e-05 
0.000491943 0.000178435 0.00012071 
0.000748847 0.000134482 2.04242e-05 
0.000213655 0.000177241 2.35026e-05 
0.000109578 0.000434269 0.000145591 
0.000488334 0.000324849 8.08574e-05 
4.62932e-05 0.000191065 7.8687e-05 
0.000672802 0.00026725 4.68494e-05 
0.00059002 3.51519e-05 9.54049e-05 
0.000130248 0.000372535 3.0266e-05 
3.034e-05 0.000294412 7.3268e-05 
0.000367027 0.000426946 8.98998e-05 
0.000535653 0.000301052 1.72995e-05 
0.000847861 8.0915e-05 0.000144259 
0.000731028 9.56211e-05 1.97362e-05 
6.95009e-05 0.000162871 1.90563e-05 
7.46254e-05 0.000369557 1.99483e-05 
0.000270318 0.000213292 0.000130733 
0.000965366 0.000207497 2.00957e-05 
0.000276995 0.000231765 2.1557e-05 
0.000832757 0.000175159 0.000134468 
0.000884324 0.000337821 2.50995e-05 
0.000672601 0.000125189 4.27987e-05 
2.25762e-05 0.000250805 2.25745e-05 
0.000723316 0.000250556 2.66075e-05 
0.000116427 0.000245359 1.92054e-05 
0.000947766 0.0001445 1.71484e-05 
0.000883611 0.00045538 6.86363e-05 
0.000423545 0.000418335 2.19563e-05 
0.000117747 6.56183e-05 3.13139e-05 
0.000568897 0.000315261 7.1402e-05 
0.000869379 0.000215062 3.9182e-05 
0.000262127 0.000193344 9.21667e-05 
3.07902e-05 0.00034562 6.60477e-05 
0.000779774 0.000275881 8.91466e-05 
0.000246087 3.0115e-05 4.35562e-05 
0.000793035 6.6756e-05 6.92911e-05 
0.000271576 0.000273738 0.000141094 
0.00030173 0.000437897 0.000106989 
0.000705318 0.000174737 2.569e-05 
0.000344162 0.000110093 1.80374e-05 
0.000971908 0.000421075 0.000133471 
0.000167826 0.000174936 2.18177e-05 
0.000153348 0.00032772 2.10035e-05 
0.000970394 0.000102642 9.31078e-05 
0.000216507 5.39782e-05 1.97787e-05 
0.000962254 0.000136013 5.93207e-05 
0.000809166 0.00026584 2.43573e-05 
0.000396503 0.000475149 0.000140212 
7.51247e-05 0.000124428 4.44483e-05 
0.000445071 0.000382736 0.000118233 
0.000136385 0.00031119 0.000135197 
0.000467006 2.30597e-05 3.93e-05 
0.000941849 0.000381186 0.000149658 
0.000931666 0.000354457 2.2306e-05 
0.000222271 0.000310548 2.62488e-05 
0.000365435 0.000218687 0.000132249 
0.000826651 0.000405952 0.00012209 
0.000960556 0.000471754 7.16951e-05 
0.000221679 0.000156187 5.977e-05 
0.000417607 0.000188857 0.000135868 
0.000114958 0.000160797 2.084e-05 
0.000274618 0.000318121 2.0102e-05 
0.000348783 2.61751e-05 0.000113366 
0.00065632 0.000446288 7.81351e-05 
2.59459e-05 0.000384514 3.77022e-05 
0.000504497 0.000480013 0.000117412 
0.000970574 0.000322774 6.01668e-05 
0.000621699 0.000420715 7.27219e-05 
0.00093801 0.000307162 2.4039e-05 
0.000369096 0.000176902 4.07005e-05 
0.000576791 7.20959e-05 0.000119289 
0.000880109 8.25358e-05 0.000116139 
0.000951822 2.23677e-05 2.1144e-05 
0.000447532 5.34658e-05 2.25833e-05 
0.000701908 0.000460277 9.80004e-05 
0.000689372 5.82554e-05 0.000129076 
0.000764593 0.000428509 5.31916e-05 
0.000338475 3.54932e-05 3.53008e-05 
0.000339435 0.000455718 0.000104338 
0.000661961 5.32004e-05 2.25135e-05 
0.000321415 0.000323133 2.7273e-05 
0.000499097 8.35545e-05 8.94049e-05 
0.000108391 0.000372975 0.000108433 
0.000233259 0.00040281 7.633e-05 
0.000513745 0.000111429 2.66804e-05 
1.92839e-05 8.12619e-05 0.000107156 
0.000500081 2.28146e-05 1.71844e-05 
0.000859416 0.000380037 0.000129159 
0.000313377 8.0728e-05 1.85935e-05 
4.22012e-05 0.000204194 1.70879e-05 
0.000159245 0.000243049 0.000102907 
0.000563328 0.000322944 2.63707e-05 
0.000418637 0.00031433 0.000107405 
0.000473901 0.000214206 2.06995e-05 
0.000830763 0.000112028 0.000117788 
0.000845603 0.000257219 0.000123718 
0.000177234 0.000296563 3.90858e-05 
0.000626015 0.000328831 4.77459e-05 
0.000541213 3.37817e-05 9.04021e-05 
0.000649709 0.000429468 3.94984e-05 
0.000852954 2.38479e-05 0.000133384 
0.000309605 0.000440796 2.55378e-05 
0.000428784 0.000308796 1.8768e-05 
0.000972633 6.49694e-05 0.000148431 
0.000314078 0.000378982 2.90407e-05 
2.97191e-05 0.000208847 0.000124569 
0.000123205 0.000128434 0.000117912 
0.00016581 0.00034474 5.98398e-05 
0.000935242 0.000109006 0.000125169 
0.000412598 0.000450406 5.25355e-05 
0.000486872 0.000205736 8.51907e-05 
8.54293e-05 0.000473298 0.000103825 
0.000472671 0.000456955 0.000135135 
0.000869817 0.000363747 8.02338e-05 
0.000127131 0.000479178 7.5084e-05 
0.00015882 0.000222811 2.14235e-05 
0.000499022 0.000453726 6.87657e-05 
0.000766362 3.7776e-05 0.000134421 
0.000763034 0.000149461 7.21964e-05 
0.000254511 0.000157234 2.21469e-05 
0.000493232 0.000259065 4.11589e-05 
0.000592599 0.000101833 4.13136e-05 
0.000814169 2.16793e-05 0.000114271 
0.000599358 0.00022691 2.27658e-05 
0.000716444 0.00033466 2.0886e-05 
0.000872018 0.000104172 4.16702e-05 
0.000172352 3.07286e-05 3.06522e-05 
0.000597571 3.25264e-05 0.000144391 
0.000599584 0.000351017 0.000101766 
0.000709904 5.58145e-05 2.31926e-05 
0.000217723 0.000162495 0.000108825 
0.000554672 0.000457658 5.42168e-05 
0.000764974 0.000275755 4.22079e-05 
0.000737455 0.000473241 5.86578e-05 
0.000551082 0.000370492 2.32148e-05 
0.000622904 9.80371e-05 6.65169e-05 
0.00078201 0.000426169 0.00014451 
0.000538922 0.000303898 0.000106755 
0.000769109 0.000390074 0.000155012 
2.50344e-05 0.000344203 2.26734e-05 
0.000668108 0.000405064 1.814e-05 
0.000548842 0.000470623 0.000128689 
0.000157408 0.000300249 0.00010179 
0.000385748 0.000138511 0.000108505 
0.000913237 0.000474244 9.47382e-05 
0.000730212 0.000379853 1.84416e-05 
6.01931e-05 7.67239e-05 2.30449e-05 
0.000669763 2.14642e-05 0.000114705 
0.000578569 0.000468047 1.91322e-05 
0.000571824 0.000205939 0.000113318 
0.000400714 0.000418312 8.89295e-05 
0.000172169 1.86148e-05 0.000108454 
0.000184894 0.00018642 6.65522e-05 
0.000410554 0.000355618 4.61248e-05 
0.000391876 9.14121e-05 7.92346e-05 
0.000494986 0.00035334 0.000158292 
0.000790909 6.62113e-05 0.000108309 
0.000814605 0.000257325 6.73949e-05 
0.000696095 0.000294801 0.000137984 
0.000824335 0.000142966 2.25256e-05 
0.000568202 0.000360199 6.03408e-05 
0.000974463 0.000167363 1.78725e-05 
0.000152758 0.000135804 2.01368e-05 
0.000479306 3.4927e-05 0.000154824 
0.000272997 4.58494e-05 7.99429e-05 
2.15979e-05 0.000212057 5.72526e-05 
0.000629069 0.000325669 9.14652e-05 
0.000284515 0.00019877 4.73466e-05 
0.000688835 0.000242881 0.000137761 
0.000553546 3.16395e-05 0.000130525 
0.000537294 0.000130579 0.000154871 
0.000266496 0.00024031 9.36305e-05 
0.000918182 0.0001772 8.06086e-05 
0.000902698 0.000267399 0.00012835 
0.00058328 6.48608e-05 2.39516e-05 
3.48947e-05 0.000230446 9.42724e-05 
0.000199167 0.000356539 0.00014759 
0.00083683 0.000177866 8.56202e-05 
6.57597e-05 7.59666e-05 7.95278e-05 
0.000243902 0.000415965 2.9657e-05 
0.000699948 0.000110021 0.000102035 
3.30994e-05 0.000361595 0.00013746 
0.000547982 0.000148266 2.19892e-05 
0.000744721 7.04792e-05 6.26614e-05 
0.000951845 0.000373814 6.73894e-05 
0.000488876 0.000479697 2.0298e-05 
0.000375296 3.5881e-05 8.70082e-05 
0.000968281 2.26728e-05 6.17484e-05 
0.00030546 3.5415e-05 0.000121653 
0.000442151 0.000341221 3.08085e-05 
0.00097561 0.000352156 2.18109e-05 
0.000346995 0.000122901 0.000119374 
0.000810875 0.000471565 0.000133875 
0.000466952 8.38211e-05 0.000139688 
0.000150702 0.000218578 0.000132068 
0.000916955 0.000268189 8.60681e-05 
0.000530457 0.000337297 5.09027e-05 
3.44116e-05 0.00010666 0.00013625 
0.000108027 0.00011283 1.70129e-05 
0.000150085 0.000476027 2.23281e-05 
0.000908337 0.000381338 0.000160751 
0.000524461 7.25975e-05 0.000116441 
0.000746425 0.000281368 0.00013041 
0.000952974 0.00034156 0.000139039 
0.000309314 0.000469202 0.000138454 
8.60523e-05 9.99131e-05 0.00011181 
0.00073939 0.000132065 0.000124644 
0.000354569 0.00021624 2.63264e-05 
0.000528131 0.000450855 9.05752e-05 
0.000229868 0.000479417 2.0548e-05 
8.80099e-05 0.000359689 5.88052e-05 
9.76748e-05 0.000287483 0.000127079 
0.000300163 0.000240389 6.13192e-05 
0.000228207 0.000218331 0.00013912 
0.00086007 0.000202746 9.9916e-05 
0.000117953 2.22794e-05 8.94597e-05 
0.000935412 0.000289707 6.26572e-05 
1.80684e-05 0.000101037 7.55039e-05 
0.000923168 0.000190468 4.08957e-05 
0.000891107 0.000233086 8.42359e-05 
0.000496545 0.000141999 0.000154946 
0.000861655 0.000470573 2.94245e-05 
0.0005033 0.000316799 0.000125709 
0.000103243 0.000446732 7.16196e-05 
0.00076096 0.00040839 1.96552e-05 
0.000288329 0.000479383 0.000104466 
0.000755351 0.000349882 2.33315e-05 
0.000692159 3.157e-05 5.02661e-05 
0.000622594 4.74586e-05 1.92759e-05 
0.00019108 0.000371547 5.02368e-05 
0.000252512 0.000140013 0.00015309 
0.000343759 0.000179045 6.8958e-05 
0.00046338 0.00029591 0.000158558 
0.000566979 0.000256954 5.86119e-05 
0.000278891 2.20768e-05 1.75578e-05 
0.000460401 0.000250891 1.84437e-05 
0.000169786 0.000376768 0.000125244 
0.000857199 0.000237601 6.79025e-05 
0.000664387 2.52817e-05 7.10144e-05 
0.000260794 0.000312322 0.0001585 
0.000397947 0.000458267 0.000107088 
0.000715694 2.23835e-05 0.000110815 
0.000954301 0.000437518 3.88427e-05 
0.000853503 0.00025747 2.08992e-05 
0.000446769 6.67291e-05 7.91798e-05 
0.000194705 0.000140442 2.17757e-05 
0.000936837 8.5496e-05 0.000160849 
0.000362868 0.000289993 4.91895e-05 
0.000134377 0.000427038 1.77403e-05 
8.97618e-05 0.000280818 2.56077e-05 
0.000378358 0.000186761 9.63325e-05 
0.000772126 0.000238673 1.98369e-05 
0.000495056 7.78419e-05 5.32071e-05 
0.000766694 8.42489e-05 3.07958e-05 
0.000315408 0.000441442 6.98961e-05 
0.000907705 2.45281e-05 9.73459e-05 
0.000924078 0.000132764 4.19953e-05 
0.000474683 0.000356532 0.000100526 
0.000965413 0.000131278 0.000149421 
0.000714834 0.00040025 0.000121179 
2.30683e-05 0.000160274 3.16019e-05 
0.000500655 2.37284e-05 8.06827e-05 
0.00028276 0.00037548 7.77637e-05 
0.000114201 6.60811e-05 8.44731e-05 
0.000189626 0.000339557 2.55829e-05 
0.000790219 0.000438207 2.00275e-05 
0.000837441 0.000118271 5.95595e-05 
0.000311602 0.000347048 0.000137591 
0.000545194 0.00025938 9.47706e-05 
0.000782927 3.452e-05 1.70282e-05 
0.000667186 0.000108366 7.98958e-05 
0.000647854 0.000156547 2.04636e-05 
7.16975e-05 0.000393833 0.000137891 
0.000196289 0.000477361 0.000125318 
0.000657446 0.000461319 1.70773e-05 
6.76827e-05 0.000469342 3.91977e-05 
0.000118702 0.000320477 8.00208e-05 
0.000871017 0.000164307 0.000150379 
0.000565313 0.00027341 0.000120769 
0.000604995 9.92406e-05 0.000144192 
3.45741e-05 0.000481196 1.87239e-05 
0.000760441 0.000312094 0.000106087 
6.75188e-05 4.28902e-05 0.000101518 
0.000468925 0.000219022 0.000143262 
0.000386087 0.000476478 2.3468e-05 
1.81191e-05 0.000425674 7.55423e-05 
0.000356362 0.000388232 6.72574e-05 
2.23947e-05 0.000297424 2.18328e-05 
0.000816441 2.08583e-05 0.000156607 
0.000242836 0.000279284 8.51183e-05 
0.00036783 0.000376012 2.06413e-05 
0.000913062 0.000101216 2.61162e-05 
0.000268544 0.00010292 1.78373e-05 
