0.000840447 0.000419647 3.10562e-05 
7.72204e-05 0.000297834 6.13656e-05 
0.000533 0.00022355 9.05274e-05 
0.000320178 0.000247416 6.8551e-05 
0.000688479 0.000328879 6.52748e-05 
0.000370139 6.00604e-05 7.5558e-05 
0.000754881 0.000195418 3.09926e-05 
0.000885199 0.000288229 3.57927e-05 
0.000521458 4.53889e-05 9.66847e-05 
0.000780391 0.000234804 8.98507e-05 
0.000633832 0.000366995 2.42392e-05 
0.000180769 0.000382402 1.9745e-05 
0.000830546 0.000285743 7.36822e-05 
0.000199651 0.000213857 6.97717e-05 
0.000487862 0.000379733 3.62694e-05 
0.000810248 0.00015501 6.34444e-05 
0.00044444 0.000342086 5.73485e-05 
0.000233226 0.000361808 2.523e-05 
0.000529101 0.000160818 4.40329e-05 
0.000885181 0.000236121 1.89334e-05 
0.00092114 0.000329823 6.214e-05 
0.000415747 0.000307142 5.67571e-05 
0.000942623 5.19129e-05 5.40071e-05 
0.000841751 4.71321e-05 7.1713e-05 
0.000689091 9.073e-05 2.14032e-05 
0.000273192 0.000300126 2.06147e-05 
8.57354e-05 0.00022776 8.58994e-05 
0.0005654 0.000236627 1.97563e-05 
0.000161601 9.08066e-05 2.98303e-05 
0.000966306 0.000459045 0.000103889 
0.000517716 0.000215742 3.31036e-05 
0.00096338 0.000216734 5.70092e-05 
0.000890788 0.000135247 2.57046e-05 
0.000773204 2.10007e-05 5.04568e-05 
6.61925e-05 0.000260247 2.19105e-05 
0.000748556 0.00034625 9.20698e-05 
0.000614493 0.000441408 0.00010179 
0.000309736 0.000172508 0.000100544 
0.000336338 0.000206096 6.6793e-05 
0.000327272 0.000184791 1.87154e-05 
0.000296798 0.000299495 7.75868e-05 
0.000478673 0.000307808 3.28577e-05 
0.000462635 2.31823e-05 6.83716e-05 
0.000340262 9.93154e-05 5.50518e-05 
0.000974044 0.000396779 2.18006e-05 
0.000597269 0.000474877 5.521e-05 
0.000539611 0.00034972 8.44089e-05 
0.000717742 0.000166631 7.13107e-05 
0.000395746 0.000232119 6.29798e-05 
0.000395307 0.000279843 9.81608e-05 
0.000270061 0.000374658 8.79854e-05 
0.000575271 0.000156988 5.14819e-05 
0.000799425 5.03087e-05 9.83227e-05 
0.000839602 0.000459383 7.50447e-05 
9.20963e-05 6.28558e-05 8.75024e-05 
0.000188786 0.000107838 8.58754e-05 
0.000972463 8.54037e-05 2.75354e-05 
0.000515578 0.000416156 8.71645e-05 
0.000214628 0.000101515 2.45099e-05 
0.000368809 0.000420587 3.1257e-05 
0.000482166 0.000165201 2.60585e-05 
0.000283705 0.000411613 4.98893e-05 
0.00058729 0.000355458 2.3708e-05 
0.000800813 0.000190898 1.71776e-05 
0.000543725 7.73733e-05 5.61438e-05 
0.000240542 7.24939e-05 6.46746e-05 
0.000515581 0.000471323 1.74015e-05 
0.000396028 6.66346e-05 3.08126e-05 
0.000967224 0.000170588 6.27522e-05 
0.000891783 0.000186217 1.9395e-05 
0.000587475 0.000397613 8.06493e-05 
0.000623196 0.000133849 7.16097e-05 
0.000398753 0.000358998 6.63151e-05 
0.000690734 0.000384962 4.96176e-05 
0.000650115 6.80338e-05 6.21789e-05 
0.000149815 4.6446e-05 7.26283e-05 
0.000861235 0.000158391 6.34055e-05 
0.000445507 0.000112127 3.6642e-05 
0.000616553 0.000199854 8.08942e-05 
0.000711216 0.000126679 4.66262e-05 
0.000787144 0.000152861 2.30044e-05 
5.98474e-05 0.000341597 5.95011e-05 
0.000171348 0.000386381 5.52455e-05 
0.000430022 0.000438673 6.79853e-05 
0.000583522 0.000239704 5.93018e-05 
0.000789623 0.000383912 5.12344e-05 
2.99152e-05 0.000433974 2.99128e-05 
0.000344829 0.000279546 9.20495e-05 
0.000180156 0.000430117 2.88149e-05 
0.000149246 0.000275854 2.03553e-05 
0.000276319 5.71567e-05 2.32761e-05 
0.000817993 0.000474145 2.58549e-05 
0.000686513 0.000135921 8.42964e-05 
0.000980863 0.000295175 1.74972e-05 
0.00013069 0.000257185 5.70665e-05 
0.000869698 0.000335007 8.44742e-05 
0.000210826 2.6264e-05 6.37441e-05 
0.000921226 0.000206607 8.30037e-05 
0.000355527 0.00032451 7.96394e-05 
0.000419132 0.00018563 3.29361e-05 
0.000560234 0.000414672 5.79232e-05 
0.000772577 0.000470695 2.006e-05 
0.000724628 0.000363386 5.15614e-05 
0.000782977 0.000116639 8.6528e-05 
0.00042194 2.51137e-05 1.93649e-05 
0.000820961 2.92628e-05 2.92575e-05 
0.000294472 7.05291e-05 6.32163e-05 
0.000727013 0.00024814 7.3661e-05 
7.94059e-05 0.000215653 2.46898e-05 
0.000685996 0.000184677 6.39123e-05 
0.000613675 0.000175393 2.64949e-05 
0.000399553 0.000272288 2.69521e-05 
0.000971751 0.000262495 7.17695e-05 
0.000647615 0.000276 7.66323e-05 
0.00093455 0.000244663 3.0268e-05 
0.000598569 0.000131014 2.07357e-05 
8.84975e-05 0.000419652 3.03982e-05 
0.000134758 0.000436391 6.89424e-05 
0.00048886 0.00027908 7.26813e-05 
8.23778e-05 0.000161733 7.38633e-05 
0.000687818 0.000482671 1.72096e-05 
0.000642302 0.000387755 8.10003e-05 
0.000127215 0.000200803 4.37477e-05 
0.000311071 0.000275893 2.45237e-05 
0.000516912 0.000269858 3.45851e-05 
0.000764125 0.000179496 8.42356e-05 
0.000242954 0.000456362 7.68619e-05 
0.000977352 2.87983e-05 7.60723e-05 
0.000677862 0.000356874 2.10515e-05 
0.00022912 0.00022553 2.76752e-05 
0.000911086 0.000404028 3.66587e-05 
0.000414383 2.4983e-05 6.30811e-05 
0.000690088 3.32737e-05 5.20584e-05 
0.000771652 0.000475775 7.43933e-05 
0.000533441 0.000388499 6.32168e-05 
0.000460072 0.00016486 8.38422e-05 
0.000659745 0.000214042 3.29392e-05 
0.000421468 0.000108828 0.000100818 
0.000267934 0.000468753 3.1245e-05 
0.000979275 0.00039111 8.39074e-05 
0.00016248 0.000160239 6.69978e-05 
0.000901073 9.73134e-05 4.32649e-05 
0.000650166 0.000322605 2.30579e-05 
0.000360191 0.000409344 8.79802e-05 
0.000316115 0.000399486 7.79228e-05 
0.000869433 0.000123375 8.98978e-05 
0.000188074 0.000243345 1.80798e-05 
0.000692429 0.000433106 3.0716e-05 
5.66731e-05 2.89751e-05 2.89805e-05 
0.000544108 2.53056e-05 2.53036e-05 
0.000718576 0.000297823 2.06424e-05 
0.000884432 4.47445e-05 3.64727e-05 
0.0002155 0.000268498 1.83549e-05 
0.000916677 0.000127891 6.97462e-05 
0.000299749 0.000168722 4.70757e-05 
0.000805682 0.000336391 8.73555e-05 
0.000524489 0.000268566 7.90143e-05 
0.000729601 0.000286833 5.74364e-05 
0.000200568 0.000323727 7.0124e-05 
0.000796403 0.000440766 5.43899e-05 
0.000824047 0.000221813 2.07609e-05 
0.000598734 0.000406295 2.86343e-05 
2.62352e-05 0.000117224 2.6156e-05 
0.000468777 0.000321419 8.13576e-05 
0.000454604 0.000470458 4.94605e-05 
5.09948e-05 0.000392929 5.94963e-05 
0.00037875 0.000323168 2.80235e-05 
0.000553608 0.000418908 1.91496e-05 
0.000269403 0.000113684 5.20192e-05 
0.000911015 6.88346e-05 7.89016e-05 
0.000609412 0.000253367 9.27343e-05 
0.000803665 0.000205419 6.11948e-05 
0.000434501 0.000375678 4.05588e-05 
0.000249232 0.000124377 2.15585e-05 
0.000744916 2.03345e-05 2.03296e-05 
0.000398446 0.000138583 1.98858e-05 
0.000353194 0.000253974 2.09453e-05 
0.000257249 0.000334977 5.59355e-05 
0.000722225 8.29559e-05 6.14241e-05 
0.000768991 0.000315664 1.85855e-05 
0.000867753 0.000413313 7.9108e-05 
0.000639431 0.000125831 2.04335e-05 
0.000616854 2.20148e-05 3.90781e-05 
0.000332614 0.00047542 1.76506e-05 
0.000579182 0.000116387 5.06395e-05 
0.000124417 0.000124369 5.59492e-05 
0.000196991 0.000471903 6.35683e-05 
0.000193866 6.48132e-05 5.25611e-05 
3.60239e-05 4.37933e-05 7.31044e-05 
6.35303e-05 0.000311505 2.25157e-05 
0.000677475 0.000246328 7.01289e-05 
2.31478e-05 0.000476815 5.94304e-05 
0.000755613 0.00042384 7.02241e-05 
0.000444636 0.000263147 6.27489e-05 
0.000621914 0.000456647 2.08383e-05 
0.000834728 7.11129e-05 4.50554e-05 
0.000301462 0.000126292 2.42627e-05 
0.000926254 0.000462205 2.46534e-05 
0.000628356 0.000477944 8.0473e-05 
0.000195057 0.000413908 7.94431e-05 
0.000961796 0.000482862 1.71409e-05 
0.000831538 0.00033465 3.2953e-05 
6.09119e-05 0.000437643 8.25063e-05 
0.000458795 0.000433307 2.56056e-05 
0.000781227 0.000116388 4.50857e-05 
0.000743149 0.000322606 4.68859e-05 
0.00060701 0.000298603 8.91316e-05 
0.000121421 0.000459743 2.16537e-05 
0.000761611 0.000235495 5.74372e-05 
0.000812027 9.62391e-05 2.29183e-05 
0.000727979 0.000402702 5.09613e-05 
0.000475941 0.00042525 6.88808e-05 
0.000560649 0.000150353 8.81004e-05 
0.000336982 0.000148283 1.79661e-05 
0.000610344 0.000282941 3.39183e-05 
0.000189016 0.000268882 5.89058e-05 
0.000503914 0.000110901 7.1728e-05 
0.000566778 0.000190724 2.24173e-05 
0.000441101 0.000482272 1.77287e-05 
0.00051346 0.00018173 8.01159e-05 
0.000751079 0.000127421 2.04273e-05 
0.000221609 0.000179699 1.94785e-05 
0.000103651 0.000431618 0.000111192 
0.000500217 0.000337591 6.72117e-05 
4.86111e-05 0.000189215 5.17944e-05 
0.000673924 0.00027549 3.01817e-05 
0.000578138 2.46447e-05 5.52306e-05 
0.000132015 0.000377366 3.02634e-05 
3.04895e-05 0.000278925 7.04508e-05 
0.00037845 0.00044306 7.3494e-05 
0.000536408 0.000297975 1.72968e-05 
0.000844594 8.56605e-05 7.89462e-05 
0.000730172 9.30641e-05 1.97721e-05 
7.46506e-05 0.000172535 1.90548e-05 
6.00247e-05 0.000379465 1.99521e-05 
0.000270554 0.000208463 8.6509e-05 
0.00096997 0.000210266 2.00957e-05 
0.000273954 0.000244837 2.15251e-05 
0.000830498 0.000181376 9.66784e-05 
0.000887456 0.000348138 2.5104e-05 
0.000677167 0.00012923 1.7561e-05 
2.25686e-05 0.000251606 2.2567e-05 
0.000716417 0.000238027 2.65802e-05 
0.000112836 0.000243568 1.9206e-05 
0.00094478 0.000152341 1.71545e-05 
0.000891422 0.000446025 6.56152e-05 
0.00041939 0.000406918 2.19571e-05 
0.000108804 5.99856e-05 3.13184e-05 
0.000571584 0.000316077 6.20439e-05 
0.000860702 0.000207818 1.84594e-05 
0.00025247 0.000191123 5.02627e-05 
2.11386e-05 0.000367165 5.73172e-05 
0.000776222 0.000274095 6.8133e-05 
0.000240231 2.50574e-05 2.5057e-05 
0.000790597 6.43973e-05 3.62044e-05 
0.000258445 0.00026644 9.20499e-05 
0.000286745 0.000444457 7.56788e-05 
0.000702456 0.000174541 2.56926e-05 
0.000363526 0.000123919 1.80334e-05 
0.000967138 0.000421685 5.95984e-05 
0.000166547 0.000177636 2.17759e-05 
0.00013802 0.000319966 2.09967e-05 
0.000977437 0.000119497 6.22236e-05 
0.000209956 5.77012e-05 1.97832e-05 
0.000978453 0.000133759 2.15449e-05 
0.000800608 0.000287207 2.43373e-05 
0.00039586 0.00048184 9.19037e-05 
7.88077e-05 0.000127069 2.73428e-05 
0.000442524 0.000390479 8.03549e-05 
0.000128158 0.0003159 7.96377e-05 
0.000463747 2.27953e-05 2.2602e-05 
0.000940467 0.00038802 9.3369e-05 
0.000934641 0.000351847 2.23093e-05 
0.000227873 0.000310624 2.62437e-05 
0.000356449 0.000241631 8.73364e-05 
0.000822187 0.000416145 7.64569e-05 
0.000973258 0.000467968 5.67933e-05 
0.000228415 0.000145712 4.86582e-05 
0.000401686 0.000194748 0.000114649 
0.000114804 0.000158459 2.08347e-05 
0.000278868 0.000340451 2.01081e-05 
0.000362409 1.97735e-05 7.77989e-05 
0.000645312 0.000442926 5.62656e-05 
2.02769e-05 0.000385667 2.02781e-05 
0.000521324 0.00048267 5.4311e-05 
0.000972975 0.000324012 5.96587e-05 
0.000602815 0.00043865 6.41692e-05 
0.000941145 0.000305973 2.40376e-05 
0.000371809 0.000165479 1.8007e-05 
0.000598679 6.21926e-05 6.91121e-05 
0.000880641 8.71248e-05 6.89461e-05 
0.000934707 2.11511e-05 2.1143e-05 
0.00044501 5.7481e-05 1.71704e-05 
0.000684321 0.000472174 7.35556e-05 
0.000694247 5.50111e-05 9.21719e-05 
0.000759729 0.000439271 3.6607e-05 
0.000331076 3.5451e-05 3.53011e-05 
0.000353595 0.000469915 6.25536e-05 
0.000672192 5.22168e-05 2.06419e-05 
0.000323519 0.000326199 2.72731e-05 
0.0004903 7.94678e-05 4.43006e-05 
0.000113193 0.000365094 8.50566e-05 
0.000226136 0.000382877 6.45847e-05 
0.000507735 0.000118219 2.66765e-05 
1.92964e-05 6.63494e-05 4.14422e-05 
0.000502945 1.86306e-05 1.71842e-05 
0.00083364 0.000378493 8.5762e-05 
0.000309146 8.27256e-05 1.85964e-05 
4.50257e-05 0.000193157 1.70878e-05 
0.000162626 0.000229134 5.47963e-05 
0.000566403 0.000318436 1.90546e-05 
0.000426669 0.000326832 9.61453e-05 
0.000465792 0.00020907 2.06971e-05 
0.000820299 0.000115412 7.28799e-05 
0.000847668 0.000239723 8.35374e-05 
0.000179851 0.000305403 2.22257e-05 
0.000616327 0.000333237 4.26652e-05 
0.00053877 1.9879e-05 6.98353e-05 
0.000642282 0.000422602 1.88804e-05 
0.000852987 1.83699e-05 9.26358e-05 
0.000314805 0.000437217 2.55398e-05 
0.000428992 0.000308621 1.8768e-05 
0.000972502 6.59452e-05 9.00984e-05 
0.000319452 0.000382527 2.90383e-05 
2.66284e-05 0.000205961 7.80386e-05 
0.000126551 0.00014923 9.48801e-05 
0.000167208 0.000342039 4.11211e-05 
0.000944877 9.35406e-05 6.56182e-05 
0.000413251 0.000452157 2.3729e-05 
0.000474322 0.000208578 5.76955e-05 
7.93303e-05 0.000482603 8.01639e-05 
0.000488252 0.000469358 7.85715e-05 
0.000861518 0.000376138 5.22473e-05 
0.000134629 0.000482497 5.06488e-05 
0.00015103 0.000235782 1.97599e-05 
0.000496371 0.000451019 3.94451e-05 
0.000764675 4.27474e-05 8.14304e-05 
0.000756949 0.0001502 5.1891e-05 
0.000261641 0.000161592 2.21485e-05 
0.000480787 0.000255277 2.04e-05 
0.000575635 9.59237e-05 1.79192e-05 
0.000805525 1.87325e-05 7.34466e-05 
0.000605881 0.000223871 2.27471e-05 
0.000715863 0.000339227 2.08475e-05 
0.000877718 9.48603e-05 1.75241e-05 
0.000168173 3.06384e-05 3.06231e-05 
0.000609509 2.10571e-05 8.15184e-05 
0.000598967 0.000350666 7.22061e-05 
0.000715953 5.27012e-05 2.31929e-05 
0.000209253 0.000168346 8.55121e-05 
0.000553525 0.000460744 3.1879e-05 
0.000754521 0.000271462 2.40607e-05 
0.000731737 0.000473249 4.27855e-05 
0.00054585 0.000377462 2.32155e-05 
0.000614822 9.16832e-05 2.16737e-05 
0.000786291 0.000425954 9.07434e-05 
0.000533873 0.000297781 5.59575e-05 
0.00076852 0.000390252 9.7854e-05 
2.34794e-05 0.00034056 2.26357e-05 
0.000665867 0.000394074 1.81426e-05 
0.000559973 0.000470608 8.45252e-05 
0.000152164 0.000299083 5.10215e-05 
0.000385484 0.000151315 5.56387e-05 
0.000923912 0.000474246 7.35414e-05 
0.000724118 0.000381277 1.84497e-05 
5.9249e-05 8.08057e-05 2.30424e-05 
0.000654999 1.84044e-05 5.7485e-05 
0.000590161 0.000480871 1.91325e-05 
0.000565275 0.000200352 6.44373e-05 
0.000405414 0.000404106 5.84692e-05 
0.000172162 1.837e-05 7.78748e-05 
0.000196715 0.000178988 4.62895e-05 
0.000408709 0.000359267 1.96255e-05 
0.000391879 0.00011083 5.71698e-05 
0.000498501 0.000351777 0.000102907 
0.000797692 7.93165e-05 7.16248e-05 
0.000808094 0.00024978 4.63626e-05 
0.000697759 0.00027909 7.96724e-05 
0.0008325 0.000148874 2.25262e-05 
0.00056927 0.00037327 5.80211e-05 
0.000977471 0.0001731 1.78722e-05 
0.000150755 0.000138634 2.01428e-05 
0.000482016 3.68655e-05 0.000101247 
0.000274099 2.78454e-05 5.88194e-05 
2.04152e-05 0.000211721 3.84412e-05 
0.000638587 0.000316055 6.61539e-05 
0.000278568 0.000201181 2.09054e-05 
0.000698025 0.000239388 9.95691e-05 
0.000566231 4.02585e-05 8.96996e-05 
0.000536997 0.000123926 9.00974e-05 
0.000277831 0.000247799 6.41652e-05 
0.000920478 0.000168329 4.37593e-05 
0.000881234 0.00027138 9.54891e-05 
0.000587598 5.40908e-05 2.39514e-05 
4.48934e-05 0.000237038 5.24571e-05 
0.000203947 0.000364939 9.24807e-05 
0.00083712 0.000186674 3.68639e-05 
6.23611e-05 7.32691e-05 6.38295e-05 
0.000236957 0.000416366 2.9634e-05 
0.00068727 9.76401e-05 7.5962e-05 
2.50387e-05 0.000341378 9.26493e-05 
0.000555077 0.00012988 2.19815e-05 
0.000753178 6.13418e-05 4.52241e-05 
0.000957015 0.000372818 5.3317e-05 
0.000478951 0.000479705 2.03008e-05 
0.00038256 1.88543e-05 3.21607e-05 
0.000977322 2.35473e-05 3.10512e-05 
0.000309726 2.52956e-05 9.11008e-05 
0.000446379 0.000349081 1.82639e-05 
0.000978453 0.000353651 2.15509e-05 
0.000352307 0.000145444 8.26312e-05 
0.000805209 0.000478623 0.000105174 
0.000465909 8.74244e-05 8.31653e-05 
0.0001561 0.000204891 8.46991e-05 
0.000917552 0.000256568 7.41934e-05 
0.000529143 0.000334669 3.56903e-05 
5.47083e-05 0.000113914 6.85938e-05 
0.000116338 0.000105637 1.70138e-05 
0.000162201 0.000477605 2.2328e-05 
0.000908152 0.000381312 0.000103158 
0.000496753 6.99605e-05 7.95997e-05 
0.000741778 0.00029174 9.92743e-05 
0.000949597 0.000352623 8.81075e-05 
0.000321485 0.000465415 9.24946e-05 
8.92337e-05 9.64811e-05 5.80817e-05 
0.000743832 0.000127824 8.04804e-05 
0.000364835 0.000208456 2.63271e-05 
0.000525283 0.000447484 6.14124e-05 
0.000218384 0.000479409 2.05465e-05 
8.8757e-05 0.000348571 2.23074e-05 
0.000106276 0.000282163 8.09094e-05 
0.000316575 0.000226532 2.72845e-05 
0.000232191 0.000222485 9.56406e-05 
0.000875467 0.000200815 5.18425e-05 
0.000118043 2.22804e-05 6.82708e-05 
0.00093348 0.00028707 6.12794e-05 
1.82838e-05 9.70685e-05 6.47129e-05 
0.000932741 0.00019756 1.83518e-05 
0.0008934 0.00023788 5.47733e-05 
0.000503847 0.000137118 9.82349e-05 
0.000873036 0.000470577 2.94255e-05 
0.000509497 0.000307658 9.49475e-05 
9.44611e-05 0.000463952 5.23074e-05 
0.000752389 0.000406795 1.96546e-05 
0.000289236 0.000482312 7.31647e-05 
0.000755449 0.000352766 2.09888e-05 
0.000692878 1.9978e-05 1.72511e-05 
0.000632373 5.4757e-05 1.92789e-05 
0.000197227 0.000364514 4.76906e-05 
0.000252512 0.000140013 9.08374e-05 
0.000348145 0.000169416 4.73542e-05 
0.000462929 0.000293739 0.000103004 
0.000561371 0.000273654 1.75469e-05 
0.000284417 1.75522e-05 1.75516e-05 
0.000444411 0.000241776 1.84389e-05 
0.000166179 0.000374025 8.89652e-05 
0.000856734 0.000234886 4.55238e-05 
0.000654523 1.7979e-05 1.79789e-05 
0.000252686 0.000315217 0.000102586 
0.0003959 0.000469892 5.7538e-05 
0.000730312 2.23843e-05 6.04171e-05 
0.000964634 0.000438264 2.07524e-05 
0.000837562 0.000261351 2.08956e-05 
0.000441664 6.20974e-05 6.52792e-05 
0.000192511 0.000142078 2.17747e-05 
0.000936837 8.5496e-05 0.000103869 
0.000349286 0.000289438 3.45601e-05 
0.000135625 0.000423378 1.75958e-05 
0.000105052 0.000287348 2.56077e-05 
0.000377299 0.000188423 6.49141e-05 
0.000781602 0.000237179 1.9826e-05 
0.000501633 5.6947e-05 1.74843e-05 
0.000769043 8.92744e-05 1.93019e-05 
0.000334708 0.000435028 6.55238e-05 
0.000920587 1.80075e-05 6.72563e-05 
0.000931822 0.00011856 1.90737e-05 
0.000470439 0.00035738 8.19971e-05 
0.000962812 0.000135414 9.49616e-05 
0.00069882 0.000415497 8.29791e-05 
2.30094e-05 0.000161103 1.84764e-05 
0.000502575 3.72156e-05 5.18369e-05 
0.000273306 0.0003742 3.87662e-05 
0.000129382 8.04793e-05 7.60043e-05 
0.000197033 0.00034075 1.73769e-05 
0.000786435 0.000424809 1.79423e-05 
0.000850821 0.000111989 4.3931e-05 
0.000314932 0.00035346 7.08055e-05 
0.000546038 0.000252604 5.2536e-05 
0.000777322 3.86543e-05 1.70283e-05 
0.000664767 0.000110865 4.65459e-05 
0.000658319 0.000162131 2.04647e-05 
6.77868e-05 0.000386262 9.59211e-05 
0.000180653 0.000480995 0.000106767 
0.000658844 0.000464334 1.70797e-05 
6.69056e-05 0.000469485 2.19693e-05 
0.000109489 0.000324683 4.56564e-05 
0.000873426 0.000167535 0.000105286 
0.000565926 0.000274905 7.21602e-05 
0.000599925 9.36021e-05 9.89377e-05 
2.80937e-05 0.000481276 1.87249e-05 
0.000779545 0.000313195 5.25574e-05 
7.91597e-05 3.10858e-05 6.97286e-05 
0.000468314 0.000220152 8.9512e-05 
0.000372822 0.000476518 2.34646e-05 
1.80979e-05 0.000406484 6.74661e-05 
0.000357464 0.000379727 5.80055e-05 
2.18939e-05 0.000296061 2.18932e-05 
0.000819419 2.0042e-05 0.000107939 
0.000246556 0.000269981 4.37466e-05 
0.000366757 0.000369781 2.06439e-05 
0.000920378 8.22681e-05 1.79182e-05 
0.000271323 9.76091e-05 1.78401e-05 
