0.000843674 0.000421665 3.10547e-05 
7.95835e-05 0.000292939 6.12927e-05 
0.000533188 0.000221083 9.0115e-05 
0.000319149 0.00024825 6.14617e-05 
0.00069136 0.000331294 6.74982e-05 
0.000367803 6.26641e-05 7.3784e-05 
0.00075513 0.000194529 3.09912e-05 
0.000885693 0.000288385 3.57917e-05 
0.000515786 3.93168e-05 9.44673e-05 
0.000774921 0.000235858 8.5726e-05 
0.000633937 0.000365919 2.42387e-05 
0.000185939 0.000381933 1.97465e-05 
0.000830278 0.000286608 7.63744e-05 
0.000203651 0.00021438 7.28359e-05 
0.000489456 0.000387939 3.62699e-05 
0.000808979 0.000158433 6.26075e-05 
0.000442065 0.000340447 5.44758e-05 
0.00023296 0.000362845 2.52291e-05 
0.000524772 0.000161129 3.37128e-05 
0.000891506 0.00023509 1.89338e-05 
0.000918513 0.000332814 6.16413e-05 
0.00041889 0.00030003 5.47545e-05 
0.000943085 5.27705e-05 5.3547e-05 
0.00083952 5.5013e-05 6.52452e-05 
0.000688041 9.15557e-05 2.14022e-05 
0.000276279 0.000303773 2.06134e-05 
8.3652e-05 0.000231066 8.60768e-05 
0.000563646 0.000233546 1.97559e-05 
0.000159541 9.07647e-05 2.98309e-05 
0.000950976 0.000441576 8.90287e-05 
0.0005151 0.000217446 3.31025e-05 
0.000971076 0.000221086 5.67487e-05 
0.000897275 0.000134542 2.57048e-05 
0.000775224 2.10023e-05 4.95898e-05 
6.67445e-05 0.000260198 2.191e-05 
0.000743714 0.000353034 9.54669e-05 
0.000616976 0.00043401 9.11071e-05 
0.000313987 0.00015502 9.51156e-05 
0.000330575 0.000200435 6.6949e-05 
0.000331452 0.000178166 1.87156e-05 
0.000295204 0.00029831 7.72404e-05 
0.000476155 0.000304153 3.28585e-05 
0.000462338 2.3183e-05 6.83827e-05 
0.000336572 0.000102619 5.69233e-05 
0.000978199 0.00040427 2.18005e-05 
0.000598135 0.000481877 5.61163e-05 
0.000540229 0.000352047 7.34778e-05 
0.000724067 0.000173779 6.58775e-05 
0.000395104 0.000228514 6.50767e-05 
0.000385898 0.000280411 9.2224e-05 
0.000265841 0.000383532 7.92979e-05 
0.000574485 0.000156496 4.95066e-05 
0.000796175 5.31473e-05 8.17207e-05 
0.000845163 0.00046296 7.3566e-05 
9.21319e-05 5.96415e-05 8.04713e-05 
0.000192843 0.000110141 8.16543e-05 
0.000972461 8.70226e-05 2.75346e-05 
0.000513188 0.00042529 7.61637e-05 
0.000212603 0.000101201 2.45095e-05 
0.000366786 0.000415732 3.12566e-05 
0.000475831 0.000168626 2.60604e-05 
0.000283889 0.000413639 4.09189e-05 
0.000586965 0.000355976 2.37082e-05 
0.000802105 0.000190764 1.71766e-05 
0.000542243 7.49334e-05 5.9929e-05 
0.000240307 6.90086e-05 6.08833e-05 
0.000514356 0.000479779 1.73977e-05 
0.000396926 6.72001e-05 3.08111e-05 
0.000969896 0.00017113 6.22014e-05 
0.000890375 0.000178664 1.93947e-05 
0.000595014 0.000405707 7.59185e-05 
0.000620235 0.000131383 7.17704e-05 
0.000397996 0.000359556 6.65602e-05 
0.000694253 0.000382851 4.62634e-05 
0.000652381 6.46112e-05 6.36281e-05 
0.000157886 5.49235e-05 7.18635e-05 
0.000865591 0.000164905 5.67466e-05 
0.000445021 0.000115053 3.66386e-05 
0.000617503 0.000197554 8.18705e-05 
0.000708497 0.000127318 4.75741e-05 
0.000785655 0.000150709 2.30052e-05 
6.0193e-05 0.000341827 5.44124e-05 
0.000176734 0.000390548 5.4474e-05 
0.000424298 0.000440115 6.90202e-05 
0.000580155 0.000236522 5.90162e-05 
0.000792249 0.00038508 4.78924e-05 
2.9921e-05 0.000434986 2.99127e-05 
0.000345038 0.000277116 5.06652e-05 
0.000176782 0.000428753 2.88142e-05 
0.000152417 0.00027265 2.0355e-05 
0.000277973 5.64743e-05 2.32754e-05 
0.000822303 0.00047415 2.58498e-05 
0.000667655 0.000146951 5.53392e-05 
0.000980947 0.00029515 1.74972e-05 
0.000132438 0.00025185 5.60753e-05 
0.000867861 0.000334983 8.6183e-05 
0.000209417 2.35544e-05 6.17254e-05 
0.00092807 0.000210545 8.19958e-05 
0.000351864 0.000327749 7.52061e-05 
0.000419256 0.000183868 3.29412e-05 
0.000564059 0.000422045 5.78792e-05 
0.000777069 0.000479532 2.00574e-05 
0.00073048 0.000365001 4.86994e-05 
0.000792764 0.000123109 8.53943e-05 
0.00042094 2.46534e-05 1.93648e-05 
0.000820439 2.92701e-05 2.92552e-05 
0.000294178 6.88588e-05 6.43395e-05 
0.000730356 0.000249783 7.0661e-05 
7.56378e-05 0.000214545 2.46827e-05 
0.000680445 0.000179684 6.23125e-05 
0.000613694 0.000175766 2.64941e-05 
0.000397164 0.000266839 2.69506e-05 
0.000971749 0.000267086 7.28278e-05 
0.000652226 0.000276437 7.87246e-05 
0.000938412 0.00024469 3.02684e-05 
0.000596465 0.000132171 2.07354e-05 
8.69992e-05 0.000415252 3.03964e-05 
0.000131545 0.000436144 6.89342e-05 
0.000495122 0.000261789 5.18539e-05 
7.98497e-05 0.000166592 6.8667e-05 
0.000689196 0.000482733 1.72096e-05 
0.000648218 0.000383518 8.11731e-05 
0.000123264 0.000200207 4.45702e-05 
0.000309355 0.000273308 2.45246e-05 
0.00051632 0.000270213 2.10386e-05 
0.000767651 0.000178978 8.36703e-05 
0.000237355 0.000448684 7.09565e-05 
0.000977358 2.26411e-05 6.55495e-05 
0.000677424 0.000353664 2.10518e-05 
0.000229458 0.000223665 2.7675e-05 
0.000909086 0.000405076 3.66551e-05 
0.000413834 2.49844e-05 6.31379e-05 
0.000686338 2.79316e-05 5.09529e-05 
0.000766969 0.000475384 6.29732e-05 
0.000537155 0.00039553 5.96708e-05 
0.000456963 0.000165347 8.71215e-05 
0.000658777 0.000213962 3.29414e-05 
0.000412243 8.71207e-05 9.00465e-05 
0.000267002 0.000468753 3.12453e-05 
0.000979277 0.000403328 7.60096e-05 
0.000165852 0.000161118 6.00722e-05 
0.00091413 9.66665e-05 3.7198e-05 
0.000648072 0.000320803 2.3055e-05 
0.000360385 0.000410819 8.52922e-05 
0.00031604 0.000406897 7.27255e-05 
0.000872698 0.000121817 6.61075e-05 
0.000187123 0.000238129 1.80807e-05 
0.000691237 0.000432117 3.07152e-05 
5.54076e-05 2.89714e-05 2.8969e-05 
0.000542682 2.5306e-05 2.52998e-05 
0.000718624 0.000298169 2.06406e-05 
0.00088472 4.09186e-05 3.64702e-05 
0.000212669 0.000269247 1.83517e-05 
0.000913014 0.00013422 7.48508e-05 
0.000298925 0.000172618 4.57542e-05 
0.000796823 0.00033369 8.1743e-05 
0.000525912 0.000264646 7.3407e-05 
0.000732849 0.000289423 5.69314e-05 
0.000197906 0.000319546 6.77327e-05 
0.000800211 0.000442481 5.58982e-05 
0.000824297 0.000227875 2.0761e-05 
0.000600189 0.000406379 2.86323e-05 
2.61558e-05 0.000120279 2.61556e-05 
0.000467146 0.000322628 7.98962e-05 
0.000443086 0.000476705 5.28095e-05 
4.71494e-05 0.00039405 4.88212e-05 
0.000382153 0.000319711 2.80227e-05 
0.00055597 0.000421799 1.91501e-05 
0.000265454 0.000116128 4.9477e-05 
0.000910866 7.81811e-05 6.83913e-05 
0.000614836 0.00025213 8.20013e-05 
0.000803682 0.000208926 5.9763e-05 
0.000437566 0.000374043 3.54883e-05 
0.000248256 0.000121256 1.7066e-05 
0.000746045 2.03303e-05 2.03289e-05 
0.000396231 0.000138156 1.98847e-05 
0.000348905 0.000251155 2.09459e-05 
0.000259238 0.000337298 5.51635e-05 
0.000717839 8.15692e-05 5.58269e-05 
0.000758614 0.000312192 1.85835e-05 
0.000866245 0.000411243 8.09146e-05 
0.000637297 0.000126887 2.04359e-05 
0.000617476 2.20121e-05 2.89826e-05 
0.000329272 0.000482965 1.70349e-05 
0.000579176 0.000111042 4.79619e-05 
0.00012487 0.000126529 5.62245e-05 
0.000193585 0.000471915 6.22307e-05 
0.000192437 6.46218e-05 5.14421e-05 
2.19489e-05 4.59921e-05 6.33707e-05 
6.57264e-05 0.000306634 2.25123e-05 
0.000681081 0.000244312 6.9283e-05 
2.25229e-05 0.00047748 5.97259e-05 
0.000759779 0.000429754 5.17424e-05 
0.000446002 0.000255841 6.12328e-05 
0.000623522 0.000454236 2.08291e-05 
0.000837334 7.26768e-05 1.7535e-05 
0.00029927 0.000129471 2.42606e-05 
0.000934229 0.00045969 2.46538e-05 
0.000631626 0.00047795 7.79588e-05 
0.000195833 0.000420453 7.99633e-05 
0.000968206 0.000482861 1.71397e-05 
0.000832177 0.000333111 3.29513e-05 
6.10963e-05 0.000439013 8.23739e-05 
0.000456201 0.000439009 2.56034e-05 
0.000774111 0.00011816 4.86998e-05 
0.000742564 0.000327377 5.06868e-05 
0.000612028 0.000298394 8.81462e-05 
0.000121384 0.000464435 2.16538e-05 
0.000763071 0.000238285 5.0307e-05 
0.000807077 0.000108456 2.29192e-05 
0.000728879 0.000404733 5.14721e-05 
0.000469704 0.000430306 6.9316e-05 
0.000543141 0.000159206 7.41941e-05 
0.000339016 0.000142274 1.79663e-05 
0.000610518 0.000279355 3.39187e-05 
0.000185816 0.000264471 5.83799e-05 
0.000495696 0.000102652 6.94415e-05 
0.000564709 0.000191461 2.24175e-05 
0.000434899 0.000482269 1.77267e-05 
0.000508641 0.000179856 7.07602e-05 
0.000747638 0.000129869 2.04242e-05 
0.00022586 0.000177367 1.94787e-05 
9.9839e-05 0.000411453 0.000102997 
0.00049974 0.000340255 5.87707e-05 
4.63302e-05 0.000196926 5.027e-05 
0.000674373 0.000275065 3.01834e-05 
0.000578239 2.00188e-05 5.2895e-05 
0.000137055 0.00038096 3.02614e-05 
3.16372e-05 0.00027713 6.97641e-05 
0.000380264 0.000455225 5.656e-05 
0.000538781 0.000301052 1.72976e-05 
0.00084925 9.27782e-05 7.01132e-05 
0.000729058 9.42712e-05 1.97366e-05 
7.97083e-05 0.000171362 1.90549e-05 
5.73389e-05 0.000371027 1.9949e-05 
0.000278831 0.000202671 7.7878e-05 
0.000975087 0.000211703 2.00961e-05 
0.000274541 0.000242448 2.15249e-05 
0.000834586 0.000184832 9.17107e-05 
0.000887665 0.000348301 2.51038e-05 
0.000675174 0.00012814 1.75624e-05 
2.25687e-05 0.000255078 2.25664e-05 
0.000714181 0.000234762 2.65797e-05 
0.000111361 0.000239445 1.92059e-05 
0.000944261 0.000152973 1.71483e-05 
0.00088926 0.000444839 6.85074e-05 
0.000420751 0.000406973 2.1958e-05 
0.000109178 5.61233e-05 3.13139e-05 
0.000576583 0.000317347 6.21307e-05 
0.000866073 0.000207683 1.84592e-05 
0.000249021 0.000185815 4.98536e-05 
2.11342e-05 0.000366527 6.00185e-05 
0.000774247 0.000276911 6.71459e-05 
0.000241293 2.50546e-05 2.50551e-05 
0.000797681 6.86834e-05 1.76993e-05 
0.000250616 0.000270421 7.97398e-05 
0.000296035 0.000444579 6.63738e-05 
0.000702145 0.000175126 2.56846e-05 
0.000364752 0.000117097 1.80327e-05 
0.000959052 0.000427792 5.0557e-05 
0.000167559 0.000191015 2.17748e-05 
0.000129021 0.000324954 2.09961e-05 
0.000978652 0.00012221 6.23806e-05 
0.000210502 5.72176e-05 1.97779e-05 
0.000978448 0.000135379 2.15519e-05 
0.0007951 0.000290302 2.43333e-05 
0.000383029 0.000481843 8.16185e-05 
7.93676e-05 0.000125712 2.73444e-05 
0.00044263 0.000392838 7.67105e-05 
0.000130897 0.000327816 7.08757e-05 
0.000462737 2.26156e-05 2.26027e-05 
0.000941956 0.000396875 7.85704e-05 
0.000934659 0.000353921 2.23083e-05 
0.000230396 0.000311448 2.62429e-05 
0.000351772 0.000234713 8.27343e-05 
0.000824233 0.000415669 7.5694e-05 
0.00097298 0.000473258 5.96994e-05 
0.000229223 0.000139602 4.74654e-05 
0.000396345 0.000191331 0.000117148 
0.000116874 0.00015699 2.08323e-05 
0.000281726 0.000344132 2.01103e-05 
0.000370319 1.97725e-05 7.22226e-05 
0.000644189 0.000439008 5.7334e-05 
2.02788e-05 0.000386673 2.02784e-05 
0.000525291 0.000482671 5.02313e-05 
0.000972975 0.000323715 6.06093e-05 
0.00059736 0.000444232 5.83932e-05 
0.000940971 0.000308038 2.40368e-05 
0.000368184 0.000163643 1.80001e-05 
0.000601132 7.54074e-05 6.14917e-05 
0.000881905 9.20938e-05 5.18609e-05 
0.000936622 2.1155e-05 2.11433e-05 
0.000444964 5.77805e-05 1.71707e-05 
0.00068085 0.000472173 7.21276e-05 
0.00070045 5.26145e-05 8.68238e-05 
0.000763671 0.000444297 1.77049e-05 
0.000334024 3.85495e-05 3.53009e-05 
0.000336848 0.000479402 5.37292e-05 
0.000673761 5.20186e-05 2.06439e-05 
0.000323555 0.00032305 2.72734e-05 
0.000481743 7.65386e-05 1.93225e-05 
0.000101269 0.000369867 7.61203e-05 
0.000218295 0.000383871 6.24522e-05 
0.000507539 0.000113934 2.66769e-05 
1.92738e-05 5.94247e-05 1.92706e-05 
0.000501778 1.71843e-05 1.71844e-05 
0.000833028 0.000375193 8.5263e-05 
0.000308761 8.44614e-05 1.85936e-05 
4.64803e-05 0.000185447 1.70878e-05 
0.000168132 0.000219146 4.95164e-05 
0.000571739 0.000316288 1.90533e-05 
0.000424962 0.00032374 9.29538e-05 
0.000461893 0.00021401 2.06976e-05 
0.000822731 0.000118936 5.96134e-05 
0.000838226 0.000237309 7.29178e-05 
0.000182976 0.000302255 2.22263e-05 
0.000613357 0.000330062 4.1816e-05 
0.00054227 1.98715e-05 7.01429e-05 
0.000644478 0.000420556 1.88801e-05 
0.000845924 1.83655e-05 6.7977e-05 
0.000317299 0.00044301 2.55349e-05 
0.000427848 0.000315699 1.87678e-05 
0.000982653 6.2234e-05 6.35346e-05 
0.000318913 0.000379142 2.90376e-05 
2.00782e-05 0.000218146 6.79441e-05 
0.000127099 0.000161991 8.58169e-05 
0.000165213 0.000338859 3.65208e-05 
0.000942522 0.000105559 5.75379e-05 
0.000408368 0.000450909 2.37262e-05 
0.000471985 0.000205632 5.63296e-05 
6.20987e-05 0.000482604 6.08017e-05 
0.000485776 0.000474007 6.51281e-05 
0.000860603 0.000376009 5.14325e-05 
0.000137617 0.000482501 5.2363e-05 
0.000149723 0.000232629 1.97598e-05 
0.000498419 0.000447965 1.81846e-05 
0.000761589 4.5364e-05 7.6512e-05 
0.00075261 0.000150204 5.36689e-05 
0.00026234 0.000157499 2.21469e-05 
0.000476618 0.000252377 2.0399e-05 
0.000573036 9.27411e-05 1.79204e-05 
0.000806524 1.87225e-05 7.3941e-05 
0.000604976 0.000224082 2.27443e-05 
0.0007169 0.000339621 2.0849e-05 
0.000885853 9.14668e-05 1.75241e-05 
0.000165623 3.06233e-05 3.06235e-05 
0.000614507 2.30619e-05 7.1939e-05 
0.0005996 0.000356075 6.65502e-05 
0.000717508 5.30655e-05 2.31968e-05 
0.000211515 0.000166764 8.19074e-05 
0.000553374 0.000465106 2.45714e-05 
0.000751894 0.000268502 2.40605e-05 
0.000731172 0.000473247 2.67488e-05 
0.000547021 0.000380592 2.32147e-05 
0.00061245 9.29024e-05 2.16936e-05 
0.00077839 0.000421011 8.24721e-05 
0.000538453 0.000295049 5.20468e-05 
0.000753135 0.00039736 7.91713e-05 
2.43488e-05 0.00034399 2.26354e-05 
0.000667306 0.000391419 1.81425e-05 
0.000558982 0.00046706 7.85602e-05 
0.000149686 0.000302037 4.5185e-05 
0.000380122 0.000154018 5.30011e-05 
0.000921545 0.000474255 7.1205e-05 
0.000722096 0.000385757 1.8442e-05 
5.67023e-05 8.08982e-05 2.30417e-05 
0.000649196 1.83871e-05 5.37526e-05 
0.000593772 0.000480864 1.91318e-05 
0.000565077 0.000196031 6.53079e-05 
0.000405425 0.000403439 5.7859e-05 
0.000171029 1.83556e-05 7.77324e-05 
0.000199168 0.0001845 4.34721e-05 
0.0004063 0.000362082 1.96257e-05 
0.00038802 0.000113703 5.13475e-05 
0.000499389 0.000350544 9.26032e-05 
0.000791823 8.11342e-05 5.42757e-05 
0.00080656 0.000253843 4.62611e-05 
0.000698614 0.00027958 7.42315e-05 
0.000831131 0.000152924 2.25255e-05 
0.000571082 0.000382586 5.77943e-05 
0.000982122 0.000174458 1.78728e-05 
0.000153896 0.000139458 2.0136e-05 
0.000481635 5.43922e-05 8.56187e-05 
0.000277912 2.38807e-05 5.59118e-05 
2.04141e-05 0.0002122 2.04109e-05 
0.000641502 0.000318605 6.47032e-05 
0.000273584 0.000200032 2.09003e-05 
0.000706325 0.000217956 7.09867e-05 
0.000581259 4.46618e-05 8.38347e-05 
0.000536339 0.000128205 5.82849e-05 
0.000276711 0.000246349 6.4213e-05 
0.00092243 0.000170671 4.4793e-05 
0.000881158 0.000268203 9.4356e-05 
0.000583611 5.26794e-05 2.39512e-05 
4.66753e-05 0.000235025 4.74825e-05 
0.000193031 0.000362933 8.51497e-05 
0.000835624 0.000192295 3.17853e-05 
5.81673e-05 6.39618e-05 6.1003e-05 
0.000234133 0.00041752 2.96324e-05 
0.000687143 9.68881e-05 7.74632e-05 
2.27478e-05 0.000328169 8.12608e-05 
0.000554013 0.000127581 2.19822e-05 
0.000756809 6.11334e-05 4.15154e-05 
0.000958839 0.000377725 4.96965e-05 
0.000476756 0.000479704 2.02963e-05 
0.000383174 1.88467e-05 1.88478e-05 
0.00097733 3.72891e-05 2.26708e-05 
0.000311787 2.52936e-05 9.00882e-05 
0.000456005 0.000348814 1.82643e-05 
0.00097847 0.000352058 2.15479e-05 
0.00036422 0.00013736 8.95136e-05 
0.000801902 0.00047863 9.20907e-05 
0.000464723 8.39215e-05 7.67343e-05 
0.000155908 0.000202447 8.25651e-05 
0.000918945 0.000259618 7.22052e-05 
0.000523549 0.000339199 2.43852e-05 
5.27606e-05 0.000104296 6.32404e-05 
0.000116293 0.000103404 1.70138e-05 
0.000163323 0.000477669 2.2328e-05 
0.000900794 0.000368695 7.54528e-05 
0.000489767 6.92836e-05 5.48302e-05 
0.000742262 0.000297708 9.8945e-05 
0.000949367 0.000356761 8.35139e-05 
0.000324566 0.000468124 9.45932e-05 
8.99669e-05 9.32542e-05 5.60447e-05 
0.000743671 0.000108318 7.23581e-05 
0.000365134 0.000207085 2.63268e-05 
0.000526183 0.000434721 3.77946e-05 
0.000217468 0.000479453 2.05469e-05 
9.4527e-05 0.000351101 2.23078e-05 
0.000117772 0.000289981 6.70621e-05 
0.000315138 0.000219576 2.52167e-05 
0.000244557 0.000225409 7.01446e-05 
0.000889103 0.000203719 4.80678e-05 
0.000128976 2.22784e-05 6.785e-05 
0.000933577 0.000291927 6.26207e-05 
1.80703e-05 8.28668e-05 4.83081e-05 
0.000937579 0.000197546 1.83511e-05 
0.000894226 0.000239179 5.54469e-05 
0.000497185 0.000142483 5.96847e-05 
0.000881468 0.000470574 2.94253e-05 
0.000508441 0.00030534 8.01324e-05 
8.94111e-05 0.000462023 4.72676e-05 
0.000752688 0.00040844 1.96566e-05 
0.000300231 0.000482314 6.4501e-05 
0.00075673 0.000352415 2.09856e-05 
0.000698272 1.72517e-05 1.72502e-05 
0.000634383 5.84077e-05 1.9275e-05 
0.000196345 0.000358403 4.63836e-05 
0.000266184 0.000151969 6.15691e-05 
0.000340467 0.000159834 5.14789e-05 
0.000471287 0.000287838 8.63594e-05 
0.000561922 0.000275005 1.75455e-05 
0.000288886 1.75512e-05 1.75521e-05 
0.000429568 0.000236198 1.84385e-05 
0.000156975 0.000360504 7.049e-05 
0.000858632 0.000239698 3.93276e-05 
0.000655717 1.79785e-05 1.79779e-05 
0.000243204 0.000302499 6.74169e-05 
0.000403736 0.000481789 5.17196e-05 
0.000727676 2.23947e-05 5.88428e-05 
0.000979249 0.000446798 2.07495e-05 
0.000834842 0.000268235 2.08957e-05 
0.000442245 6.04461e-05 5.52809e-05 
0.000194123 0.00015111 2.17765e-05 
0.000945353 8.13219e-05 8.3743e-05 
0.000350579 0.000289127 1.7242e-05 
0.00013179 0.000426808 1.75959e-05 
0.0001079 0.000283663 2.56076e-05 
0.000371179 0.000189247 6.74477e-05 
0.000784287 0.000234623 1.98249e-05 
0.000509769 5.15097e-05 1.7484e-05 
0.000768067 9.27112e-05 1.93037e-05 
0.00033887 0.000441204 6.46648e-05 
0.000923031 1.80105e-05 6.76987e-05 
0.000938078 0.000117329 1.90735e-05 
0.000468916 0.000358405 7.62791e-05 
0.000954261 0.000137188 8.91974e-05 
0.000699743 0.000417161 8.35033e-05 
1.84753e-05 0.000163572 1.84741e-05 
0.000504525 3.21987e-05 5.3425e-05 
0.000272197 0.000381897 1.88523e-05 
0.000128338 8.1545e-05 7.40398e-05 
0.000198197 0.000339502 1.73749e-05 
0.000795252 0.000427742 1.794e-05 
0.000852988 0.000112841 3.08292e-05 
0.000308563 0.000353827 7.21843e-05 
0.000545351 0.000256717 4.21178e-05 
0.000777259 4.05955e-05 1.70276e-05 
0.000661254 0.000108967 4.59752e-05 
0.000658198 0.000162041 2.04637e-05 
5.22954e-05 0.00038056 8.68331e-05 
0.000153505 0.00048101 8.51743e-05 
0.000659504 0.000465574 1.70773e-05 
6.00625e-05 0.000476472 2.19685e-05 
0.000100776 0.000320381 4.60253e-05 
0.000892867 0.00017641 9.00631e-05 
0.000567209 0.000275627 6.31503e-05 
0.000580705 9.99954e-05 9.07605e-05 
1.97279e-05 0.000481251 1.87389e-05 
0.000783079 0.000326643 4.01241e-05 
9.02625e-05 2.01848e-05 5.85516e-05 
0.000474541 0.000225241 8.44691e-05 
0.000368743 0.000476535 2.34674e-05 
1.81019e-05 0.000406688 6.68631e-05 
0.000354805 0.000376977 6.06474e-05 
2.18928e-05 0.000299534 2.18929e-05 
0.000831045 2.91245e-05 9.99108e-05 
0.000245829 0.000268411 4.09517e-05 
0.000365782 0.000364937 2.06413e-05 
0.000930384 7.20644e-05 1.79171e-05 
0.000273302 9.69571e-05 1.78373e-05 
