0.000833929 0.000411753 4.15719e-05 
8.2531e-05 0.00029539 0.000124503 
0.00052348 0.000207856 0.000179673 
0.000315774 0.000239138 0.000180422 
0.000675352 0.000333953 0.000108826 
0.00036391 7.91507e-05 0.000158614 
0.000727771 0.000217475 0.000101727 
0.000856996 0.000300947 0.000111389 
0.000525076 5.71463e-05 0.000194849 
0.000782773 0.000237932 0.000190568 
0.000634165 0.000369528 9.21659e-05 
0.000174006 0.000397262 4.55882e-05 
0.000828014 0.000303154 0.000182021 
0.000208596 0.000217541 0.00013443 
0.000490942 0.00037903 5.00548e-05 
0.00080486 0.000162102 0.000154792 
0.000438496 0.000374364 0.00012006 
0.000237407 0.000364775 6.9322e-05 
0.000524075 0.00014108 0.000122149 
0.000888467 0.000241471 4.19583e-05 
0.000917065 0.000330819 0.000113638 
0.000419698 0.000307286 9.46165e-05 
0.000938776 6.16284e-05 0.000122936 
0.000871985 4.24315e-05 0.000131789 
0.000696043 8.80136e-05 7.23342e-05 
0.00026302 0.000304641 0.00010585 
8.34004e-05 0.000234848 0.000170798 
0.000554559 0.000235013 4.40636e-05 
0.000183322 9.52144e-05 8.91724e-05 
0.000971079 0.000462443 0.00019322 
0.000534193 0.000215743 9.8427e-05 
0.000964136 0.000205492 0.000103868 
0.00088068 0.000146742 3.43375e-05 
0.000763509 2.74411e-05 0.000127022 
6.21773e-05 0.000265703 8.82579e-05 
0.000721835 0.000342632 0.000174412 
0.000610149 0.000437586 0.00018412 
0.000306657 0.000171456 0.000184475 
0.000346905 0.000222631 0.000131713 
0.000322277 0.000180749 6.36408e-05 
0.000304569 0.000305817 0.000143215 
0.000486237 0.000309458 4.1333e-05 
0.000452898 3.92926e-05 0.000133846 
0.000339847 0.000109116 0.000114681 
0.000963408 0.000400681 7.26451e-05 
0.000570168 0.00046485 0.00013774 
0.000548657 0.000347694 0.000169285 
0.000703023 0.000160468 0.000166705 
0.000399631 0.000219496 0.000107868 
0.000417343 0.000255564 0.00018209 
0.000253926 0.000374413 0.000182421 
0.000564727 0.000173344 0.00012958 
0.000799119 5.31054e-05 0.000194209 
0.000854411 0.000459806 0.000149394 
9.07789e-05 6.17178e-05 0.000169538 
0.000157856 8.58629e-05 0.000166441 
0.000961999 8.45838e-05 7.0859e-05 
0.000515856 0.000413615 0.000165932 
0.000217782 9.38493e-05 3.57868e-05 
0.000359182 0.000425497 7.44221e-05 
0.000491192 0.00016449 7.05651e-05 
0.00029336 0.000400233 8.77758e-05 
0.000608133 0.00034835 3.6818e-05 
0.000791047 0.000181977 6.11583e-05 
0.000551858 8.2342e-05 9.37445e-05 
0.000229451 9.65413e-05 0.000144258 
0.0005219 0.000465532 6.42593e-05 
0.000397196 7.64792e-05 3.78979e-05 
0.000953425 0.000181271 0.000179937 
0.000890299 0.000191036 5.09679e-05 
0.000575155 0.000396868 0.00017044 
0.000628517 0.000141022 0.000162145 
0.000388846 0.000367579 0.000162026 
0.000676085 0.000386661 0.000100252 
0.000640969 7.60691e-05 0.000161608 
0.000157428 4.38885e-05 0.000111838 
0.000883747 0.000151121 0.000101026 
0.000454381 0.000113481 5.11151e-05 
0.000648286 0.000203336 0.000178061 
0.000705959 0.000157959 0.000106645 
0.000805772 0.000160144 9.7905e-05 
6.92619e-05 0.000342163 0.000155119 
0.000143433 0.000377546 0.000126942 
0.000438496 0.000426985 0.000155582 
0.000606421 0.000244418 0.00012118 
0.000793927 0.000365121 0.000113985 
3.92263e-05 0.000431267 3.8831e-05 
0.00035137 0.000289286 0.00018687 
0.000176137 0.00043514 7.72087e-05 
0.00014147 0.000277426 5.93453e-05 
0.000274543 6.37411e-05 6.76574e-05 
0.000823299 0.000450868 0.000102079 
0.00068666 0.000131593 0.00019006 
0.000979885 0.000297383 6.53094e-05 
0.000116216 0.000269395 0.000103482 
0.0008847 0.000331972 0.000192046 
0.000211498 4.46451e-05 0.00016564 
0.000893214 0.000211593 0.00018467 
0.000372567 0.000318016 0.000123614 
0.000424183 0.000196192 5.29761e-05 
0.000568031 0.00039391 0.000122405 
0.000761407 0.000463451 5.75401e-05 
0.000707078 0.000370582 0.000131393 
0.000784781 0.000113943 0.000185091 
0.000411162 4.34177e-05 0.000110121 
0.000828 3.03113e-05 6.93837e-05 
0.000288509 8.24372e-05 0.000168201 
0.000725362 0.000259382 0.000151291 
9.56364e-05 0.000214882 8.4645e-05 
0.000668168 0.000195334 0.000132576 
0.000600048 0.000183286 8.75528e-05 
0.00040189 0.000269027 6.18899e-05 
0.000967818 0.000246401 0.000174223 
0.000641804 0.000272259 0.000175828 
0.000935249 0.000244484 8.34492e-05 
0.000606093 0.000128776 4.0832e-05 
6.97744e-05 0.000414827 0.000102953 
0.000148942 0.000435858 0.000153821 
0.000492091 0.000298993 0.0001336 
6.55348e-05 0.000150249 0.000159382 
0.000675207 0.000463871 8.63792e-05 
0.000662748 0.000383447 0.000183005 
0.00013941 0.000210208 0.000117398 
0.000310654 0.000278264 4.57294e-05 
0.000526693 0.000287258 9.58889e-05 
0.000754439 0.000186412 0.000174582 
0.00024773 0.000466168 0.000174667 
0.000971377 3.5544e-05 0.000153062 
0.000675865 0.00036176 3.91052e-05 
0.000235702 0.000244381 9.54173e-05 
0.000890908 0.000396312 8.47031e-05 
0.000409465 3.9401e-05 0.000166723 
0.000702352 4.62209e-05 0.000120209 
0.000760659 0.00046851 0.000170604 
0.000510235 0.000393553 0.000124874 
0.000448702 0.00015144 0.00011371 
0.000653726 0.0002107 5.62702e-05 
0.000419037 0.000108013 0.000188213 
0.000263223 0.000447369 0.000106766 
0.000977204 0.000381488 0.00015253 
0.000167784 0.000174073 0.000151 
0.000901565 9.77173e-05 0.000120121 
0.000662913 0.000307894 5.72093e-05 
0.000356766 0.000414566 0.000184868 
0.000318906 0.000393141 0.000146111 
0.000869105 0.000125264 0.000179144 
0.00018488 0.000229969 3.63389e-05 
0.000710468 0.000445535 4.2505e-05 
5.73378e-05 4.20725e-05 8.27521e-05 
0.00052932 3.0616e-05 7.15534e-05 
0.000731403 0.000289303 7.4997e-05 
0.000899014 4.67842e-05 4.64806e-05 
0.000227231 0.000261327 4.76713e-05 
0.000910769 0.000144956 0.000191675 
0.00030811 0.000160838 0.000130492 
0.000787153 0.000346246 0.000176361 
0.000518719 0.000266057 0.000166564 
0.000720154 0.000303209 0.000123371 
0.000199584 0.000320777 0.000144306 
0.000785186 0.000444309 0.000136033 
0.000829664 0.000228178 4.2485e-05 
0.00061263 0.00040342 5.0851e-05 
3.70459e-05 0.000112984 5.22227e-05 
0.000461081 0.000329604 0.000167203 
0.000466048 0.000465083 0.000140941 
3.08536e-05 0.000391728 0.00015084 
0.000368872 0.000332118 4.69239e-05 
0.000556225 0.000409031 6.70186e-05 
0.000283285 0.000114098 0.000122928 
0.000907186 6.29484e-05 0.000176973 
0.000598483 0.000238903 0.000191887 
0.000812343 0.000211665 0.00012393 
0.000422354 0.000385351 8.03835e-05 
0.000248508 0.000126785 7.60032e-05 
0.000743983 3.80042e-05 6.87204e-05 
0.000400144 0.00013728 8.17146e-05 
0.000350548 0.000247199 8.50665e-05 
0.00024336 0.000349845 0.000136987 
0.000721167 8.17147e-05 0.000161666 
0.000755936 0.000318869 4.11272e-05 
0.000887808 0.00040809 0.00015648 
0.000638762 0.000137501 0.000108875 
0.000612055 4.12959e-05 8.07697e-05 
0.000349964 0.000470683 0.000105695 
0.000582274 0.000122057 0.00012301 
0.000119365 0.000125425 9.94218e-05 
0.000204083 0.000470535 0.000117122 
0.000200153 4.85397e-05 0.000117175 
4.73015e-05 6.24211e-05 0.000183424 
8.01469e-05 0.00031795 7.44552e-05 
0.000660592 0.000242139 0.000144824 
3.35228e-05 0.000460928 0.000134282 
0.000747536 0.000421796 0.000151753 
0.000447692 0.000265411 0.0001259 
0.000607214 0.000461053 7.47822e-05 
0.000826378 7.88352e-05 0.000117358 
0.000299421 0.000121066 7.60069e-05 
0.000917193 0.000456662 6.89724e-05 
0.000645282 0.000467032 0.00017094 
0.000203147 0.000409222 0.000176489 
0.000945729 0.000476497 4.25271e-05 
0.000820933 0.000342454 4.42833e-05 
4.68113e-05 0.000449059 0.000185701 
0.000463455 0.000447639 7.64428e-05 
0.000774266 0.000115011 0.000135176 
0.000746062 0.000326538 0.000100446 
0.000589784 0.000301511 0.000193044 
0.000104982 0.000454153 5.43633e-05 
0.000761054 0.000230214 0.000141652 
0.000808043 8.10667e-05 3.91595e-05 
0.000726235 0.000399191 8.51587e-05 
0.000472265 0.000404768 0.000130805 
0.00056132 0.000149907 0.00017057 
0.000331831 0.000146955 4.13175e-05 
0.000595478 0.000286119 3.84012e-05 
0.000198846 0.000254882 0.000185448 
0.000509952 0.000105349 0.00017131 
0.000559079 0.000193683 3.4928e-05 
0.000422406 0.000472107 6.50263e-05 
0.000480491 0.000176042 0.000160471 
0.000748847 0.000134482 6.22687e-05 
0.000212936 0.000173992 6.90463e-05 
0.000109578 0.000434269 0.000194107 
0.00048781 0.000318948 0.000104407 
4.88516e-05 0.000186259 0.000118345 
0.000677954 0.00026508 9.92895e-05 
0.00059002 3.51519e-05 0.000141321 
0.00012766 0.000379788 6.25352e-05 
3.16098e-05 0.000286177 0.000152701 
0.000369335 0.000425517 0.000127555 
0.000536384 0.00030121 4.2213e-05 
0.000847861 8.0915e-05 0.000191796 
0.00073034 9.54737e-05 3.7107e-05 
6.95358e-05 0.000155737 4.57012e-05 
7.79119e-05 0.000372049 4.48595e-05 
0.000267135 0.000214689 0.00019333 
0.000963759 0.000209503 6.10795e-05 
0.000267122 0.000233265 3.53657e-05 
0.000831076 0.000174398 0.000194591 
0.000876268 0.00032274 5.61564e-05 
0.000668871 0.000126434 8.01687e-05 
2.35627e-05 0.000251939 6.96776e-05 
0.00071858 0.00025314 4.25657e-05 
0.000112471 0.000246362 4.34467e-05 
0.000947792 0.000144567 4.51003e-05 
0.000875908 0.000460985 0.000107346 
0.000431643 0.000417317 4.7167e-05 
0.000119386 6.78912e-05 5.09986e-05 
0.000576843 0.00030866 0.000123668 
0.000868892 0.000217184 8.05974e-05 
0.000263219 0.000193613 0.000137867 
3.19617e-05 0.000339052 0.00011795 
0.000785779 0.000277281 0.000155267 
0.000241216 3.72586e-05 0.000103572 
0.000792788 6.66926e-05 0.000110566 
0.000271576 0.000273738 0.00017558 
0.000301998 0.000437967 0.000153577 
0.000707042 0.000169451 4.86487e-05 
0.000344598 0.000108737 4.93349e-05 
0.000971908 0.000421075 0.000179137 
0.000162792 0.000173943 7.17934e-05 
0.000154017 0.000328102 4.23955e-05 
0.000970394 0.000102642 0.000145312 
0.000222672 5.41078e-05 5.75385e-05 
0.000962254 0.000136013 0.000112528 
0.000804144 0.00026684 5.69946e-05 
0.000396503 0.000475149 0.000177989 
6.35736e-05 0.000128818 9.61191e-05 
0.000449736 0.000376854 0.000180806 
0.000141795 0.000308374 0.000182683 
0.000479468 2.39691e-05 8.26471e-05 
0.000941849 0.000381186 0.000183712 
0.000915813 0.000359446 4.21914e-05 
0.000223313 0.000304402 6.17182e-05 
0.000365435 0.000218687 0.00017834 
0.000826651 0.000405952 0.000159217 
0.000956495 0.00046382 0.000143719 
0.000220315 0.000159129 0.000114921 
0.0004296 0.000178261 0.00018739 
0.000117403 0.000165678 6.10319e-05 
0.000275958 0.000318028 4.91538e-05 
0.000346321 2.70624e-05 0.000159099 
0.000663964 0.00045304 0.000128627 
2.69437e-05 0.000390438 8.23662e-05 
0.000502777 0.000476147 0.000158121 
0.000971691 0.000315806 0.000128609 
0.000626201 0.00041347 0.000115781 
0.000935386 0.000301157 3.74287e-05 
0.000365194 0.000187462 7.30101e-05 
0.000569518 7.56636e-05 0.000163605 
0.000880109 8.25358e-05 0.000149426 
0.00095457 2.24542e-05 5.63962e-05 
0.000448673 5.87871e-05 5.65806e-05 
0.000709228 0.000462979 0.00016096 
0.000688014 5.6787e-05 0.000193764 
0.000772437 0.000417811 9.48307e-05 
0.000346931 4.3962e-05 7.50673e-05 
0.000339764 0.000456186 0.000151888 
0.000661961 5.32004e-05 7.1322e-05 
0.000325374 0.000323569 8.04671e-05 
0.000503015 8.34998e-05 0.000129087 
0.000121884 0.00037503 0.000187304 
0.000232852 0.000402472 0.000124321 
0.000516428 0.000102353 3.5029e-05 
2.03078e-05 8.28246e-05 0.00014932 
0.000500494 2.39085e-05 4.10729e-05 
0.000859416 0.000380037 0.000184198 
0.000314292 7.966e-05 4.31562e-05 
4.22012e-05 0.000204194 4.03322e-05 
0.000165421 0.000244121 0.000145105 
0.00055881 0.000321178 6.72493e-05 
0.000418448 0.000312518 0.000172479 
0.000481952 0.000216159 5.28912e-05 
0.000830763 0.000112028 0.000156284 
0.000845491 0.000257524 0.000166692 
0.000171347 0.000298159 9.07231e-05 
0.000622788 0.000329631 7.70175e-05 
0.000542185 3.92889e-05 0.000132647 
0.000650055 0.000430213 8.20665e-05 
0.000852954 2.38479e-05 0.000172012 
0.000301613 0.000444491 5.42436e-05 
0.000427089 0.00030943 4.96003e-05 
0.000972633 6.49694e-05 0.000182912 
0.000310998 0.000368191 4.40123e-05 
2.97884e-05 0.000209136 0.00017034 
0.000123205 0.000128434 0.000162345 
0.000169885 0.000344028 0.000110368 
0.00093482 0.000109626 0.000165506 
0.000415614 0.000457865 0.000103364 
0.00048222 0.000198013 0.000116934 
8.17399e-05 0.000469915 0.000139941 
0.000477211 0.000463046 0.000191117 
0.000872474 0.000358124 0.000140856 
0.000127131 0.000479178 0.000110171 
0.000163985 0.000220951 6.7477e-05 
0.000501189 0.000453549 0.000108498 
0.000766362 3.7776e-05 0.000170595 
0.000766671 0.000150504 0.000111261 
0.000254068 0.000154728 4.1795e-05 
0.000493823 0.000255475 8.78506e-05 
0.000603647 0.000103966 8.23626e-05 
0.000814169 2.16793e-05 0.000154429 
0.000599596 0.000225783 6.26261e-05 
0.000713074 0.000332937 5.1872e-05 
0.000871083 0.00011292 7.44348e-05 
0.000171514 3.27792e-05 5.49909e-05 
0.000597571 3.25264e-05 0.000195181 
0.000600334 0.000351169 0.000151964 
0.0007093 5.34889e-05 3.74438e-05 
0.000217723 0.000162495 0.000175235 
0.000554895 0.000462946 9.02952e-05 
0.000767137 0.000276136 0.00010212 
0.000717305 0.000460894 9.97978e-05 
0.000553432 0.000368465 3.58419e-05 
0.000621521 9.86633e-05 0.000120054 
0.00078201 0.000426169 0.00017943 
0.000537599 0.000304479 0.000144631 
0.000769109 0.000390074 0.000189304 
2.51981e-05 0.000344527 4.40767e-05 
0.000674682 0.000406686 5.8294e-05 
0.000547779 0.00046662 0.000179988 
0.000155183 0.000301407 0.000144595 
0.000386933 0.000135668 0.000157617 
0.000907329 0.000473828 0.000160272 
0.000736856 0.000372307 3.7627e-05 
5.43854e-05 6.2672e-05 3.48479e-05 
0.000670917 2.37549e-05 0.000154717 
0.000575482 0.000465834 4.99357e-05 
0.00056902 0.000206093 0.000162314 
0.000405306 0.000420896 0.000126326 
0.000172169 1.86148e-05 0.000147061 
0.000186071 0.000190207 0.000111595 
0.000400269 0.000354125 7.97085e-05 
0.000396646 9.14926e-05 0.000122691 
0.000494986 0.00035334 0.000195052 
0.000791259 6.6301e-05 0.00015305 
0.000812741 0.000258498 0.000112301 
0.000696095 0.000294801 0.000185166 
0.000818848 0.000146774 5.46564e-05 
0.000562474 0.000363054 9.32885e-05 
0.000974317 0.000167238 3.80646e-05 
0.000145714 0.000128936 5.66562e-05 
0.000479306 3.4927e-05 0.000189344 
0.00027282 4.57522e-05 0.000139469 
2.15979e-05 0.000212057 0.000104982 
0.000628824 0.000325886 0.00013365 
0.0002837 0.000204671 9.33725e-05 
0.000688835 0.000242881 0.000171403 
0.000553546 3.16395e-05 0.000174747 
0.000537294 0.000130579 0.000193665 
0.000269474 0.000238136 0.000145806 
0.000909948 0.000173985 0.000138252 
0.000909122 0.000269276 0.000182819 
0.000567331 7.69417e-05 3.65465e-05 
4.22468e-05 0.000230826 0.00013193 
0.000199167 0.000356539 0.0001931 
0.000844004 0.000172911 0.000120309 
6.57597e-05 7.59666e-05 0.000118961 
0.00025181 0.000418039 4.2173e-05 
0.000703136 0.0001152 0.00014216 
3.27928e-05 0.000365472 0.000192651 
0.000548571 0.000150635 5.58424e-05 
0.000744721 7.04792e-05 0.00011276 
0.000951845 0.000373814 0.000119353 
0.000484366 0.00047886 4.5674e-05 
0.000378538 3.60579e-05 0.000131398 
0.000961362 2.27179e-05 0.000103955 
0.00031104 3.42689e-05 0.000191937 
0.000444987 0.000337634 6.81868e-05 
0.000969542 0.000351579 7.14039e-05 
0.000349487 0.000123121 0.00017598 
0.000810875 0.000471565 0.000186184 
0.000465899 8.43282e-05 0.000176058 
0.000151952 0.000221569 0.000179875 
0.000916683 0.000271715 0.000133145 
0.000524666 0.000340988 0.00010237 
3.37093e-05 0.000105457 0.000191184 
0.000107523 0.000112907 3.78378e-05 
0.000153334 0.000471847 4.26274e-05 
0.000908337 0.000381338 0.000194545 
0.000524557 7.01927e-05 0.000158301 
0.000749761 0.000290864 0.000188699 
0.000952974 0.00034156 0.000183063 
0.000303402 0.00047207 0.000187716 
8.60523e-05 9.99131e-05 0.000145946 
0.00073939 0.000132065 0.000169299 
0.000359209 0.000223534 4.05583e-05 
0.000529897 0.000453919 0.000137593 
0.000234131 0.000477457 5.53215e-05 
8.23005e-05 0.000356332 0.000107808 
9.76383e-05 0.000287321 0.000162049 
0.00031322 0.000254505 0.000112189 
0.000229301 0.000218844 0.000174489 
0.00086342 0.000203253 0.000143362 
0.000117764 2.28465e-05 0.000144624 
0.000932637 0.000294678 9.0447e-05 
1.81025e-05 9.98382e-05 0.000115029 
0.000923168 0.000190468 7.94842e-05 
0.000892146 0.000227206 0.000133551 
0.000496545 0.000141999 0.000192783 
0.000854463 0.000469137 3.82056e-05 
0.000500619 0.000309084 0.000175119 
0.00011386 0.000440447 0.000114519 
0.00076096 0.00040839 5.00587e-05 
0.000291756 0.000477721 0.000148429 
0.000753063 0.000353016 6.79895e-05 
0.000697372 3.97805e-05 7.92947e-05 
0.000611126 4.81847e-05 3.66424e-05 
0.000188977 0.000371562 8.26659e-05 
0.000252512 0.000140013 0.000189582 
0.000344047 0.000182584 0.000109853 
0.00046338 0.00029591 0.000192242 
0.000572699 0.000262139 8.72928e-05 
0.000278296 2.2233e-05 4.37834e-05 
0.000455325 0.000254892 4.74818e-05 
0.000169786 0.000376768 0.000166907 
0.000861375 0.000243858 0.000107308 
0.000662461 3.56719e-05 0.000113004 
0.000260794 0.000312322 0.000194788 
0.000397947 0.000458267 0.000145086 
0.000712064 2.47576e-05 0.000166314 
0.000955573 0.000441105 9.52003e-05 
0.000854924 0.000271577 3.72858e-05 
0.00045157 7.39218e-05 0.000106201 
0.000188451 0.000145748 4.83347e-05 
0.000936837 8.5496e-05 0.000194251 
0.000362586 0.00028826 8.84112e-05 
0.000136049 0.000427408 5.33299e-05 
7.90134e-05 0.000275698 3.54213e-05 
0.000390681 0.000184775 0.000147919 
0.000764606 0.000232519 4.71129e-05 
0.000494886 7.84508e-05 8.98107e-05 
0.000765001 8.47897e-05 7.27724e-05 
0.000314693 0.000441316 0.000109774 
0.000907705 2.45281e-05 0.000134501 
0.000923149 0.000132861 8.32333e-05 
0.000471581 0.000359064 0.00013914 
0.000965413 0.000131278 0.000186009 
0.000722513 0.00040531 0.000184594 
2.30683e-05 0.000160274 7.07087e-05 
0.000500655 2.37284e-05 0.000136823 
0.000277092 0.0003765 0.000128024 
0.000120234 6.44036e-05 0.000129435 
0.000189756 0.000338894 6.00743e-05 
0.000797964 0.000443666 6.61281e-05 
0.000840349 0.000124168 0.000109644 
0.000311602 0.000347048 0.000193258 
0.000544748 0.000260017 0.000130695 
0.000776186 3.48868e-05 5.00127e-05 
0.000667702 0.000108415 0.000121134 
0.000638705 0.000157374 4.48359e-05 
7.24278e-05 0.000393479 0.000194414 
0.000196289 0.000477361 0.000166628 
0.000657446 0.000461319 4.55195e-05 
5.75093e-05 0.000473157 8.28524e-05 
0.000118702 0.000320477 0.000113146 
0.000871017 0.000164307 0.000183784 
0.00056699 0.000275601 0.000160758 
0.000604995 9.92406e-05 0.000190381 
3.73998e-05 0.00048102 4.455e-05 
0.000753676 0.000315213 0.000149972 
6.93196e-05 4.5216e-05 0.000140173 
0.000468925 0.000219022 0.000176797 
0.000388173 0.000470889 3.94573e-05 
1.83747e-05 0.000430543 0.000106433 
0.000361297 0.000385688 0.000111946 
2.24858e-05 0.000297389 6.92264e-05 
0.000816441 2.08583e-05 0.00019571 
0.000232817 0.000274732 0.000147207 
0.00036641 0.000382495 4.36011e-05 
0.000913273 0.000101803 6.32102e-05 
0.000277205 0.000108999 4.21293e-05 
