0.000843738 0.000421668 3.10541e-05 
8.05296e-05 0.000292064 6.14065e-05 
0.000532118 0.000221186 9.03828e-05 
0.000321177 0.000246442 5.94798e-05 
0.000691013 0.000329508 6.65591e-05 
0.000368268 6.23261e-05 7.38547e-05 
0.000754755 0.000194197 3.0991e-05 
0.000886278 0.000288409 3.57915e-05 
0.000515033 3.99997e-05 9.44319e-05 
0.000774746 0.000234992 8.59725e-05 
0.000633749 0.000365899 2.42387e-05 
0.000189008 0.000382768 1.9745e-05 
0.000829163 0.000286538 7.68581e-05 
0.000205428 0.000214092 7.36626e-05 
0.000489511 0.000389026 3.62694e-05 
0.000808189 0.00015811 6.25209e-05 
0.000439818 0.000340015 5.28665e-05 
0.000232172 0.000363079 2.5228e-05 
0.000524943 0.000163296 2.40429e-05 
0.000893645 0.000230884 1.89335e-05 
0.000918612 0.000333085 6.17496e-05 
0.000421812 0.000298152 5.06131e-05 
0.000942816 5.27456e-05 5.36935e-05 
0.00083983 5.52706e-05 6.46072e-05 
0.000688247 9.20317e-05 2.14031e-05 
0.000276374 0.00030431 2.06136e-05 
8.43434e-05 0.000230271 8.67193e-05 
0.000563326 0.000234577 1.97555e-05 
0.000159132 9.07442e-05 2.98302e-05 
0.00095023 0.000441714 8.87733e-05 
0.000514682 0.000218777 3.31028e-05 
0.000973389 0.000223628 5.66106e-05 
0.000896576 0.000134471 2.57055e-05 
0.000774948 2.10066e-05 5.00661e-05 
6.69064e-05 0.000260229 2.19101e-05 
0.000741509 0.000353308 9.62109e-05 
0.00061722 0.000433701 9.12819e-05 
0.000306851 0.000146007 9.09064e-05 
0.000329944 0.000199901 6.79806e-05 
0.000333287 0.000175602 1.87164e-05 
0.0002949 0.000299071 7.74375e-05 
0.000475163 0.000303578 3.28579e-05 
0.000462401 2.31831e-05 6.83826e-05 
0.00033657 0.000102094 5.7428e-05 
0.000978196 0.000403937 2.18003e-05 
0.000598711 0.000481876 5.6028e-05 
0.000539246 0.000352325 7.17459e-05 
0.000723399 0.000173988 6.59316e-05 
0.000394873 0.000227517 6.53812e-05 
0.000385208 0.000282107 8.63902e-05 
0.000263796 0.000384446 7.88845e-05 
0.000573727 0.000156769 4.91944e-05 
0.000792539 5.21163e-05 8.06017e-05 
0.000846267 0.000463348 7.31541e-05 
9.16544e-05 5.74953e-05 8.04952e-05 
0.000192671 0.000109457 8.17454e-05 
0.000972463 8.86112e-05 2.75345e-05 
0.000512224 0.00042735 7.58163e-05 
0.000212247 0.000100909 2.45088e-05 
0.000366538 0.000414609 3.12558e-05 
0.000475192 0.000168842 2.60588e-05 
0.000283634 0.000413651 4.06948e-05 
0.000586801 0.000356148 2.3709e-05 
0.000802105 0.000190764 1.71766e-05 
0.000541623 7.51977e-05 5.95678e-05 
0.000240517 6.89368e-05 6.06374e-05 
0.000513893 0.000479466 1.73983e-05 
0.000397283 6.68961e-05 3.08114e-05 
0.000971768 0.000173217 6.2707e-05 
0.000892192 0.000178913 1.93946e-05 
0.000594958 0.000405843 7.59123e-05 
0.000619633 0.000132123 7.16568e-05 
0.000398051 0.000362824 6.66031e-05 
0.000694273 0.000383054 4.61535e-05 
0.000652833 6.45159e-05 6.37711e-05 
0.000161469 6.17242e-05 6.76101e-05 
0.000865351 0.000165602 5.54708e-05 
0.000444356 0.000115287 3.66388e-05 
0.000616548 0.000198279 8.1689e-05 
0.000707311 0.000127809 4.83547e-05 
0.000784828 0.000150067 2.30043e-05 
5.98989e-05 0.000340605 5.34387e-05 
0.000179958 0.000388125 5.51629e-05 
0.000423973 0.000443845 6.94508e-05 
0.00057962 0.000236205 5.9184e-05 
0.000792472 0.000384609 4.73236e-05 
2.99135e-05 0.000435284 2.9913e-05 
0.000344385 0.000277641 5.06335e-05 
0.000176458 0.000428791 2.88143e-05 
0.000153716 0.00027063 2.0355e-05 
0.000278472 5.65221e-05 2.32768e-05 
0.000822376 0.00047415 2.58489e-05 
0.000667002 0.000148571 5.5953e-05 
0.000980947 0.00029515 1.74972e-05 
0.000132882 0.000250433 5.59101e-05 
0.000867939 0.000333796 8.63306e-05 
0.00020952 2.35551e-05 6.13525e-05 
0.000929551 0.000212106 8.27053e-05 
0.000351607 0.000331399 7.49857e-05 
0.000418259 0.000182686 3.29366e-05 
0.00056419 0.000422502 5.78642e-05 
0.000777204 0.000479942 2.00597e-05 
0.000729873 0.000364517 4.88322e-05 
0.000796433 0.000119046 8.15494e-05 
0.00042005 2.36599e-05 1.93652e-05 
0.000819943 2.92563e-05 2.92557e-05 
0.000294344 6.8095e-05 6.47047e-05 
0.00073091 0.000249198 7.04142e-05 
7.53327e-05 0.000214487 2.46827e-05 
0.000680888 0.000180892 6.27535e-05 
0.000613146 0.000175977 2.64944e-05 
0.000394862 0.000265588 2.69505e-05 
0.000971749 0.000267175 7.37761e-05 
0.000651601 0.000276186 7.84396e-05 
0.000939304 0.000245296 3.02681e-05 
0.000596001 0.000132348 2.0735e-05 
8.74155e-05 0.000413509 3.03964e-05 
0.000131166 0.000436086 6.88959e-05 
0.000494004 0.000260948 5.13507e-05 
7.505e-05 0.000166595 6.84301e-05 
0.000689526 0.000482797 1.72096e-05 
0.00064807 0.00038353 8.08443e-05 
0.000122609 0.000198971 4.45197e-05 
0.000308792 0.000273146 2.45245e-05 
0.000516841 0.000271513 2.10379e-05 
0.000767404 0.000179186 8.37956e-05 
0.000237191 0.000448912 7.09346e-05 
0.000977357 2.26417e-05 6.49771e-05 
0.000677298 0.000353857 2.10511e-05 
0.000229461 0.000223257 2.76748e-05 
0.000909167 0.000405167 3.66609e-05 
0.000414533 2.49825e-05 6.33486e-05 
0.000686593 2.74605e-05 5.03208e-05 
0.000767127 0.000475773 6.29784e-05 
0.000537298 0.000395973 5.96932e-05 
0.000453123 0.00016436 8.90392e-05 
0.000658248 0.000214143 3.29403e-05 
0.000412618 8.67117e-05 9.05208e-05 
0.000267017 0.000468756 3.12447e-05 
0.000979278 0.000402913 7.63126e-05 
0.000165967 0.00016067 6.03696e-05 
0.000914869 9.71979e-05 3.69603e-05 
0.000648107 0.000320853 2.30546e-05 
0.000360763 0.000410727 8.54456e-05 
0.000316627 0.000406972 7.24029e-05 
0.00087315 0.000121788 5.92986e-05 
0.000187096 0.000237633 1.80797e-05 
0.000691197 0.000432346 3.07155e-05 
5.50273e-05 2.89698e-05 2.89694e-05 
0.00054183 2.53066e-05 2.52995e-05 
0.000718925 0.000297644 2.06405e-05 
0.000884591 3.86696e-05 3.64701e-05 
0.000212126 0.000269961 1.83526e-05 
0.000911362 0.000133784 7.51445e-05 
0.000299192 0.00017315 4.42432e-05 
0.000791789 0.000330894 7.74084e-05 
0.000524536 0.000264497 7.31524e-05 
0.0007332 0.000288933 5.69194e-05 
0.00019739 0.000318838 6.74593e-05 
0.000800092 0.000442592 5.58708e-05 
0.000825045 0.000227319 2.07606e-05 
0.000600184 0.000406512 2.86322e-05 
2.61558e-05 0.000120105 2.61556e-05 
0.000463706 0.000322112 7.93384e-05 
0.000442906 0.000480209 5.2904e-05 
4.66034e-05 0.000394032 4.86189e-05 
0.000383132 0.000319332 2.80258e-05 
0.000556043 0.000422151 1.91485e-05 
0.000266245 0.000116022 4.96531e-05 
0.000914759 8.19191e-05 7.00001e-05 
0.000613688 0.000252838 8.23859e-05 
0.000803503 0.00020865 5.93986e-05 
0.0004379 0.000374314 3.47343e-05 
0.000248072 0.000120645 1.70666e-05 
0.000746254 2.03324e-05 2.03292e-05 
0.000394978 0.000137104 1.98846e-05 
0.000348403 0.000251103 2.09448e-05 
0.000259319 0.000337932 5.47299e-05 
0.000717184 8.20051e-05 5.56083e-05 
0.000756342 0.000309808 1.85841e-05 
0.000865857 0.000410925 8.09544e-05 
0.00063685 0.000126987 2.0434e-05 
0.00061751 2.20128e-05 2.34523e-05 
0.000328131 0.000482965 1.70348e-05 
0.000579081 0.000110814 4.78282e-05 
0.000124422 0.000125981 5.68765e-05 
0.000193342 0.000471919 6.20828e-05 
0.000192533 6.50469e-05 5.11999e-05 
2.195e-05 4.60268e-05 6.37206e-05 
6.59655e-05 0.000304639 2.25126e-05 
0.000688445 0.000240574 6.65392e-05 
2.25208e-05 0.00047748 6.01479e-05 
0.000759427 0.000430408 5.17945e-05 
0.000446425 0.00025377 6.30825e-05 
0.000623749 0.000454613 2.0829e-05 
0.000837334 7.26765e-05 1.7535e-05 
0.000299969 0.00012929 2.42607e-05 
0.00093579 0.00045908 2.46535e-05 
0.000631822 0.000477949 7.84365e-05 
0.000194287 0.000420634 8.04283e-05 
0.000969327 0.00048286 1.71416e-05 
0.000832447 0.000332509 3.29529e-05 
6.05283e-05 0.000439163 8.27139e-05 
0.000455117 0.00043934 2.56009e-05 
0.000772081 0.000117451 4.80359e-05 
0.000742355 0.000327014 5.06052e-05 
0.000611913 0.000298995 8.79956e-05 
0.000120701 0.000465244 2.16539e-05 
0.000763781 0.000237749 5.02866e-05 
0.000805965 0.000109294 2.29185e-05 
0.000728939 0.000404889 5.11897e-05 
0.000468546 0.000430763 6.93615e-05 
0.000537001 0.000163787 6.33798e-05 
0.000340547 0.000139417 1.79666e-05 
0.000610424 0.000279526 3.39187e-05 
0.000186131 0.00026349 5.87064e-05 
0.000495627 0.000102402 6.9386e-05 
0.000564427 0.000192106 2.24172e-05 
0.000433572 0.00048227 1.77267e-05 
0.000502555 0.000178566 6.64031e-05 
0.000745842 0.000131108 2.04249e-05 
0.000225787 0.000176966 1.94785e-05 
9.94227e-05 0.000411652 0.000103111 
0.000498088 0.000340645 5.79867e-05 
4.40154e-05 0.000199026 4.92658e-05 
0.000674382 0.000275105 3.01824e-05 
0.000577163 2.00189e-05 5.31804e-05 
0.000139969 0.000382354 3.02609e-05 
3.24564e-05 0.000276562 6.97283e-05 
0.000380968 0.000454496 5.53911e-05 
0.000539477 0.000302239 1.72966e-05 
0.000850789 9.28741e-05 6.78471e-05 
0.000729277 9.45282e-05 1.97374e-05 
7.98577e-05 0.000171348 1.90542e-05 
5.71599e-05 0.000370922 1.99491e-05 
0.000278631 0.000202432 7.678e-05 
0.000977135 0.000213617 2.00959e-05 
0.000274848 0.000241449 2.15249e-05 
0.000834457 0.000184382 9.1154e-05 
0.000887749 0.000348341 2.51035e-05 
0.000674717 0.000128369 1.7562e-05 
2.25672e-05 0.00025479 2.25672e-05 
0.00071384 0.000234456 2.65794e-05 
0.000111734 0.000238386 1.9207e-05 
0.000944225 0.000154492 1.7148e-05 
0.000888884 0.000444564 6.86865e-05 
0.0004203 0.000407132 2.19547e-05 
0.000108917 5.58892e-05 3.13142e-05 
0.000575997 0.00031748 6.22911e-05 
0.000865751 0.000205986 1.84598e-05 
0.000248229 0.000184025 5.07346e-05 
2.11343e-05 0.000366149 6.01768e-05 
0.000774455 0.000275892 6.70508e-05 
0.000241816 2.50555e-05 2.50546e-05 
0.000798079 6.91728e-05 1.7699e-05 
0.000251305 0.000269515 7.84391e-05 
0.000296209 0.000444439 6.61289e-05 
0.000701577 0.000175329 2.56833e-05 
0.000365537 0.000113282 1.80327e-05 
0.000959302 0.000427423 5.07061e-05 
0.000167018 0.000190212 2.17747e-05 
0.000127618 0.000324953 2.09969e-05 
0.000978652 0.000124119 6.24829e-05 
0.000210698 5.68959e-05 1.97783e-05 
0.000978446 0.000136964 2.15521e-05 
0.00079501 0.000290014 2.43338e-05 
0.000380071 0.000481842 7.83344e-05 
7.93492e-05 0.000125699 2.73443e-05 
0.000442374 0.000392672 7.64837e-05 
0.000127733 0.000330521 6.43837e-05 
0.000461884 2.26105e-05 2.26027e-05 
0.000942051 0.000395727 7.83047e-05 
0.000934737 0.000354008 2.23077e-05 
0.000230437 0.000311647 2.6243e-05 
0.000351875 0.000233665 8.3859e-05 
0.000823893 0.000415453 7.5487e-05 
0.00097325 0.000472982 5.97178e-05 
0.000229538 0.00013873 4.79252e-05 
0.000392623 0.000191523 0.000118242 
0.000116499 0.000155688 2.08333e-05 
0.000282527 0.000344563 2.01105e-05 
0.00037094 1.97738e-05 7.20459e-05 
0.00064416 0.000439175 5.73587e-05 
2.02776e-05 0.000386979 2.02777e-05 
0.000524816 0.000482671 5.02071e-05 
0.000972975 0.000323209 6.13411e-05 
0.000597773 0.000444251 5.85714e-05 
0.000941506 0.00030819 2.40377e-05 
0.000367987 0.000163626 1.80005e-05 
0.00060162 7.44679e-05 6.12437e-05 
0.000884577 9.02874e-05 5.1985e-05 
0.000937291 2.1145e-05 2.11433e-05 
0.000444878 5.8153e-05 1.7171e-05 
0.000680995 0.000472174 7.23918e-05 
0.000701349 5.17552e-05 8.62005e-05 
0.000764124 0.000444588 1.77059e-05 
0.000334407 3.84334e-05 3.53009e-05 
0.000335701 0.000479405 5.37258e-05 
0.000674195 5.24125e-05 2.06414e-05 
0.000323908 0.000322618 2.72728e-05 
0.000481177 7.68674e-05 1.9322e-05 
9.92274e-05 0.00037295 7.21953e-05 
0.000216325 0.000384327 6.18353e-05 
0.000506887 0.000114474 2.66774e-05 
1.92736e-05 5.98681e-05 1.92707e-05 
0.000500926 1.71909e-05 1.71847e-05 
0.000832661 0.000373465 8.49725e-05 
0.000308684 8.51319e-05 1.85935e-05 
4.65316e-05 0.0001852 1.7088e-05 
0.000171417 0.000219203 4.82615e-05 
0.000573142 0.000315841 1.90537e-05 
0.00042244 0.000323679 9.13794e-05 
0.000460718 0.000213098 2.06967e-05 
0.000827091 0.000121202 5.62865e-05 
0.000838275 0.000237791 7.0055e-05 
0.000183224 0.000301431 2.22258e-05 
0.000613336 0.000330254 4.16353e-05 
0.000541036 1.98728e-05 7.01359e-05 
0.000644443 0.000420775 1.88798e-05 
0.000844864 1.83606e-05 6.83431e-05 
0.000317479 0.000442637 2.55342e-05 
0.000428934 0.000321732 1.87678e-05 
0.000982648 6.23173e-05 6.24525e-05 
0.000318196 0.000378615 2.90381e-05 
2.00786e-05 0.000222235 6.77093e-05 
0.000124161 0.00016595 8.01145e-05 
0.000164442 0.000337908 3.58437e-05 
0.000942646 0.00010721 5.76263e-05 
0.00040719 0.000450856 2.37265e-05 
0.000472673 0.000201237 5.47264e-05 
6.24132e-05 0.000482604 6.0911e-05 
0.000485275 0.000474214 6.51553e-05 
0.000860328 0.000375828 5.12894e-05 
0.000137419 0.000482501 5.25664e-05 
0.000149931 0.000230698 1.97598e-05 
0.000497468 0.000447637 1.81854e-05 
0.000758093 4.28056e-05 7.73504e-05 
0.00075196 0.000150175 5.42238e-05 
0.000262154 0.00015689 2.21476e-05 
0.000474549 0.000251798 2.03985e-05 
0.000572515 9.24383e-05 1.79197e-05 
0.000806506 1.87208e-05 7.4091e-05 
0.000604456 0.000224298 2.27444e-05 
0.000716497 0.000339061 2.08482e-05 
0.000887093 8.91695e-05 1.7524e-05 
0.000165464 3.06255e-05 3.06233e-05 
0.000614352 3.02285e-05 6.732e-05 
0.000599412 0.000355985 6.65579e-05 
0.000717947 5.32661e-05 2.31929e-05 
0.000211696 0.000166129 8.21119e-05 
0.000553123 0.000465435 2.45705e-05 
0.000751978 0.000267743 2.40607e-05 
0.000731362 0.000473251 2.6748e-05 
0.000546983 0.000380968 2.32159e-05 
0.00061193 9.3056e-05 2.16732e-05 
0.000778367 0.000420388 8.19197e-05 
0.000538237 0.000292882 5.12751e-05 
0.00075324 0.000396574 7.85833e-05 
2.32855e-05 0.000343747 2.26361e-05 
0.000667274 0.000391639 1.8146e-05 
0.00055913 0.000467705 7.81328e-05 
0.000148904 0.000301019 4.36121e-05 
0.00037899 0.000153042 5.3031e-05 
0.000920988 0.000474251 7.03792e-05 
0.000722284 0.000385386 1.84415e-05 
5.61395e-05 8.11806e-05 2.30417e-05 
0.000649368 1.83882e-05 5.35475e-05 
0.000593652 0.000480852 1.91329e-05 
0.00056375 0.000196009 6.53704e-05 
0.000405931 0.000406721 5.8417e-05 
0.000171261 1.83557e-05 7.76846e-05 
0.000199247 0.000185773 4.30822e-05 
0.000406445 0.000361881 1.9626e-05 
0.000388055 0.00011306 5.19622e-05 
0.000498407 0.000353608 9.08889e-05 
0.000791632 8.1436e-05 5.424e-05 
0.000807032 0.000253494 4.58538e-05 
0.000699192 0.000278044 7.40447e-05 
0.000830321 0.000151832 2.25253e-05 
0.000571082 0.000382683 5.77697e-05 
0.000982126 0.000176043 1.78717e-05 
0.000154131 0.000139506 2.0136e-05 
0.000480738 5.48941e-05 8.57553e-05 
0.000278409 2.39605e-05 5.59487e-05 
2.04161e-05 0.000211916 2.04106e-05 
0.000640294 0.000320705 6.4544e-05 
0.000271116 0.00019919 2.09015e-05 
0.000704934 0.000208513 6.06172e-05 
0.000580204 4.47955e-05 8.40061e-05 
0.000535807 0.000128655 5.82196e-05 
0.000278848 0.000246416 6.39698e-05 
0.000923442 0.000171556 4.59747e-05 
0.00087768 0.000259717 9.0208e-05 
0.000582982 5.2349e-05 2.39527e-05 
4.82073e-05 0.00023709 4.77337e-05 
0.000193565 0.000361953 8.57816e-05 
0.000834894 0.000191245 3.15721e-05 
5.81246e-05 6.40399e-05 6.08876e-05 
0.000233843 0.000417737 2.96324e-05 
0.000687177 9.68315e-05 7.85253e-05 
2.27433e-05 0.000327499 8.09446e-05 
0.000553583 0.000127327 2.19824e-05 
0.000756763 6.03574e-05 4.29009e-05 
0.000959777 0.000376812 4.97763e-05 
0.000476305 0.000479707 2.0296e-05 
0.000382137 1.88499e-05 1.88505e-05 
0.000977329 3.88738e-05 2.26717e-05 
0.000312259 2.52982e-05 9.01524e-05 
0.000457027 0.000349094 1.82644e-05 
0.000978446 0.000350533 2.15492e-05 
0.000364934 0.000136113 9.01672e-05 
0.000802717 0.000478628 9.13332e-05 
0.000464157 8.47053e-05 7.71154e-05 
0.000156959 0.000203274 8.07838e-05 
0.00091811 0.000260344 7.13156e-05 
0.000523003 0.000339867 2.43854e-05 
5.27886e-05 0.000104371 6.3327e-05 
0.000115571 0.000102265 1.70138e-05 
0.000162885 0.000477672 2.2328e-05 
0.000899564 0.000368527 7.49103e-05 
0.000489166 6.91229e-05 5.47341e-05 
0.000743132 0.00029799 9.86642e-05 
0.000949574 0.000356655 8.38763e-05 
0.000324269 0.000467399 9.46239e-05 
8.99105e-05 9.317e-05 5.59773e-05 
0.000742319 0.000107863 7.26306e-05 
0.000364637 0.000207035 2.63274e-05 
0.00052584 0.000434889 3.72436e-05 
0.000217483 0.000479453 2.05469e-05 
9.60537e-05 0.000354573 2.23073e-05 
0.000122725 0.000290632 6.55288e-05 
0.000313897 0.000216027 2.52163e-05 
0.00024562 0.000227138 6.96092e-05 
0.000892001 0.000202795 4.90797e-05 
0.00012892 2.22781e-05 6.79526e-05 
0.00093401 0.000292322 6.27036e-05 
1.80731e-05 8.28905e-05 4.86426e-05 
0.000937676 0.000197721 1.83511e-05 
0.000894079 0.000238856 5.4867e-05 
0.000491182 0.000142608 5.78768e-05 
0.000883142 0.000470575 2.94265e-05 
0.000509044 0.000306133 7.8969e-05 
8.80534e-05 0.000460748 4.61081e-05 
0.000753065 0.000408939 1.96553e-05 
0.000299352 0.000482315 6.53714e-05 
0.000756165 0.000352349 2.09857e-05 
0.000700535 1.7251e-05 1.72491e-05 
0.000634889 5.92332e-05 1.92764e-05 
0.000195094 0.000357849 4.64576e-05 
0.000267555 0.000151941 6.1464e-05 
0.000339046 0.000156453 5.17444e-05 
0.000472143 0.000287921 8.46877e-05 
0.000561802 0.00027549 1.75451e-05 
0.000289216 1.75519e-05 1.75516e-05 
0.000429193 0.000236279 1.84385e-05 
0.000158353 0.000358556 6.93669e-05 
0.000860361 0.000239004 3.74803e-05 
0.000656919 1.79784e-05 1.7978e-05 
0.000242865 0.000301769 6.73213e-05 
0.000405142 0.00048179 5.19691e-05 
0.000727877 2.23872e-05 5.88299e-05 
0.000979236 0.00044647 2.07496e-05 
0.00083523 0.00026875 2.08963e-05 
0.000442649 6.06404e-05 5.53252e-05 
0.000194686 0.000149958 2.17776e-05 
0.000949068 8.22001e-05 8.24247e-05 
0.000351313 0.000289003 1.72418e-05 
0.000131436 0.000427709 1.75958e-05 
0.000108647 0.000282635 2.56077e-05 
0.000370486 0.000188505 6.71673e-05 
0.000784925 0.000233537 1.98255e-05 
0.00050925 5.19276e-05 1.7484e-05 
0.000768144 9.08654e-05 1.93027e-05 
0.000339485 0.000441274 6.44384e-05 
0.00092335 1.80078e-05 6.86963e-05 
0.000938017 0.00011885 1.90746e-05 
0.000467537 0.000357502 7.3922e-05 
0.000952886 0.000139442 8.77722e-05 
0.000699765 0.000416899 8.3346e-05 
1.8474e-05 0.000163394 1.84738e-05 
0.000504227 3.21465e-05 5.34032e-05 
0.000271513 0.000381914 1.88519e-05 
0.000127281 8.09231e-05 7.46135e-05 
0.00019779 0.000339179 1.73747e-05 
0.000795495 0.000427659 1.79408e-05 
0.0008527 0.000111221 2.42133e-05 
0.000306829 0.000354952 7.28605e-05 
0.000545373 0.000257623 4.25207e-05 
0.000776969 4.13349e-05 1.70274e-05 
0.000660443 0.000108209 4.56938e-05 
0.000657638 0.00016222 2.04643e-05 
5.10977e-05 0.000382155 8.72422e-05 
0.00015343 0.000481012 8.53177e-05 
0.000659803 0.000465703 1.70773e-05 
5.91637e-05 0.000477862 2.19684e-05 
9.63296e-05 0.000320612 4.21188e-05 
0.000898247 0.00017364 8.44458e-05 
0.000567679 0.000275556 6.39334e-05 
0.000580929 9.93751e-05 9.00332e-05 
1.87305e-05 0.000481277 1.8724e-05 
0.000782608 0.000328303 3.40667e-05 
9.11836e-05 1.75843e-05 5.59977e-05 
0.000484404 0.000226904 7.43649e-05 
0.000367598 0.000476535 2.34659e-05 
1.80978e-05 0.000407282 6.70808e-05 
0.000353441 0.000376798 6.13877e-05 
2.18934e-05 0.000299242 2.18931e-05 
0.000829927 3.75373e-05 9.60184e-05 
0.000246093 0.000268274 3.96742e-05 
0.000364879 0.000363836 2.06411e-05 
0.0009304 7.19531e-05 1.79168e-05 
0.000273733 9.69992e-05 1.78372e-05 
