0.000843661 0.000421672 3.10533e-05 
7.9977e-05 0.000291819 6.12982e-05 
0.000532823 0.000221137 9.0208e-05 
0.000320593 0.000246798 5.99698e-05 
0.000690697 0.000330059 6.70217e-05 
0.000368179 6.26311e-05 7.37862e-05 
0.000754946 0.000194285 3.09914e-05 
0.000885928 0.000288441 3.57909e-05 
0.000515225 3.97407e-05 9.44149e-05 
0.000774737 0.000235626 8.57842e-05 
0.000633917 0.000365903 2.42386e-05 
0.000187467 0.000382287 1.97449e-05 
0.000829541 0.000286707 7.66506e-05 
0.00020497 0.000213833 7.32877e-05 
0.000489609 0.000388545 3.62708e-05 
0.000808748 0.000158513 6.25305e-05 
0.000440415 0.000339732 5.32382e-05 
0.000232372 0.000362984 2.52289e-05 
0.000524751 0.000161994 3.00865e-05 
0.000892628 0.000233503 1.89335e-05 
0.00091863 0.000332882 6.16858e-05 
0.000421553 0.000299632 5.19606e-05 
0.000943042 5.28086e-05 5.35078e-05 
0.000839669 5.50627e-05 6.5038e-05 
0.000688119 9.17808e-05 2.14054e-05 
0.000276265 0.00030407 2.06132e-05 
8.42602e-05 0.00023057 8.66817e-05 
0.000563512 0.000234086 1.97558e-05 
0.000159322 9.07395e-05 2.98303e-05 
0.000950971 0.000441634 8.89627e-05 
0.000514896 0.000218202 3.31038e-05 
0.000972357 0.000222134 5.67201e-05 
0.000896984 0.000134632 2.57054e-05 
0.000775168 2.10033e-05 4.97958e-05 
6.67348e-05 0.000260391 2.19123e-05 
0.000741862 0.000353235 9.60329e-05 
0.000617238 0.000433811 9.12054e-05 
0.000309884 0.000147588 9.15663e-05 
0.000330487 0.000199962 6.75791e-05 
0.000332566 0.000176614 1.87157e-05 
0.000295101 0.000298869 7.75291e-05 
0.000475369 0.000303545 3.28581e-05 
0.00046246 2.31825e-05 6.8384e-05 
0.000336359 0.000102249 5.72796e-05 
0.000978199 0.000404117 2.17999e-05 
0.000598725 0.000481876 5.60324e-05 
0.000539481 0.000352201 7.17588e-05 
0.000723703 0.000173881 6.59179e-05 
0.000395046 0.000228049 6.51358e-05 
0.000386297 0.000281918 8.82996e-05 
0.000264564 0.000384393 7.91582e-05 
0.000574085 0.000156592 4.93e-05 
0.000794829 5.27895e-05 8.13563e-05 
0.000845676 0.000463147 7.33639e-05 
9.19256e-05 5.86118e-05 8.04748e-05 
0.000192653 0.000109725 8.17776e-05 
0.000972464 8.7748e-05 2.75346e-05 
0.000512782 0.000426439 7.59633e-05 
0.000212398 0.000101103 2.451e-05 
0.000366588 0.000414996 3.1256e-05 
0.000475301 0.000168958 2.60582e-05 
0.000283671 0.000413704 4.06677e-05 
0.000586987 0.000356082 2.37076e-05 
0.000802105 0.000190764 1.71766e-05 
0.000541996 7.50312e-05 5.97804e-05 
0.000240368 6.90035e-05 6.07678e-05 
0.000514072 0.000479634 1.7398e-05 
0.000397336 6.69411e-05 3.0811e-05 
0.000971281 0.000172211 6.25859e-05 
0.000891167 0.000178908 1.93948e-05 
0.000595108 0.000405806 7.59138e-05 
0.000619936 0.000131786 7.16919e-05 
0.000397893 0.000361345 6.65837e-05 
0.000694657 0.000382799 4.61938e-05 
0.000652546 6.45598e-05 6.36886e-05 
0.000160352 5.86087e-05 6.98639e-05 
0.000865539 0.000165318 5.62335e-05 
0.000444709 0.000115259 3.66386e-05 
0.000617009 0.000197954 8.1768e-05 
0.000708083 0.000127475 4.7824e-05 
0.000785411 0.000150425 2.30039e-05 
6.01271e-05 0.000341019 5.37386e-05 
0.000178493 0.00038924 5.49013e-05 
0.000424191 0.000442075 6.92941e-05 
0.000579919 0.000236409 5.90979e-05 
0.00079226 0.000384915 4.75842e-05 
2.99134e-05 0.000435249 2.9914e-05 
0.000344267 0.000277467 5.0464e-05 
0.000176474 0.00042871 2.88139e-05 
0.000153093 0.000271248 2.03551e-05 
0.000278136 5.6427e-05 2.32758e-05 
0.00082228 0.00047415 2.58547e-05 
0.000667406 0.00014747 5.55183e-05 
0.000980947 0.00029515 1.74972e-05 
0.000132803 0.000250887 5.59707e-05 
0.000867944 0.000334254 8.62049e-05 
0.000209462 2.35551e-05 6.17097e-05 
0.000928888 0.000211109 8.21934e-05 
0.000351485 0.000329929 7.51857e-05 
0.000418423 0.000183038 3.2936e-05 
0.000564242 0.000422281 5.78744e-05 
0.000777108 0.000479942 2.00577e-05 
0.000730551 0.000364811 4.86662e-05 
0.000793711 0.000122172 8.44333e-05 
0.000420453 2.39017e-05 1.93649e-05 
0.000820289 2.92555e-05 2.92556e-05 
0.000294221 6.81438e-05 6.45867e-05 
0.000730528 0.000249425 7.0599e-05 
7.53835e-05 0.0002145 2.46831e-05 
0.000680499 0.000180086 6.2474e-05 
0.000613405 0.000175877 2.64947e-05 
0.000396652 0.000266334 2.69517e-05 
0.000971749 0.000267193 7.34559e-05 
0.000651908 0.000276387 7.85594e-05 
0.000939118 0.000244956 3.02681e-05 
0.000596293 0.000132235 2.07358e-05 
8.71322e-05 0.000414273 3.03965e-05 
0.000131225 0.00043613 6.89185e-05 
0.000494972 0.000261141 5.10912e-05 
7.7026e-05 0.00016658 6.8591e-05 
0.000689424 0.000482779 1.72096e-05 
0.000648429 0.00038336 8.08499e-05 
0.000122763 0.000199379 4.45817e-05 
0.000308948 0.000273183 2.4524e-05 
0.000516635 0.000270954 2.10387e-05 
0.000767782 0.00017889 8.36432e-05 
0.000237269 0.000448758 7.09889e-05 
0.000977357 2.26411e-05 6.52953e-05 
0.000677439 0.000353784 2.10506e-05 
0.000229557 0.000223405 2.76745e-05 
0.000909083 0.000405132 3.66571e-05 
0.00041456 2.4983e-05 6.33072e-05 
0.000686288 2.74154e-05 5.0469e-05 
0.000767078 0.000475463 6.29556e-05 
0.000537353 0.000395752 5.97029e-05 
0.000455146 0.000165042 8.79497e-05 
0.000658528 0.000214029 3.29403e-05 
0.000412612 8.69552e-05 9.0269e-05 
0.000266927 0.000468754 3.1245e-05 
0.000979277 0.000403173 7.61521e-05 
0.00016624 0.000160953 6.00594e-05 
0.000914428 9.70149e-05 3.71801e-05 
0.000648191 0.000320831 2.3055e-05 
0.000360539 0.000410654 8.53779e-05 
0.000316333 0.000406919 7.25437e-05 
0.000872885 0.00012187 6.35273e-05 
0.000187124 0.000237577 1.80796e-05 
0.000691391 0.000432067 3.07157e-05 
5.5216e-05 2.89697e-05 2.89685e-05 
0.000542224 2.52998e-05 2.52994e-05 
0.000718741 0.000298026 2.06408e-05 
0.000884713 4.00879e-05 3.64705e-05 
0.000212349 0.000269567 1.83526e-05 
0.00091251 0.00013438 7.49212e-05 
0.000298934 0.000173326 4.47549e-05 
0.000793089 0.000331789 7.87204e-05 
0.000525242 0.000264579 7.32768e-05 
0.000732824 0.000289103 5.69438e-05 
0.000197262 0.000318908 6.74016e-05 
0.000800269 0.000442459 5.59386e-05 
0.000824641 0.000227882 2.07612e-05 
0.000600317 0.00040649 2.86319e-05 
2.61597e-05 0.000120146 2.61555e-05 
0.000464694 0.000322076 7.9526e-05 
0.0004429 0.000478611 5.28659e-05 
4.6704e-05 0.00039406 4.86713e-05 
0.000383081 0.000319593 2.80236e-05 
0.000556139 0.000422029 1.91487e-05 
0.000265802 0.000116182 4.93944e-05 
0.000912493 7.97517e-05 6.91706e-05 
0.00061429 0.000252522 8.22191e-05 
0.000803534 0.000209006 5.95347e-05 
0.000437883 0.000374011 3.51235e-05 
0.000248271 0.000120767 1.70666e-05 
0.000746198 2.03268e-05 2.03288e-05 
0.000395431 0.000137307 1.98849e-05 
0.000348689 0.000251367 2.09456e-05 
0.00025918 0.000337697 5.49169e-05 
0.000717554 8.16933e-05 5.57375e-05 
0.000756842 0.000310457 1.8583e-05 
0.000866168 0.000411244 8.08308e-05 
0.000637118 0.000126872 2.04335e-05 
0.000617699 2.20135e-05 2.78005e-05 
0.000328774 0.000482965 1.70361e-05 
0.000579223 0.00011082 4.78286e-05 
0.00012461 0.000126168 5.66206e-05 
0.000193471 0.000471918 6.22135e-05 
0.000192349 6.47468e-05 5.14256e-05 
2.19491e-05 4.59785e-05 6.35629e-05 
6.5913e-05 0.000305267 2.25126e-05 
0.000683285 0.000242334 6.93477e-05 
2.25297e-05 0.00047748 6.01015e-05 
0.000759624 0.000430398 5.18262e-05 
0.000446305 0.000254839 6.2489e-05 
0.000623692 0.000454513 2.08291e-05 
0.000837334 7.26767e-05 1.7535e-05 
0.000299622 0.000129692 2.42606e-05 
0.000934964 0.000459399 2.46538e-05 
0.000632001 0.000477948 7.81938e-05 
0.000194947 0.000420574 8.03548e-05 
0.000968726 0.000482861 1.71396e-05 
0.000832268 0.000332915 3.29537e-05 
6.09581e-05 0.000439031 8.24713e-05 
0.000455653 0.000439151 2.56005e-05 
0.000773385 0.000117934 4.85493e-05 
0.000742401 0.000327092 5.07066e-05 
0.00061182 0.000298476 8.81522e-05 
0.00012103 0.000465141 2.16539e-05 
0.000763269 0.000238 5.02371e-05 
0.000806647 0.000108864 2.29185e-05 
0.00072916 0.000404847 5.1458e-05 
0.0004692 0.000430582 6.93292e-05 
0.000539474 0.000162146 6.8541e-05 
0.000339911 0.000140677 1.79664e-05 
0.000610572 0.000279446 3.39186e-05 
0.000186166 0.000263521 5.86509e-05 
0.000495551 0.000102776 6.94682e-05 
0.000564551 0.000191783 2.24169e-05 
0.000433918 0.000482272 1.77266e-05 
0.00050592 0.000179104 6.86488e-05 
0.000747033 0.000130264 2.04241e-05 
0.000225815 0.000177118 1.94793e-05 
9.96917e-05 0.000411558 0.000103225 
0.000498651 0.000340304 5.81121e-05 
4.49185e-05 0.000198144 4.97507e-05 
0.00067442 0.000275056 3.01818e-05 
0.000577548 2.00186e-05 5.31929e-05 
0.00013858 0.000381923 3.02611e-05 
3.1981e-05 0.000276307 7.00418e-05 
0.000381625 0.00045462 5.54518e-05 
0.00053924 0.00030169 1.72967e-05 
0.000849809 9.27988e-05 6.92689e-05 
0.000729148 9.43113e-05 1.97362e-05 
7.97037e-05 0.000171341 1.90551e-05 
5.72016e-05 0.000370987 1.99489e-05 
0.000278548 0.000202641 7.73766e-05 
0.00097639 0.000212647 2.00958e-05 
0.000274825 0.000241876 2.15249e-05 
0.000834601 0.000184998 9.13851e-05 
0.00088768 0.000348366 2.51032e-05 
0.000674998 0.000128268 1.75611e-05 
2.25688e-05 0.00025501 2.25665e-05 
0.000714043 0.000234565 2.65798e-05 
0.000111602 0.000238674 1.92058e-05 
0.000944222 0.000153627 1.7148e-05 
0.000889319 0.000444824 6.86368e-05 
0.000420832 0.000406964 2.19546e-05 
0.000109106 5.58836e-05 3.13138e-05 
0.000576336 0.000317487 6.22308e-05 
0.000866043 0.000207208 1.8459e-05 
0.0002484 0.000184424 5.05783e-05 
2.11341e-05 0.000366257 6.02017e-05 
0.000774249 0.000276666 6.71578e-05 
0.000241353 2.50869e-05 2.50547e-05 
0.000797838 6.88429e-05 1.76986e-05 
0.000251169 0.000269895 7.89105e-05 
0.000296154 0.000444494 6.61416e-05 
0.00070185 0.000175188 2.56863e-05 
0.000364958 0.000114815 1.80343e-05 
0.000959145 0.000427606 5.05992e-05 
0.000167196 0.000190902 2.17748e-05 
0.000128228 0.000324846 2.09983e-05 
0.000978653 0.000123183 6.24596e-05 
0.000210352 5.70979e-05 1.97779e-05 
0.000978446 0.0001361 2.15517e-05 
0.000794839 0.000290409 2.43346e-05 
0.000380608 0.000481843 7.85292e-05 
7.9364e-05 0.000125691 2.73447e-05 
0.000442607 0.000392795 7.65777e-05 
0.000129259 0.000329483 6.6292e-05 
0.000462277 2.26025e-05 2.26025e-05 
0.000941985 0.000396456 7.84581e-05 
0.000934675 0.000353987 2.23086e-05 
0.00023035 0.000311556 2.62433e-05 
0.000351967 0.000234019 8.34762e-05 
0.000824132 0.000415412 7.56147e-05 
0.000973244 0.000473151 5.96933e-05 
0.000229292 0.000139211 4.77528e-05 
0.000394546 0.000191442 0.000117631 
0.00011654 0.000156144 2.08336e-05 
0.000282105 0.000344374 2.01106e-05 
0.000370962 1.97732e-05 7.1971e-05 
0.000644416 0.000439027 5.74359e-05 
2.02772e-05 0.000386944 2.02774e-05 
0.000524995 0.000482671 5.02222e-05 
0.000972972 0.000323545 6.09153e-05 
0.000597688 0.000444249 5.85244e-05 
0.000941188 0.000308133 2.40381e-05 
0.000367595 0.000163752 1.80001e-05 
0.000601367 7.48433e-05 6.13278e-05 
0.000882922 9.12942e-05 5.19124e-05 
0.000936919 2.11452e-05 2.11433e-05 
0.000444916 5.79785e-05 1.71706e-05 
0.000681173 0.000472174 7.21184e-05 
0.000700734 5.1951e-05 8.63091e-05 
0.000764025 0.000444594 1.77049e-05 
0.000334397 3.85176e-05 3.53007e-05 
0.000336342 0.000479387 5.37246e-05 
0.000673935 5.22099e-05 2.06424e-05 
0.000323665 0.00032277 2.72725e-05 
0.000481397 7.67063e-05 1.93222e-05 
0.00010015 0.000371497 7.40927e-05 
0.000217089 0.000384148 6.21227e-05 
0.000507244 0.000114112 2.66771e-05 
1.92776e-05 5.9654e-05 1.92713e-05 
0.000501319 1.71865e-05 1.71843e-05 
0.000832702 0.00037394 8.5012e-05 
0.00030861 8.47611e-05 1.85933e-05 
4.64443e-05 0.00018535 1.70878e-05 
0.000170312 0.000219473 4.88919e-05 
0.000572576 0.000316085 1.90541e-05 
0.000423601 0.000323542 9.2062e-05 
0.000461086 0.000213176 2.06967e-05 
0.000823965 0.000119624 5.87748e-05 
0.000838235 0.000237658 7.16696e-05 
0.000183029 0.000301865 2.22257e-05 
0.000613445 0.000330165 4.1717e-05 
0.000541435 1.98716e-05 7.01357e-05 
0.000644565 0.000420787 1.88799e-05 
0.00084556 1.83608e-05 6.8117e-05 
0.000317408 0.000442832 2.55341e-05 
0.000428941 0.000321189 1.87687e-05 
0.000982654 6.24315e-05 6.31681e-05 
0.00031838 0.000378806 2.90379e-05 
2.0078e-05 0.000221309 6.70175e-05 
0.000125553 0.000164572 8.23498e-05 
0.000164689 0.000338415 3.6189e-05 
0.000942614 0.000106342 5.76141e-05 
0.000407731 0.000450691 2.37262e-05 
0.000472375 0.000203108 5.55214e-05 
6.21404e-05 0.000482603 6.08815e-05 
0.000485449 0.00047422 6.51573e-05 
0.000860483 0.000375967 5.1405e-05 
0.000137691 0.000482502 5.25416e-05 
0.000149853 0.000231261 1.97599e-05 
0.000497929 0.000447821 1.81859e-05 
0.000760282 4.43886e-05 7.69032e-05 
0.00075219 0.00015011 5.39324e-05 
0.000262202 0.000157078 2.21466e-05 
0.000475216 0.000251765 2.04e-05 
0.000572801 9.24009e-05 1.79198e-05 
0.000806581 1.87214e-05 7.40094e-05 
0.000604739 0.000224203 2.2744e-05 
0.000716819 0.000339472 2.0848e-05 
0.000886385 9.06214e-05 1.7524e-05 
0.000165656 3.06239e-05 3.06232e-05 
0.000614262 2.57698e-05 7.06925e-05 
0.00059964 0.000356056 6.65441e-05 
0.000717687 5.3085e-05 2.31949e-05 
0.000211678 0.000166068 8.24869e-05 
0.000553218 0.000465314 2.45703e-05 
0.000751844 0.00026818 2.40596e-05 
0.000731268 0.000473251 2.67478e-05 
0.000547128 0.000380834 2.32154e-05 
0.000612213 9.29393e-05 2.16735e-05 
0.000778337 0.000420732 8.22079e-05 
0.000538077 0.000293504 5.15792e-05 
0.000753255 0.000396868 7.91293e-05 
2.37588e-05 0.000343946 2.2636e-05 
0.000667217 0.000391511 1.81426e-05 
0.00055922 0.000467484 7.81389e-05 
0.000149148 0.000301236 4.429e-05 
0.000379156 0.000153257 5.28773e-05 
0.000921623 0.000474254 7.09285e-05 
0.00072257 0.00038578 1.84417e-05 
5.64539e-05 8.10096e-05 2.30417e-05 
0.000649043 1.83869e-05 5.36188e-05 
0.000593699 0.000480866 1.91321e-05 
0.000564611 0.000196011 6.53448e-05 
0.000405774 0.000405186 5.80964e-05 
0.00017107 1.83557e-05 7.7731e-05 
0.000199074 0.000184885 4.32201e-05 
0.000406429 0.000362068 1.9626e-05 
0.000387853 0.000113156 5.17345e-05 
0.000498723 0.000353028 9.11087e-05 
0.000791809 8.12776e-05 5.42519e-05 
0.000806593 0.000253889 4.60025e-05 
0.000698806 0.000278538 7.42448e-05 
0.000830894 0.00015245 2.25255e-05 
0.000571215 0.000382661 5.77713e-05 
0.000982122 0.00017518 1.78724e-05 
0.000153952 0.000139461 2.01359e-05 
0.000481053 5.48142e-05 8.56383e-05 
0.000278008 2.37624e-05 5.58684e-05 
2.04111e-05 0.000212139 2.04109e-05 
0.00064025 0.000319908 6.45109e-05 
0.000271498 0.000199584 2.09014e-05 
0.000706244 0.000214314 6.45305e-05 
0.000580824 4.47787e-05 8.40144e-05 
0.000536117 0.000128337 5.82366e-05 
0.000278222 0.000246474 6.40616e-05 
0.000922804 0.000170982 4.53328e-05 
0.000878221 0.000260592 9.07687e-05 
0.000583371 5.2337e-05 2.3952e-05 
4.81337e-05 0.000237058 4.76315e-05 
0.000193676 0.000362059 8.56983e-05 
0.000835309 0.000191947 3.12621e-05 
5.81333e-05 6.39891e-05 6.09587e-05 
0.000233863 0.000417662 2.96328e-05 
0.000687121 9.6895e-05 7.78371e-05 
2.27447e-05 0.000327452 8.07131e-05 
0.00055388 0.000127295 2.1982e-05 
0.000756798 6.08212e-05 4.20614e-05 
0.000959213 0.000377362 4.97485e-05 
0.00047648 0.000479706 2.02974e-05 
0.000382569 1.88988e-05 1.88478e-05 
0.000977328 3.80147e-05 2.26709e-05 
0.000311942 2.52934e-05 9.0005e-05 
0.000456796 0.000348883 1.82639e-05 
0.000978453 0.000351466 2.15487e-05 
0.000364971 0.000136212 8.99156e-05 
0.000802291 0.000478629 9.17449e-05 
0.000464352 8.4568e-05 7.71045e-05 
0.000156576 0.000202946 8.1429e-05 
0.00091858 0.000259809 7.17252e-05 
0.000523398 0.000339588 2.43854e-05 
5.27829e-05 0.000104329 6.33005e-05 
0.000115884 0.000102725 1.70137e-05 
0.000163185 0.000477668 2.23283e-05 
0.00090016 0.000368535 7.51111e-05 
0.000489504 6.94442e-05 5.48098e-05 
0.000742413 0.000297911 9.88113e-05 
0.000949457 0.000356742 8.36978e-05 
0.000324352 0.000467709 9.45676e-05 
8.98889e-05 9.30954e-05 5.59183e-05 
0.000743072 0.000107577 7.21391e-05 
0.000364724 0.000207225 2.63293e-05 
0.000526037 0.000434755 3.74218e-05 
0.00021739 0.000479433 2.05471e-05 
9.53846e-05 0.000353038 2.23078e-05 
0.000120028 0.000290336 6.64217e-05 
0.000314079 0.000216769 2.52164e-05 
0.000245237 0.000226824 6.98313e-05 
0.000890861 0.000203221 4.87263e-05 
0.000129112 2.22775e-05 6.79524e-05 
0.000933734 0.000292008 6.26053e-05 
1.80699e-05 8.28517e-05 4.8505e-05 
0.000937585 0.000197556 1.83511e-05 
0.00089388 0.000239081 5.52972e-05 
0.00049412 0.000144047 5.7391e-05 
0.000882258 0.000470575 2.94245e-05 
0.000508603 0.000305706 7.9453e-05 
8.84497e-05 0.000461417 4.63264e-05 
0.000752909 0.000408975 1.96552e-05 
0.000299826 0.000482315 6.48276e-05 
0.000756727 0.000352016 2.0985e-05 
0.000699908 1.72505e-05 1.72488e-05 
0.000634575 5.87192e-05 1.9276e-05 
0.000195666 0.000357991 4.64696e-05 
0.000266968 0.000151993 6.15308e-05 
0.000339322 0.000157779 5.17384e-05 
0.000471731 0.000287796 8.61956e-05 
0.000561961 0.000275273 1.75459e-05 
0.000289234 1.75522e-05 1.7558e-05 
0.00042949 0.000236176 1.84394e-05 
0.000158319 0.000359396 6.94582e-05 
0.000859493 0.000239361 3.85649e-05 
0.000656256 1.79765e-05 1.79782e-05 
0.000243113 0.00030208 6.73139e-05 
0.000405224 0.000481788 5.17511e-05 
0.000727629 2.23909e-05 5.87362e-05 
0.00097925 0.000446641 2.07489e-05 
0.000834985 0.000268526 2.0897e-05 
0.000442698 6.06306e-05 5.53159e-05 
0.000194342 0.000150538 2.17773e-05 
0.000946603 8.16887e-05 8.32662e-05 
0.000351236 0.000289289 1.72418e-05 
0.000131456 0.00042752 1.75949e-05 
0.000108413 0.000282912 2.56074e-05 
0.000371095 0.000188778 6.71284e-05 
0.000784538 0.000234066 1.9827e-05 
0.000509484 5.1738e-05 1.7484e-05 
0.000768116 9.19857e-05 1.93027e-05 
0.000339218 0.000441212 6.45362e-05 
0.000923287 1.8009e-05 6.79803e-05 
0.000938023 0.000117989 1.9074e-05 
0.000467766 0.000357592 7.44664e-05 
0.00095385 0.000138461 8.87157e-05 
0.000699907 0.000417038 8.3473e-05 
1.84741e-05 0.000163432 1.84747e-05 
0.000504231 3.23444e-05 5.33515e-05 
0.00027168 0.000381897 1.88527e-05 
0.000127804 8.11302e-05 7.43515e-05 
0.00019786 0.000339273 1.73747e-05 
0.000795456 0.000427778 1.79405e-05 
0.000852927 0.000112129 2.90056e-05 
0.000307364 0.000354654 7.26826e-05 
0.000545407 0.000257227 4.2307e-05 
0.000777198 4.09086e-05 1.70274e-05 
0.000660749 0.000108405 4.58871e-05 
0.000657892 0.000162105 2.04644e-05 
5.16026e-05 0.000381629 8.70707e-05 
0.000153519 0.000481008 8.53823e-05 
0.000659781 0.000465541 1.70774e-05 
5.91332e-05 0.000477469 2.19683e-05 
9.7983e-05 0.000320098 4.3614e-05 
0.000895792 0.000174533 8.76397e-05 
0.000567511 0.000275655 6.35075e-05 
0.000580926 9.96021e-05 9.04133e-05 
1.87432e-05 0.000481267 1.87239e-05 
0.000782538 0.000328264 3.57536e-05 
9.1367e-05 1.75843e-05 5.60021e-05 
0.000479379 0.000225421 8.07289e-05 
0.000368241 0.00047653 2.34657e-05 
1.80971e-05 0.000407211 6.70516e-05 
0.000353909 0.000376785 6.10627e-05 
2.18929e-05 0.00029946 2.18929e-05 
0.000830602 3.42578e-05 9.77896e-05 
0.000246037 0.000268342 4.01431e-05 
0.000365123 0.000364213 2.0642e-05 
0.000930311 7.21588e-05 1.79169e-05 
0.000273876 9.69703e-05 1.78373e-05 
