0.000843936 0.000421751 3.10548e-05 
8.05381e-05 0.000292072 6.14139e-05 
0.000531609 0.000220995 9.05563e-05 
0.000321569 0.000246439 5.9277e-05 
0.000690708 0.000329576 6.66261e-05 
0.000368258 6.22024e-05 7.38923e-05 
0.000754724 0.000194303 3.09921e-05 
0.000886529 0.000288625 3.57909e-05 
0.000514889 3.98607e-05 9.44766e-05 
0.000774679 0.000234735 8.62224e-05 
0.00063357 0.000365898 2.4239e-05 
0.000189191 0.000382864 1.97456e-05 
0.000828845 0.000286502 7.71741e-05 
0.000205706 0.000214253 7.38233e-05 
0.000489391 0.00038911 3.6271e-05 
0.000806827 0.00015806 6.32262e-05 
0.000439461 0.000340325 5.27438e-05 
0.000232131 0.000363105 2.52282e-05 
0.000524975 0.000163263 2.40418e-05 
0.000894404 0.000228964 1.89332e-05 
0.000918742 0.000333319 6.18653e-05 
0.000421656 0.000297333 5.00316e-05 
0.000942661 5.26896e-05 5.38566e-05 
0.000839993 5.51659e-05 6.45195e-05 
0.000688383 9.20835e-05 2.14021e-05 
0.000276342 0.00030435 2.06132e-05 
8.43453e-05 0.00023009 8.67263e-05 
0.000563271 0.00023487 1.97554e-05 
0.000159063 9.0742e-05 2.98314e-05 
0.000949952 0.000441816 8.87321e-05 
0.000514731 0.000218752 3.31027e-05 
0.000973904 0.000224515 5.65257e-05 
0.00089647 0.000134586 2.57047e-05 
0.000774834 2.10045e-05 5.01179e-05 
6.69303e-05 0.000260208 2.191e-05 
0.000741271 0.000353233 9.63086e-05 
0.000617124 0.000433653 9.13892e-05 
0.000305016 0.000144842 9.06025e-05 
0.000329576 0.000200046 6.82138e-05 
0.000333175 0.000175585 1.87158e-05 
0.000294967 0.000299135 7.73996e-05 
0.000475056 0.000303444 3.28578e-05 
0.000462295 2.31843e-05 6.83825e-05 
0.000336747 0.000102098 5.74645e-05 
0.000978185 0.000403865 2.17982e-05 
0.000598685 0.000481877 5.60221e-05 
0.000539173 0.000352276 7.17397e-05 
0.000723419 0.000173938 6.58963e-05 
0.000394736 0.000227161 6.56023e-05 
0.000385016 0.000281951 8.60609e-05 
0.000263812 0.000384427 7.88129e-05 
0.000573497 0.000156858 4.90247e-05 
0.000791685 5.18606e-05 8.02411e-05 
0.000846261 0.000463408 7.31737e-05 
9.15986e-05 5.72214e-05 8.05041e-05 
0.000192677 0.000109359 8.17326e-05 
0.000972462 8.90567e-05 2.75346e-05 
0.000512019 0.000427561 7.57584e-05 
0.000212169 0.000100949 2.45088e-05 
0.000366639 0.000414455 3.1256e-05 
0.000475224 0.000168814 2.6059e-05 
0.000283614 0.000413663 4.06297e-05 
0.000586632 0.000356119 2.37083e-05 
0.000801804 0.000190764 1.71766e-05 
0.000541615 7.50822e-05 5.97242e-05 
0.000240576 6.89646e-05 6.05177e-05 
0.00051364 0.000479348 1.73977e-05 
0.000397197 6.69064e-05 3.08113e-05 
0.000971755 0.000173464 6.26945e-05 
0.00089298 0.000179106 1.93949e-05 
0.000594797 0.00040591 7.59118e-05 
0.000619383 0.000132311 7.16225e-05 
0.000397852 0.000363462 6.65793e-05 
0.000693965 0.000383188 4.60943e-05 
0.000652852 6.49367e-05 6.36905e-05 
0.000161584 6.17406e-05 6.76155e-05 
0.000865192 0.0001662 5.49003e-05 
0.000444305 0.000115302 3.66393e-05 
0.000616258 0.000198471 8.16048e-05 
0.00070714 0.000127958 4.84406e-05 
0.000784679 0.000150092 2.3004e-05 
5.97306e-05 0.000340564 5.34291e-05 
0.000179952 0.000388153 5.51246e-05 
0.000423968 0.000444608 6.94595e-05 
0.000579473 0.000235991 5.92341e-05 
0.000792737 0.000384384 4.68416e-05 
2.99131e-05 0.00043525 2.99129e-05 
0.000344831 0.000277704 5.08133e-05 
0.000176419 0.000428826 2.88154e-05 
0.000153743 0.000270683 2.03553e-05 
0.00027868 5.65967e-05 2.32764e-05 
0.000822373 0.000474152 2.58491e-05 
0.000666816 0.000148691 5.60404e-05 
0.000980947 0.00029515 1.74972e-05 
0.000132827 0.000250409 5.59276e-05 
0.000868051 0.00033345 8.64104e-05 
0.000209599 2.35572e-05 6.11731e-05 
0.00093019 0.000212826 8.31314e-05 
0.00035174 0.000331538 7.49843e-05 
0.000418268 0.00018257 3.2935e-05 
0.000564107 0.000422696 5.78509e-05 
0.000777199 0.000479943 2.00596e-05 
0.000729381 0.00036433 4.89679e-05 
0.000797117 0.000117731 8.07566e-05 
0.000419949 2.36581e-05 1.93648e-05 
0.000819806 2.92561e-05 2.92558e-05 
0.00029439 6.82635e-05 6.47404e-05 
0.000731109 0.000249056 7.03519e-05 
7.5348e-05 0.000214462 2.4683e-05 
0.000680846 0.000180966 6.276e-05 
0.000613083 0.000175919 2.64944e-05 
0.000393935 0.000264999 2.69508e-05 
0.000971751 0.000267302 7.38393e-05 
0.000651389 0.000275972 7.84017e-05 
0.000939335 0.000245507 3.02675e-05 
0.000595886 0.00013231 2.07353e-05 
8.75093e-05 0.000413131 3.03964e-05 
0.000131096 0.000436065 6.88682e-05 
0.000493888 0.000260827 5.13916e-05 
7.42868e-05 0.000166561 6.8347e-05 
0.000689512 0.000482791 1.72096e-05 
0.000647849 0.000383452 8.09016e-05 
0.00012265 0.000198944 4.44585e-05 
0.0003088 0.000273226 2.45248e-05 
0.000516832 0.000271506 2.10389e-05 
0.000767257 0.000179349 8.38452e-05 
0.000237143 0.000448986 7.09137e-05 
0.000977358 2.26409e-05 6.48004e-05 
0.000677117 0.000353871 2.10517e-05 
0.000229506 0.000223217 2.7675e-05 
0.000909374 0.000405293 3.66553e-05 
0.000414425 2.49838e-05 6.33481e-05 
0.000686486 2.74202e-05 5.02403e-05 
0.000767131 0.000475747 6.29798e-05 
0.000537192 0.000396182 5.96267e-05 
0.000452911 0.000164627 8.92966e-05 
0.000658119 0.000214166 3.29389e-05 
0.00041257 8.65489e-05 9.06661e-05 
0.000267046 0.000468755 3.12444e-05 
0.000979272 0.000402676 7.65101e-05 
0.000165305 0.000160374 6.073e-05 
0.000914956 9.72895e-05 3.65575e-05 
0.000647937 0.000320853 2.30552e-05 
0.000360932 0.000411056 8.5485e-05 
0.000316843 0.000407037 7.23691e-05 
0.000872255 0.000122279 5.88756e-05 
0.000187123 0.000237542 1.80797e-05 
0.000691022 0.000432507 3.07167e-05 
5.49616e-05 2.89693e-05 2.89688e-05 
0.000541733 2.53058e-05 2.53004e-05 
0.000718937 0.000297387 2.06408e-05 
0.000884556 3.79388e-05 3.64699e-05 
0.000212075 0.000270188 1.8352e-05 
0.000910505 0.000133289 7.53515e-05 
0.000299149 0.000173066 4.4322e-05 
0.000790938 0.000330403 7.64057e-05 
0.000524363 0.000264339 7.32793e-05 
0.000733395 0.000288799 5.68802e-05 
0.000197243 0.000318835 6.73794e-05 
0.000800132 0.000442595 5.59121e-05 
0.000825174 0.000227065 2.07628e-05 
0.000600037 0.000406538 2.86323e-05 
2.61554e-05 0.000120108 2.61554e-05 
0.000463165 0.000322107 7.91769e-05 
0.000442868 0.000481012 5.29563e-05 
4.65459e-05 0.00039398 4.86254e-05 
0.000383052 0.000319175 2.80203e-05 
0.000555901 0.000422195 1.91486e-05 
0.000266391 0.000116098 4.96615e-05 
0.000914482 8.20465e-05 6.96123e-05 
0.000613261 0.000253021 8.25499e-05 
0.000803478 0.000208658 5.94369e-05 
0.00043779 0.000374432 3.42335e-05 
0.000248039 0.000120607 1.70659e-05 
0.000746192 2.03289e-05 2.03288e-05 
0.000394891 0.000137038 1.9885e-05 
0.000348276 0.000250941 2.09448e-05 
0.000259364 0.000337945 5.4653e-05 
0.000717022 8.21322e-05 5.55402e-05 
0.000756171 0.000309555 1.8583e-05 
0.000865768 0.000410752 8.10425e-05 
0.000636723 0.000127089 2.04345e-05 
0.0006175 2.18229e-05 2.20128e-05 
0.000327797 0.000482963 1.70366e-05 
0.000578911 0.000110814 4.78231e-05 
0.000124392 0.000125976 5.69312e-05 
0.000193261 0.000471919 6.20205e-05 
0.000192568 6.50468e-05 5.10471e-05 
2.19507e-05 4.60576e-05 6.37668e-05 
6.5959e-05 0.000304616 2.25131e-05 
0.000689642 0.000240617 6.52795e-05 
2.25205e-05 0.000477479 6.01012e-05 
0.000759222 0.000430472 5.17847e-05 
0.000446386 0.000253203 6.31019e-05 
0.00062367 0.00045462 2.08291e-05 
0.000837298 7.25889e-05 1.7535e-05 
0.000300143 0.000129246 2.42607e-05 
0.000935886 0.000459263 2.46529e-05 
0.000631805 0.000477948 7.84158e-05 
0.000194243 0.000420654 8.04248e-05 
0.000969555 0.000482855 1.71391e-05 
0.000832672 0.000332125 3.29516e-05 
6.02929e-05 0.000439241 8.28415e-05 
0.000454859 0.000439327 2.56007e-05 
0.000771882 0.000117366 4.78652e-05 
0.000742242 0.000326949 5.05271e-05 
0.000611705 0.000298778 8.80428e-05 
0.000120525 0.000465233 2.16538e-05 
0.000764166 0.00023771 5.04261e-05 
0.000805938 0.000109374 2.29189e-05 
0.000728774 0.000404912 5.09952e-05 
0.000468324 0.000430799 6.93601e-05 
0.000536939 0.000164373 6.33921e-05 
0.000340718 0.000139143 1.79661e-05 
0.000610326 0.000279447 3.39187e-05 
0.000186081 0.000263461 5.86635e-05 
0.000495662 0.000102382 6.94869e-05 
0.000564354 0.000192378 2.24174e-05 
0.000433588 0.000482273 1.7727e-05 
0.000501868 0.000177827 6.52302e-05 
0.000745606 0.000131298 2.04239e-05 
0.000225784 0.00017693 1.94785e-05 
9.92283e-05 0.000411527 0.000102889 
0.000497815 0.000340667 5.79101e-05 
4.37108e-05 0.000199363 4.90757e-05 
0.000674257 0.000275126 3.01818e-05 
0.000577072 2.0019e-05 5.31737e-05 
0.000139939 0.000382382 3.02613e-05 
3.24072e-05 0.00027669 6.96468e-05 
0.000380685 0.000454502 5.53557e-05 
0.000539487 0.000302373 1.7297e-05 
0.000850079 9.3075e-05 6.69165e-05 
0.000729422 9.45486e-05 1.97365e-05 
7.98903e-05 0.000171325 1.90543e-05 
5.71658e-05 0.000370907 1.99489e-05 
0.000278584 0.000202423 7.67898e-05 
0.000977372 0.000214099 2.00963e-05 
0.000274846 0.000241332 2.15252e-05 
0.000834264 0.000183998 9.10528e-05 
0.000887796 0.000348567 2.51032e-05 
0.000674607 0.000128332 1.75615e-05 
2.25675e-05 0.000254718 2.25665e-05 
0.000713712 0.000234466 2.658e-05 
0.000111726 0.000238397 1.92055e-05 
0.000944238 0.000154971 1.7148e-05 
0.000888633 0.00044446 6.86621e-05 
0.000419829 0.000407246 2.19543e-05 
0.000108858 5.58715e-05 3.1314e-05 
0.000575855 0.00031735 6.23086e-05 
0.000865551 0.000205184 1.8459e-05 
0.000248217 0.00018395 5.07509e-05 
2.11347e-05 0.000366052 6.02027e-05 
0.000774573 0.000275565 6.70764e-05 
0.000242098 2.50553e-05 2.50547e-05 
0.000798713 6.95826e-05 1.76987e-05 
0.000251553 0.000269365 7.82724e-05 
0.000296257 0.00044441 6.60865e-05 
0.00070154 0.000175455 2.56834e-05 
0.000365881 0.00011269 1.80331e-05 
0.000959542 0.000427365 5.08586e-05 
0.000166931 0.000189411 2.17741e-05 
0.000127646 0.000324956 2.09974e-05 
0.000978652 0.000124362 6.24177e-05 
0.00021101 5.69275e-05 1.9778e-05 
0.000978445 0.000137413 2.15525e-05 
0.000794938 0.000289894 2.43338e-05 
0.000379805 0.00048184 7.83066e-05 
7.9353e-05 0.000125671 2.73443e-05 
0.000442269 0.000392635 7.65721e-05 
0.000127829 0.000330255 6.44187e-05 
0.000461778 2.2606e-05 2.26025e-05 
0.000942107 0.00039506 7.82296e-05 
0.000934809 0.00035407 2.23076e-05 
0.000230399 0.000311672 2.6243e-05 
0.000351816 0.000233571 8.41683e-05 
0.000823834 0.000415241 7.5348e-05 
0.000973241 0.000472914 5.97315e-05 
0.000229594 0.000138666 4.79941e-05 
0.000392023 0.000191062 0.00011837 
0.000116518 0.000155631 2.08337e-05 
0.000282687 0.000344573 2.01102e-05 
0.000370837 1.9772e-05 7.20564e-05 
0.000643964 0.000439094 5.73866e-05 
2.02753e-05 0.000386945 2.02777e-05 
0.000524667 0.000482671 5.01644e-05 
0.000972975 0.000323032 6.1701e-05 
0.000597812 0.000444253 5.86152e-05 
0.000941812 0.000308275 2.40379e-05 
0.000367838 0.000163493 1.80003e-05 
0.000600858 7.50711e-05 6.13107e-05 
0.000884281 9.09513e-05 5.18849e-05 
0.000937494 2.11445e-05 2.11431e-05 
0.000444882 5.82009e-05 1.71703e-05 
0.000681003 0.000472169 7.25955e-05 
0.00070121 5.1798e-05 8.60738e-05 
0.000764126 0.000444594 1.77033e-05 
0.000334328 3.84649e-05 3.5301e-05 
0.000335364 0.000479401 5.37251e-05 
0.000674192 5.25152e-05 2.06409e-05 
0.000324075 0.000322643 2.72731e-05 
0.000481041 7.6799e-05 1.93221e-05 
9.92678e-05 0.000372651 7.21898e-05 
0.000216313 0.000384361 6.18444e-05 
0.000506823 0.00011418 2.66779e-05 
1.92711e-05 5.9941e-05 1.9272e-05 
0.000500824 1.71962e-05 1.71843e-05 
0.000832396 0.000372797 8.49356e-05 
0.0003088 8.5303e-05 1.85935e-05 
4.65599e-05 0.000185164 1.70879e-05 
0.000172491 0.000219033 4.73263e-05 
0.000573238 0.00031577 1.90539e-05 
0.000421815 0.000323888 9.10931e-05 
0.000460743 0.000212947 2.06966e-05 
0.00082751 0.0001224 5.55734e-05 
0.000838415 0.000238144 6.84931e-05 
0.000183208 0.000301372 2.22253e-05 
0.000613139 0.000330184 4.16201e-05 
0.000540963 1.98726e-05 7.01396e-05 
0.000644317 0.000420747 1.88798e-05 
0.000844553 1.83618e-05 6.84593e-05 
0.0003176 0.000442519 2.55339e-05 
0.000428849 0.000321656 1.87679e-05 
0.000982651 6.21776e-05 6.2002e-05 
0.000318185 0.000378617 2.90378e-05 
2.00792e-05 0.000222559 6.79274e-05 
0.000123373 0.000165965 8.01161e-05 
0.000164429 0.000337964 3.58984e-05 
0.000942465 0.000107925 5.7273e-05 
0.000406981 0.000451047 2.37263e-05 
0.000472752 0.000201196 5.47453e-05 
6.25865e-05 0.000482604 6.09217e-05 
0.000485134 0.000474218 6.51319e-05 
0.000860072 0.000375747 5.12946e-05 
0.000137248 0.000482501 5.25586e-05 
0.000149932 0.000230754 1.97599e-05 
0.000497213 0.000447639 1.81854e-05 
0.000757277 4.2308e-05 7.73472e-05 
0.000752095 0.000150261 5.42126e-05 
0.000262144 0.000156841 2.21472e-05 
0.000474508 0.000251667 2.03988e-05 
0.000572535 9.23619e-05 1.7921e-05 
0.000806413 1.87215e-05 7.41068e-05 
0.000604309 0.000224224 2.2744e-05 
0.000716207 0.000338787 2.0849e-05 
0.000887154 8.84351e-05 1.75242e-05 
0.000165418 3.06262e-05 3.06232e-05 
0.000614339 3.29901e-05 6.45863e-05 
0.000599208 0.000355896 6.65703e-05 
0.000717948 5.33198e-05 2.31922e-05 
0.000211282 0.000166134 8.18739e-05 
0.000553042 0.000465484 2.4571e-05 
0.000752052 0.000267454 2.40607e-05 
0.00073136 0.000473245 2.67504e-05 
0.000546855 0.000381004 2.32146e-05 
0.000611946 9.30623e-05 2.1674e-05 
0.000778417 0.000419937 8.15722e-05 
0.000538333 0.000292345 5.10865e-05 
0.000753346 0.00039612 7.79975e-05 
2.31156e-05 0.000343677 2.26356e-05 
0.000667272 0.000391702 1.81428e-05 
0.000559037 0.000467888 7.81315e-05 
0.000148912 0.000301039 4.36499e-05 
0.000378938 0.000153001 5.30281e-05 
0.000920644 0.000474255 7.02919e-05 
0.00072207 0.000385102 1.84424e-05 
5.60973e-05 8.11801e-05 2.30417e-05 
0.000649252 1.83859e-05 5.34775e-05 
0.000593584 0.000480869 1.91323e-05 
0.00056323 0.000195944 6.53893e-05 
0.000406031 0.000407365 5.86394e-05 
0.000171417 1.83557e-05 7.76613e-05 
0.000199339 0.000186167 4.30245e-05 
0.000406237 0.000361659 1.96257e-05 
0.00038824 0.000113069 5.20776e-05 
0.00049829 0.000353747 9.07729e-05 
0.000791615 8.15078e-05 5.42347e-05 
0.000807319 0.00025344 4.57647e-05 
0.000699271 0.000278144 7.39185e-05 
0.000830197 0.000151057 2.25268e-05 
0.000570934 0.000382723 5.77842e-05 
0.000982128 0.000176492 1.78729e-05 
0.000154178 0.000139515 2.01359e-05 
0.000480689 5.48819e-05 8.57138e-05 
0.000278645 2.40975e-05 5.60063e-05 
2.04143e-05 0.000211848 2.04106e-05 
0.00064004 0.000320478 6.45289e-05 
0.00027111 0.000199073 2.09009e-05 
0.000704063 0.000205737 5.80932e-05 
0.000580492 4.48401e-05 8.39252e-05 
0.000535446 0.000129301 5.80581e-05 
0.000279253 0.000246384 6.3917e-05 
0.000923891 0.000171862 4.63832e-05 
0.000877297 0.000259219 8.978e-05 
0.000583143 5.23086e-05 2.39516e-05 
4.82362e-05 0.000237075 4.77432e-05 
0.000193471 0.000361964 8.5688e-05 
0.000834345 0.000190642 3.10031e-05 
5.81346e-05 6.40368e-05 6.08824e-05 
0.000233808 0.000417778 2.96326e-05 
0.000687299 9.69753e-05 7.88029e-05 
2.27433e-05 0.000327559 8.12085e-05 
0.000553476 0.000127182 2.19828e-05 
0.000756703 6.02472e-05 4.30853e-05 
0.000960238 0.000376435 4.97782e-05 
0.000476036 0.000479704 2.02967e-05 
0.000382041 1.88489e-05 1.88486e-05 
0.000977329 3.93249e-05 2.26705e-05 
0.000312459 2.52963e-05 9.02567e-05 
0.000457093 0.000349026 1.8264e-05 
0.000978452 0.000349826 2.15479e-05 
0.00036499 0.000136172 9.02494e-05 
0.000802697 0.000478631 9.13633e-05 
0.000464153 8.46916e-05 7.70643e-05 
0.000157669 0.000203786 8.00084e-05 
0.000917805 0.00026068 7.10883e-05 
0.000522832 0.000339923 2.43853e-05 
5.27798e-05 0.000104364 6.3328e-05 
0.000115445 0.000102042 1.70138e-05 
0.000162723 0.000477671 2.23279e-05 
0.000899103 0.000368584 7.46624e-05 
0.000489171 6.9142e-05 5.47216e-05 
0.000743361 0.000297916 9.8592e-05 
0.000949769 0.00035674 8.40594e-05 
0.000324183 0.000467176 9.4631e-05 
8.99087e-05 9.31634e-05 5.60071e-05 
0.000742175 0.000107956 7.25955e-05 
0.00036463 0.000206913 2.63266e-05 
0.000525676 0.000434996 3.7178e-05 
0.000217511 0.000479446 2.05469e-05 
9.60562e-05 0.000354548 2.23079e-05 
0.000122837 0.000290363 6.55474e-05 
0.000313887 0.000215897 2.52165e-05 
0.000245824 0.000227444 6.9514e-05 
0.000893005 0.000202668 4.93364e-05 
0.000128878 2.22775e-05 6.79572e-05 
0.00093408 0.000292531 6.27071e-05 
1.80701e-05 8.29183e-05 4.86788e-05 
0.000937727 0.000197815 1.83511e-05 
0.000894235 0.000238877 5.43886e-05 
0.000490027 0.00014178 5.77847e-05 
0.000883125 0.000470563 2.94267e-05 
0.000509318 0.0003062 7.86674e-05 
8.7858e-05 0.000460398 4.60166e-05 
0.000753153 0.000408911 1.96569e-05 
0.000299099 0.000482316 6.56351e-05 
0.000755708 0.000352559 2.09864e-05 
0.000700647 1.72497e-05 1.72491e-05 
0.000634853 5.91921e-05 1.9276e-05 
0.000195089 0.000357891 4.64491e-05 
0.000266933 0.000152008 6.15574e-05 
0.000338989 0.000156316 5.16644e-05 
0.000472312 0.000287949 8.34734e-05 
0.000561691 0.000275523 1.75463e-05 
0.000289149 1.7551e-05 1.75515e-05 
0.000429193 0.000236279 1.84385e-05 
0.000158192 0.000358569 6.94178e-05 
0.00086097 0.000239008 3.62298e-05 
0.000657115 1.79782e-05 1.79769e-05 
0.000242932 0.0003016 6.72419e-05 
0.000405138 0.000481788 5.21907e-05 
0.000727754 2.23839e-05 5.88021e-05 
0.000979252 0.000446404 2.07518e-05 
0.000835462 0.000268925 2.08962e-05 
0.000442563 6.06534e-05 5.53214e-05 
0.000194771 0.000149819 2.17758e-05 
0.000950368 8.28046e-05 8.1529e-05 
0.000351241 0.000288835 1.72415e-05 
0.000131397 0.000427738 1.75961e-05 
0.000108658 0.000282645 2.56077e-05 
0.000370026 0.000188345 6.72124e-05 
0.000785103 0.000233483 1.98264e-05 
0.000509181 5.19842e-05 1.7484e-05 
0.000768255 9.05489e-05 1.93029e-05 
0.000339718 0.000441324 6.43808e-05 
0.000923318 1.80078e-05 6.91495e-05 
0.000938041 0.000119324 1.90732e-05 
0.0004674 0.000357459 7.3804e-05 
0.000952215 0.000139565 8.70727e-05 
0.000699629 0.000416738 8.32455e-05 
1.84737e-05 0.000163395 1.84738e-05 
0.000504133 3.21275e-05 5.34116e-05 
0.000271504 0.000381878 1.88524e-05 
0.000127351 8.08827e-05 7.45714e-05 
0.000197748 0.000339199 1.73744e-05 
0.000795559 0.000427768 1.79404e-05 
0.000852709 0.000110505 2.38767e-05 
0.000306923 0.000355018 7.29207e-05 
0.000545337 0.000257789 4.26638e-05 
0.000776854 4.14188e-05 1.70275e-05 
0.000660658 0.000108576 4.55671e-05 
0.000657625 0.000162241 2.04645e-05 
5.11678e-05 0.000382024 8.72118e-05 
0.000153355 0.000481013 8.52661e-05 
0.000659667 0.000465911 1.70773e-05 
5.92047e-05 0.000478028 2.19688e-05 
9.63462e-05 0.000320578 4.20952e-05 
0.000899159 0.000174099 8.26567e-05 
0.000567785 0.00027539 6.42141e-05 
0.000580412 0.000100009 9.02369e-05 
1.87523e-05 0.00048127 1.87242e-05 
0.000782773 0.000328555 3.2822e-05 
9.11059e-05 1.75856e-05 5.60139e-05 
0.000485483 0.000227421 7.29837e-05 
0.000367263 0.000476533 2.34658e-05 
1.80971e-05 0.000407303 6.71224e-05 
0.000353136 0.00037705 6.17163e-05 
2.18921e-05 0.000299168 2.18946e-05 
0.00082967 3.77865e-05 9.59948e-05 
0.000246115 0.000268276 3.95342e-05 
0.000364822 0.000363685 2.0642e-05 
0.000930494 7.17498e-05 1.79164e-05 
0.000273787 9.7054e-05 1.78369e-05 
