0.000840734 0.000420494 3.10527e-05 
7.67704e-05 0.000296259 6.09072e-05 
0.000535495 0.000224101 8.96148e-05 
0.0003219 0.000251186 6.25186e-05 
0.000690806 0.000332132 6.71534e-05 
0.000369497 6.08085e-05 7.51835e-05 
0.000755819 0.00019569 3.09904e-05 
0.00088589 0.000288039 3.57985e-05 
0.000519758 4.39027e-05 9.68686e-05 
0.000776351 0.0002358 8.48693e-05 
0.000633143 0.000366259 2.42404e-05 
0.000181783 0.00038157 1.9744e-05 
0.000831791 0.000285956 7.44301e-05 
0.000199909 0.000211238 6.89999e-05 
0.000487843 0.000381926 3.62695e-05 
0.000810358 0.000155811 6.27626e-05 
0.000444115 0.000341998 5.71164e-05 
0.000232085 0.000362085 2.52292e-05 
0.000529791 0.000159783 4.37083e-05 
0.000886976 0.000235821 1.89348e-05 
0.00092093 0.000330456 6.20705e-05 
0.000416626 0.000305805 5.72682e-05 
0.000941589 5.28093e-05 5.3159e-05 
0.000838763 4.85163e-05 6.91355e-05 
0.000687989 9.07616e-05 2.14052e-05 
0.000273605 0.000299192 2.06133e-05 
8.4832e-05 0.000230472 8.62308e-05 
0.000564849 0.000235027 1.97566e-05 
0.000160318 9.09116e-05 2.98306e-05 
0.000963157 0.000454879 0.00010272 
0.00051793 0.000214667 3.31025e-05 
0.000965077 0.000217588 5.69931e-05 
0.000892964 0.000135171 2.57051e-05 
0.000774472 2.10093e-05 4.94054e-05 
6.6236e-05 0.000260847 2.19112e-05 
0.000748709 0.000347649 9.23205e-05 
0.00061741 0.000441146 9.44784e-05 
0.00031064 0.00017185 0.000100431 
0.000334444 0.000205415 6.55838e-05 
0.000328029 0.000182744 1.8716e-05 
0.000296555 0.000299813 7.65608e-05 
0.000477569 0.00030679 3.28586e-05 
0.000461769 2.31843e-05 6.83616e-05 
0.000339319 0.000100266 5.55095e-05 
0.000976796 0.000397855 2.18012e-05 
0.000598645 0.000480992 5.57634e-05 
0.000540921 0.000351033 7.95376e-05 
0.000723287 0.000168652 6.6235e-05 
0.00039523 0.000231265 6.34185e-05 
0.000393467 0.00027949 9.78629e-05 
0.000270311 0.000377423 8.54959e-05 
0.000576123 0.000156104 5.01661e-05 
0.000798522 4.999e-05 9.18935e-05 
0.000839689 0.000461019 7.4311e-05 
9.27488e-05 6.22605e-05 8.11597e-05 
0.000192567 0.00011007 8.23937e-05 
0.000972466 8.60496e-05 2.75377e-05 
0.000514003 0.000417224 8.307e-05 
0.000213341 0.000101803 2.45085e-05 
0.000367872 0.000418829 3.12665e-05 
0.000482166 0.000165201 2.60585e-05 
0.000283191 0.000411592 4.84218e-05 
0.00058653 0.000355001 2.37122e-05 
0.000801717 0.000190804 1.71766e-05 
0.000542994 7.65749e-05 5.7444e-05 
0.000240556 6.92712e-05 6.21472e-05 
0.000514053 0.00047732 1.73967e-05 
0.000396142 6.68562e-05 3.08116e-05 
0.000968449 0.0001718 6.25485e-05 
0.000892371 0.00018531 1.93935e-05 
0.000592102 0.000402695 7.5715e-05 
0.000623446 0.000133636 7.20841e-05 
0.00039861 0.000359129 6.65769e-05 
0.000692094 0.000383775 4.8239e-05 
0.000650658 6.73594e-05 6.2665e-05 
0.000150882 4.80463e-05 7.29383e-05 
0.000862545 0.00016329 5.91014e-05 
0.000445567 0.000113228 3.66399e-05 
0.000616872 0.000199677 8.11407e-05 
0.000710884 0.00012737 4.63964e-05 
0.000786317 0.000151854 2.30037e-05 
6.01543e-05 0.000342475 5.89572e-05 
0.000171871 0.000390693 5.41445e-05 
0.000428349 0.000438961 6.79917e-05 
0.000581003 0.000236785 5.92324e-05 
0.000790261 0.000383879 5.14696e-05 
2.99131e-05 0.000434103 2.99128e-05 
0.000346236 0.000278104 7.90503e-05 
0.000178789 0.000429192 2.88137e-05 
0.000149884 0.000275876 2.03565e-05 
0.000276933 5.67875e-05 2.32751e-05 
0.000819566 0.000474141 2.58535e-05 
0.000679926 0.000138252 7.86071e-05 
0.000980915 0.00029516 1.74972e-05 
0.00013163 0.000255466 5.62811e-05 
0.000869597 0.000335926 8.45898e-05 
0.00020993 2.35805e-05 6.28103e-05 
0.000922958 0.000207815 8.31214e-05 
0.000355453 0.000324493 7.89477e-05 
0.000419561 0.000185568 3.29357e-05 
0.000560639 0.000418604 5.80633e-05 
0.000774027 0.000474625 2.00594e-05 
0.000727363 0.000364281 5.02021e-05 
0.000784443 0.000118625 8.79548e-05 
0.000421474 2.50776e-05 1.93648e-05 
0.000819772 2.9255e-05 2.92565e-05 
0.000294527 6.99035e-05 6.35338e-05 
0.000729312 0.000247992 7.27154e-05 
7.74972e-05 0.000215717 2.46865e-05 
0.0006847 0.000183419 6.35152e-05 
0.000614662 0.000175918 2.64953e-05 
0.000400579 0.000270859 2.69519e-05 
0.000971751 0.000263697 7.12642e-05 
0.000649454 0.000276383 7.73541e-05 
0.000934903 0.000244057 3.02678e-05 
0.000597702 0.000132216 2.07355e-05 
8.81422e-05 0.000418249 3.03964e-05 
0.000133693 0.000436486 6.91092e-05 
0.000489745 0.000276273 7.07384e-05 
8.53986e-05 0.000165556 7.00988e-05 
0.000689554 0.000482834 1.72096e-05 
0.000644638 0.000384849 8.11807e-05 
0.00012545 0.000200767 4.32978e-05 
0.000310924 0.000274084 2.45238e-05 
0.000513927 0.000267931 2.42631e-05 
0.0007658 0.000178847 8.38239e-05 
0.000238964 0.000449704 7.23848e-05 
0.000977336 2.56052e-05 6.80438e-05 
0.000677129 0.000355361 2.10498e-05 
0.000229031 0.000226094 2.76755e-05 
0.000910289 0.000404243 3.66553e-05 
0.000413914 2.4983e-05 6.31189e-05 
0.000689137 3.14782e-05 5.14455e-05 
0.000769147 0.000475776 7.19523e-05 
0.000535029 0.000390847 6.02963e-05 
0.00045925 0.000165161 8.49708e-05 
0.000659676 0.000214186 3.29391e-05 
0.000417235 0.000105958 9.87123e-05 
0.000267309 0.000468747 3.12444e-05 
0.000979274 0.000392966 8.30354e-05 
0.000163466 0.000161907 6.62842e-05 
0.000905473 9.69625e-05 4.10843e-05 
0.000648784 0.000321626 2.30548e-05 
0.000363263 0.000411741 8.52487e-05 
0.000317559 0.000400796 7.75124e-05 
0.000869687 0.000123291 7.85604e-05 
0.000187038 0.000241716 1.808e-05 
0.000691196 0.000432451 3.0716e-05 
5.59456e-05 2.89741e-05 2.89691e-05 
0.000543213 2.53018e-05 2.53009e-05 
0.000718895 0.000298155 2.06398e-05 
0.000883334 4.4346e-05 3.64843e-05 
0.000215005 0.000268939 1.8352e-05 
0.000915438 0.000129772 7.18428e-05 
0.000298958 0.00016997 4.72044e-05 
0.000805473 0.000336051 8.7205e-05 
0.000526295 0.000267515 7.34747e-05 
0.000731042 0.00028694 5.70127e-05 
0.000200949 0.000322457 7.03369e-05 
0.000796564 0.000441559 5.41953e-05 
0.000823917 0.000223673 2.07658e-05 
0.000598258 0.000405777 2.86355e-05 
2.61562e-05 0.000117912 2.61561e-05 
0.000469428 0.000322525 8.10381e-05 
0.00045214 0.000471551 4.98842e-05 
5.03235e-05 0.000396405 5.21189e-05 
0.000380037 0.000321848 2.80198e-05 
0.000553535 0.000419673 1.91558e-05 
0.000266463 0.000116981 4.95412e-05 
0.000910396 7.45071e-05 7.46102e-05 
0.000611873 0.000253881 8.62436e-05 
0.000804529 0.000206305 6.11115e-05 
0.000434661 0.000375248 3.93021e-05 
0.000248573 0.000122586 1.70694e-05 
0.000745107 2.03303e-05 2.03284e-05 
0.000398168 0.000139066 1.98851e-05 
0.00035316 0.000253518 2.0947e-05 
0.000257312 0.000336087 5.56759e-05 
0.000719402 8.02164e-05 5.62013e-05 
0.000768182 0.000316646 1.85829e-05 
0.000867251 0.000412862 7.93324e-05 
0.000638708 0.000126847 2.04357e-05 
0.000617193 2.20124e-05 3.59051e-05 
0.000330911 0.000476458 1.70346e-05 
0.000579989 0.000113698 4.95078e-05 
0.000124933 0.000126603 5.53805e-05 
0.000194864 0.000471919 6.27728e-05 
0.000193012 6.48985e-05 5.19015e-05 
2.71868e-05 4.71716e-05 6.68436e-05 
6.37423e-05 0.000311723 2.25123e-05 
0.000678481 0.000246113 6.99101e-05 
2.25203e-05 0.000476881 5.95829e-05 
0.000758491 0.000425514 6.45268e-05 
0.000445187 0.000260503 6.21078e-05 
0.000623287 0.000456246 2.08291e-05 
0.000836987 7.21414e-05 3.66301e-05 
0.000301176 0.000127617 2.42604e-05 
0.00092776 0.000461784 2.46531e-05 
0.000630882 0.00047795 7.95567e-05 
0.000196265 0.000416477 7.96175e-05 
0.00096306 0.00048286 1.71393e-05 
0.000831631 0.000334243 3.29521e-05 
6.09575e-05 0.000436875 8.25328e-05 
0.00045735 0.000434691 2.56007e-05 
0.000779815 0.000116583 4.6805e-05 
0.000743008 0.000323544 4.74874e-05 
0.000609953 0.000298873 8.83568e-05 
0.00012178 0.000460629 2.16539e-05 
0.000761838 0.000239627 5.05855e-05 
0.000811773 0.000100662 2.2918e-05 
0.000728122 0.000403732 5.09607e-05 
0.000473249 0.0004268 6.86685e-05 
0.000559357 0.000152502 8.62853e-05 
0.000337935 0.000147428 1.79682e-05 
0.00061044 0.000279575 3.39208e-05 
0.000187649 0.00026818 5.83155e-05 
0.000499789 0.000106832 7.0497e-05 
0.000566873 0.000190699 2.24173e-05 
0.000438703 0.000482274 1.77274e-05 
0.000511499 0.000183805 7.64467e-05 
0.000750893 0.000126862 2.04225e-05 
0.000225145 0.000179334 1.94785e-05 
0.000103232 0.000428611 0.000111362 
0.000500839 0.00033816 6.4587e-05 
4.71022e-05 0.00018994 5.21738e-05 
0.00067441 0.000275507 3.01816e-05 
0.000578816 2.14103e-05 5.30703e-05 
0.000133051 0.000377443 3.02619e-05 
3.03501e-05 0.000276264 6.91133e-05 
0.00038044 0.000447877 6.84166e-05 
0.000537108 0.000297658 1.72963e-05 
0.000843705 8.65469e-05 7.7753e-05 
0.000729035 9.31603e-05 1.97361e-05 
7.74374e-05 0.000172341 1.90545e-05 
5.98299e-05 0.000377909 1.99485e-05 
0.000271496 0.000206153 8.26497e-05 
0.000971173 0.000210586 2.00957e-05 
0.000273902 0.000245316 2.15244e-05 
0.000832115 0.000181525 9.54709e-05 
0.000887495 0.000347967 2.51052e-05 
0.000676556 0.000128551 1.75611e-05 
2.25651e-05 0.000252413 2.25663e-05 
0.0007159 0.000236937 2.65849e-05 
0.00011134 0.000243123 1.9207e-05 
0.000944399 0.00015229 1.71484e-05 
0.000890969 0.000445816 6.64446e-05 
0.000418908 0.000406898 2.19549e-05 
0.000107834 5.95764e-05 3.13139e-05 
0.000573356 0.000315028 6.205e-05 
0.000861941 0.000207994 1.84607e-05 
0.000249293 0.000188871 4.87413e-05 
2.11344e-05 0.000367627 5.75442e-05 
0.000776892 0.000277227 6.71405e-05 
0.000240511 2.50546e-05 2.50555e-05 
0.000792022 6.68608e-05 3.37511e-05 
0.000254422 0.000269011 8.3928e-05 
0.000287318 0.000444496 7.39783e-05 
0.00070312 0.0001755 2.56837e-05 
0.000364044 0.000122627 1.80334e-05 
0.000963907 0.00041932 5.61163e-05 
0.000166904 0.000181156 2.17743e-05 
0.00013723 0.000321108 2.09972e-05 
0.000978652 0.000120148 6.20152e-05 
0.000210405 5.78573e-05 1.97787e-05 
0.000978445 0.000134407 2.15519e-05 
0.00079935 0.000287709 2.43329e-05 
0.00039562 0.00048183 9.09388e-05 
7.89146e-05 0.00012671 2.73446e-05 
0.000440587 0.000390462 7.93123e-05 
0.000129121 0.000316429 8.00604e-05 
0.000463272 2.27821e-05 2.26026e-05 
0.000939858 0.000390274 8.27338e-05 
0.000934608 0.000352481 2.23077e-05 
0.000228544 0.000310737 2.62443e-05 
0.000354384 0.000240095 8.53598e-05 
0.000821674 0.000417582 7.61596e-05 
0.000973256 0.000468772 5.74272e-05 
0.000229965 0.000140061 4.82307e-05 
0.000400706 0.00019479 0.000115713 
0.000115324 0.000157583 2.08373e-05 
0.000279779 0.00033949 2.01114e-05 
0.000368655 1.97718e-05 7.37263e-05 
0.000644108 0.000440325 5.69871e-05 
2.0306e-05 0.00038568 2.02777e-05 
0.000524641 0.00048266 5.00351e-05 
0.000972974 0.000324328 6.01805e-05 
0.000600695 0.000443438 5.86679e-05 
0.000941514 0.000306671 2.40382e-05 
0.000370415 0.000164797 1.80001e-05 
0.000598942 6.2787e-05 6.8401e-05 
0.00087968 9.02136e-05 6.38074e-05 
0.000933792 2.11446e-05 2.11474e-05 
0.000444919 5.76508e-05 1.71704e-05 
0.000681589 0.000472173 7.26332e-05 
0.000699434 5.52944e-05 8.91538e-05 
0.000760473 0.00044095 3.05174e-05 
0.00033281 3.62572e-05 3.53008e-05 
0.000351086 0.000473261 6.26816e-05 
0.000672027 5.18571e-05 2.06409e-05 
0.000324778 0.000326478 2.72812e-05 
0.000488257 7.70434e-05 3.70749e-05 
0.000108462 0.000363773 8.23753e-05 
0.000224785 0.000383183 6.45331e-05 
0.000507966 0.000117286 2.6677e-05 
1.92709e-05 6.54705e-05 2.70343e-05 
0.000502298 1.72268e-05 1.71849e-05 
0.000834309 0.000377918 8.58506e-05 
0.000308876 8.34481e-05 1.85942e-05 
4.57512e-05 0.000189636 1.70889e-05 
0.00016337 0.000227249 5.36165e-05 
0.000567998 0.000316739 1.90534e-05 
0.000426737 0.000326908 9.61371e-05 
0.000465806 0.000209815 2.06966e-05 
0.000819286 0.000115319 6.89759e-05 
0.000845073 0.000238219 8.15771e-05 
0.000180543 0.00030537 2.22263e-05 
0.000613947 0.000330227 4.18966e-05 
0.000538961 1.98702e-05 6.9943e-05 
0.000642101 0.000421269 1.88801e-05 
0.00085569 1.83617e-05 8.30987e-05 
0.000314724 0.000438003 2.55332e-05 
0.000427947 0.000309038 1.87686e-05 
0.000972585 6.60772e-05 7.80401e-05 
0.000319774 0.000382537 2.90417e-05 
2.2826e-05 0.000208696 7.4775e-05 
0.000127588 0.00015172 9.41109e-05 
0.000166827 0.000341215 4.25419e-05 
0.000941723 9.54218e-05 6.08304e-05 
0.000411154 0.000451886 2.37269e-05 
0.000474459 0.000207789 5.76105e-05 
7.68221e-05 0.000482604 7.76512e-05 
0.000490243 0.00047021 7.29064e-05 
0.000861194 0.000376342 5.14941e-05 
0.000136238 0.000482501 5.07321e-05 
0.000149687 0.000235763 1.976e-05 
0.000498422 0.000448657 3.15875e-05 
0.000763481 4.61254e-05 7.68181e-05 
0.000755772 0.000150292 5.16007e-05 
0.000261811 0.000159163 2.21469e-05 
0.000475401 0.000253143 2.03987e-05 
0.000574316 9.33542e-05 1.79198e-05 
0.000805668 1.87211e-05 7.38902e-05 
0.000605841 0.000224213 2.27456e-05 
0.000715939 0.000339549 2.0849e-05 
0.000879885 9.47872e-05 1.75296e-05 
0.000166918 3.06254e-05 3.06231e-05 
0.000611058 2.10559e-05 7.85266e-05 
0.000598798 0.000351616 7.00048e-05 
0.000715784 5.23625e-05 2.31925e-05 
0.000211526 0.000165757 8.34066e-05 
0.000552571 0.000462898 2.57503e-05 
0.000754058 0.000270653 2.40605e-05 
0.000730943 0.000473252 3.83025e-05 
0.000545758 0.000378224 2.32126e-05 
0.000613734 9.29643e-05 2.16775e-05 
0.000786613 0.00042216 8.83728e-05 
0.000535303 0.000298364 5.25081e-05 
0.000764335 0.000393136 9.50732e-05 
2.37709e-05 0.000341353 2.26373e-05 
0.000665674 0.00039273 1.81425e-05 
0.000558834 0.00047005 7.92573e-05 
0.000152098 0.000299907 5.04488e-05 
0.000383291 0.000153156 5.43534e-05 
0.00092352 0.000474249 7.33007e-05 
0.000721869 0.000383717 1.84418e-05 
5.84898e-05 8.08421e-05 2.30435e-05 
0.000653098 1.8386e-05 5.43341e-05 
0.000591854 0.000480867 1.91329e-05 
0.000565418 0.000196431 6.5144e-05 
0.000404948 0.000403283 5.84025e-05 
0.00017116 1.83566e-05 7.78515e-05 
0.000198352 0.00017714 4.43045e-05 
0.000407162 0.000360109 1.9629e-05 
0.000390698 0.000112828 5.36243e-05 
0.00049981 0.00035006 9.81301e-05 
0.000797264 8.22761e-05 6.928e-05 
0.00080838 0.000250877 4.67786e-05 
0.000697 0.000280645 7.62418e-05 
0.000831734 0.000148639 2.2526e-05 
0.000571313 0.000377322 5.67348e-05 
0.00097968 0.00017365 1.78725e-05 
0.000152385 0.000140132 2.0136e-05 
0.000481613 4.04964e-05 9.91833e-05 
0.000276935 2.44418e-05 5.61614e-05 
2.0411e-05 0.000211163 3.44283e-05 
0.00064086 0.00031569 6.40982e-05 
0.000276562 0.000200054 2.09011e-05 
0.000700357 0.000236346 9.74997e-05 
0.000568999 3.8683e-05 8.74224e-05 
0.000537604 0.000125414 7.89018e-05 
0.000279534 0.000247232 6.40282e-05 
0.000921376 0.000168977 4.44566e-05 
0.000883053 0.000273592 9.61375e-05 
0.000586019 5.36022e-05 2.39505e-05 
4.74683e-05 0.000234 4.7969e-05 
0.000199277 0.000365352 8.9501e-05 
0.000834521 0.000188042 3.23092e-05 
5.88659e-05 7.22411e-05 6.3736e-05 
0.000235866 0.000416641 2.96322e-05 
0.000687266 9.79274e-05 7.55808e-05 
2.27454e-05 0.000336018 8.84157e-05 
0.000555178 0.00012813 2.19818e-05 
0.000754826 6.05616e-05 4.19977e-05 
0.000957419 0.000374383 5.23326e-05 
0.000476553 0.000479697 2.03827e-05 
0.000383269 1.88614e-05 1.89876e-05 
0.000977329 2.58204e-05 2.26943e-05 
0.000310576 2.52954e-05 9.05918e-05 
0.00044742 0.000349402 1.82643e-05 
0.000978452 0.000353262 2.15488e-05 
0.000353962 0.000144538 8.48297e-05 
0.000802881 0.000478618 0.000102514 
0.000465171 8.75825e-05 8.05019e-05 
0.000153743 0.000205375 8.44301e-05 
0.000918264 0.000257607 7.38524e-05 
0.000527212 0.000335314 3.2175e-05 
5.21839e-05 0.000112353 6.65319e-05 
0.000116515 0.000105536 1.70138e-05 
0.000163729 0.000477636 2.23281e-05 
0.00090775 0.000381208 9.13492e-05 
0.000493182 6.6949e-05 7.28896e-05 
0.000742186 0.000293043 9.89748e-05 
0.000949424 0.000354288 8.70503e-05 
0.000321065 0.000465121 9.39858e-05 
8.83078e-05 9.53867e-05 5.76928e-05 
0.000744813 0.000125278 7.88886e-05 
0.000364568 0.00020796 2.63269e-05 
0.000526426 0.000445106 5.47108e-05 
0.000217777 0.000479449 2.05476e-05 
8.99779e-05 0.000348376 2.23097e-05 
0.000107808 0.000282331 7.86249e-05 
0.00031552 0.000224357 2.52164e-05 
0.000234927 0.000225815 8.8061e-05 
0.000881026 0.000204685 5.01767e-05 
0.000120564 2.2277e-05 6.76292e-05 
0.000933531 0.00028873 6.16903e-05 
1.8069e-05 9.03012e-05 5.97416e-05 
0.0009351 0.000196918 1.83511e-05 
0.000893946 0.00023857 5.49778e-05 
0.000505219 0.000137795 9.05385e-05 
0.00087461 0.000470575 2.94322e-05 
0.000511308 0.000306438 8.98043e-05 
9.34426e-05 0.000463149 5.12307e-05 
0.000752772 0.000406025 1.96552e-05 
0.000290721 0.000482313 7.20122e-05 
0.000755215 0.000353958 2.09881e-05 
0.000693661 1.72493e-05 1.72492e-05 
0.000632415 5.66043e-05 1.92758e-05 
0.000196706 0.000364008 4.87344e-05 
0.000254644 0.000139977 8.10601e-05 
0.00034613 0.000167311 4.91318e-05 
0.000462685 0.000290496 9.51076e-05 
0.000562028 0.000273265 1.75369e-05 
0.000286667 1.75527e-05 1.75525e-05 
0.000439394 0.000238605 1.84393e-05 
0.000161277 0.000370531 8.23745e-05 
0.00085733 0.000236223 4.42078e-05 
0.000653687 1.79768e-05 1.79773e-05 
0.000248559 0.000316674 9.16809e-05 
0.000398136 0.000476549 5.50459e-05 
0.000729691 2.23845e-05 6.01089e-05 
0.000967004 0.000439251 2.07495e-05 
0.000837182 0.000263161 2.0897e-05 
0.000441248 6.21216e-05 6.32228e-05 
0.000193947 0.000145283 2.17757e-05 
0.000938025 8.56432e-05 9.51223e-05 
0.000348821 0.000289467 3.30848e-05 
0.000134104 0.000423583 1.7596e-05 
0.000105636 0.000287154 2.56097e-05 
0.000375676 0.000189657 6.61657e-05 
0.000782836 0.000237267 1.98233e-05 
0.000506566 5.18265e-05 1.74863e-05 
0.000768017 9.1029e-05 1.93029e-05 
0.000335247 0.000436857 6.52463e-05 
0.000920765 1.80064e-05 6.60448e-05 
0.000933707 0.000117713 1.90743e-05 
0.000469822 0.000358554 8.12542e-05 
0.000958343 0.000136985 9.10339e-05 
0.000698351 0.000414861 8.28862e-05 
2.29615e-05 0.000161767 1.84739e-05 
0.000503322 3.39925e-05 5.27425e-05 
0.000273023 0.000374612 3.57462e-05 
0.000130315 8.21445e-05 7.40226e-05 
0.000195494 0.00034172 1.7378e-05 
0.000789131 0.000423874 1.79398e-05 
0.000852394 0.000112455 4.29462e-05 
0.000314946 0.000353827 7.10164e-05 
0.000545384 0.000256325 4.29767e-05 
0.000776146 4.08893e-05 1.70302e-05 
0.000663362 0.000110587 4.64218e-05 
0.000659193 0.000162261 2.04639e-05 
6.15352e-05 0.00038335 8.89552e-05 
0.000175759 0.000481 0.000104823 
0.00065978 0.000465802 1.70773e-05 
6.53466e-05 0.000471178 2.19679e-05 
0.000109234 0.000324112 4.65129e-05 
0.000875814 0.000168916 0.000101293 
0.000564267 0.000273643 6.79031e-05 
0.000594491 9.53373e-05 9.66377e-05 
2.60443e-05 0.000481277 1.87235e-05 
0.000783908 0.000315775 5.05764e-05 
8.11208e-05 2.80424e-05 6.8117e-05 
0.000466297 0.000224105 8.67512e-05 
0.000370911 0.000476534 2.34702e-05 
1.80986e-05 0.000405646 6.6737e-05 
0.000356644 0.000378901 5.93636e-05 
2.18942e-05 0.000296867 2.18933e-05 
0.000824987 2.05671e-05 0.000105637 
0.000245948 0.000269624 4.3967e-05 
0.000366583 0.000368038 2.06491e-05 
0.000924673 7.86371e-05 1.79168e-05 
0.000272651 9.73145e-05 1.78367e-05 
