0.00084163 0.000421024 3.10537e-05 
7.71117e-05 0.000295959 6.07885e-05 
0.000535047 0.000223527 8.9625e-05 
0.000320393 0.000250705 6.25857e-05 
0.000691691 0.000332888 6.76206e-05 
0.000367666 6.07728e-05 7.38371e-05 
0.000755984 0.000195556 3.09906e-05 
0.000886055 0.000288163 3.57917e-05 
0.000518954 4.3e-05 9.65658e-05 
0.000776345 0.000235809 8.5146e-05 
0.000632632 0.000365773 2.42394e-05 
0.000182506 0.000381082 1.97427e-05 
0.000831847 0.000286057 7.49257e-05 
0.000200173 0.000211807 6.94313e-05 
0.000487787 0.000383529 3.62726e-05 
0.000809836 0.000156229 6.27359e-05 
0.000444072 0.000341255 5.68016e-05 
0.000231414 0.000362186 2.52272e-05 
0.000529321 0.00015978 4.29944e-05 
0.000887883 0.000235963 1.89334e-05 
0.000920763 0.000330898 6.1944e-05 
0.000416781 0.000304451 5.72047e-05 
0.000942046 5.26451e-05 5.32126e-05 
0.000838472 4.9877e-05 6.85262e-05 
0.000687189 9.0867e-05 2.14024e-05 
0.000273952 0.000299389 2.06131e-05 
8.45847e-05 0.000231118 8.53253e-05 
0.000564425 0.000234385 1.97548e-05 
0.000160416 9.09324e-05 2.98355e-05 
0.000960442 0.000451061 0.000100916 
0.000517178 0.000214737 3.31056e-05 
0.000966212 0.000218567 5.69008e-05 
0.000893855 0.000135184 2.5705e-05 
0.000774175 2.10034e-05 4.96683e-05 
6.63921e-05 0.00026066 2.19112e-05 
0.000747617 0.000348744 9.28039e-05 
0.000617699 0.000440112 9.26305e-05 
0.000311368 0.000170546 0.000100257 
0.000334226 0.000205017 6.57847e-05 
0.000327935 0.000182047 1.87161e-05 
0.000296222 0.000299923 7.64156e-05 
0.000477127 0.000305466 3.28567e-05 
0.000462026 2.31866e-05 6.83756e-05 
0.000338291 0.000101658 5.58465e-05 
0.000978199 0.000398968 2.18014e-05 
0.000599007 0.000481877 5.58129e-05 
0.000541049 0.000351094 7.78238e-05 
0.000724649 0.000169445 6.56907e-05 
0.000394346 0.000231086 6.37514e-05 
0.000391114 0.000279821 9.7379e-05 
0.00026965 0.000378908 8.41833e-05 
0.000575669 0.000156617 4.96033e-05 
0.000797519 5.13637e-05 8.88165e-05 
0.000841361 0.00046146 7.44084e-05 
9.16172e-05 6.26706e-05 8.07219e-05 
0.000192849 0.000110235 8.22352e-05 
0.000972454 8.62494e-05 2.75369e-05 
0.000513177 0.000419088 8.11175e-05 
0.00021352 0.000101254 2.45205e-05 
0.000367849 0.000418344 3.12585e-05 
0.000482166 0.000165201 2.60585e-05 
0.000283604 0.000412018 4.65745e-05 
0.000585918 0.000354959 2.37091e-05 
0.000801895 0.000190786 1.71766e-05 
0.000542681 7.62754e-05 5.7946e-05 
0.00024038 6.91132e-05 6.15937e-05 
0.000513956 0.000478807 1.74003e-05 
0.000396435 6.68644e-05 3.08111e-05 
0.00096917 0.000172781 6.23441e-05 
0.000892191 0.000183911 1.93935e-05 
0.000592891 0.00040353 7.58096e-05 
0.000622381 0.000133321 7.18988e-05 
0.000398837 0.000358836 6.67045e-05 
0.000692761 0.000383075 4.74389e-05 
0.000651112 6.71468e-05 6.27623e-05 
0.000152273 4.91826e-05 7.32553e-05 
0.000863123 0.000163443 5.8697e-05 
0.000445435 0.000113773 3.66458e-05 
0.000617101 0.000199446 8.12036e-05 
0.000710067 0.000127537 4.68787e-05 
0.000785968 0.000151366 2.30038e-05 
6.02534e-05 0.000343109 5.83303e-05 
0.000172668 0.000390819 5.40017e-05 
0.000426642 0.000440285 6.87027e-05 
0.000580775 0.000236197 5.91502e-05 
0.000791032 0.000384306 5.08254e-05 
2.99156e-05 0.000434244 2.99122e-05 
0.000347575 0.000278686 7.08618e-05 
0.000178392 0.000428902 2.88154e-05 
0.000150453 0.00027594 2.03562e-05 
0.000277355 5.6638e-05 2.32748e-05 
0.000821221 0.000474151 2.58494e-05 
0.000674945 0.000140017 7.37966e-05 
0.000980946 0.000295151 1.74972e-05 
0.000132372 0.000255132 5.61404e-05 
0.000869518 0.000336148 8.47257e-05 
0.000209481 2.35556e-05 6.22064e-05 
0.000924203 0.000208387 8.30178e-05 
0.000354996 0.000324843 7.84356e-05 
0.000419186 0.000185884 3.29373e-05 
0.000561482 0.000419157 5.79605e-05 
0.000775727 0.000476232 2.00576e-05 
0.000728635 0.000364889 4.93922e-05 
0.00078593 0.000120493 8.81238e-05 
0.00042123 2.47585e-05 1.93657e-05 
0.000819641 2.92539e-05 2.92555e-05 
0.000294447 6.98863e-05 6.37057e-05 
0.000729692 0.000248393 7.23e-05 
7.68732e-05 0.000215335 2.46827e-05 
0.000683675 0.000182325 6.31845e-05 
0.000614845 0.000175835 2.64949e-05 
0.00040064 0.00027023 2.69513e-05 
0.000971751 0.000264006 7.12531e-05 
0.000651516 0.000277691 7.82138e-05 
0.000935083 0.000244007 3.02679e-05 
0.000597511 0.000132282 2.07351e-05 
8.77238e-05 0.000417064 3.03966e-05 
0.000133065 0.000436419 6.88099e-05 
0.00048998 0.000274127 6.98356e-05 
8.42286e-05 0.000166134 6.9374e-05 
0.000689751 0.000482789 1.72109e-05 
0.000645762 0.000383681 8.1044e-05 
0.000125053 0.000200737 4.29936e-05 
0.000311272 0.000274291 2.45237e-05 
0.000513399 0.000267382 2.10422e-05 
0.000766257 0.000178966 8.38401e-05 
0.000237744 0.00044808 7.08667e-05 
0.000977281 2.4906e-05 6.79497e-05 
0.000676845 0.00035442 2.1051e-05 
0.000229243 0.000225529 2.76759e-05 
0.000909854 0.000404626 3.66511e-05 
0.000414144 2.4983e-05 6.31435e-05 
0.000688803 3.09291e-05 5.16031e-05 
0.000766667 0.000475772 6.67882e-05 
0.000535144 0.000391887 6.02823e-05 
0.000458468 0.000165526 8.53491e-05 
0.000659738 0.000214251 3.29389e-05 
0.000413334 0.000102191 9.61651e-05 
0.000267099 0.000468753 3.12446e-05 
0.000979277 0.000395002 8.20389e-05 
0.000163611 0.000161856 6.56601e-05 
0.00090798 9.71029e-05 3.99291e-05 
0.000648054 0.000321065 2.3058e-05 
0.000363016 0.000411391 8.52387e-05 
0.000317106 0.000401944 7.66445e-05 
0.00087213 0.000123 7.54385e-05 
0.000186987 0.000240219 1.80796e-05 
0.000690358 0.000431982 3.07162e-05 
5.58313e-05 2.89681e-05 2.89702e-05 
0.000543194 2.52982e-05 2.52998e-05 
0.000719071 0.000298371 2.06408e-05 
0.000883284 4.40389e-05 3.64715e-05 
0.000214597 0.000268875 1.8352e-05 
0.000914727 0.000130543 7.26721e-05 
0.000298253 0.000171089 4.73311e-05 
0.000803931 0.000335624 8.63749e-05 
0.000526843 0.000267029 7.31923e-05 
0.000731427 0.000287532 5.70513e-05 
0.00020082 0.000321483 7.03214e-05 
0.000797745 0.000442259 5.45849e-05 
0.00082392 0.000224658 2.07605e-05 
0.000598519 0.000405935 2.86321e-05 
2.61585e-05 0.000118612 2.61556e-05 
0.000470288 0.00032287 8.06671e-05 
0.000451021 0.00047242 5.04735e-05 
4.9292e-05 0.000395567 5.13365e-05 
0.000380528 0.000321387 2.80198e-05 
0.00055388 0.000420392 1.91486e-05 
0.000266123 0.000116403 4.96436e-05 
0.000910682 7.52902e-05 7.34051e-05 
0.000613917 0.000253959 8.30897e-05 
0.000804642 0.000206786 6.09662e-05 
0.000434815 0.000375012 3.86197e-05 
0.000248714 0.000122101 1.70674e-05 
0.000745054 2.03324e-05 2.03293e-05 
0.000397892 0.00013934 1.98849e-05 
0.000352742 0.000252946 2.09463e-05 
0.000257495 0.000336641 5.53554e-05 
0.000718636 8.06072e-05 5.61878e-05 
0.000767555 0.00031718 1.8583e-05 
0.000867065 0.000412407 7.97499e-05 
0.000638287 0.000126601 2.04341e-05 
0.000617317 2.20132e-05 3.4816e-05 
0.000330063 0.000478647 1.70372e-05 
0.00058018 0.000112647 4.89859e-05 
0.000124973 0.000126391 5.5609e-05 
0.000194224 0.000471905 6.25392e-05 
0.00019273 6.44284e-05 5.19091e-05 
2.19745e-05 4.80824e-05 6.18765e-05 
6.40061e-05 0.000311648 2.25126e-05 
0.000678814 0.000246073 6.9855e-05 
2.25204e-05 0.000476783 5.96704e-05 
0.000757805 0.000428781 6.06851e-05 
0.000445268 0.000258559 6.16962e-05 
0.000623546 0.000455669 2.08304e-05 
0.000837325 7.26561e-05 2.85526e-05 
0.000300196 0.000128801 2.42613e-05 
0.000929366 0.000461497 2.46548e-05 
0.000631587 0.000477947 7.89907e-05 
0.000197324 0.000418496 7.96237e-05 
0.000964491 0.000482861 1.71405e-05 
0.000831771 0.000333912 3.29522e-05 
6.10677e-05 0.000436457 8.24953e-05 
0.000457222 0.000436254 2.56046e-05 
0.000777829 0.00011699 4.76081e-05 
0.000743041 0.000324379 4.79793e-05 
0.000610972 0.000298835 8.80092e-05 
0.000122293 0.000461037 2.16537e-05 
0.000762354 0.000239434 5.06229e-05 
0.000810247 0.000103383 2.29206e-05 
0.000727988 0.000404294 5.10886e-05 
0.000471391 0.00042747 6.90927e-05 
0.000557605 0.00015345 8.51352e-05 
0.000337927 0.000146693 1.79661e-05 
0.000610807 0.000279343 3.39211e-05 
0.000186295 0.000267653 5.76588e-05 
0.00049751 0.000104618 6.95744e-05 
0.000566616 0.000191706 2.24184e-05 
0.000438397 0.000482272 1.77269e-05 
0.000510897 0.000183275 7.60403e-05 
0.000749765 0.000127519 2.04236e-05 
0.000225338 0.000178991 1.94795e-05 
0.000103136 0.000425938 0.000110877 
0.000501123 0.000338465 6.22971e-05 
4.59625e-05 0.000191021 5.20536e-05 
0.000674686 0.000275523 3.01813e-05 
0.000579167 2.00208e-05 5.2356e-05 
0.000133744 0.000377538 3.02612e-05 
3.03165e-05 0.000276947 6.91153e-05 
0.000381971 0.000451448 6.42218e-05 
0.000536547 0.000297709 1.72974e-05 
0.000843305 8.80234e-05 7.66541e-05 
0.000728201 9.36452e-05 1.97396e-05 
7.87288e-05 0.000171995 1.90628e-05 
5.9644e-05 0.000376198 1.9949e-05 
0.000273283 0.000205595 8.16502e-05 
0.000971608 0.000210576 2.00957e-05 
0.000274014 0.000244981 2.15248e-05 
0.00083255 0.00018177 9.48943e-05 
0.000887523 0.000348097 2.5102e-05 
0.000676141 0.000128167 1.75631e-05 
2.25708e-05 0.000253081 2.25664e-05 
0.000715661 0.000236408 2.65814e-05 
0.000111034 0.000242503 1.92054e-05 
0.000944204 0.000152122 1.71491e-05 
0.000890516 0.000445648 6.71903e-05 
0.000419299 0.000407138 2.19652e-05 
0.000108011 5.94576e-05 3.13142e-05 
0.000574326 0.000315142 6.18653e-05 
0.000863014 0.000208042 1.84598e-05 
0.000249281 0.000188329 4.89767e-05 
2.11341e-05 0.000368132 5.76596e-05 
0.000776297 0.000277134 6.71419e-05 
0.000240793 2.50727e-05 2.50557e-05 
0.000792684 6.767e-05 3.10385e-05 
0.00025264 0.000270949 8.20892e-05 
0.000287592 0.000444651 7.24974e-05 
0.000703207 0.000175594 2.56835e-05 
0.00036419 0.000122055 1.80328e-05 
0.000961624 0.000419116 5.443e-05 
0.000167267 0.000182453 2.17768e-05 
0.000136 0.000321996 2.0997e-05 
0.000978651 0.000120363 6.2017e-05 
0.00021007 5.73111e-05 1.97781e-05 
0.000978447 0.000134634 2.15535e-05 
0.000798545 0.000288049 2.43332e-05 
0.000395073 0.000481843 8.7562e-05 
7.90929e-05 0.000126309 2.73452e-05 
0.000441943 0.000392153 7.76555e-05 
0.00013005 0.000317584 8.02563e-05 
0.000463025 2.27569e-05 2.26028e-05 
0.0009391 0.000392922 8.0465e-05 
0.000934597 0.000353047 2.23073e-05 
0.000228848 0.000310789 2.6243e-05 
0.000353037 0.000239311 8.50535e-05 
0.00082254 0.000417506 7.61095e-05 
0.000973247 0.000469721 5.80864e-05 
0.000229711 0.000139592 4.8032e-05 
0.000399713 0.000194709 0.000116125 
0.000115739 0.000157215 2.08371e-05 
0.000280518 0.00033963 2.01103e-05 
0.000370526 1.9796e-05 7.17407e-05 
0.000643369 0.000439327 5.7321e-05 
2.02922e-05 0.000385932 2.0278e-05 
0.000525319 0.000482669 4.99968e-05 
0.000972975 0.000324377 6.04524e-05 
0.00059923 0.000444215 5.79652e-05 
0.000941543 0.000307237 2.40382e-05 
0.000369358 0.00016419 1.80012e-05 
0.000599188 6.4244e-05 6.76088e-05 
0.000880296 9.10717e-05 6.18687e-05 
0.000933886 2.11412e-05 2.11454e-05 
0.000444866 5.77522e-05 1.71704e-05 
0.000680661 0.000472174 7.21614e-05 
0.000699718 5.48648e-05 8.90682e-05 
0.000760943 0.000441732 2.42911e-05 
0.000333267 3.76102e-05 3.5303e-05 
0.000347857 0.000475488 6.15273e-05 
0.000672265 5.15557e-05 2.06464e-05 
0.000325214 0.0003256 2.7273e-05 
0.000486476 7.62311e-05 3.04961e-05 
0.000105625 0.000363164 8.03553e-05 
0.000223485 0.000383398 6.43447e-05 
0.000507889 0.000116805 2.66789e-05 
1.92988e-05 6.4313e-05 1.93296e-05 
0.000502045 1.71827e-05 1.7186e-05 
0.000834314 0.000377334 8.5969e-05 
0.000308832 8.385e-05 1.85944e-05 
4.6281e-05 0.000187793 1.70863e-05 
0.000163238 0.000225964 5.32001e-05 
0.000567579 0.000316571 1.90539e-05 
0.000426778 0.000326055 9.58244e-05 
0.000464961 0.00021101 2.06973e-05 
0.000817855 0.000115135 6.50421e-05 
0.000842433 0.00023734 7.96766e-05 
0.000180808 0.000305743 2.22254e-05 
0.000613275 0.000330066 4.18195e-05 
0.000539725 1.98732e-05 7.00094e-05 
0.00064256 0.000420863 1.888e-05 
0.000856574 1.83695e-05 7.6897e-05 
0.000315466 0.000439546 2.55357e-05 
0.000427624 0.000309548 1.87663e-05 
0.000976154 6.76147e-05 7.24301e-05 
0.000320054 0.00038165 2.90374e-05 
2.00833e-05 0.000210915 7.17103e-05 
0.000126968 0.000153409 9.30766e-05 
0.000166263 0.00034038 4.31407e-05 
0.000939121 9.61349e-05 5.80546e-05 
0.000410558 0.000452147 2.37295e-05 
0.000473656 0.000207858 5.75225e-05 
7.45141e-05 0.000482604 7.49154e-05 
0.000490143 0.00047023 7.15891e-05 
0.00086096 0.000376322 5.14081e-05 
0.000137041 0.000482501 5.08884e-05 
0.000149437 0.000235838 1.97599e-05 
0.000499709 0.00044658 2.25107e-05 
0.000763609 4.66972e-05 7.67092e-05 
0.000755688 0.000150279 5.18999e-05 
0.000261667 0.000158765 2.21467e-05 
0.000474803 0.000252288 2.04009e-05 
0.000573576 9.28116e-05 1.79197e-05 
0.000805578 1.87241e-05 7.3902e-05 
0.000605545 0.000224041 2.27451e-05 
0.000716094 0.000339753 2.08491e-05 
0.000881422 9.45664e-05 1.75248e-05 
0.000166029 3.06244e-05 3.06231e-05 
0.000611632 2.10578e-05 7.75009e-05 
0.000598528 0.000352707 6.91567e-05 
0.000716011 5.2623e-05 2.31944e-05 
0.00021163 0.000165988 8.28787e-05 
0.000552732 0.000463758 2.45703e-05 
0.00075358 0.000270162 2.40612e-05 
0.000730345 0.000473249 3.11178e-05 
0.000545646 0.000379036 2.32135e-05 
0.000613019 9.28202e-05 2.16729e-05 
0.00078487 0.000421087 8.66639e-05 
0.000534894 0.000298685 5.25142e-05 
0.000761497 0.000394872 9.17599e-05 
2.39346e-05 0.000342029 2.26356e-05 
0.000665519 0.000391829 1.81424e-05 
0.00055998 0.000466295 7.7968e-05 
0.000151768 0.000300688 4.99106e-05 
0.000381107 0.000154375 5.30511e-05 
0.000923132 0.000474253 7.30115e-05 
0.000720647 0.00038476 1.84416e-05 
5.82061e-05 8.06467e-05 2.30429e-05 
0.00065255 1.83965e-05 5.43295e-05 
0.000592577 0.000480868 1.91317e-05 
0.000565153 0.000195907 6.5323e-05 
0.000405083 0.000402965 5.82553e-05 
0.000170919 1.83597e-05 7.77893e-05 
0.000198573 0.000177931 4.44115e-05 
0.00040657 0.000360398 1.96261e-05 
0.000389493 0.000114021 5.06009e-05 
0.000499807 0.000349047 9.60236e-05 
0.000793575 8.37459e-05 6.66484e-05 
0.000808304 0.000251433 4.68183e-05 
0.000696831 0.000281034 7.52049e-05 
0.00083146 0.000149603 2.2526e-05 
0.000571184 0.000379003 5.67628e-05 
0.000981274 0.000173909 1.78722e-05 
0.000152607 0.000139361 2.01388e-05 
0.000480618 4.42108e-05 9.76303e-05 
0.000277322 2.41593e-05 5.60543e-05 
2.04109e-05 0.00021101 3.1148e-05 
0.0006419 0.000316782 6.46064e-05 
0.000276168 0.000199882 2.09023e-05 
0.000701193 0.000233525 9.5867e-05 
0.000570495 3.84873e-05 8.63907e-05 
0.000537542 0.000128231 7.01666e-05 
0.000277952 0.000247692 6.41785e-05 
0.00092182 0.0001692 4.47487e-05 
0.000883377 0.000274003 9.62129e-05 
0.000585194 5.30398e-05 2.39511e-05 
4.63671e-05 0.000233037 4.77955e-05 
0.000195181 0.00036547 8.62066e-05 
0.000834809 0.000189026 3.20295e-05 
5.70629e-05 6.98347e-05 6.31897e-05 
0.000235548 0.000416715 2.96315e-05 
0.000687577 9.75689e-05 7.64074e-05 
2.27438e-05 0.000334193 8.70128e-05 
0.000555033 0.000127908 2.19814e-05 
0.000755388 6.04034e-05 4.1472e-05 
0.000957819 0.00037547 5.16309e-05 
0.000476359 0.00047957 2.02961e-05 
0.000383269 1.88614e-05 1.88478e-05 
0.000977327 2.66783e-05 2.26707e-05 
0.000311101 2.53426e-05 9.03492e-05 
0.000449011 0.000349365 1.82631e-05 
0.000978446 0.000352992 2.15497e-05 
0.000355759 0.000144014 8.64217e-05 
0.00080068 0.000478628 9.7016e-05 
0.000464281 8.76647e-05 8.05599e-05 
0.000153042 0.000204899 8.4392e-05 
0.000918472 0.000258067 7.37107e-05 
0.000525046 0.000336374 2.7827e-05 
5.23876e-05 0.00011044 6.59529e-05 
0.000116857 0.000105346 1.70138e-05 
0.000164373 0.000477658 2.23281e-05 
0.00090681 0.000380421 8.46372e-05 
0.000490988 6.83824e-05 6.70292e-05 
0.00074217 0.00029397 9.90682e-05 
0.000949412 0.000355292 8.62069e-05 
0.000320967 0.000464621 9.47918e-05 
8.76715e-05 9.47927e-05 5.77221e-05 
0.000746567 0.000121447 7.59093e-05 
0.000364358 0.000207442 2.63269e-05 
0.00052414 0.000443874 4.95644e-05 
0.000217563 0.000479453 2.05481e-05 
9.10088e-05 0.000347975 2.2308e-05 
0.000109201 0.000283297 7.75432e-05 
0.000315447 0.000223665 2.52157e-05 
0.000237553 0.000227823 8.16082e-05 
0.00088244 0.000204487 4.99451e-05 
0.00012318 2.2278e-05 6.68065e-05 
0.000933687 0.000289273 6.1703e-05 
1.80682e-05 8.75565e-05 5.65841e-05 
0.000935697 0.000196866 1.83511e-05 
0.000894171 0.000238751 5.50975e-05 
0.000504925 0.0001385 8.32937e-05 
0.000876263 0.000470577 2.94254e-05 
0.000510787 0.000306377 8.73561e-05 
9.27832e-05 0.000462483 5.01338e-05 
0.000752543 0.000405618 1.96545e-05 
0.000292487 0.000482314 7.08142e-05 
0.000755177 0.000354701 2.09846e-05 
0.000693935 1.72993e-05 1.72481e-05 
0.000632747 5.70163e-05 1.92787e-05 
0.000196225 0.000363094 4.90733e-05 
0.000258175 0.000140597 7.76292e-05 
0.000342693 0.000165639 5.04003e-05 
0.00046396 0.000289933 9.26986e-05 
0.000562287 0.000274225 1.75455e-05 
0.000287693 1.75518e-05 1.75608e-05 
0.000435862 0.000237091 1.84384e-05 
0.000157231 0.000367022 7.66178e-05 
0.000857493 0.000236923 4.32931e-05 
0.000653368 1.79812e-05 1.79778e-05 
0.000246392 0.000314919 8.6924e-05 
0.000400335 0.000481792 5.15777e-05 
0.000729525 2.23921e-05 6.00677e-05 
0.000969493 0.000440608 2.07519e-05 
0.000836861 0.000264258 2.08976e-05 
0.000441618 6.20035e-05 6.1996e-05 
0.000193855 0.00014663 2.17757e-05 
0.000939948 8.53595e-05 9.2211e-05 
0.000349541 0.000288853 3.35349e-05 
0.000133662 0.000423688 1.75956e-05 
0.000106047 0.000286579 2.56107e-05 
0.000373607 0.00019011 6.70669e-05 
0.000783281 0.000236951 1.98253e-05 
0.000509857 5.09553e-05 1.74858e-05 
0.000767203 9.18096e-05 1.93028e-05 
0.000335979 0.000437671 6.52428e-05 
0.000920915 1.80107e-05 6.60506e-05 
0.000934385 0.000117299 1.90737e-05 
0.000469518 0.000358865 8.04582e-05 
0.000955037 0.000137396 8.83038e-05 
0.000698383 0.000415565 8.31386e-05 
2.14887e-05 0.000162328 1.84741e-05 
0.00050365 3.31699e-05 5.3076e-05 
0.0002727 0.000375618 3.28666e-05 
0.000129663 8.19547e-05 7.44878e-05 
0.00019437 0.000342654 1.73744e-05 
0.00079169 0.000424846 1.79399e-05 
0.00085243 0.000112553 4.09796e-05 
0.000314243 0.000354138 7.16876e-05 
0.000544082 0.000256525 4.13762e-05 
0.000776404 4.03836e-05 1.70265e-05 
0.000662881 0.000110709 4.67022e-05 
0.000659365 0.000162171 2.04655e-05 
5.85079e-05 0.000381727 8.84426e-05 
0.000172074 0.000481012 0.000103063 
0.000659795 0.000466107 1.708e-05 
6.41824e-05 0.000472418 2.19684e-05 
0.000108562 0.000323192 4.72667e-05 
0.000878053 0.000169884 0.000100192 
0.000564337 0.000273696 6.53061e-05 
0.000589375 9.69786e-05 9.42331e-05 
2.45886e-05 0.000481276 1.87238e-05 
0.00078521 0.000318071 4.95497e-05 
8.35657e-05 2.77672e-05 6.63622e-05 
0.00046673 0.000224085 8.70332e-05 
0.00037003 0.00047649 2.34664e-05 
1.8101e-05 0.000406124 6.69894e-05 
0.000356801 0.000378462 5.95563e-05 
2.18963e-05 0.000297551 2.18929e-05 
0.000829188 2.09678e-05 0.000102553 
0.000245803 0.000269336 4.35914e-05 
0.000366946 0.000367542 2.06447e-05 
0.000926534 7.67626e-05 1.79195e-05 
0.000273149 9.71817e-05 1.78443e-05 
