0.000843679 0.000421487 3.10534e-05 
7.80761e-05 0.000294586 6.06591e-05 
0.000534091 0.000223068 8.95398e-05 
0.000318497 0.000249542 6.21932e-05 
0.000692382 0.0003323 6.75341e-05 
0.000367827 6.32339e-05 7.36832e-05 
0.000755976 0.000195658 3.09927e-05 
0.000886046 0.000288158 3.57904e-05 
0.000516319 4.00586e-05 9.42983e-05 
0.000775725 0.000235685 8.56337e-05 
0.00063343 0.000365971 2.42403e-05 
0.000183782 0.000381505 1.97438e-05 
0.000831512 0.000286521 7.60312e-05 
0.000201601 0.000214812 7.14567e-05 
0.000488745 0.000386683 3.62695e-05 
0.0008095 0.000157208 6.27459e-05 
0.000443125 0.000341646 5.58597e-05 
0.000231622 0.00036234 2.52289e-05 
0.000527013 0.000160899 3.8805e-05 
0.000889038 0.000236176 1.89333e-05 
0.000919213 0.000332291 6.16324e-05 
0.000418117 0.000302192 5.70372e-05 
0.000943443 5.23474e-05 5.33588e-05 
0.00083842 5.29517e-05 6.69421e-05 
0.000687493 9.10279e-05 2.14021e-05 
0.000275759 0.000301605 2.06131e-05 
8.40233e-05 0.000231164 8.47411e-05 
0.00056452 0.000234115 1.97555e-05 
0.000159903 9.08372e-05 2.98299e-05 
0.000953601 0.000441277 9.01788e-05 
0.000515046 0.000216485 3.31053e-05 
0.000968191 0.000219958 5.68429e-05 
0.000896211 0.000134505 2.57068e-05 
0.000774054 2.10009e-05 4.98099e-05 
6.66381e-05 0.000260384 2.19101e-05 
0.000746528 0.000352082 9.41768e-05 
0.000617151 0.000438403 9.2206e-05 
0.00031265 0.000164482 9.9196e-05 
0.000332307 0.000202151 6.61815e-05 
0.000329167 0.000180354 1.87172e-05 
0.000294904 0.000298821 7.65205e-05 
0.000476882 0.000305896 3.28577e-05 
0.000463029 2.3183e-05 6.83847e-05 
0.000336471 0.000102977 5.66152e-05 
0.000978177 0.000403347 2.17999e-05 
0.000598056 0.000481877 5.60639e-05 
0.000541348 0.00035198 7.6728e-05 
0.000725719 0.000172644 6.54518e-05 
0.000394967 0.000229838 6.40092e-05 
0.000385916 0.000280243 9.38903e-05 
0.000266559 0.000382992 8.05393e-05 
0.000575118 0.00015686 4.93892e-05 
0.000797141 5.3359e-05 8.28859e-05 
0.000843823 0.000462142 7.42292e-05 
9.10475e-05 6.1716e-05 8.042e-05 
0.000192957 0.000110437 8.17257e-05 
0.000972464 8.70521e-05 2.75341e-05 
0.000512312 0.000421619 7.83796e-05 
0.000212924 0.00010148 2.45091e-05 
0.000367336 0.000417083 3.12589e-05 
0.000478885 0.000166491 2.60585e-05 
0.000284209 0.000414655 4.32347e-05 
0.000586572 0.000355807 2.37102e-05 
0.000802105 0.000190764 1.71766e-05 
0.000541942 7.55507e-05 5.89972e-05 
0.00024007 6.88986e-05 6.09542e-05 
0.000514211 0.000479152 1.7398e-05 
0.000397142 6.7475e-05 3.08111e-05 
0.00096984 0.000173086 6.22851e-05 
0.000890241 0.000178759 1.93946e-05 
0.000594275 0.000405563 7.59095e-05 
0.000620799 0.000131743 7.17737e-05 
0.000398081 0.000359228 6.6615e-05 
0.000693399 0.000383037 4.65209e-05 
0.000651711 6.61924e-05 6.3116e-05 
0.000154785 5.13894e-05 7.3178e-05 
0.000865261 0.000164317 5.70675e-05 
0.000445069 0.000114729 3.66387e-05 
0.000617413 0.000198581 8.14437e-05 
0.000709338 0.000127641 4.70983e-05 
0.000785856 0.000151399 2.30086e-05 
6.08412e-05 0.000343387 5.69362e-05 
0.000174166 0.000390652 5.42233e-05 
0.000424377 0.000439777 6.90454e-05 
0.000580943 0.000236249 5.91005e-05 
0.000792309 0.000385241 4.87929e-05 
2.99136e-05 0.000434543 2.99125e-05 
0.000347618 0.000277418 5.54268e-05 
0.000177727 0.000428867 2.88153e-05 
0.000151515 0.000274484 2.03555e-05 
0.000277657 5.63327e-05 2.32757e-05 
0.000822755 0.000474148 2.58529e-05 
0.000670026 0.000146837 6.12753e-05 
0.000980947 0.000295151 1.74972e-05 
0.000132654 0.000253967 5.59875e-05 
0.00086841 0.000336045 8.56688e-05 
0.000209019 2.35546e-05 6.17563e-05 
0.000925782 0.000209813 8.24046e-05 
0.000352135 0.000327151 7.52432e-05 
0.000419239 0.000184493 3.29392e-05 
0.00056299 0.00042127 5.77937e-05 
0.000777343 0.000477555 2.00574e-05 
0.000729542 0.000365375 4.90074e-05 
0.000788968 0.000123772 8.73777e-05 
0.000421208 2.46997e-05 1.93649e-05 
0.000819921 2.92811e-05 2.92556e-05 
0.000293958 6.93794e-05 6.40966e-05 
0.000730456 0.000250053 7.09899e-05 
7.58149e-05 0.00021478 2.46831e-05 
0.000681999 0.000180585 6.25616e-05 
0.000614759 0.000175581 2.6494e-05 
0.000399668 0.000268976 2.69504e-05 
0.000971748 0.000265947 7.14551e-05 
0.000652269 0.000276905 7.87092e-05 
0.000936208 0.000244382 3.027e-05 
0.000596917 0.00013223 2.0735e-05 
8.74036e-05 0.000416326 3.03961e-05 
0.000132442 0.000436218 6.88902e-05 
0.00049253 0.000267663 6.12877e-05 
8.27333e-05 0.000166108 6.92341e-05 
0.000688706 0.000482737 1.72096e-05 
0.000647228 0.000383362 8.12591e-05 
0.000124007 0.000200365 4.3099e-05 
0.000311655 0.000274491 2.45239e-05 
0.000514606 0.000269262 2.1038e-05 
0.000766705 0.000179517 8.38953e-05 
0.000237407 0.000448237 7.08952e-05 
0.000977361 2.26426e-05 6.72823e-05 
0.000677156 0.000353744 2.1051e-05 
0.000229373 0.000224217 2.76751e-05 
0.000909179 0.00040522 3.66552e-05 
0.000413516 2.49841e-05 6.30524e-05 
0.000687253 2.95031e-05 5.16321e-05 
0.000766387 0.000475743 6.29238e-05 
0.000536337 0.0003945 5.98154e-05 
0.000458155 0.000165675 8.617e-05 
0.000659532 0.000214132 3.29392e-05 
0.000412608 8.6839e-05 9.02649e-05 
0.000266829 0.000468755 3.12453e-05 
0.000979279 0.000400893 7.82814e-05 
0.000164739 0.000161163 6.11428e-05 
0.000912864 9.62356e-05 3.62105e-05 
0.000647766 0.000320918 2.30552e-05 
0.000361316 0.000411182 8.52374e-05 
0.000315173 0.000406562 7.39296e-05 
0.000872528 0.000122936 7.22531e-05 
0.000187238 0.000239254 1.80796e-05 
0.000690526 0.000432222 3.07159e-05 
5.55422e-05 2.89717e-05 2.89687e-05 
0.000543268 2.53015e-05 2.52995e-05 
0.000718708 0.000298511 2.06408e-05 
0.0008837 4.34272e-05 3.6472e-05 
0.000213675 0.000268959 1.83521e-05 
0.0009145 0.00013249 7.39235e-05 
0.000298442 0.000171917 4.70835e-05 
0.000801761 0.000336281 8.49883e-05 
0.000528147 0.000267142 7.36386e-05 
0.000732704 0.000289614 5.69847e-05 
0.000199183 0.000320692 6.85157e-05 
0.0007996 0.000442843 5.54837e-05 
0.000823729 0.000226163 2.07606e-05 
0.000599515 0.000406295 2.86318e-05 
2.61566e-05 0.00012022 2.61556e-05 
0.000468283 0.000322911 8.05227e-05 
0.000447129 0.000473392 5.15303e-05 
4.82915e-05 0.000394499 4.96528e-05 
0.000382844 0.0003213 2.80211e-05 
0.000554507 0.000421431 1.91487e-05 
0.000265092 0.000115678 4.96803e-05 
0.000912191 7.72257e-05 7.09184e-05 
0.000614618 0.00025314 8.26883e-05 
0.000804545 0.000207789 6.076e-05 
0.000436417 0.00037468 3.65587e-05 
0.000248444 0.000121772 1.70659e-05 
0.000745095 2.03294e-05 2.03294e-05 
0.000396635 0.000138573 1.98848e-05 
0.000350898 0.000251772 2.09448e-05 
0.000257916 0.00033739 5.56514e-05 
0.000718209 8.13052e-05 5.60454e-05 
0.000763932 0.000315402 1.85856e-05 
0.000866986 0.00041147 8.0586e-05 
0.000637731 0.000126822 2.0434e-05 
0.000616883 2.2013e-05 3.20948e-05 
0.000329712 0.000482965 1.70402e-05 
0.000579487 0.000111337 4.80046e-05 
0.00012478 0.000126099 5.63007e-05 
0.000193828 0.000471908 6.24671e-05 
0.000192358 6.42824e-05 5.16052e-05 
2.19491e-05 4.6332e-05 6.30683e-05 
6.47744e-05 0.000310426 2.25132e-05 
0.00067992 0.000245613 6.94459e-05 
2.25213e-05 0.000477032 5.97486e-05 
0.000759218 0.000429624 5.22767e-05 
0.000445516 0.00025782 6.0286e-05 
0.000623038 0.000454263 2.08298e-05 
0.000837334 7.2677e-05 1.7535e-05 
0.000298622 0.000129432 2.42603e-05 
0.00093211 0.000460796 2.46538e-05 
0.000631459 0.000477947 7.80333e-05 
0.000196484 0.000420415 8.00479e-05 
0.000966838 0.000482852 1.71391e-05 
0.000832023 0.000333377 3.29511e-05 
6.13191e-05 0.000436843 8.23441e-05 
0.000456859 0.000438619 2.56027e-05 
0.000776066 0.000118039 4.83955e-05 
0.000743363 0.000327096 4.95489e-05 
0.000612098 0.000299036 8.78398e-05 
0.000122623 0.000462452 2.16541e-05 
0.000763395 0.000239425 5.0494e-05 
0.000808858 0.000107021 2.29189e-05 
0.000728207 0.000404755 5.12948e-05 
0.000469622 0.00042926 6.94034e-05 
0.000552575 0.000156109 8.24033e-05 
0.000337514 0.000144635 1.79664e-05 
0.000610563 0.000279157 3.39188e-05 
0.000186174 0.000266 5.8119e-05 
0.000495813 0.000102482 6.89241e-05 
0.000565772 0.000192037 2.24177e-05 
0.000436766 0.00048227 1.77265e-05 
0.00051037 0.000182302 7.41384e-05 
0.000748872 0.00012878 2.04236e-05 
0.000225688 0.000177927 1.94785e-05 
0.000102128 0.000417173 0.000107537 
0.000501616 0.000340256 6.00357e-05 
4.68888e-05 0.000193852 5.1137e-05 
0.000674447 0.000275404 3.01835e-05 
0.000579083 2.00192e-05 5.25711e-05 
0.000134977 0.000378682 3.02617e-05 
3.03196e-05 0.000278218 6.91501e-05 
0.000380155 0.000453983 6.0514e-05 
0.000537508 0.000299776 1.7298e-05 
0.000844805 9.09211e-05 7.48352e-05 
0.000728483 9.41873e-05 1.97358e-05 
7.99516e-05 0.000171604 1.90542e-05 
5.94726e-05 0.000373047 1.99489e-05 
0.000278462 0.000203184 7.81057e-05 
0.000972741 0.000211211 2.00957e-05 
0.000274226 0.000243518 2.15246e-05 
0.000834529 0.000182908 9.29835e-05 
0.000887647 0.000348086 2.51029e-05 
0.000675602 0.000127938 1.7561e-05 
2.25663e-05 0.000254431 2.25665e-05 
0.000714705 0.000235553 2.65799e-05 
0.000111112 0.000240875 1.92054e-05 
0.000943938 0.000152359 1.71517e-05 
0.000889607 0.000445352 6.82174e-05 
0.000420035 0.000407367 2.19547e-05 
0.000108238 5.81678e-05 3.13139e-05 
0.000575948 0.000316785 6.19439e-05 
0.000865288 0.000207294 1.84594e-05 
0.000249175 0.000187043 4.94099e-05 
2.11361e-05 0.00036739 5.8999e-05 
0.000775392 0.000276813 6.71295e-05 
0.000240855 2.50559e-05 2.50545e-05 
0.0007962 6.87793e-05 1.76972e-05 
0.000250707 0.000270653 8.12758e-05 
0.000291097 0.000445701 7.04816e-05 
0.000703198 0.000175691 2.56841e-05 
0.000363682 0.000119907 1.80326e-05 
0.000959797 0.000425312 5.22039e-05 
0.000168639 0.000189419 2.17748e-05 
0.000130212 0.000325246 2.09974e-05 
0.000978653 0.00012115 6.20144e-05 
0.000210386 5.75177e-05 1.9778e-05 
0.000978448 0.000135406 2.15524e-05 
0.00079714 0.000288756 2.43346e-05 
0.000391244 0.000481843 8.68002e-05 
7.9336e-05 0.000125952 2.7344e-05 
0.000442281 0.000392099 7.70546e-05 
0.000132403 0.000324091 7.67709e-05 
0.000463007 2.27263e-05 2.26021e-05 
0.000940531 0.000395345 7.93775e-05 
0.000934612 0.000353963 2.23086e-05 
0.000230164 0.000310899 2.62432e-05 
0.000352124 0.000237005 8.24905e-05 
0.000824056 0.000416801 7.577e-05 
0.00097325 0.000473256 5.95567e-05 
0.000229371 0.000139892 4.75755e-05 
0.000398582 0.000193563 0.000116604 
0.000116825 0.000156497 2.08331e-05 
0.00028014 0.000342299 2.01106e-05 
0.000370015 1.97721e-05 7.22105e-05 
0.000643464 0.00043885 5.73674e-05 
2.02779e-05 0.00038597 2.02777e-05 
0.000525079 0.000482672 5.01918e-05 
0.000972973 0.000324428 6.05588e-05 
0.000597656 0.000444226 5.83634e-05 
0.000941226 0.000308123 2.40379e-05 
0.000368147 0.00016349 1.8e-05 
0.00059959 6.85296e-05 6.57028e-05 
0.000884216 9.36426e-05 5.49997e-05 
0.000934573 2.11487e-05 2.11439e-05 
0.000444905 5.77227e-05 1.71704e-05 
0.000680681 0.000472173 7.23599e-05 
0.000699419 5.44024e-05 8.8068e-05 
0.000761974 0.000443125 1.7705e-05 
0.000333974 3.90573e-05 3.53012e-05 
0.000337201 0.000478836 5.369e-05 
0.000672846 5.1627e-05 2.06401e-05 
0.000323596 0.000324822 2.72756e-05 
0.000483047 7.74309e-05 1.93222e-05 
0.000104062 0.000367254 7.94595e-05 
0.000219257 0.000383787 6.3044e-05 
0.00050759 0.000115643 2.66779e-05 
1.92936e-05 6.3321e-05 1.92703e-05 
0.000502032 1.71848e-05 1.71846e-05 
0.000833684 0.000376196 8.57137e-05 
0.000308613 8.41675e-05 1.85935e-05 
4.65557e-05 0.000185282 1.70881e-05 
0.00016425 0.000223822 5.26782e-05 
0.00056956 0.000316836 1.9054e-05 
0.000426267 0.000325893 9.48543e-05 
0.000462791 0.000213297 2.0697e-05 
0.000818566 0.000116272 6.19272e-05 
0.000837813 0.000236868 7.55758e-05 
0.000182375 0.000303863 2.22257e-05 
0.000612971 0.000329887 4.18026e-05 
0.000542407 1.98714e-05 7.01352e-05 
0.000643805 0.000420465 1.88801e-05 
0.000851136 1.83605e-05 7.27705e-05 
0.000317216 0.00044317 2.55361e-05 
0.00042743 0.000310528 1.87677e-05 
0.000981727 6.45386e-05 6.52392e-05 
0.000319127 0.000380938 2.90376e-05 
2.0081e-05 0.000214804 6.82883e-05 
0.000128138 0.000157895 8.96973e-05 
0.000164652 0.000338468 4.05775e-05 
0.000940769 9.97409e-05 5.87539e-05 
0.000409347 0.000451745 2.37286e-05 
0.000471668 0.000207808 5.72031e-05 
6.68247e-05 0.0004826 6.6788e-05 
0.000487888 0.000472304 6.93699e-05 
0.000860856 0.000375966 5.15293e-05 
0.000137531 0.000482501 5.17992e-05 
0.000149746 0.000234412 1.97596e-05 
0.000499217 0.000446887 1.81854e-05 
0.000762484 4.67465e-05 7.63926e-05 
0.000755228 0.000150646 5.24474e-05 
0.000262211 0.000158139 2.21473e-05 
0.000476989 0.000251879 2.03998e-05 
0.000573378 9.30989e-05 1.79207e-05 
0.000805618 1.87239e-05 7.38187e-05 
0.000605651 0.000223824 2.27442e-05 
0.00071672 0.000339951 2.08484e-05 
0.000883547 9.39899e-05 1.75243e-05 
0.000165245 3.06248e-05 3.06235e-05 
0.000613467 2.10557e-05 7.50216e-05 
0.000598792 0.000355584 6.6674e-05 
0.00071658 5.30868e-05 2.3197e-05 
0.000211085 0.000167637 8.12438e-05 
0.000552995 0.000464787 2.45703e-05 
0.000752666 0.000269639 2.40615e-05 
0.000730563 0.000473252 2.67485e-05 
0.000546399 0.000380048 2.32163e-05 
0.000612792 9.29169e-05 2.16757e-05 
0.000779543 0.000421409 8.35044e-05 
0.000535991 0.000298471 5.25087e-05 
0.000754015 0.000397957 8.0944e-05 
2.48521e-05 0.000343305 2.26367e-05 
0.000666764 0.000391424 1.81437e-05 
0.000558869 0.000466637 7.81658e-05 
0.000149925 0.000302849 4.64391e-05 
0.000380385 0.000154278 5.30092e-05 
0.000922226 0.000474255 7.22068e-05 
0.000721015 0.000385616 1.84417e-05 
5.78073e-05 8.05942e-05 2.3042e-05 
0.00065053 1.83883e-05 5.41676e-05 
0.000593267 0.000480868 1.91317e-05 
0.000564906 0.000196129 6.53488e-05 
0.000405301 0.000403163 5.80312e-05 
0.000170624 1.83593e-05 7.77363e-05 
0.000199404 0.000182481 4.4528e-05 
0.000405908 0.000362245 1.96259e-05 
0.000387939 0.000114013 5.11327e-05 
0.000499917 0.000348729 9.43285e-05 
0.000792806 8.06751e-05 5.47691e-05 
0.000807978 0.0002526 4.70753e-05 
0.000698326 0.000280439 7.43688e-05 
0.000831384 0.000151597 2.2525e-05 
0.000570517 0.000382287 5.77264e-05 
0.000982129 0.000174487 1.78716e-05 
0.0001541 0.000139511 2.01376e-05 
0.000480695 5.36792e-05 8.84214e-05 
0.000277565 2.36148e-05 5.57954e-05 
2.04099e-05 0.000211508 2.29808e-05 
0.000643167 0.000317292 6.48661e-05 
0.000274722 0.000200397 2.09009e-05 
0.000704055 0.000225896 8.85355e-05 
0.000573761 4.01652e-05 8.63236e-05 
0.000539374 0.000128892 6.37929e-05 
0.000276069 0.000246792 6.42784e-05 
0.000922126 0.00017009 4.47903e-05 
0.000883303 0.000273647 9.61178e-05 
0.000583965 5.30407e-05 2.39505e-05 
4.54897e-05 0.000233106 4.75428e-05 
0.000191452 0.00036438 8.41274e-05 
0.000835568 0.000190895 3.22158e-05 
5.64573e-05 6.75248e-05 6.25051e-05 
0.000234934 0.000416927 2.9632e-05 
0.000687381 9.75013e-05 7.6847e-05 
2.27439e-05 0.000329016 8.24526e-05 
0.000554428 0.000127982 2.19815e-05 
0.0007561 6.11216e-05 4.10555e-05 
0.000958414 0.00037763 5.0186e-05 
0.00047663 0.0004797 2.0297e-05 
0.000383269 1.88615e-05 1.88478e-05 
0.000977329 3.06105e-05 2.26716e-05 
0.000311522 2.53236e-05 8.98819e-05 
0.000453405 0.000349181 1.82644e-05 
0.000978449 0.000352845 2.15485e-05 
0.000359729 0.000141297 8.86215e-05 
0.000800823 0.000478625 9.26656e-05 
0.000465059 8.35444e-05 7.65897e-05 
0.000153712 0.000202321 8.34531e-05 
0.000918733 0.000259317 7.30683e-05 
0.000523433 0.000338364 2.43885e-05 
5.24209e-05 0.000108026 6.48869e-05 
0.000117181 0.000105167 1.70138e-05 
0.000163882 0.000477671 2.23283e-05 
0.000905946 0.000372698 7.9429e-05 
0.000489468 6.89043e-05 5.48738e-05 
0.000743034 0.000297 9.89491e-05 
0.000949134 0.000356806 8.41689e-05 
0.000324501 0.000468241 9.46126e-05 
8.85987e-05 9.42128e-05 5.72867e-05 
0.000746048 0.000116979 7.44822e-05 
0.000364755 0.000206894 2.63282e-05 
0.000525099 0.000437338 4.20543e-05 
0.000217294 0.000479446 2.05465e-05 
9.32312e-05 0.00034774 2.23072e-05 
0.000114172 0.000288435 7.20676e-05 
0.000315397 0.0002217 2.52156e-05 
0.000241848 0.000229566 7.06919e-05 
0.000887546 0.000203762 4.80149e-05 
0.000127127 2.22775e-05 6.6344e-05 
0.000933541 0.000291128 6.21834e-05 
1.80732e-05 8.40574e-05 5.0297e-05 
0.000936769 0.000197235 1.83509e-05 
0.000894789 0.000238892 5.51987e-05 
0.000502786 0.000138958 6.55202e-05 
0.000879119 0.000470569 2.94262e-05 
0.000507503 0.00030578 8.30185e-05 
9.16464e-05 0.000462476 4.85726e-05 
0.000752499 0.000407037 1.96555e-05 
0.000299783 0.000482313 6.4776e-05 
0.000756073 0.000354159 2.09856e-05 
0.000695006 1.72503e-05 1.72491e-05 
0.000633405 5.76162e-05 1.92773e-05 
0.000195422 0.000359799 4.74008e-05 
0.000263191 0.000147859 6.94676e-05 
0.00034125 0.000162812 5.09667e-05 
0.000469774 0.000288175 8.83023e-05 
0.000561955 0.000274949 1.75451e-05 
0.000289077 1.75537e-05 1.75507e-05 
0.000431149 0.000236216 1.84385e-05 
0.000154575 0.000360923 7.19038e-05 
0.000857141 0.00023741 4.12724e-05 
0.000654083 1.79778e-05 1.79772e-05 
0.000241627 0.0003073 7.61573e-05 
0.000400842 0.00048179 5.17212e-05 
0.000728342 2.23879e-05 5.95632e-05 
0.00097538 0.000445958 2.07545e-05 
0.000836051 0.000265955 2.08974e-05 
0.00044235 6.01307e-05 5.53137e-05 
0.000194302 0.000151252 2.17792e-05 
0.000943358 8.06598e-05 8.89393e-05 
0.00035078 0.000289951 2.18722e-05 
0.000132878 0.000424784 1.75954e-05 
0.000107086 0.000285045 2.56073e-05 
0.000372545 0.000189768 6.74555e-05 
0.00078442 0.000236267 1.9825e-05 
0.000510135 5.12211e-05 1.7484e-05 
0.000767503 9.29675e-05 1.93041e-05 
0.000338168 0.000440693 6.49612e-05 
0.000921747 1.80064e-05 6.60342e-05 
0.000937554 0.000116753 1.90756e-05 
0.00046997 0.000358806 7.8277e-05 
0.000955351 0.000138123 8.86091e-05 
0.00069891 0.000416722 8.33578e-05 
1.84741e-05 0.000163507 1.84738e-05 
0.000504894 3.20936e-05 5.34601e-05 
0.000271707 0.00038033 1.88523e-05 
0.000128627 8.13891e-05 7.47189e-05 
0.000194665 0.000342487 1.73744e-05 
0.000793925 0.000427322 1.79407e-05 
0.000852869 0.000113301 3.75211e-05 
0.000309401 0.000354039 7.13638e-05 
0.000544479 0.00025653 4.13811e-05 
0.000776616 4.01093e-05 1.70284e-05 
0.000662125 0.000110009 4.63212e-05 
0.000659367 0.0001622 2.04635e-05 
5.49481e-05 0.000379841 8.69961e-05 
0.000162219 0.000481001 9.61405e-05 
0.000659029 0.000465555 1.70773e-05 
6.22914e-05 0.000474337 2.19715e-05 
0.000104496 0.000320807 4.86354e-05 
0.000883957 0.000172418 9.67114e-05 
0.000566757 0.000275012 6.2351e-05 
0.000581199 9.97195e-05 8.95312e-05 
2.23226e-05 0.000481273 1.8724e-05 
0.000785272 0.000321706 4.6449e-05 
8.76874e-05 2.666e-05 6.25641e-05 
0.000468463 0.000225163 8.67099e-05 
0.000369182 0.000476527 2.34657e-05 
1.80996e-05 0.000405912 6.65998e-05 
0.000355485 0.000377821 6.00359e-05 
2.18988e-05 0.00029888 2.18931e-05 
0.000829373 2.34823e-05 0.000102051 
0.000245724 0.000268477 4.25203e-05 
0.000365854 0.0003663 2.06432e-05 
0.000930465 7.18026e-05 1.79167e-05 
0.000272814 9.67961e-05 1.78375e-05 
