0.000833929 0.000411753 4.91284e-05 
8.2531e-05 0.00029539 0.000129124 
0.00052348 0.000207856 0.000186124 
0.000315774 0.000239138 0.000185139 
0.000675356 0.00033424 0.000116626 
0.00036391 7.91507e-05 0.000163372 
0.000727771 0.000217475 0.000109268 
0.000856996 0.000300947 0.000119967 
0.000525076 5.71463e-05 0.000199512 
0.000782773 0.000237932 0.000194877 
0.000634165 0.000369528 9.78559e-05 
0.000174006 0.000397262 4.98346e-05 
0.000828014 0.000303154 0.000189492 
0.000208201 0.000217062 0.000139926 
0.000490942 0.00037903 5.87248e-05 
0.00080486 0.000162102 0.000160284 
0.000438496 0.000374364 0.000124859 
0.000237407 0.000364775 7.5311e-05 
0.000524075 0.00014108 0.000127778 
0.000888467 0.000241471 4.5936e-05 
0.000917065 0.000330819 0.000119607 
0.000419698 0.000307286 9.94367e-05 
0.000938776 6.16284e-05 0.000128719 
0.000871985 4.24315e-05 0.000135766 
0.000696043 8.80136e-05 7.71255e-05 
0.000263592 0.000304654 0.000110931 
8.34004e-05 0.000234848 0.000179438 
0.000554559 0.000235013 4.83138e-05 
0.000183322 9.52144e-05 9.64285e-05 
0.000971079 0.000462443 0.000198106 
0.000534193 0.000215743 0.000106452 
0.000964136 0.000205492 0.00010752 
0.00088068 0.000146742 4.04674e-05 
0.000763509 2.74411e-05 0.000131682 
6.21773e-05 0.000265703 9.32138e-05 
0.000721835 0.000342632 0.000181921 
0.000610149 0.000437586 0.000188414 
0.000306657 0.000171456 0.000191917 
0.000346905 0.000222631 0.000137087 
0.000322277 0.000180749 6.75463e-05 
0.000303663 0.000305533 0.000150613 
0.000486237 0.000309458 4.93046e-05 
0.000452896 3.93469e-05 0.000139164 
0.000339847 0.000109116 0.000122488 
0.000963408 0.000400681 7.75654e-05 
0.000569905 0.00046487 0.000141958 
0.000548657 0.000347694 0.000175846 
0.000703023 0.000160468 0.000171075 
0.000399631 0.000219496 0.00011441 
0.000417343 0.000255564 0.000189901 
0.000253791 0.0003741 0.000189241 
0.000564727 0.000173344 0.000134847 
0.000799119 5.31054e-05 0.000197897 
0.000854411 0.000459806 0.000156234 
9.07789e-05 6.17178e-05 0.000174143 
0.000157644 8.57419e-05 0.0001746 
0.000961999 8.45838e-05 7.75096e-05 
0.000515856 0.000413615 0.00017133 
0.000217782 9.38493e-05 4.15591e-05 
0.000359182 0.000425497 8.20268e-05 
0.000490928 0.000164409 7.70713e-05 
0.00029336 0.000400233 9.26106e-05 
0.000608133 0.00034835 4.23442e-05 
0.000791047 0.000181977 6.45552e-05 
0.000551652 8.1607e-05 0.000101481 
0.000229451 9.65413e-05 0.000151899 
0.0005219 0.000465532 6.77288e-05 
0.000397196 7.64792e-05 4.53961e-05 
0.000953425 0.000181271 0.000186777 
0.000890299 0.000191036 5.50987e-05 
0.000575155 0.000396868 0.00017442 
0.000628785 0.00014093 0.000168878 
0.000388846 0.000367579 0.000168832 
0.000676083 0.00038647 0.00010496 
0.000640969 7.60691e-05 0.000168648 
0.000157428 4.38885e-05 0.000115461 
0.000883747 0.000151121 0.000107666 
0.000454381 0.000113481 5.98542e-05 
0.000649231 0.000203333 0.000183733 
0.000705959 0.000157959 0.000113225 
0.000805772 0.000160144 0.000103211 
6.92619e-05 0.000342163 0.000161132 
0.000143433 0.000377546 0.000130347 
0.000438496 0.000426985 0.000161646 
0.000606421 0.000244418 0.000126464 
0.000793927 0.000365121 0.000122258 
3.92263e-05 0.000431267 4.6108e-05 
0.00035137 0.000289286 0.000190771 
0.000176137 0.00043514 8.42036e-05 
0.00014147 0.000277426 6.37935e-05 
0.000274543 6.37411e-05 7.30483e-05 
0.000823299 0.000450868 0.000108251 
0.00068666 0.000131593 0.000193958 
0.000979885 0.000297383 6.88117e-05 
0.000116216 0.000269395 0.000109347 
0.0008847 0.000331972 0.000199628 
0.000211498 4.46451e-05 0.000171118 
0.000892882 0.0002115 0.000192103 
0.000372567 0.000318016 0.00013055 
0.000424183 0.000196192 6.09647e-05 
0.000568031 0.00039391 0.000126873 
0.000761407 0.000463451 6.18901e-05 
0.000707078 0.000370582 0.000135458 
0.000784781 0.000113943 0.000189887 
0.000411162 4.34177e-05 0.000114241 
0.000828 3.03113e-05 7.64934e-05 
0.000288509 8.24372e-05 0.00017337 
0.000725362 0.000259382 0.000156505 
9.56364e-05 0.000214882 9.04703e-05 
0.000667766 0.000195502 0.000136936 
0.000600046 0.000183438 9.382e-05 
0.00040189 0.000269027 6.83779e-05 
0.000967818 0.000246401 0.000181068 
0.000641804 0.000272259 0.000181193 
0.00093552 0.000244151 9.05848e-05 
0.000606093 0.000128776 4.54052e-05 
6.97744e-05 0.000414827 0.00011035 
0.000148942 0.000435858 0.000161622 
0.000492091 0.000298993 0.000137032 
6.55348e-05 0.000150249 0.000166873 
0.000675207 0.000463871 8.97869e-05 
0.000662748 0.000383447 0.000191765 
0.00013941 0.000210208 0.000124411 
0.000310654 0.000278264 5.15063e-05 
0.000526693 0.000287258 0.000100561 
0.000754439 0.000186412 0.000180605 
0.00024773 0.000466168 0.000179723 
0.000971377 3.5544e-05 0.000158252 
0.000675865 0.00036176 4.3782e-05 
0.000235702 0.000244381 0.000102107 
0.000890908 0.000396312 9.34452e-05 
0.000409465 3.9401e-05 0.000172639 
0.000702352 4.62209e-05 0.000124562 
0.000760659 0.00046851 0.00017629 
0.000510235 0.000393553 0.000128344 
0.000448996 0.00015153 0.00012195 
0.000653726 0.0002107 6.42598e-05 
0.00041848 0.000108493 0.000195417 
0.000263223 0.000447369 0.000114368 
0.000977204 0.000381488 0.000157098 
0.000167784 0.000174073 0.000157457 
0.000901565 9.77173e-05 0.000123563 
0.000662913 0.000307894 6.25308e-05 
0.000356766 0.000414566 0.00019029 
0.000318906 0.000393141 0.000151352 
0.000869105 0.000125264 0.000182538 
0.00018488 0.000229969 4.00336e-05 
0.000710468 0.000445535 4.99802e-05 
5.73153e-05 4.22295e-05 8.94179e-05 
0.000528897 3.09772e-05 7.70797e-05 
0.000731403 0.000289303 7.9539e-05 
0.000899014 4.67842e-05 5.51882e-05 
0.000227231 0.000261327 5.14562e-05 
0.000910769 0.000144956 0.000197862 
0.00030811 0.000160838 0.000136091 
0.000787153 0.000346246 0.000182948 
0.000518719 0.000266057 0.000171027 
0.000720154 0.000303209 0.000127473 
0.000199584 0.000320777 0.000150828 
0.000785186 0.000444309 0.000141362 
0.000829664 0.000228178 4.70667e-05 
0.00061263 0.00040342 5.77979e-05 
3.70459e-05 0.000112984 5.84839e-05 
0.000461081 0.000329604 0.000171029 
0.000466048 0.000465083 0.00014485 
3.08536e-05 0.000391728 0.000154627 
0.000368872 0.000332118 5.3707e-05 
0.000556225 0.000409031 7.10676e-05 
0.000283285 0.000114098 0.000127253 
0.000907186 6.29484e-05 0.000181002 
0.000598483 0.000238903 0.000196712 
0.000812343 0.000211665 0.000130502 
0.000422354 0.000385351 8.38593e-05 
0.000248508 0.000126785 7.93637e-05 
0.00074409 3.79938e-05 7.30961e-05 
0.000400144 0.00013728 8.60075e-05 
0.000350548 0.000247199 8.97084e-05 
0.000243465 0.000350091 0.000142468 
0.000721167 8.17147e-05 0.000166041 
0.000755936 0.000318869 4.49887e-05 
0.000887808 0.00040809 0.000162267 
0.000638587 0.000137561 0.000114294 
0.000612055 4.12959e-05 8.57588e-05 
0.000349964 0.000470683 0.000109045 
0.000582274 0.000122057 0.000126608 
0.000119365 0.000125425 0.000105794 
0.000204083 0.000470535 0.000123921 
0.000200153 4.85397e-05 0.000120652 
4.73015e-05 6.24211e-05 0.000188393 
8.01469e-05 0.00031795 7.96045e-05 
0.000660529 0.000241932 0.000149138 
3.35228e-05 0.000460928 0.000139434 
0.000747485 0.000421763 0.000155989 
0.000447692 0.000265411 0.000133385 
0.000607214 0.000461053 7.93863e-05 
0.000826378 7.88352e-05 0.000120873 
0.000299421 0.000121066 8.17035e-05 
0.000917193 0.000456662 7.47886e-05 
0.000645282 0.000467032 0.000175941 
0.000203147 0.000409222 0.000182819 
0.000945729 0.000476497 4.59116e-05 
0.000820933 0.000342454 5.22756e-05 
4.68113e-05 0.000449059 0.000193304 
0.000463455 0.000447639 8.25421e-05 
0.000774266 0.000115011 0.00013952 
0.000746062 0.000326538 0.000104897 
0.000589784 0.000301511 0.000198527 
0.000104982 0.000454153 5.92363e-05 
0.000761054 0.000230214 0.000145152 
0.000808043 8.10667e-05 4.44379e-05 
0.000726235 0.000399191 8.95722e-05 
0.000472265 0.000404768 0.000135455 
0.00056132 0.000149907 0.000173942 
0.000331831 0.000146955 4.49746e-05 
0.000595478 0.000286119 4.66017e-05 
0.000198846 0.000254882 0.000192767 
0.000509952 0.000105349 0.000175346 
0.000559079 0.000193683 4.0047e-05 
0.000422348 0.000471986 6.89379e-05 
0.000480491 0.000176042 0.000164965 
0.000748847 0.000134482 6.67396e-05 
0.000212936 0.000173992 7.32048e-05 
0.000109578 0.000434269 0.000198628 
0.00048781 0.000318948 0.000107894 
4.88516e-05 0.000186259 0.000122022 
0.000677954 0.00026508 0.000106634 
0.00059002 3.51519e-05 0.000145659 
0.00012766 0.000379788 6.98989e-05 
3.16098e-05 0.000286177 0.000160077 
0.000369335 0.000425517 0.000131074 
0.000536384 0.00030121 4.56494e-05 
0.000847861 8.0915e-05 0.000196249 
0.00073034 9.54737e-05 4.13508e-05 
6.95358e-05 0.000155737 4.9719e-05 
7.79119e-05 0.000372049 4.91737e-05 
0.000267135 0.000214689 0.000199074 
0.000963576 0.000209728 6.5597e-05 
0.000267122 0.000233265 4.01969e-05 
0.000831076 0.000174398 0.00019999 
0.000876268 0.00032274 6.2108e-05 
0.000668871 0.000126434 8.36921e-05 
2.35627e-05 0.000251939 7.48442e-05 
0.00071858 0.00025314 4.89487e-05 
0.000112471 0.000246362 4.75146e-05 
0.000947792 0.000144567 4.84878e-05 
0.000875908 0.000460985 0.000111019 
0.000431643 0.000417317 5.21373e-05 
0.000119386 6.78912e-05 5.8617e-05 
0.000576843 0.00030866 0.000129379 
0.000868881 0.000217224 8.44578e-05 
0.000263219 0.000193613 0.00014208 
3.19617e-05 0.000339052 0.000122654 
0.000785779 0.000277281 0.000161226 
0.000241216 3.72586e-05 0.000109509 
0.000792788 6.66926e-05 0.000114135 
0.000271576 0.000273738 0.000179033 
0.000301998 0.000437967 0.000158017 
0.000707042 0.000169451 5.47724e-05 
0.000344598 0.000108737 5.30141e-05 
0.000971908 0.000421075 0.000183457 
0.000162792 0.000173943 7.67055e-05 
0.000154017 0.000328102 4.70545e-05 
0.000970394 0.000102642 0.000150085 
0.000222672 5.41078e-05 6.17961e-05 
0.000962254 0.000136013 0.000117368 
0.000804144 0.00026684 6.27135e-05 
0.000396503 0.000475149 0.00018171 
6.35736e-05 0.000128818 0.000102717 
0.000449736 0.000376854 0.000186961 
0.000141939 0.000308299 0.000187489 
0.000479468 2.39691e-05 8.78252e-05 
0.000941849 0.000381186 0.000187129 
0.000915813 0.000359446 4.72754e-05 
0.000223313 0.000304402 6.80047e-05 
0.000365435 0.000218687 0.000182689 
0.000826651 0.000405952 0.000162886 
0.000956495 0.00046382 0.000150148 
0.000220315 0.000159129 0.000120294 
0.000428278 0.000178482 0.000194715 
0.000117403 0.000165678 6.56373e-05 
0.000275958 0.000318028 5.35213e-05 
0.000346321 2.70624e-05 0.000163355 
0.000663964 0.00045304 0.000134173 
2.69437e-05 0.000390438 8.67889e-05 
0.000502777 0.000476147 0.000161567 
0.000971691 0.000315806 0.000135118 
0.000626201 0.00041347 0.00011998 
0.000935386 0.000301157 4.30569e-05 
0.000365194 0.000187462 7.66785e-05 
0.000569518 7.56636e-05 0.000168986 
0.000880109 8.25358e-05 0.000152779 
0.00095457 2.24542e-05 6.11032e-05 
0.000448673 5.87871e-05 5.99754e-05 
0.000709228 0.000462979 0.00016769 
0.000688014 5.6787e-05 0.000199895 
0.000772437 0.000417811 9.84015e-05 
0.000346931 4.3962e-05 8.355e-05 
0.000339764 0.000456186 0.000156415 
0.000661961 5.32004e-05 7.58641e-05 
0.000325374 0.000323569 8.70454e-05 
0.000503015 8.34998e-05 0.000133194 
0.000121884 0.00037503 0.000194336 
0.000232852 0.000402472 0.000128641 
0.000516428 0.000102353 4.14397e-05 
2.03078e-05 8.28246e-05 0.000153409 
0.000500923 2.40127e-05 4.49465e-05 
0.000859416 0.000380037 0.000189157 
0.000314292 7.966e-05 4.70212e-05 
4.22012e-05 0.000204194 4.36999e-05 
0.000165421 0.000244121 0.000148687 
0.00055881 0.000321178 7.1267e-05 
0.000418448 0.000312518 0.000178057 
0.000481952 0.000216159 5.74518e-05 
0.000830763 0.000112028 0.000160061 
0.000845491 0.000257524 0.000170808 
0.000171347 0.000298159 9.57805e-05 
0.000622788 0.000329631 8.05123e-05 
0.000542185 3.92889e-05 0.000136935 
0.000650055 0.000430213 8.60265e-05 
0.000852954 2.38479e-05 0.0001758 
0.000301613 0.000444491 6.03232e-05 
0.000427089 0.00030943 5.35231e-05 
0.000972633 6.49694e-05 0.000186365 
0.000310998 0.000368191 5.10655e-05 
2.97884e-05 0.000209136 0.000174697 
0.000123205 0.000128434 0.000166574 
0.000169885 0.000344028 0.000114952 
0.00093482 0.000109626 0.000169415 
0.000415694 0.000458031 0.000108438 
0.00048222 0.000198013 0.000120362 
8.17399e-05 0.000469915 0.00014341 
0.000477211 0.000463046 0.000197269 
0.000872474 0.000358124 0.000145753 
0.000127131 0.000479178 0.000113674 
0.000163985 0.000220951 7.17286e-05 
0.000501189 0.000453549 0.000112228 
0.000766362 3.7776e-05 0.000174186 
0.000766671 0.000150504 0.000115215 
0.000254068 0.000154728 4.68273e-05 
0.000493823 0.000255475 9.23132e-05 
0.000603647 0.000103966 8.60044e-05 
0.000814169 2.16793e-05 0.000158336 
0.000599598 0.000225649 6.793e-05 
0.000713074 0.000332937 5.64823e-05 
0.000871083 0.00011292 7.79461e-05 
0.000171514 3.27792e-05 6.24435e-05 
0.000597571 3.25264e-05 0.000199859 
0.000600334 0.000351169 0.00015661 
0.0007093 5.34889e-05 4.28088e-05 
0.000217723 0.000162495 0.000180877 
0.000554895 0.000462946 9.60862e-05 
0.000767137 0.000276136 0.000107755 
0.000717305 0.000460894 0.000106229 
0.000553432 0.000368465 4.12136e-05 
0.000621521 9.86633e-05 0.000124934 
0.00078201 0.000426169 0.000182919 
0.000537599 0.000304479 0.000148288 
0.000769109 0.000390074 0.000192741 
2.51981e-05 0.000344527 4.92653e-05 
0.000674682 0.000406686 6.20096e-05 
0.000548117 0.000466567 0.00018633 
0.000155117 0.000301441 0.000148525 
0.000387304 0.000135349 0.000162394 
0.000907329 0.000473828 0.000166414 
0.000736856 0.000372307 4.14416e-05 
5.44055e-05 6.25316e-05 4.04956e-05 
0.000670917 2.37549e-05 0.000158513 
0.000575482 0.000465834 5.39792e-05 
0.00056902 0.000206093 0.000166881 
0.000405306 0.000420896 0.000129743 
0.000172169 1.86148e-05 0.000150848 
0.000186331 0.000190522 0.000115253 
0.000400269 0.000354125 8.39157e-05 
0.000396646 9.14926e-05 0.000127284 
0.000494986 0.00035334 0.000198691 
0.000791259 6.6301e-05 0.000157834 
0.000812741 0.000258498 0.000116542 
0.000696095 0.000294801 0.000189594 
0.000818848 0.000146774 5.981e-05 
0.000562474 0.000363054 9.72707e-05 
0.000974317 0.000167238 4.16907e-05 
0.000145714 0.000128936 6.10321e-05 
0.000479306 3.4927e-05 0.0001928 
0.00027282 4.57522e-05 0.000144724 
2.15979e-05 0.000212057 0.000109448 
0.000628824 0.000325886 0.000137704 
0.0002837 0.000204671 9.80001e-05 
0.000688835 0.000242881 0.000174786 
0.000553546 3.16395e-05 0.000178961 
0.000537294 0.000130579 0.000197466 
0.000269474 0.000238136 0.000150594 
0.000909948 0.000173985 0.000143324 
0.000909122 0.000269276 0.000189127 
0.000567146 7.70037e-05 4.28354e-05 
4.22468e-05 0.000230826 0.000135428 
0.000199167 0.000356539 0.000197408 
0.000844004 0.000172911 0.000124032 
6.57597e-05 7.59666e-05 0.000122812 
0.00025181 0.000418039 4.93792e-05 
0.000703136 0.0001152 0.000146631 
3.27928e-05 0.000365472 0.000197874 
0.000548571 0.000150635 6.08214e-05 
0.000744721 7.04792e-05 0.000117391 
0.000951845 0.000373814 0.00012411 
0.000484366 0.00047886 5.01028e-05 
0.000378538 3.60579e-05 0.000135347 
0.000961362 2.27179e-05 0.000109155 
0.00031104 3.42689e-05 0.000197945 
0.000444987 0.000337634 7.19426e-05 
0.000969542 0.000351579 7.62426e-05 
0.000349487 0.000123121 0.000181269 
0.000810875 0.000471565 0.000190964 
0.000465899 8.43282e-05 0.000179665 
0.000151952 0.000221569 0.000184618 
0.000916683 0.000271715 0.000136917 
0.000524666 0.000340988 0.000108105 
3.37093e-05 0.000105457 0.000196235 
0.000107523 0.000112907 4.11812e-05 
0.000153334 0.000471847 4.77178e-05 
0.000908337 0.000381338 0.00019794 
0.000524557 7.01927e-05 0.000161902 
0.000749761 0.000290864 0.00019448 
0.000952974 0.00034156 0.000187262 
0.000303302 0.000472119 0.000192844 
8.60523e-05 9.99131e-05 0.00014937 
0.00073939 0.000132065 0.000173545 
0.000359209 0.000223534 4.68688e-05 
0.000529932 0.000453944 0.000141441 
0.000234131 0.000477457 5.98328e-05 
8.23005e-05 0.000356332 0.000112892 
9.76383e-05 0.000287321 0.000165542 
0.000313174 0.000254763 0.000118335 
0.000229301 0.000218844 0.00017797 
0.00086372 0.000203337 0.000147688 
0.000117764 2.28465e-05 0.000149698 
0.000932637 0.000294678 9.42558e-05 
1.81025e-05 9.98382e-05 0.00011872 
0.000923168 0.000190468 8.32688e-05 
0.000892146 0.000227206 0.000137179 
0.000496545 0.000141999 0.000196508 
0.000854463 0.000469137 4.53587e-05 
0.000500619 0.000309084 0.000180857 
0.00011386 0.000440447 0.000118646 
0.00076096 0.00040839 5.42757e-05 
0.000291837 0.000477682 0.00015227 
0.000753063 0.000353016 7.26449e-05 
0.000697372 3.97805e-05 8.27153e-05 
0.000611126 4.81847e-05 4.07337e-05 
0.000188977 0.000371562 8.61001e-05 
0.000252512 0.000140013 0.000193199 
0.000344047 0.000182584 0.000114149 
0.00046338 0.00029591 0.000195628 
0.000572699 0.000262139 9.0811e-05 
0.000278296 2.2233e-05 4.73037e-05 
0.000455325 0.000254892 5.12954e-05 
0.000169786 0.000376768 0.00017093 
0.000861415 0.000243718 0.000111505 
0.000662461 3.56719e-05 0.000116664 
0.000260794 0.000312322 0.000198388 
0.000397947 0.000458267 0.000148824 
0.000712064 2.47576e-05 0.000171421 
0.000955573 0.000441105 9.97784e-05 
0.000854924 0.000271577 4.19119e-05 
0.000451576 7.37626e-05 0.000111032 
0.000188451 0.000145748 5.32472e-05 
0.000936837 8.5496e-05 0.000197614 
0.000362586 0.00028826 9.18294e-05 
0.000136049 0.000427408 5.68647e-05 
7.90134e-05 0.000275698 4.15226e-05 
0.000391405 0.000184653 0.000152679 
0.000764606 0.000232519 5.13861e-05 
0.000494886 7.84508e-05 9.33087e-05 
0.000765001 8.47897e-05 7.68726e-05 
0.000314693 0.000441316 0.000113834 
0.000907705 2.45281e-05 0.000138172 
0.000923149 0.000132861 8.72574e-05 
0.000471581 0.000359064 0.000142652 
0.000965413 0.000131278 0.000189634 
0.00072273 0.000405452 0.000190166 
2.30683e-05 0.000160274 7.4534e-05 
0.000500655 2.37284e-05 0.000141853 
0.000277092 0.0003765 0.000131974 
0.000120504 6.45576e-05 0.00013468 
0.000189756 0.000338894 6.35362e-05 
0.000797964 0.000443666 6.97767e-05 
0.000840349 0.000124168 0.000115222 
0.000311602 0.000347048 0.000198258 
0.000544748 0.000260017 0.000134126 
0.00077606 3.4899e-05 5.34352e-05 
0.000667702 0.000108415 0.000125102 
0.000638705 0.000157374 4.932e-05 
7.24278e-05 0.000393479 0.000199495 
0.000196289 0.000477361 0.000170623 
0.000657446 0.000461319 4.88837e-05 
5.75093e-05 0.000473157 8.78272e-05 
0.000118702 0.000320477 0.000116485 
0.000871017 0.000164307 0.000187147 
0.00056699 0.000275601 0.000164579 
0.000604995 9.92406e-05 0.000194738 
3.73998e-05 0.00048102 4.84582e-05 
0.000753676 0.000315213 0.000153335 
6.93196e-05 4.5216e-05 0.000143704 
0.000468925 0.000219022 0.000180172 
0.000388173 0.000470889 4.49077e-05 
1.83747e-05 0.000430543 0.000110134 
0.000361297 0.000385688 0.000115891 
2.24858e-05 0.000297389 7.41768e-05 
0.000816441 2.08583e-05 0.000199535 
0.000232817 0.000274732 0.000152123 
0.00036641 0.000382495 4.81435e-05 
0.000913273 0.000101803 6.6851e-05 
0.000277205 0.000108999 4.57439e-05 
