0.000843757 0.000421584 3.10542e-05 
7.83091e-05 0.000294113 6.06089e-05 
0.000533842 0.000222689 8.96008e-05 
0.000318535 0.00024926 6.22294e-05 
0.000692362 0.000332271 6.75596e-05 
0.000367855 6.30793e-05 7.37329e-05 
0.000755802 0.000195531 3.09919e-05 
0.000885964 0.000288038 3.5791e-05 
0.000516322 3.95367e-05 9.44621e-05 
0.000775567 0.000235797 8.57369e-05 
0.000633525 0.000365994 2.42389e-05 
0.000184244 0.00038158 1.97448e-05 
0.000831452 0.000286508 7.60559e-05 
0.000202049 0.00021486 7.19263e-05 
0.000488921 0.000386927 3.62745e-05 
0.000809408 0.000157498 6.27505e-05 
0.000442923 0.000341436 5.55918e-05 
0.000231886 0.000362461 2.5229e-05 
0.000526116 0.000160897 3.75444e-05 
0.000889695 0.000236096 1.89339e-05 
0.00091868 0.000332621 6.15707e-05 
0.000418079 0.000301703 5.67827e-05 
0.000943384 5.25632e-05 5.37092e-05 
0.000838474 5.37746e-05 6.63962e-05 
0.000687777 9.11133e-05 2.14029e-05 
0.000275918 0.000301759 2.06136e-05 
8.39517e-05 0.000231235 8.4799e-05 
0.000564398 0.000233972 1.97556e-05 
0.000159853 9.08277e-05 2.98303e-05 
0.000952013 0.00044166 8.94997e-05 
0.000514782 0.000216729 3.31024e-05 
0.000968825 0.000220092 5.68313e-05 
0.000896569 0.000134275 2.57047e-05 
0.00077427 2.10012e-05 4.97591e-05 
6.66934e-05 0.000260338 2.191e-05 
0.000746277 0.000352538 9.44326e-05 
0.000616992 0.000437868 9.20153e-05 
0.000312586 0.000163061 9.88524e-05 
0.000331521 0.000201558 6.63229e-05 
0.000329582 0.000180063 1.87162e-05 
0.000294908 0.00029865 7.65448e-05 
0.000476768 0.000305594 3.28592e-05 
0.000462918 2.31834e-05 6.83878e-05 
0.000336544 0.000102855 5.6657e-05 
0.000978196 0.000403625 2.18003e-05 
0.000597956 0.000481877 5.60963e-05 
0.00054118 0.00035197 7.62238e-05 
0.000725457 0.000173236 6.5554e-05 
0.00039511 0.000229394 6.4326e-05 
0.000385711 0.00028005 9.36635e-05 
0.000266442 0.000383147 8.02126e-05 
0.000574906 0.000156766 4.94607e-05 
0.000797028 5.33806e-05 8.25347e-05 
0.000844136 0.000462328 7.41164e-05 
9.12218e-05 6.1267e-05 8.04249e-05 
0.000192965 0.000110441 8.16847e-05 
0.000972465 8.6946e-05 2.75346e-05 
0.000512872 0.000423289 7.69914e-05 
0.000212872 0.000101475 2.4509e-05 
0.000367291 0.000416597 3.12553e-05 
0.000477751 0.000167217 2.60586e-05 
0.000284209 0.00041438 4.25953e-05 
0.000586651 0.00035583 2.37088e-05 
0.000802105 0.000190764 1.71766e-05 
0.000541943 7.52974e-05 5.94462e-05 
0.000240105 6.89207e-05 6.09125e-05 
0.000514212 0.000479309 1.73975e-05 
0.000397079 6.74683e-05 3.0811e-05 
0.000970141 0.00017278 6.2362e-05 
0.000889976 0.000178443 1.93952e-05 
0.000594383 0.000405739 7.59163e-05 
0.000620944 0.000132069 7.18656e-05 
0.000398006 0.000359201 6.66076e-05 
0.00069348 0.00038301 4.64479e-05 
0.00065199 6.58239e-05 6.32786e-05 
0.000155231 5.1807e-05 7.30631e-05 
0.000865647 0.000164286 5.69029e-05 
0.000445022 0.000114765 3.66385e-05 
0.000617544 0.000198281 8.15469e-05 
0.00070912 0.000127522 4.71571e-05 
0.000785839 0.000151377 2.30069e-05 
6.08915e-05 0.000343304 5.66224e-05 
0.000174712 0.000390581 5.42841e-05 
0.000424385 0.000439817 6.9048e-05 
0.000580847 0.000236283 5.90838e-05 
0.000792303 0.000385294 4.84416e-05 
2.99156e-05 0.000434642 2.99154e-05 
0.000347584 0.000277457 5.10536e-05 
0.000177534 0.000428825 2.88141e-05 
0.000151858 0.000274177 2.03547e-05 
0.00027773 5.63481e-05 2.32754e-05 
0.000822602 0.00047415 2.58495e-05 
0.000668893 0.000147538 5.68963e-05 
0.000980947 0.000295151 1.74972e-05 
0.000132858 0.000253551 5.61313e-05 
0.000868014 0.000335777 8.59679e-05 
0.000209082 2.35543e-05 6.17381e-05 
0.000926346 0.000209967 8.22056e-05 
0.000352048 0.00032716 7.53105e-05 
0.00041954 0.000184364 3.29362e-05 
0.000563258 0.000421713 5.77677e-05 
0.000777237 0.000478155 2.00574e-05 
0.000729617 0.000365243 4.89737e-05 
0.000789895 0.000124738 8.68655e-05 
0.000421219 2.46999e-05 1.93649e-05 
0.000819992 2.9258e-05 2.92557e-05 
0.000294001 6.92895e-05 6.4141e-05 
0.000730382 0.000250036 7.09627e-05 
7.58436e-05 0.000214729 2.4683e-05 
0.000681824 0.000180468 6.25558e-05 
0.000614598 0.000175564 2.64939e-05 
0.00039931 0.000268338 2.69505e-05 
0.000971749 0.00026684 7.15746e-05 
0.000652375 0.000276821 7.88005e-05 
0.000936829 0.000244503 3.02695e-05 
0.000596711 0.000132234 2.07357e-05 
8.73017e-05 0.000416078 3.03967e-05 
0.000132246 0.000436197 6.88884e-05 
0.000492961 0.000265655 5.84952e-05 
8.22713e-05 0.000166234 6.90973e-05 
0.000688764 0.000482778 1.72096e-05 
0.000647356 0.000383279 8.12434e-05 
0.000123955 0.000200264 4.32676e-05 
0.000311343 0.000274056 2.45246e-05 
0.000515016 0.000269508 2.10381e-05 
0.000766733 0.000179605 8.39223e-05 
0.000237462 0.000448327 7.09166e-05 
0.000977356 2.26411e-05 6.70223e-05 
0.00067715 0.000353671 2.10513e-05 
0.000229323 0.000224195 2.76753e-05 
0.000909231 0.000405258 3.66547e-05 
0.000413503 2.49853e-05 6.30351e-05 
0.000686739 2.90518e-05 5.15877e-05 
0.000766477 0.00047563 6.29413e-05 
0.000536535 0.000395006 5.96857e-05 
0.000458342 0.000165576 8.62519e-05 
0.000659426 0.00021406 3.29398e-05 
0.000412561 8.68735e-05 9.02676e-05 
0.000266917 0.000468751 3.12449e-05 
0.000979269 0.000401915 7.74226e-05 
0.000164977 0.000161117 6.04083e-05 
0.000913475 9.61687e-05 3.63244e-05 
0.000647707 0.000320892 2.3054e-05 
0.000360912 0.000411191 8.5244e-05 
0.000315504 0.00040727 7.32181e-05 
0.000872534 0.000122366 7.0693e-05 
0.000187231 0.000239351 1.80796e-05 
0.000690625 0.000432223 3.07173e-05 
5.55262e-05 2.89688e-05 2.8969e-05 
0.000543042 2.53088e-05 2.53004e-05 
0.000718637 0.000298384 2.06403e-05 
0.000883852 4.30549e-05 3.64699e-05 
0.00021358 0.000268995 1.83522e-05 
0.000914134 0.000132986 7.4211e-05 
0.000298601 0.000171962 4.69061e-05 
0.000801182 0.000336025 8.46395e-05 
0.000527497 0.000266649 7.35407e-05 
0.000732742 0.000289594 5.69668e-05 
0.000199096 0.000320658 6.83715e-05 
0.000799783 0.000442779 5.56686e-05 
0.000823695 0.000226525 2.07606e-05 
0.000599601 0.000406309 2.86321e-05 
2.61556e-05 0.000120174 2.61555e-05 
0.000467999 0.00032281 8.04247e-05 
0.00044675 0.000473733 5.15803e-05 
4.80037e-05 0.000394337 4.9371e-05 
0.000382519 0.00032067 2.80198e-05 
0.000554655 0.000421604 1.91476e-05 
0.000265137 0.00011582 4.96077e-05 
0.000911982 7.79637e-05 7.02245e-05 
0.000614834 0.000252843 8.24992e-05 
0.000804347 0.000208062 6.06486e-05 
0.00043668 0.000374505 3.61946e-05 
0.000248428 0.000121694 1.70668e-05 
0.00074526 2.03292e-05 2.03298e-05 
0.00039659 0.000138608 1.98853e-05 
0.00035089 0.000251822 2.097e-05 
0.00025823 0.000337449 5.55558e-05 
0.000718035 8.15173e-05 5.59567e-05 
0.000762911 0.000314917 1.85838e-05 
0.000866994 0.000411408 8.05478e-05 
0.000637556 0.000127028 2.04339e-05 
0.000616897 2.2013e-05 3.09707e-05 
0.000329633 0.000482965 1.70347e-05 
0.000579289 0.000111384 4.80557e-05 
0.000124779 0.000126119 5.63288e-05 
0.000193842 0.000471917 6.24238e-05 
0.000192388 6.43387e-05 5.15667e-05 
2.19494e-05 4.61694e-05 6.31658e-05 
6.497e-05 0.000310038 2.25123e-05 
0.000680148 0.000245467 6.93202e-05 
2.25455e-05 0.000477135 5.97535e-05 
0.000759503 0.000429314 5.19889e-05 
0.00044561 0.000257434 6.03608e-05 
0.000623133 0.000454191 2.08338e-05 
0.000837334 7.2677e-05 1.7535e-05 
0.000298767 0.00012939 2.42605e-05 
0.000932581 0.000460668 2.46571e-05 
0.000631498 0.000477947 7.78567e-05 
0.000196308 0.000420427 8.005e-05 
0.000967197 0.000482849 1.71394e-05 
0.000832045 0.000333344 3.29525e-05 
6.15871e-05 0.000437563 8.21673e-05 
0.000456722 0.000438672 2.5609e-05 
0.00077559 0.000118231 4.85027e-05 
0.000743146 0.000327212 4.98396e-05 
0.000612176 0.000298948 8.78733e-05 
0.000122391 0.000462875 2.16542e-05 
0.000763305 0.000239258 5.05413e-05 
0.000808258 0.000107108 2.29186e-05 
0.000728273 0.000404716 5.13061e-05 
0.00046969 0.000429477 6.93831e-05 
0.000550829 0.000156394 8.13832e-05 
0.000337769 0.000144305 1.79663e-05 
0.000610471 0.000279161 3.39204e-05 
0.000186316 0.000265873 5.82719e-05 
0.000495668 0.000102234 6.90204e-05 
0.000565583 0.000191897 2.24172e-05 
0.000436273 0.000482273 1.77267e-05 
0.000510517 0.000181896 7.36121e-05 
0.000748593 0.000129194 2.0424e-05 
0.000225825 0.000177891 1.94783e-05 
0.000101602 0.00041469 0.000105951 
0.000501327 0.000340256 5.98113e-05 
4.7646e-05 0.000195305 5.07116e-05 
0.000674348 0.000275356 3.01821e-05 
0.00057886 2.00189e-05 5.25648e-05 
0.000135408 0.000379129 3.02636e-05 
3.03128e-05 0.000278518 6.91947e-05 
0.00037935 0.000454598 5.94197e-05 
0.000537865 0.000300061 1.72969e-05 
0.000846064 9.16251e-05 7.38365e-05 
0.00072877 9.42723e-05 1.97383e-05 
7.99432e-05 0.000171547 1.90543e-05 
5.87122e-05 0.000372267 1.99486e-05 
0.000278594 0.000203019 7.81215e-05 
0.000973239 0.000211226 2.0096e-05 
0.000274246 0.000243323 2.15248e-05 
0.00083483 0.00018334 9.25142e-05 
0.000887679 0.000347967 2.51035e-05 
0.000675435 0.000127871 1.75625e-05 
2.25662e-05 0.000254811 2.25667e-05 
0.000714594 0.000235489 2.65798e-05 
0.000111156 0.000240378 1.92054e-05 
0.000944112 0.000152601 1.7148e-05 
0.000889655 0.000445309 6.83076e-05 
0.000419898 0.000407154 2.1958e-05 
0.000108414 5.78036e-05 3.1314e-05 
0.000576051 0.000316804 6.20142e-05 
0.00086567 0.000207447 1.84594e-05 
0.000249277 0.000186812 4.94985e-05 
2.11392e-05 0.000367163 5.93481e-05 
0.000775114 0.000276843 6.7115e-05 
0.000240939 2.5055e-05 2.50548e-05 
0.000796886 6.8466e-05 1.76981e-05 
0.000250573 0.000270666 8.10977e-05 
0.000292748 0.000445449 6.93284e-05 
0.000703031 0.000175554 2.56845e-05 
0.000363886 0.000119505 1.80328e-05 
0.000959627 0.000426371 5.15039e-05 
0.000168755 0.000190405 2.17751e-05 
0.000129977 0.000325088 2.09964e-05 
0.000978651 0.000121046 6.20132e-05 
0.00021046 5.75072e-05 1.97785e-05 
0.000978448 0.000135299 2.15512e-05 
0.000796722 0.000289073 2.43348e-05 
0.000390111 0.000481843 8.62839e-05 
7.93365e-05 0.000125898 2.73459e-05 
0.000442442 0.000392256 7.70623e-05 
0.000132362 0.000325602 7.52335e-05 
0.000463015 2.27024e-05 2.26027e-05 
0.000941001 0.000395942 7.91819e-05 
0.000934622 0.000354014 2.23088e-05 
0.000230324 0.000311022 2.62432e-05 
0.000352029 0.000236164 8.2395e-05 
0.000824171 0.000416511 7.57435e-05 
0.000973247 0.000473257 5.95308e-05 
0.000229342 0.000139913 4.75111e-05 
0.000398315 0.00019256 0.000116564 
0.00011683 0.000156472 2.08332e-05 
0.000280558 0.000342587 2.01123e-05 
0.000370028 1.97731e-05 7.23056e-05 
0.000643556 0.000438769 5.7377e-05 
2.02838e-05 0.000386256 2.02777e-05 
0.000525048 0.000482671 5.0218e-05 
0.000972974 0.000324274 6.05351e-05 
0.000597336 0.000444224 5.83585e-05 
0.000941106 0.000308155 2.40386e-05 
0.000368146 0.000163563 1.80041e-05 
0.000599955 7.0189e-05 6.48178e-05 
0.000883951 9.37077e-05 5.37333e-05 
0.000934886 2.11436e-05 2.11465e-05 
0.000444931 5.77088e-05 1.71704e-05 
0.000680734 0.000472171 7.23585e-05 
0.000699544 5.41042e-05 8.7711e-05 
0.00076243 0.000443495 1.77062e-05 
0.000334029 3.89498e-05 3.53011e-05 
0.000337199 0.0004794 5.37298e-05 
0.000673109 5.17203e-05 2.06406e-05 
0.000323678 0.000324288 2.72733e-05 
0.000482566 7.70441e-05 1.93239e-05 
0.000103516 0.000368358 7.89888e-05 
0.000219058 0.000383833 6.29313e-05 
0.000507551 0.000114969 2.66753e-05 
1.93577e-05 6.22396e-05 1.92706e-05 
0.000502047 1.71858e-05 1.71844e-05 
0.000833596 0.000376251 8.54608e-05 
0.000308657 8.42071e-05 1.85935e-05 
4.65543e-05 0.000185245 1.70879e-05 
0.000165014 0.00022319 5.22405e-05 
0.000570167 0.000316643 1.90533e-05 
0.000426104 0.000325542 9.45419e-05 
0.000462495 0.000214059 2.06956e-05 
0.000819392 0.000116786 6.14415e-05 
0.00083806 0.000236899 7.49501e-05 
0.000182592 0.0003036 2.22253e-05 
0.000612955 0.000329874 4.1889e-05 
0.000542658 1.98725e-05 7.01426e-05 
0.000643919 0.000420397 1.88813e-05 
0.000849207 1.83636e-05 7.106e-05 
0.000317385 0.000443088 2.55351e-05 
0.000427402 0.000311131 1.87692e-05 
0.000982647 6.29027e-05 6.40433e-05 
0.000319125 0.000380393 2.90381e-05 
2.00788e-05 0.000215181 6.79416e-05 
0.000128164 0.00015888 8.87843e-05 
0.000164733 0.000338488 3.99006e-05 
0.000941329 0.000101209 5.8635e-05 
0.000409134 0.000451514 2.37265e-05 
0.000471395 0.000207691 5.70529e-05 
6.48469e-05 0.000482602 6.40916e-05 
0.000487629 0.000472671 6.91476e-05 
0.000860894 0.000375987 5.13828e-05 
0.000137617 0.000482501 5.19209e-05 
0.000149792 0.00023412 1.97597e-05 
0.000499044 0.000447127 1.81925e-05 
0.000762395 4.65706e-05 7.6377e-05 
0.000754576 0.000150698 5.27591e-05 
0.000262307 0.000158024 2.2148e-05 
0.000477182 0.000252616 2.04015e-05 
0.000573362 9.31658e-05 1.79205e-05 
0.000805772 1.87246e-05 7.3849e-05 
0.00060556 0.000223823 2.2744e-05 
0.000716696 0.000339826 2.08478e-05 
0.000884257 9.36218e-05 1.75237e-05 
0.000165297 3.06249e-05 3.06234e-05 
0.000613929 2.10598e-05 7.39262e-05 
0.000598829 0.000355643 6.66827e-05 
0.000716843 5.31687e-05 2.31923e-05 
0.000210992 0.000167487 8.12836e-05 
0.000553073 0.000464992 2.45706e-05 
0.000752502 0.000269407 2.40609e-05 
0.000730663 0.000473251 2.67483e-05 
0.000546567 0.000380216 2.32142e-05 
0.000612777 9.29978e-05 2.16725e-05 
0.000778435 0.000421445 8.27489e-05 
0.000536263 0.00029814 5.24752e-05 
0.000752818 0.000398244 7.89786e-05 
2.51549e-05 0.000343672 2.26354e-05 
0.000666916 0.000391392 1.81465e-05 
0.000558787 0.000466877 7.83877e-05 
0.000150038 0.000302741 4.62051e-05 
0.000380441 0.000154404 5.30117e-05 
0.000922264 0.000474256 7.20888e-05 
0.000721173 0.000385569 1.84419e-05 
5.76556e-05 8.0616e-05 2.30418e-05 
0.000649874 1.83921e-05 5.40419e-05 
0.000593428 0.000480867 1.91317e-05 
0.000564914 0.000196121 6.53402e-05 
0.00040535 0.000403138 5.81374e-05 
0.000170693 1.83608e-05 7.77354e-05 
0.000199529 0.000183066 4.43923e-05 
0.000405953 0.000362076 1.96283e-05 
0.000387978 0.000114024 5.11385e-05 
0.000499832 0.000349006 9.40483e-05 
0.000791962 8.0658e-05 5.44979e-05 
0.000807645 0.000252884 4.69716e-05 
0.000698346 0.000280388 7.43028e-05 
0.000831361 0.000152248 2.25267e-05 
0.000570585 0.000382409 5.77971e-05 
0.000982127 0.000174379 1.78723e-05 
0.000154116 0.000139507 2.01359e-05 
0.000481905 5.43657e-05 8.60124e-05 
0.000277636 2.36563e-05 5.58107e-05 
2.04187e-05 0.000211921 2.05368e-05 
0.000643096 0.000317433 6.48776e-05 
0.000274627 0.00020035 2.09011e-05 
0.000704387 0.00022392 8.61542e-05 
0.0005749 4.05653e-05 8.62671e-05 
0.000540231 0.00012886 6.15434e-05 
0.000276096 0.000246619 6.42768e-05 
0.00092207 0.000170218 4.4676e-05 
0.000883117 0.000272825 9.59415e-05 
0.000583725 5.30471e-05 2.39509e-05 
4.56498e-05 0.00023347 4.73818e-05 
0.000191446 0.000364294 8.40956e-05 
0.000835852 0.000191449 3.2469e-05 
5.67133e-05 6.69329e-05 6.23079e-05 
0.000234783 0.000417069 2.9632e-05 
0.00068733 9.74641e-05 7.71178e-05 
2.27458e-05 0.000329366 8.23049e-05 
0.000554225 0.000127942 2.19838e-05 
0.00075632 6.12636e-05 4.11155e-05 
0.000958483 0.000377733 5.00574e-05 
0.000476622 0.000479694 2.0299e-05 
0.000383269 1.88615e-05 1.88478e-05 
0.000977328 3.19204e-05 2.26714e-05 
0.000311583 2.53008e-05 8.9904e-05 
0.000454081 0.000349028 1.82667e-05 
0.000978448 0.000352721 2.15472e-05 
0.000360239 0.000140888 8.86846e-05 
0.000801054 0.000478628 9.25078e-05 
0.0004647 8.3688e-05 7.67893e-05 
0.000154231 0.000202086 8.32042e-05 
0.000918923 0.000259418 7.28987e-05 
0.000523555 0.000338562 2.43901e-05 
5.24825e-05 0.000107399 6.46578e-05 
0.000117093 0.000105031 1.70143e-05 
0.000163832 0.00047767 2.23284e-05 
0.000905756 0.000370802 7.7867e-05 
0.000489541 6.8671e-05 5.48077e-05 
0.000742928 0.000297382 9.88947e-05 
0.000949041 0.000356771 8.39022e-05 
0.000324595 0.00046838 9.45623e-05 
8.88302e-05 9.40297e-05 5.70749e-05 
0.000745566 0.000115912 7.4505e-05 
0.000364894 0.000206984 2.63272e-05 
0.000526185 0.000435079 3.93921e-05 
0.000217384 0.000479454 2.05467e-05 
9.35062e-05 0.0003484 2.2307e-05 
0.00011533 0.000289615 6.95592e-05 
0.000315399 0.00022147 2.52157e-05 
0.000241989 0.000229206 7.06767e-05 
0.000888063 0.000203664 4.78872e-05 
0.000127453 2.22771e-05 6.66351e-05 
0.000933248 0.000291551 6.23209e-05 
1.80698e-05 8.36912e-05 4.98053e-05 
0.000936965 0.000197345 1.83511e-05 
0.000894937 0.000238835 5.52653e-05 
0.000501222 0.000139222 6.3869e-05 
0.00087962 0.000470565 2.94247e-05 
0.000507345 0.000305631 8.25401e-05 
9.11891e-05 0.000462363 4.83042e-05 
0.000752429 0.000407408 1.96553e-05 
0.00030048 0.000482315 6.41629e-05 
0.000756111 0.000353849 2.09857e-05 
0.000695357 1.726e-05 1.72496e-05 
0.000633692 5.78738e-05 1.92785e-05 
0.000195616 0.000359498 4.7217e-05 
0.000264332 0.000149545 6.67221e-05 
0.000341189 0.000162414 5.10444e-05 
0.000470096 0.000288035 8.78981e-05 
0.000561874 0.00027481 1.75457e-05 
0.00028908 1.75491e-05 1.75524e-05 
0.000430478 0.000236452 1.844e-05 
0.000154557 0.000360884 7.19086e-05 
0.000857421 0.000237899 4.06756e-05 
0.000654512 1.79798e-05 1.79777e-05 
0.000241214 0.000305771 7.28341e-05 
0.000401233 0.000481788 5.16553e-05 
0.000727958 2.23846e-05 5.93259e-05 
0.000977523 0.000446167 2.07522e-05 
0.000835717 0.000266412 2.08963e-05 
0.000442302 6.01619e-05 5.53025e-05 
0.000194268 0.00015142 2.17759e-05 
0.000944018 7.95455e-05 8.70141e-05 
0.000350697 0.000290065 1.7445e-05 
0.000132646 0.0004252 1.75949e-05 
0.000107395 0.00028458 2.56097e-05 
0.000371929 0.000189713 6.75299e-05 
0.000784264 0.000236124 1.98255e-05 
0.000509988 5.13357e-05 1.74841e-05 
0.000767791 9.30424e-05 1.93029e-05 
0.000338747 0.00044121 6.47738e-05 
0.000921963 1.80063e-05 6.62649e-05 
0.000937838 0.000116977 1.90737e-05 
0.000469811 0.000358686 7.78829e-05 
0.000955198 0.000137901 8.85423e-05 
0.000698984 0.000416722 8.33756e-05 
1.84739e-05 0.000163463 1.8474e-05 
0.000504902 3.18246e-05 5.35711e-05 
0.000271667 0.000380507 1.88523e-05 
0.000128573 8.13593e-05 7.46447e-05 
0.000195334 0.000341839 1.73746e-05 
0.000794348 0.000427616 1.79401e-05 
0.000852796 0.000113314 3.58638e-05 
0.000309226 0.000353934 7.16002e-05 
0.000544619 0.000256433 4.15703e-05 
0.000776717 4.02049e-05 1.70274e-05 
0.000661788 0.000109594 4.60506e-05 
0.000659188 0.000162131 2.04636e-05 
5.40788e-05 0.000379533 8.67482e-05 
0.000159896 0.000481008 9.3739e-05 
0.000659103 0.000465555 1.70773e-05 
6.1826e-05 0.0004748 2.19695e-05 
0.000103734 0.000320573 4.81205e-05 
0.000885443 0.000173065 9.58571e-05 
0.000566765 0.000275054 6.2564e-05 
0.000580969 0.000100444 8.94936e-05 
2.17786e-05 0.00048127 1.87238e-05 
0.000784854 0.000322557 4.5633e-05 
8.80008e-05 2.58261e-05 6.21796e-05 
0.000469306 0.000225162 8.65881e-05 
0.000369095 0.00047649 2.34638e-05 
1.80989e-05 0.000406039 6.66278e-05 
0.000355278 0.000377588 6.02959e-05 
2.18964e-05 0.00029926 2.18932e-05 
0.000829724 2.42581e-05 0.000101779 
0.000245774 0.000268481 4.23183e-05 
0.00036587 0.000365808 2.06457e-05 
0.000930684 7.15503e-05 1.7916e-05 
0.000272891 9.68115e-05 1.78412e-05 
