0.000841793 0.000421159 3.10563e-05 
7.72428e-05 0.000295828 6.07265e-05 
0.000534801 0.00022353 8.961e-05 
0.000319951 0.000250597 6.26414e-05 
0.000691773 0.000332852 6.76418e-05 
0.000367639 6.12509e-05 7.37776e-05 
0.000756019 0.000195526 3.09932e-05 
0.00088608 0.000288096 3.57909e-05 
0.000518698 4.26414e-05 9.63193e-05 
0.000776411 0.000235806 8.52169e-05 
0.000632829 0.0003658 2.42405e-05 
0.000182675 0.000381312 1.9744e-05 
0.000831884 0.000286019 7.5054e-05 
0.000200139 0.000212143 6.95408e-05 
0.000487905 0.000384287 3.62699e-05 
0.00080979 0.000156265 6.27381e-05 
0.000444007 0.000341401 5.6747e-05 
0.00023121 0.00036219 2.52287e-05 
0.000529058 0.000159938 4.2416e-05 
0.00088801 0.000236055 1.8934e-05 
0.000920599 0.00033102 6.18942e-05 
0.000416997 0.000304225 5.72629e-05 
0.000942195 5.26363e-05 5.3215e-05 
0.000838433 5.01988e-05 6.83989e-05 
0.000687153 9.09123e-05 2.14051e-05 
0.000274148 0.000299447 2.06135e-05 
8.44997e-05 0.000231166 8.51097e-05 
0.00056443 0.000234151 1.97563e-05 
0.000160464 9.08353e-05 2.98312e-05 
0.000959701 0.00044998 0.000100216 
0.000516778 0.000214964 3.31043e-05 
0.000966634 0.000218806 5.68833e-05 
0.000894045 0.000135165 2.5705e-05 
0.000774087 2.10022e-05 4.97189e-05 
6.64434e-05 0.000260559 2.19103e-05 
0.000747383 0.000349085 9.29398e-05 
0.000617389 0.000440003 9.2395e-05 
0.000311532 0.000169964 0.000100207 
0.000333906 0.000204788 6.58199e-05 
0.000327926 0.000181961 1.87156e-05 
0.000295996 0.00029985 7.63507e-05 
0.000476876 0.000305404 3.28575e-05 
0.000462076 2.31846e-05 6.83759e-05 
0.00033796 0.000101964 5.59588e-05 
0.000978198 0.000399269 2.18007e-05 
0.000598847 0.000481877 5.58402e-05 
0.000541033 0.000351045 7.76197e-05 
0.000724824 0.000169735 6.564e-05 
0.00039428 0.000231019 6.37837e-05 
0.000390647 0.000279898 9.71458e-05 
0.000269335 0.000379434 8.3754e-05 
0.000575435 0.000156818 4.93854e-05 
0.000797296 5.14498e-05 8.84959e-05 
0.000841875 0.000461573 7.44378e-05 
9.1191e-05 6.28262e-05 8.05466e-05 
0.000193 0.000110355 8.20833e-05 
0.000972459 8.63566e-05 2.75369e-05 
0.000513155 0.000419479 8.04934e-05 
0.000213547 0.000101177 2.45088e-05 
0.000367793 0.000418229 3.12559e-05 
0.000481978 0.000165223 2.6059e-05 
0.000283679 0.000412174 4.59764e-05 
0.000586057 0.00035524 2.37102e-05 
0.000801958 0.000190779 1.71766e-05 
0.000542568 7.61947e-05 5.8027e-05 
0.000240359 6.89852e-05 6.15413e-05 
0.000513935 0.000478901 1.73977e-05 
0.000396572 6.6922e-05 3.08109e-05 
0.000969164 0.000172914 6.22454e-05 
0.000892097 0.000183459 1.93947e-05 
0.000593102 0.000403663 7.58327e-05 
0.000621947 0.000133306 7.18023e-05 
0.000398719 0.000358835 6.66635e-05 
0.000692863 0.000383136 4.72691e-05 
0.0006512 6.70401e-05 6.27994e-05 
0.000152661 4.95577e-05 7.32844e-05 
0.000863256 0.000163407 5.86469e-05 
0.000445316 0.000113912 3.66386e-05 
0.000616991 0.00019949 8.11625e-05 
0.00070991 0.000127564 4.69535e-05 
0.000785944 0.000151298 2.3004e-05 
6.02902e-05 0.000343257 5.81677e-05 
0.000172806 0.000390807 5.40585e-05 
0.000426438 0.00044044 6.87855e-05 
0.000580835 0.000236285 5.91091e-05 
0.000791334 0.000384464 5.04967e-05 
2.99135e-05 0.000434282 2.99128e-05 
0.000347623 0.000278784 6.85017e-05 
0.000178246 0.000428895 2.88151e-05 
0.000150646 0.000275898 2.03551e-05 
0.00027741 5.65999e-05 2.32753e-05 
0.000821713 0.000474146 2.58475e-05 
0.000673984 0.000140583 7.25172e-05 
0.000980946 0.000295151 1.74972e-05 
0.000132395 0.00025517 5.60992e-05 
0.000869423 0.000336309 8.48236e-05 
0.000209363 2.3559e-05 6.20723e-05 
0.000924443 0.000208515 8.29806e-05 
0.000354689 0.000324981 7.80707e-05 
0.000419065 0.000185815 3.29366e-05 
0.000561616 0.00041924 5.7967e-05 
0.000776235 0.00047658 2.00586e-05 
0.000728734 0.000365044 4.93123e-05 
0.000786301 0.000120799 8.81902e-05 
0.000421237 2.47281e-05 1.93649e-05 
0.000819694 2.92547e-05 2.92569e-05 
0.000294297 6.99472e-05 6.37611e-05 
0.000729809 0.000248514 7.21489e-05 
7.66214e-05 0.000215176 2.46848e-05 
0.000683371 0.000182023 6.30748e-05 
0.000614877 0.00017577 2.64967e-05 
0.000400754 0.000270105 2.69529e-05 
0.00097175 0.000264166 7.12787e-05 
0.000651604 0.000277455 7.82376e-05 
0.00093524 0.00024393 3.0268e-05 
0.000597387 0.000132277 2.07352e-05 
8.76461e-05 0.00041679 3.03966e-05 
0.000132897 0.000436388 6.87912e-05 
0.000490167 0.000273674 6.93407e-05 
8.40351e-05 0.000166174 6.92689e-05 
0.000689222 0.00048279 1.72126e-05 
0.000645995 0.000383664 8.10542e-05 
0.000124882 0.000200823 4.29714e-05 
0.000311447 0.000274327 2.45249e-05 
0.000513472 0.00026764 2.10396e-05 
0.000766335 0.00017903 8.38634e-05 
0.000237661 0.00044807 7.08736e-05 
0.000977321 2.46679e-05 6.79106e-05 
0.000676933 0.00035433 2.10528e-05 
0.000229304 0.000225302 2.76748e-05 
0.00090978 0.00040471 3.66553e-05 
0.000414149 2.4983e-05 6.31422e-05 
0.000688646 3.07888e-05 5.16032e-05 
0.000766139 0.000475776 6.54488e-05 
0.000535274 0.000391869 6.03642e-05 
0.000458299 0.000165606 8.54196e-05 
0.000659707 0.000214263 3.29392e-05 
0.000413087 0.000100806 9.57719e-05 
0.000267008 0.000468735 3.12452e-05 
0.000979277 0.000395534 8.17379e-05 
0.000163679 0.000161859 6.53379e-05 
0.00090844 9.71102e-05 3.97021e-05 
0.000648068 0.000321042 2.30547e-05 
0.000362921 0.000411607 8.52718e-05 
0.000316892 0.000402307 7.63748e-05 
0.000872388 0.000122823 7.49121e-05 
0.000187035 0.000239965 1.80797e-05 
0.00069036 0.000432098 3.07182e-05 
5.60525e-05 2.89689e-05 2.89689e-05 
0.000543452 2.52983e-05 2.53001e-05 
0.000719118 0.000298406 2.06422e-05 
0.000883332 4.40184e-05 3.6477e-05 
0.000214442 0.000268874 1.83531e-05 
0.000914677 0.000130719 7.28198e-05 
0.00029814 0.000171391 4.73668e-05 
0.000803522 0.000335436 8.61252e-05 
0.000527084 0.000267102 7.30861e-05 
0.000731583 0.000287692 5.7053e-05 
0.000200794 0.000321324 7.02237e-05 
0.000798034 0.000442531 5.47244e-05 
0.000823927 0.000224765 2.07612e-05 
0.000598618 0.000405878 2.86318e-05 
2.61566e-05 0.000118858 2.61562e-05 
0.000470205 0.000323046 8.05993e-05 
0.000450489 0.000472891 5.07495e-05 
4.90605e-05 0.000395371 5.11272e-05 
0.000380891 0.000321356 2.80198e-05 
0.000554075 0.000420538 1.9149e-05 
0.000266007 0.000116242 4.96657e-05 
0.000910835 7.55312e-05 7.31291e-05 
0.000613859 0.000254001 8.3158e-05 
0.00080467 0.00020683 6.09574e-05 
0.000435042 0.000375151 3.84355e-05 
0.000248751 0.000122005 1.70672e-05 
0.000745033 2.03325e-05 2.03324e-05 
0.000397682 0.000139314 1.98841e-05 
0.000352602 0.000252931 2.09452e-05 
0.000257532 0.000336845 5.52982e-05 
0.000718429 8.07293e-05 5.61451e-05 
0.000767322 0.000317107 1.85842e-05 
0.000867015 0.000412246 7.98119e-05 
0.000638187 0.000126612 2.04349e-05 
0.000617293 2.20128e-05 3.45279e-05 
0.000330171 0.000479133 1.70374e-05 
0.000580186 0.000112405 4.88988e-05 
0.000125041 0.000126343 5.55739e-05 
0.000194146 0.00047189 6.25355e-05 
0.000192713 6.42714e-05 5.19075e-05 
2.19507e-05 4.79009e-05 6.16996e-05 
6.40731e-05 0.000311612 2.25125e-05 
0.000679057 0.000246005 6.97821e-05 
2.25235e-05 0.000476817 5.96923e-05 
0.000757652 0.00042973 5.90989e-05 
0.000445357 0.000258196 6.15767e-05 
0.000623201 0.00045527 2.08309e-05 
0.000837334 7.26763e-05 2.64801e-05 
0.000299867 0.000129101 2.42605e-05 
0.000929853 0.00046139 2.46564e-05 
0.000631557 0.00047795 7.88449e-05 
0.000197685 0.000419164 7.95642e-05 
0.000964919 0.000482861 1.71389e-05 
0.000831823 0.000333761 3.2952e-05 
6.11111e-05 0.000436409 8.24757e-05 
0.000457395 0.000437047 2.5602e-05 
0.000777372 0.000117218 4.78667e-05 
0.000743097 0.000324599 4.8153e-05 
0.000611129 0.000298751 8.8016e-05 
0.000122409 0.000461146 2.16537e-05 
0.000762531 0.000239371 5.06371e-05 
0.000809853 0.000104247 2.29192e-05 
0.000728005 0.000404447 5.11129e-05 
0.000471232 0.000428071 6.9155e-05 
0.000557221 0.00015376 8.48512e-05 
0.000337827 0.000146513 1.79665e-05 
0.000610866 0.000279277 3.39233e-05 
0.000186066 0.000267498 5.75843e-05 
0.000496982 0.000104542 6.94869e-05 
0.000566517 0.000192104 2.24189e-05 
0.000438227 0.000482272 1.77273e-05 
0.000510744 0.000183097 7.57731e-05 
0.000749556 0.000127731 2.04238e-05 
0.000225418 0.000178876 1.94788e-05 
0.000103071 0.000425154 0.000110735 
0.000501182 0.000338801 6.15863e-05 
4.58859e-05 0.000191242 5.19936e-05 
0.000674749 0.000275527 3.01825e-05 
0.000579297 2.00191e-05 5.25238e-05 
0.000133922 0.000377569 3.02616e-05 
3.03224e-05 0.000277143 6.91167e-05 
0.000382343 0.00045232 6.30035e-05 
0.000536605 0.000297979 1.72978e-05 
0.00084298 8.83958e-05 7.6456e-05 
0.000728168 9.37434e-05 1.9737e-05 
7.88198e-05 0.000171859 1.90546e-05 
5.96422e-05 0.00037579 1.99491e-05 
0.000273877 0.000205326 8.13208e-05 
0.000971658 0.000210501 2.00958e-05 
0.000273963 0.000245009 2.15245e-05 
0.000832647 0.000181763 9.47872e-05 
0.000887552 0.000348027 2.51022e-05 
0.00067605 0.000128062 1.75612e-05 
2.25667e-05 0.00025329 2.25672e-05 
0.000715555 0.000236237 2.6579e-05 
0.000110979 0.00024223 1.92054e-05 
0.000944126 0.000152069 1.71498e-05 
0.000890415 0.000445585 6.73708e-05 
0.000419469 0.000407339 2.19552e-05 
0.00010804 5.93963e-05 3.13138e-05 
0.000574617 0.000315306 6.18374e-05 
0.00086328 0.000208007 1.84595e-05 
0.00024929 0.00018812 4.90612e-05 
2.11353e-05 0.000368232 5.77227e-05 
0.000776153 0.000277088 6.71375e-05 
0.000240835 2.50553e-05 2.50562e-05 
0.000793065 6.79232e-05 2.98961e-05 
0.000252326 0.000271049 8.21366e-05 
0.000287576 0.00044473 7.20161e-05 
0.000703223 0.000175617 2.56834e-05 
0.000364074 0.000121853 1.80332e-05 
0.000961501 0.000419647 5.42073e-05 
0.000167373 0.000183125 2.17748e-05 
0.000135435 0.000322333 2.09973e-05 
0.000978637 0.000120499 6.20196e-05 
0.000210111 5.72771e-05 1.97783e-05 
0.000978447 0.000134736 2.1552e-05 
0.000798386 0.00028804 2.43327e-05 
0.000394753 0.000481843 8.75002e-05 
7.91387e-05 0.000126206 2.7345e-05 
0.000442139 0.000392394 7.74147e-05 
0.000130343 0.000318123 8.01386e-05 
0.000463033 2.27599e-05 2.26025e-05 
0.00093918 0.0003932 8.03387e-05 
0.000934602 0.00035316 2.23081e-05 
0.00022903 0.000310771 2.62429e-05 
0.000352773 0.000239076 8.47755e-05 
0.000822681 0.000417565 7.60932e-05 
0.000973257 0.000470071 5.82809e-05 
0.000229662 0.000139524 4.7913e-05 
0.000399456 0.000194616 0.000116185 
0.000115887 0.000157226 2.08335e-05 
0.000280653 0.000339761 2.01103e-05 
0.000370505 1.97721e-05 7.15936e-05 
0.00064333 0.000439268 5.7285e-05 
2.0279e-05 0.000385974 2.02777e-05 
0.000525184 0.000482668 5.00356e-05 
0.000972972 0.000324432 6.04354e-05 
0.000598621 0.000444212 5.7904e-05 
0.000941492 0.000307353 2.40372e-05 
0.000369158 0.000164176 1.80015e-05 
0.000599231 6.46093e-05 6.74112e-05 
0.000880537 9.13265e-05 6.13704e-05 
0.000933945 2.11582e-05 2.11433e-05 
0.000444866 5.77522e-05 1.71704e-05 
0.000680667 0.000472174 7.22804e-05 
0.000699795 5.47299e-05 8.89892e-05 
0.000761232 0.000441925 2.22458e-05 
0.000333283 3.79512e-05 3.53012e-05 
0.000346808 0.000475991 6.08733e-05 
0.000672329 5.15759e-05 2.06403e-05 
0.000325231 0.000325376 2.72733e-05 
0.000485979 7.62212e-05 2.90324e-05 
0.000105525 0.000363494 8.02842e-05 
0.000222978 0.000383443 6.42571e-05 
0.000507783 0.000116668 2.66771e-05 
1.92741e-05 6.42674e-05 1.9272e-05 
0.000502054 1.71862e-05 1.71845e-05 
0.000834347 0.000377145 8.58984e-05 
0.000308797 8.39173e-05 1.85932e-05 
4.62684e-05 0.000187441 1.70894e-05 
0.000163028 0.00022576 5.32446e-05 
0.000567706 0.000316746 1.90536e-05 
0.000426767 0.000326134 9.57676e-05 
0.000464542 0.000211478 2.06979e-05 
0.00081733 0.000115028 6.39517e-05 
0.000841659 0.000237075 7.91828e-05 
0.000180993 0.00030571 2.22254e-05 
0.000613213 0.00033003 4.16826e-05 
0.00054018 1.98711e-05 7.0027e-05 
0.000642687 0.000420723 1.888e-05 
0.000856065 1.83621e-05 7.65348e-05 
0.000315655 0.000440018 2.5535e-05 
0.000427399 0.00030976 1.87676e-05 
0.000976972 6.79744e-05 7.08545e-05 
0.000320085 0.000381425 2.90378e-05 
2.00784e-05 0.000211919 7.09266e-05 
0.000126959 0.000153763 9.27545e-05 
0.000165991 0.000340067 4.32714e-05 
0.000939357 9.65106e-05 5.82198e-05 
0.000410453 0.000452089 2.3726e-05 
0.000473252 0.000207956 5.74909e-05 
7.38681e-05 0.000482603 7.41527e-05 
0.000489753 0.000470927 7.16143e-05 
0.000860909 0.000376301 5.12585e-05 
0.00013708 0.000482501 5.10079e-05 
0.00014946 0.0002358 1.97599e-05 
0.000499821 0.000446339 2.00439e-05 
0.000763607 4.6927e-05 7.65818e-05 
0.000755733 0.000150307 5.19783e-05 
0.000261721 0.000158667 2.21466e-05 
0.000475082 0.000252012 2.03993e-05 
0.000573585 9.27849e-05 1.79198e-05 
0.000805539 1.87238e-05 7.38747e-05 
0.000605591 0.000223979 2.27443e-05 
0.00071623 0.000339798 2.08472e-05 
0.000881695 9.45509e-05 1.75247e-05 
0.000165816 3.06239e-05 3.0623e-05 
0.000612065 2.10735e-05 7.72683e-05 
0.000598635 0.000353039 6.87993e-05 
0.000716073 5.26947e-05 2.31928e-05 
0.000211557 0.000166187 8.25421e-05 
0.000552658 0.000463898 2.45702e-05 
0.000753476 0.000270003 2.40601e-05 
0.000730439 0.000473249 2.91479e-05 
0.000545715 0.000379208 2.32135e-05 
0.000613014 9.28615e-05 2.16736e-05 
0.000784337 0.00042113 8.63075e-05 
0.000534788 0.000298742 5.25115e-05 
0.000760863 0.000395266 9.06703e-05 
2.3976e-05 0.000342215 2.26357e-05 
0.000665772 0.000391789 1.81464e-05 
0.00055979 0.000466307 7.79887e-05 
0.000151639 0.000300978 4.96419e-05 
0.000380929 0.000154428 5.30304e-05 
0.000923019 0.000474255 7.29027e-05 
0.000720559 0.000384973 1.84415e-05 
5.81425e-05 8.05995e-05 2.30417e-05 
0.000652337 1.83862e-05 5.4325e-05 
0.000592562 0.000480868 1.91335e-05 
0.000565084 0.000196054 6.53516e-05 
0.000405122 0.000402919 5.81616e-05 
0.000170854 1.83578e-05 7.77748e-05 
0.000198637 0.000178352 4.44091e-05 
0.000406675 0.000360534 1.96259e-05 
0.000389215 0.000114016 5.0602e-05 
0.000499733 0.000348423 9.55997e-05 
0.000793335 8.34377e-05 6.57631e-05 
0.000808305 0.000251495 4.68532e-05 
0.000697002 0.000281005 7.5155e-05 
0.000831446 0.00014979 2.25258e-05 
0.000571063 0.000379322 5.69056e-05 
0.000981647 0.000173933 1.78724e-05 
0.000152687 0.000139231 2.01358e-05 
0.000480423 4.52582e-05 9.70086e-05 
0.000277381 2.41036e-05 5.6014e-05 
2.04129e-05 0.000211093 3.04398e-05 
0.000642037 0.000316821 6.46388e-05 
0.000275938 0.000199988 2.0904e-05 
0.000701498 0.000232726 9.53765e-05 
0.000570801 3.87145e-05 8.64651e-05 
0.000537774 0.000128369 6.94163e-05 
0.000277508 0.000247673 6.4218e-05 
0.0009219 0.000169241 4.48102e-05 
0.000883463 0.000273999 9.62241e-05 
0.000584989 5.29518e-05 2.39508e-05 
4.6105e-05 0.000232907 4.77618e-05 
0.000194769 0.000365506 8.60807e-05 
0.000834957 0.00018919 3.20709e-05 
5.65068e-05 6.92754e-05 6.30299e-05 
0.000235403 0.000416715 2.96337e-05 
0.00068762 9.74843e-05 7.65173e-05 
2.27433e-05 0.000333606 8.65578e-05 
0.00055492 0.000127817 2.19816e-05 
0.000755507 6.05711e-05 4.13071e-05 
0.000957849 0.000375645 5.15555e-05 
0.000476358 0.000479571 2.02961e-05 
0.000383269 1.88614e-05 1.88478e-05 
0.000977319 2.72546e-05 2.26719e-05 
0.000311175 2.5308e-05 9.02844e-05 
0.000449454 0.000349448 1.82651e-05 
0.000978453 0.000353022 2.15483e-05 
0.000356253 0.000143767 8.68044e-05 
0.000800333 0.000478606 9.551e-05 
0.000464499 8.74502e-05 8.01905e-05 
0.000152859 0.000204672 8.4425e-05 
0.000918524 0.000258156 7.36088e-05 
0.000524248 0.000336813 2.60528e-05 
5.23893e-05 0.000110142 6.584e-05 
0.000116894 0.000105325 1.70138e-05 
0.000164293 0.000477669 2.23284e-05 
0.00090671 0.000379637 8.41903e-05 
0.00049061 6.8426e-05 6.51969e-05 
0.000742214 0.000294271 9.90785e-05 
0.00094933 0.000355403 8.60595e-05 
0.000321094 0.000464697 9.49202e-05 
8.78313e-05 9.47707e-05 5.7771e-05 
0.000747121 0.000120391 7.48076e-05 
0.000364281 0.000207441 2.63265e-05 
0.000523119 0.000443493 4.79888e-05 
0.000217479 0.000479452 2.05468e-05 
9.12804e-05 0.000347873 2.23077e-05 
0.000109617 0.000283754 7.73667e-05 
0.000315336 0.000223575 2.52163e-05 
0.000238143 0.000228075 7.97456e-05 
0.000882807 0.000204349 4.98707e-05 
0.000123992 2.22771e-05 6.65234e-05 
0.00093369 0.000289444 6.17391e-05 
1.80679e-05 8.7333e-05 5.60962e-05 
0.000935738 0.000196797 1.83509e-05 
0.000894251 0.000238699 5.51141e-05 
0.0005049 0.000138997 8.14612e-05 
0.000876773 0.000470576 2.94242e-05 
0.000510459 0.000306476 8.64934e-05 
9.26292e-05 0.000462334 4.98636e-05 
0.000752526 0.000405684 1.96552e-05 
0.000293048 0.000482316 7.03803e-05 
0.000755308 0.000354733 2.09872e-05 
0.000694041 1.72519e-05 1.72492e-05 
0.00063282 5.71008e-05 1.92767e-05 
0.000195944 0.000362844 4.89744e-05 
0.000258615 0.000141344 7.69986e-05 
0.000342441 0.000165417 5.04426e-05 
0.000464359 0.000289844 9.2115e-05 
0.000562316 0.000274465 1.75446e-05 
0.000287866 1.75515e-05 1.75521e-05 
0.000434909 0.000236976 1.84417e-05 
0.000156516 0.000366092 7.50174e-05 
0.00085749 0.000236972 4.31265e-05 
0.000653475 1.79821e-05 1.7977e-05 
0.000245807 0.000314182 8.59606e-05 
0.0004004 0.00048179 5.1574e-05 
0.00072941 2.24244e-05 6.00302e-05 
0.000970302 0.000441115 2.07507e-05 
0.000836788 0.000264388 2.08956e-05 
0.000441686 6.19379e-05 6.15924e-05 
0.000193825 0.000147077 2.17791e-05 
0.000940211 8.48891e-05 9.20814e-05 
0.000349885 0.000288856 3.36048e-05 
0.00013351 0.000423717 1.75955e-05 
0.000106192 0.000286336 2.56086e-05 
0.000373373 0.000190127 6.71098e-05 
0.000783426 0.000236834 1.98242e-05 
0.000510085 5.09095e-05 1.74842e-05 
0.000767178 9.21454e-05 1.93024e-05 
0.000336134 0.000437916 6.52311e-05 
0.000921016 1.80108e-05 6.60045e-05 
0.000934576 0.000117176 1.9075e-05 
0.000469663 0.000359052 8.01478e-05 
0.000955052 0.000137582 8.83045e-05 
0.000698437 0.000415817 8.31736e-05 
2.09362e-05 0.000162518 1.84748e-05 
0.000503816 3.2666e-05 5.32903e-05 
0.000272553 0.000376121 3.15455e-05 
0.000129485 8.19317e-05 7.45692e-05 
0.000194112 0.000342764 1.7376e-05 
0.000792447 0.000425261 1.79403e-05 
0.000852386 0.00011253 4.05817e-05 
0.00031378 0.00035415 7.17672e-05 
0.000544118 0.000256505 4.11896e-05 
0.000776442 4.02809e-05 1.70243e-05 
0.00066274 0.00011064 4.66977e-05 
0.000659402 0.000162125 2.04634e-05 
5.80408e-05 0.000381126 8.81358e-05 
0.000171074 0.000481011 0.000102537 
0.000659403 0.000465868 1.70787e-05 
6.39051e-05 0.00047267 2.19688e-05 
0.000108185 0.000322854 4.74786e-05 
0.000878666 0.000170151 9.99199e-05 
0.000564474 0.000273867 6.48951e-05 
0.000587954 9.7408e-05 9.33756e-05 
2.42524e-05 0.000481275 1.87254e-05 
0.000785622 0.000318627 4.91569e-05 
8.44987e-05 2.76827e-05 6.58e-05 
0.000466943 0.000224018 8.72276e-05 
0.000370083 0.00047653 2.34658e-05 
1.81014e-05 0.000406231 6.70423e-05 
0.000356686 0.000378558 5.97639e-05 
2.18937e-05 0.000297739 2.18934e-05 
0.000829665 2.11274e-05 0.000102082 
0.000245627 0.000269185 4.36252e-05 
0.000367005 0.000367413 2.06416e-05 
0.000926843 7.64214e-05 1.79172e-05 
0.00027323 9.71379e-05 1.78379e-05 
