0.000842924 0.00042129 3.10534e-05 
7.76879e-05 0.000295268 6.06635e-05 
0.000534757 0.000223553 8.94635e-05 
0.000319112 0.000250151 6.23644e-05 
0.00069221 0.000332666 6.76089e-05 
0.000367413 6.3049e-05 7.35762e-05 
0.000756138 0.00019565 3.09928e-05 
0.000886113 0.000288038 3.57913e-05 
0.000516704 4.07447e-05 9.47513e-05 
0.000776099 0.000235847 8.54704e-05 
0.000633147 0.000365837 2.42395e-05 
0.000183076 0.000381482 1.97444e-05 
0.00083196 0.000286287 7.56174e-05 
0.000200512 0.000213526 7.02207e-05 
0.000488321 0.000385849 3.62693e-05 
0.000809677 0.000156801 6.27233e-05 
0.000443612 0.000341736 5.63506e-05 
0.000231166 0.000362191 2.52287e-05 
0.000527869 0.000160366 4.08076e-05 
0.00088848 0.00023602 1.89335e-05 
0.000919792 0.000331701 6.17604e-05 
0.00041803 0.00030293 5.72865e-05 
0.000943184 5.22549e-05 5.33732e-05 
0.000838444 5.14729e-05 6.77716e-05 
0.000687128 9.09129e-05 2.14032e-05 
0.000275075 0.000300354 2.06163e-05 
8.40886e-05 0.000231413 8.46464e-05 
0.00056455 0.000234148 1.97555e-05 
0.000160305 9.08558e-05 2.98308e-05 
0.000956638 0.00044531 9.59382e-05 
0.000515938 0.000215717 3.3103e-05 
0.000967481 0.000219388 5.68528e-05 
0.000894661 0.00013521 2.57048e-05 
0.000773541 2.10008e-05 4.99736e-05 
6.65477e-05 0.000260519 2.191e-05 
0.000747156 0.00035055 9.34381e-05 
0.000616837 0.000439368 9.21937e-05 
0.000312427 0.000166629 9.96884e-05 
0.000332854 0.000203436 6.60629e-05 
0.00032822 0.000181155 1.87157e-05 
0.000295418 0.000299436 7.63996e-05 
0.00047652 0.000305511 3.28566e-05 
0.000462979 2.31884e-05 6.83884e-05 
0.000336656 0.000103258 5.62251e-05 
0.000978199 0.000401306 2.18009e-05 
0.000598437 0.000481877 5.59374e-05 
0.000541124 0.000351512 7.7043e-05 
0.000725461 0.000171256 6.5512e-05 
0.000394343 0.000230473 6.38308e-05 
0.000388415 0.000280092 9.57362e-05 
0.000268121 0.000381496 8.1878e-05 
0.000575314 0.000156848 4.93798e-05 
0.000797171 5.25391e-05 8.57063e-05 
0.000843104 0.000461651 7.44758e-05 
9.09423e-05 6.24879e-05 8.04346e-05 
0.000193047 0.000110458 8.19297e-05 
0.000972463 8.67156e-05 2.75346e-05 
0.000512424 0.000419752 7.95417e-05 
0.000213358 0.000101338 2.45102e-05 
0.000367503 0.000417773 3.12554e-05 
0.000480204 0.000165414 2.60585e-05 
0.000284051 0.000413734 4.43009e-05 
0.000586336 0.000355471 2.37086e-05 
0.000802106 0.000190764 1.71766e-05 
0.000541994 7.57369e-05 5.87298e-05 
0.000240178 6.88681e-05 6.12937e-05 
0.000514148 0.000478972 1.73978e-05 
0.000396899 6.72271e-05 3.08112e-05 
0.000969486 0.000173196 6.21992e-05 
0.000891296 0.000181112 1.93954e-05 
0.000593898 0.00040485 7.59111e-05 
0.000621118 0.00013199 7.17933e-05 
0.000398428 0.000359269 6.66001e-05 
0.000693089 0.000383151 4.67723e-05 
0.000651381 6.65736e-05 6.29432e-05 
0.000154046 5.07748e-05 7.32371e-05 
0.000863852 0.000163885 5.82428e-05 
0.000445147 0.000114277 3.66401e-05 
0.000617051 0.000199112 8.12273e-05 
0.000709536 0.000127726 4.70576e-05 
0.000785919 0.000151323 2.30052e-05 
6.05659e-05 0.00034332 5.76556e-05 
0.000173309 0.000390764 5.41432e-05 
0.000425255 0.000440181 6.90176e-05 
0.00058101 0.000236347 5.90831e-05 
0.000791955 0.000384918 4.96474e-05 
2.99129e-05 0.000434399 2.99139e-05 
0.000347714 0.000278001 6.29389e-05 
0.000177963 0.000428912 2.88143e-05 
0.000151172 0.000275365 2.03558e-05 
0.000277467 5.64361e-05 2.32759e-05 
0.000822508 0.000474151 2.58494e-05 
0.000672011 0.000144422 6.77544e-05 
0.000980947 0.000295151 1.74972e-05 
0.000132492 0.000254761 5.59478e-05 
0.000868829 0.000336176 8.5315e-05 
0.000209079 2.35554e-05 6.18954e-05 
0.000925002 0.000209216 8.26531e-05 
0.000353551 0.000325916 7.63993e-05 
0.000419113 0.000185288 3.29402e-05 
0.000562224 0.000420023 5.78995e-05 
0.000777059 0.000477161 2.00574e-05 
0.000729071 0.000365326 4.91651e-05 
0.000787752 0.000122107 8.8e-05 
0.000421258 2.46954e-05 1.93648e-05 
0.000819868 2.92557e-05 2.92562e-05 
0.000294091 6.9767e-05 6.38738e-05 
0.000730203 0.000249016 7.14053e-05 
7.60921e-05 0.000214993 2.46824e-05 
0.000682007 0.000180611 6.25201e-05 
0.000614885 0.000175551 2.64943e-05 
0.000400265 0.0002696 2.69504e-05 
0.000971751 0.000264975 7.13152e-05 
0.000651984 0.000277112 7.84695e-05 
0.000935682 0.000244037 3.02678e-05 
0.000597083 0.000132187 2.07351e-05 
8.75465e-05 0.000416617 3.03964e-05 
0.00013269 0.00043626 6.89034e-05 
0.000491216 0.000271062 6.61979e-05 
8.33311e-05 0.00016637 6.9052e-05 
0.00068838 0.000482789 1.72096e-05 
0.000646634 0.000383392 8.11315e-05 
0.000124457 0.000200618 4.26705e-05 
0.00031207 0.000274782 2.45236e-05 
0.00051383 0.000268455 2.10397e-05 
0.000766492 0.000179391 8.39274e-05 
0.000237333 0.000448101 7.08662e-05 
0.000977344 2.29745e-05 6.76244e-05 
0.000677033 0.000353975 2.10519e-05 
0.000229547 0.000224634 2.76747e-05 
0.00090947 0.000404919 3.66546e-05 
0.000413832 2.49831e-05 6.30878e-05 
0.000687776 3.00144e-05 5.16731e-05 
0.000766086 0.000475771 6.29356e-05 
0.000535851 0.000392624 6.02626e-05 
0.000458184 0.00016562 8.57846e-05 
0.000659568 0.000214207 3.29393e-05 
0.000412055 9.356e-05 9.30704e-05 
0.000266696 0.000468754 3.12455e-05 
0.000979278 0.000398063 8.01766e-05 
0.000164042 0.000161633 6.3685e-05 
0.000910867 9.72175e-05 3.78717e-05 
0.000647904 0.000320917 2.30556e-05 
0.000362355 0.000411544 8.52923e-05 
0.000315754 0.00040447 7.5191e-05 
0.000872309 0.000122819 7.36676e-05 
0.000187328 0.000239452 1.80797e-05 
0.000690207 0.000432255 3.07163e-05 
5.59148e-05 2.89696e-05 2.89692e-05 
0.000543574 2.53008e-05 2.52984e-05 
0.000718923 0.000298528 2.06409e-05 
0.000883529 4.39176e-05 3.64708e-05 
0.000214136 0.000268903 1.83519e-05 
0.000914533 0.000131294 7.31728e-05 
0.000297909 0.000172517 4.74635e-05 
0.000802944 0.000336015 8.57198e-05 
0.00052804 0.000267426 7.33403e-05 
0.000731936 0.000288475 5.70484e-05 
0.000200176 0.000321107 6.94008e-05 
0.00079901 0.000442725 5.5077e-05 
0.000823668 0.000225503 2.07614e-05 
0.000599048 0.000406014 2.8632e-05 
2.61559e-05 0.000119825 2.6156e-05 
0.000469418 0.000323228 8.05104e-05 
0.000448515 0.000473376 5.13228e-05 
4.87266e-05 0.00039495 5.04147e-05 
0.000382649 0.000321678 2.80241e-05 
0.000554277 0.000420784 1.91484e-05 
0.000265449 0.000115551 4.98659e-05 
0.000911768 7.6357e-05 7.17128e-05 
0.000614216 0.000253652 8.30355e-05 
0.000804677 0.00020738 6.09793e-05 
0.000435742 0.000375149 3.81755e-05 
0.00024872 0.000121902 1.70672e-05 
0.000744751 2.03295e-05 2.03286e-05 
0.000397176 0.000139043 1.98845e-05 
0.000351298 0.000252068 2.09469e-05 
0.000257686 0.000337254 5.54656e-05 
0.000718396 8.11587e-05 5.61415e-05 
0.000765892 0.000316523 1.8583e-05 
0.00086704 0.000411746 8.0247e-05 
0.000637893 0.000126746 2.04335e-05 
0.000616821 2.20121e-05 3.33731e-05 
0.00033007 0.000481638 1.70354e-05 
0.000580048 0.000111073 4.8086e-05 
0.000124931 0.000126117 5.5967e-05 
0.000193814 0.000471914 6.25334e-05 
0.000192511 6.41684e-05 5.18132e-05 
2.195e-05 4.71077e-05 6.22875e-05 
6.44211e-05 0.00031112 2.25121e-05 
0.000679468 0.000245793 6.96263e-05 
2.25238e-05 0.000476904 5.97265e-05 
0.000758279 0.000430513 5.27099e-05 
0.000445354 0.000257712 6.0978e-05 
0.000622691 0.000454444 2.08291e-05 
0.000837334 7.26771e-05 1.81896e-05 
0.000298577 0.000129864 2.42618e-05 
0.000930991 0.000461057 2.46533e-05 
0.00063151 0.000477949 7.84021e-05 
0.000197739 0.000420336 7.96453e-05 
0.000965844 0.00048286 1.71389e-05 
0.00083193 0.000333524 3.29519e-05 
6.11121e-05 0.000436318 8.24812e-05 
0.000457377 0.000438351 2.55997e-05 
0.000776409 0.000117847 4.83526e-05 
0.00074315 0.000325639 4.88568e-05 
0.000611706 0.000298938 8.78679e-05 
0.000122917 0.000461787 2.16539e-05 
0.000763212 0.000239462 5.05189e-05 
0.000809095 0.000106434 2.29194e-05 
0.000728024 0.00040477 5.10224e-05 
0.000470336 0.000428978 6.93378e-05 
0.000555224 0.000154995 8.39031e-05 
0.000337253 0.000145602 1.79665e-05 
0.00061077 0.000279094 3.39195e-05 
0.000186047 0.000266738 5.77502e-05 
0.000496153 0.000103496 6.91859e-05 
0.000566172 0.000192084 2.24174e-05 
0.000437513 0.000482273 1.77268e-05 
0.000510501 0.000182874 7.51139e-05 
0.000749105 0.000128429 2.04245e-05 
0.000225618 0.000178365 1.94785e-05 
0.000102705 0.000421568 0.000109652 
0.000501544 0.000339576 6.01442e-05 
4.58272e-05 0.000192275 5.16008e-05 
0.00067466 0.000275447 3.01817e-05 
0.000579405 2.00205e-05 5.25663e-05 
0.000134314 0.000377985 3.02617e-05 
3.03233e-05 0.000277759 6.91174e-05 
0.000381612 0.000453224 6.16893e-05 
0.000536809 0.000298914 1.72973e-05 
0.000842854 8.97283e-05 7.56478e-05 
0.000728106 9.42025e-05 1.97372e-05 
7.9388e-05 0.000171742 1.90542e-05 
5.96993e-05 0.000374481 1.99504e-05 
0.000277875 0.000203817 7.8519e-05 
0.000972037 0.000210688 2.00957e-05 
0.000274127 0.000244519 2.1525e-05 
0.000833192 0.000182273 9.43242e-05 
0.000887607 0.000347972 2.51032e-05 
0.000675764 0.000127985 1.75614e-05 
2.25668e-05 0.000253906 2.25664e-05 
0.000714796 0.00023547 2.65795e-05 
0.000111049 0.000241541 1.92054e-05 
0.000943895 0.000151936 1.71486e-05 
0.000889967 0.000445391 6.78059e-05 
0.000419819 0.0004073 2.19547e-05 
0.000108112 5.90364e-05 3.13141e-05 
0.000575443 0.000316229 6.1822e-05 
0.000864204 0.000207579 1.8459e-05 
0.000249209 0.000187442 4.93393e-05 
2.11337e-05 0.000367843 5.8393e-05 
0.000775709 0.00027701 6.71333e-05 
0.000240755 2.50542e-05 2.50545e-05 
0.000794585 6.85157e-05 2.41975e-05 
0.000251493 0.000270958 8.19267e-05 
0.000288684 0.000445158 7.15765e-05 
0.000703307 0.000175831 2.56841e-05 
0.000363752 0.000121232 1.80318e-05 
0.000960689 0.00042235 5.33453e-05 
0.000168203 0.000185918 2.17756e-05 
0.000132422 0.000324267 2.09989e-05 
0.000978648 0.000120813 6.20138e-05 
0.000210177 5.74177e-05 1.97791e-05 
0.000978448 0.000135072 2.15522e-05 
0.00079776 0.000288358 2.43341e-05 
0.000393218 0.000481843 8.7189e-05 
7.92754e-05 0.000126088 2.73442e-05 
0.000442191 0.000392475 7.7262e-05 
0.000131452 0.000320716 7.90794e-05 
0.000463064 2.27692e-05 2.26037e-05 
0.000939801 0.000394241 7.99053e-05 
0.000934606 0.000353549 2.23081e-05 
0.000229734 0.000310749 2.62448e-05 
0.000352192 0.000237916 8.37198e-05 
0.00082354 0.000417215 7.59327e-05 
0.000973258 0.0004718 5.89512e-05 
0.000229675 0.000139673 4.77946e-05 
0.000399043 0.000194233 0.000116365 
0.000116287 0.000156699 2.08332e-05 
0.000280404 0.00034113 2.01102e-05 
0.000370252 1.97778e-05 7.18646e-05 
0.000643138 0.000438947 5.73446e-05 
2.02779e-05 0.00038597 2.02777e-05 
0.000525188 0.000482671 5.01152e-05 
0.000972975 0.000324475 6.04923e-05 
0.000597632 0.000444222 5.80352e-05 
0.000941381 0.000307732 2.40377e-05 
0.000368392 0.000163603 1.80008e-05 
0.000599298 6.59275e-05 6.68006e-05 
0.000882131 9.25247e-05 5.88289e-05 
0.000934186 2.11438e-05 2.11443e-05 
0.000444866 5.77521e-05 1.71704e-05 
0.000680696 0.000472172 7.24694e-05 
0.000699569 5.46097e-05 8.84304e-05 
0.000761345 0.000442771 1.77055e-05 
0.000333625 3.86155e-05 3.53006e-05 
0.000341523 0.000478001 5.72773e-05 
0.000672509 5.1498e-05 2.06402e-05 
0.000324421 0.000325107 2.72735e-05 
0.000484175 7.68554e-05 2.01124e-05 
0.000104928 0.000365116 8.00556e-05 
0.000221096 0.000383572 6.3755e-05 
0.000507649 0.000116048 2.6678e-05 
1.92684e-05 6.3984e-05 1.92707e-05 
0.00050209 1.72029e-05 1.7194e-05 
0.00083406 0.000376286 8.58388e-05 
0.000308618 8.40198e-05 1.85934e-05 
4.6158e-05 0.000185821 1.70886e-05 
0.000162967 0.000225083 5.33413e-05 
0.000568318 0.000316964 1.90547e-05 
0.00042648 0.000326202 9.53031e-05 
0.000463686 0.000212487 2.06965e-05 
0.000817346 0.000115582 6.22862e-05 
0.000838115 0.000236609 7.6598e-05 
0.000181787 0.000304899 2.2226e-05 
0.000613059 0.000329838 4.17341e-05 
0.000541794 1.98773e-05 7.01136e-05 
0.000643231 0.000420513 1.888e-05 
0.000854024 1.83632e-05 7.49784e-05 
0.000316544 0.000442175 2.55338e-05 
0.000427091 0.000310354 1.87674e-05 
0.000979719 6.72684e-05 6.73355e-05 
0.000319625 0.000381189 2.9038e-05 
2.00801e-05 0.00021451 6.87615e-05 
0.000127234 0.000155596 9.15098e-05 
0.000165175 0.000339143 4.2224e-05 
0.000940199 9.77122e-05 5.88114e-05 
0.000409974 0.000451872 2.37257e-05 
0.000472484 0.000207848 5.734e-05 
7.06947e-05 0.000482604 7.09398e-05 
0.000488695 0.00047196 7.041e-05 
0.000860922 0.000376046 5.14285e-05 
0.00013736 0.0004825 5.15798e-05 
0.000149754 0.000235277 1.97598e-05 
0.000499768 0.000446428 1.81854e-05 
0.000762966 4.73701e-05 7.63637e-05 
0.000755688 0.000150542 5.22226e-05 
0.00026206 0.000158428 2.21473e-05 
0.000475918 0.000251721 2.03989e-05 
0.000573509 9.30703e-05 1.79197e-05 
0.000805291 1.87208e-05 7.37347e-05 
0.000605668 0.000223777 2.27451e-05 
0.000716515 0.000339946 2.08485e-05 
0.000882722 9.44718e-05 1.75243e-05 
0.000165406 3.06218e-05 3.06232e-05 
0.000613007 2.10561e-05 7.62615e-05 
0.000598503 0.000354829 6.70487e-05 
0.000716239 5.30887e-05 2.31928e-05 
0.000211378 0.000167047 8.17575e-05 
0.000552748 0.00046414 2.45702e-05 
0.000753045 0.000269848 2.40603e-05 
0.000730277 0.000473252 2.67476e-05 
0.000546 0.000379438 2.32142e-05 
0.000612925 9.28594e-05 2.16731e-05 
0.000782374 0.000421267 8.51749e-05 
0.00053551 0.000298856 5.25414e-05 
0.000757485 0.000397013 8.6045e-05 
2.4374e-05 0.00034281 2.26357e-05 
0.000666283 0.000391553 1.81424e-05 
0.000559143 0.000466947 7.80649e-05 
0.000150656 0.000302341 4.7915e-05 
0.000380694 0.000154463 5.30255e-05 
0.00092252 0.000474253 7.25503e-05 
0.000720489 0.000385304 1.84419e-05 
5.79969e-05 8.06122e-05 2.30417e-05 
0.000651211 1.83975e-05 5.42663e-05 
0.000592756 0.000480863 1.91324e-05 
0.000565202 0.000196139 6.53506e-05 
0.000405205 0.0004033 5.81063e-05 
0.000170628 1.83588e-05 7.77534e-05 
0.000199107 0.000180074 4.46468e-05 
0.00040646 0.000362085 1.96265e-05 
0.000388171 0.000114047 5.06962e-05 
0.00049969 0.000347677 9.45168e-05 
0.00079488 8.28393e-05 6.05581e-05 
0.000808249 0.000252118 4.70936e-05 
0.000697437 0.000280791 7.49119e-05 
0.000831441 0.000150624 2.25259e-05 
0.000570344 0.000381477 5.75787e-05 
0.000982125 0.000174151 1.78723e-05 
0.000153413 0.000139387 2.0136e-05 
0.00047951 5.01207e-05 9.38044e-05 
0.000277399 2.37966e-05 5.58847e-05 
2.04113e-05 0.000211212 2.70172e-05 
0.000642785 0.00031704 6.47834e-05 
0.000275019 0.000200479 2.09009e-05 
0.000702707 0.000229414 9.25704e-05 
0.000572121 3.92253e-05 8.65032e-05 
0.000538492 0.000128643 6.69433e-05 
0.000276679 0.000247343 6.42768e-05 
0.000922145 0.000169553 4.49081e-05 
0.000883709 0.000274249 9.63044e-05 
0.000584259 5.30545e-05 2.39538e-05 
4.53617e-05 0.000232534 4.76195e-05 
0.00019303 0.000365057 8.52587e-05 
0.000835061 0.000190025 3.20251e-05 
5.62485e-05 6.86428e-05 6.28366e-05 
0.000235121 0.000416732 2.96331e-05 
0.000687404 9.75152e-05 7.66012e-05 
2.27469e-05 0.000330573 8.44208e-05 
0.000554593 0.000127968 2.19828e-05 
0.00075589 6.09361e-05 4.08383e-05 
0.00095807 0.000376673 5.08764e-05 
0.000476572 0.000479703 2.02993e-05 
0.000383269 1.88614e-05 1.88478e-05 
0.000977326 2.8662e-05 2.26711e-05 
0.000311297 2.52931e-05 9.0033e-05 
0.000451257 0.000349925 1.82641e-05 
0.000978453 0.00035299 2.1548e-05 
0.000358724 0.000142345 8.81593e-05 
0.000800308 0.000478627 9.29262e-05 
0.000465064 8.59685e-05 7.86752e-05 
0.000152467 0.000203606 8.41456e-05 
0.000918723 0.000258824 7.3324e-05 
0.000523201 0.000337669 2.43859e-05 
5.23843e-05 0.00010915 6.53576e-05 
0.000117044 0.000105242 1.70138e-05 
0.000163956 0.000477672 2.23285e-05 
0.000906322 0.000376287 8.21272e-05 
0.000489384 6.92253e-05 5.69327e-05 
0.000742453 0.000295633 9.90073e-05 
0.000949162 0.000356121 8.50997e-05 
0.000322319 0.000465937 9.51697e-05 
8.83007e-05 9.46805e-05 5.77033e-05 
0.000746527 0.000118579 7.46069e-05 
0.000364351 0.000206953 2.63298e-05 
0.000523273 0.000441183 4.55849e-05 
0.00021716 0.000479452 2.05472e-05 
9.21952e-05 0.000347551 2.23077e-05 
0.000111697 0.000285848 7.56796e-05 
0.000315261 0.00022263 2.52177e-05 
0.000240063 0.000228855 7.19045e-05 
0.000884853 0.000204018 4.91522e-05 
0.000126633 2.22773e-05 6.56333e-05 
0.000933727 0.000290405 6.20406e-05 
1.80712e-05 8.59338e-05 5.33913e-05 
0.000936189 0.000196902 1.83548e-05 
0.000894777 0.000238721 5.51005e-05 
0.000504155 0.000139773 7.31004e-05 
0.000877962 0.000470575 2.94253e-05 
0.000508598 0.000306232 8.44231e-05 
9.24014e-05 0.000462503 4.90846e-05 
0.000752644 0.000406431 1.96552e-05 
0.000295921 0.000482313 6.80731e-05 
0.000755669 0.000354679 2.09869e-05 
0.00069445 1.72506e-05 1.72498e-05 
0.000633035 5.72697e-05 1.92755e-05 
0.000195452 0.000361391 4.82884e-05 
0.000260998 0.000144402 7.39259e-05 
0.000341861 0.000164203 5.06182e-05 
0.000466551 0.000289095 9.0324e-05 
0.000562151 0.000275002 1.75455e-05 
0.000288517 1.7551e-05 1.75525e-05 
0.000432799 0.000236419 1.84385e-05 
0.000156322 0.000363957 7.21221e-05 
0.000857235 0.000237072 4.21803e-05 
0.000653518 1.79776e-05 1.79778e-05 
0.00024349 0.000310769 8.1699e-05 
0.000400596 0.000481789 5.15765e-05 
0.000728729 2.23913e-05 5.98677e-05 
0.000972731 0.000443567 2.07499e-05 
0.000836434 0.000265156 2.08975e-05 
0.000442118 6.11987e-05 5.92384e-05 
0.000194173 0.000149003 2.17761e-05 
0.000941509 8.27337e-05 9.13053e-05 
0.000350941 0.000289395 2.89996e-05 
0.000133185 0.000424121 1.75949e-05 
0.000106686 0.000285686 2.56079e-05 
0.000372749 0.000189962 6.73922e-05 
0.000784234 0.000236494 1.98256e-05 
0.000510341 5.10878e-05 1.74841e-05 
0.000767204 9.296e-05 1.93039e-05 
0.000337009 0.000439271 6.51946e-05 
0.000921291 1.80098e-05 6.59783e-05 
0.000935081 0.000116835 1.90733e-05 
0.000469871 0.000359207 7.92145e-05 
0.00095508 0.000137984 8.82388e-05 
0.000698655 0.000416244 8.31989e-05 
1.87744e-05 0.000163169 1.84746e-05 
0.000504731 3.2461e-05 5.33421e-05 
0.000271973 0.000379049 2.32274e-05 
0.000128892 8.16179e-05 7.48693e-05 
0.000193871 0.000342961 1.73744e-05 
0.000792996 0.000426378 1.79409e-05 
0.000852527 0.000112776 3.91364e-05 
0.000311793 0.000354169 7.16798e-05 
0.000544263 0.000256613 4.1097e-05 
0.000776484 3.97615e-05 1.70267e-05 
0.000662348 0.000110374 4.65389e-05 
0.000659513 0.000162245 2.04639e-05 
5.65013e-05 0.000380209 8.75051e-05 
0.000166756 0.000481012 9.99617e-05 
0.000658738 0.000465555 1.70778e-05 
6.31587e-05 0.000473448 2.19692e-05 
0.000106203 0.000321691 4.83888e-05 
0.00088127 0.000171274 9.85975e-05 
0.000565747 0.000274597 6.32947e-05 
0.000582051 9.89931e-05 8.90433e-05 
2.33529e-05 0.000481275 1.87238e-05 
0.000785992 0.000320394 4.7786e-05 
8.72166e-05 2.77857e-05 6.34143e-05 
0.000467636 0.000224362 8.71006e-05 
0.000369737 0.000476528 2.34656e-05 
1.8099e-05 0.000406043 6.68118e-05 
0.000356053 0.000378351 5.99757e-05 
2.18936e-05 0.000298356 2.18933e-05 
0.00082926 2.2125e-05 0.000101987 
0.00024558 0.000268739 4.33017e-05 
0.000366495 0.000366982 2.06408e-05 
0.000928639 7.4258e-05 1.79171e-05 
0.00027312 9.69564e-05 1.78364e-05 
