0.000839282 0.00041651 3.10557e-05 
8.24916e-05 0.00029478 6.80921e-05 
0.00052787 0.000217048 9.24717e-05 
0.00031587 0.000239164 9.97247e-05 
0.000686131 0.000328776 6.51383e-05 
0.00036986 6.92084e-05 9.06734e-05 
0.000751932 0.00019609 3.09937e-05 
0.000883666 0.000288297 4.52172e-05 
0.000526001 4.91298e-05 0.000129756 
0.000782773 0.000237932 0.000118257 
0.000637704 0.000371079 2.42383e-05 
0.000178381 0.000386617 1.97498e-05 
0.000827545 0.000296511 8.25477e-05 
0.000204277 0.000213658 8.07018e-05 
0.000488192 0.000379263 3.62702e-05 
0.000799496 0.000158057 8.28976e-05 
0.000441961 0.000351965 5.74315e-05 
0.000236074 0.000363853 2.52283e-05 
0.00052542 0.000151147 5.78802e-05 
0.000887253 0.000240414 1.89434e-05 
0.000922459 0.000333576 6.31891e-05 
0.000414385 0.000310914 5.60817e-05 
0.000946033 5.65888e-05 5.64552e-05 
0.000863241 4.39071e-05 8.49505e-05 
0.000689458 9.23514e-05 2.14033e-05 
0.000268596 0.000301706 4.50927e-05 
8.63163e-05 0.000224023 8.46022e-05 
0.000562326 0.000239245 1.97628e-05 
0.000170072 9.10493e-05 2.98301e-05 
0.000971077 0.000462544 0.000107599 
0.000517353 0.000215069 3.34758e-05 
0.000961522 0.000213103 5.74467e-05 
0.000883539 0.000139796 2.57083e-05 
0.000767989 2.71822e-05 5.55497e-05 
6.34143e-05 0.000254264 4.03029e-05 
0.000735835 0.000339546 0.000102702 
0.000610149 0.000437586 0.000112148 
0.000310811 0.000178859 0.0001034 
0.00034498 0.000208497 7.42479e-05 
0.000322073 0.000184769 1.87164e-05 
0.000310652 0.0002939 8.1063e-05 
0.000478895 0.000310828 3.28698e-05 
0.000457564 2.31785e-05 6.79486e-05 
0.000335423 9.75108e-05 6.12134e-05 
0.000966506 0.000397566 2.18009e-05 
0.000583805 0.000464114 6.84946e-05 
0.000534976 0.00034959 8.79227e-05 
0.000703023 0.000160468 9.30478e-05 
0.000388017 0.000236176 6.26775e-05 
0.000403575 0.000269656 0.000109143 
0.00026244 0.000368805 0.000101443 
0.00057047 0.000164268 5.97826e-05 
0.000799119 5.31054e-05 0.00013486 
0.000841706 0.000453416 7.86516e-05 
8.99761e-05 6.2106e-05 0.000105568 
0.000175074 9.64732e-05 9.39886e-05 
0.000972453 9.09198e-05 2.75388e-05 
0.000518701 0.000424177 0.000101601 
0.000223208 0.000101109 2.45089e-05 
0.000367969 0.000422987 3.12563e-05 
0.000488781 0.000163797 2.60714e-05 
0.000285175 0.000413173 5.3406e-05 
0.000593593 0.000352281 2.37082e-05 
0.000797634 0.000189759 1.71763e-05 
0.00054877 8.12032e-05 5.94858e-05 
0.000237443 8.39618e-05 7.57917e-05 
0.000518147 0.000463014 1.73983e-05 
0.00038969 7.02794e-05 3.08126e-05 
0.000965591 0.00017199 7.80859e-05 
0.000892035 0.00018652 1.9398e-05 
0.000575155 0.000396868 0.000105148 
0.000621875 0.000132551 9.12115e-05 
0.000394988 0.000363373 6.82328e-05 
0.000686842 0.000389239 4.92037e-05 
0.000649628 6.34806e-05 6.44611e-05 
0.000151095 4.47164e-05 7.2098e-05 
0.000868706 0.00015661 7.39663e-05 
0.000446285 0.000108074 3.66394e-05 
0.000626737 0.000199471 8.84151e-05 
0.000713293 0.000125499 4.88604e-05 
0.000790067 0.000155815 3.73026e-05 
6.22392e-05 0.00033303 8.42242e-05 
0.000155871 0.000379187 7.03456e-05 
0.000440154 0.000431941 7.95863e-05 
0.000592568 0.00023868 6.49187e-05 
0.000787777 0.000383927 5.46013e-05 
2.9915e-05 0.00043397 2.99149e-05 
0.00035137 0.000289286 0.000123204 
0.000183834 0.000434031 2.88149e-05 
0.00014316 0.000278854 2.03578e-05 
0.000276582 6.05266e-05 2.32755e-05 
0.000811138 0.000469992 2.76949e-05 
0.00068666 0.000131593 0.000126451 
0.000980862 0.000295175 1.74972e-05 
0.000127854 0.000260175 5.85368e-05 
0.000877043 0.000330947 9.6392e-05 
0.000217779 3.32888e-05 8.86515e-05 
0.00091103 0.000200641 8.75094e-05 
0.000371189 0.000314155 8.32701e-05 
0.000415731 0.000191911 3.29382e-05 
0.000562366 0.000399304 5.7903e-05 
0.000766497 0.000462426 2.00542e-05 
0.00071689 0.000370064 6.78366e-05 
0.00078489 0.000113937 0.000102058 
0.000419292 3.12048e-05 4.15323e-05 
0.000826143 2.92588e-05 2.92693e-05 
0.000290267 7.81836e-05 8.52951e-05 
0.00072417 0.000253634 7.47539e-05 
8.22142e-05 0.000214585 2.46849e-05 
0.000680761 0.000190737 7.29526e-05 
0.000612163 0.000175592 2.65015e-05 
0.000398551 0.000275423 2.69527e-05 
0.00097175 0.00025469 7.47987e-05 
0.000639496 0.000275843 8.20984e-05 
0.000934824 0.000245868 3.0269e-05 
0.000604208 0.000129394 2.073e-05 
8.8388e-05 0.000419211 3.03974e-05 
0.000137207 0.00043028 6.78336e-05 
0.000490409 0.000290715 7.73403e-05 
7.05732e-05 0.000159009 8.62824e-05 
0.000678871 0.000479516 3.79199e-05 
0.000641171 0.000382748 8.4002e-05 
0.000129029 0.000195353 4.2234e-05 
0.000301814 0.0002765 2.45231e-05 
0.00052673 0.000272494 4.25261e-05 
0.00075658 0.000181504 8.52102e-05 
0.000247009 0.000465353 9.40863e-05 
0.000977353 4.06596e-05 8.80094e-05 
0.000681098 0.000358496 2.10505e-05 
0.000232957 0.0002329 4.09035e-05 
0.000905538 0.000403737 3.66563e-05 
0.000415141 3.30358e-05 8.85615e-05 
0.000699013 5.03152e-05 6.32124e-05 
0.000766227 0.000474038 9.48575e-05 
0.000518353 0.000390112 7.93151e-05 
0.000458126 0.00016496 7.95893e-05 
0.000660107 0.000212993 3.29604e-05 
0.00042837 0.000108881 0.000102881 
0.000270219 0.000468751 4.59854e-05 
0.000979278 0.000383562 8.73028e-05 
0.000160403 0.000154291 6.56655e-05 
0.000901565 9.77173e-05 6.55659e-05 
0.000650936 0.000321008 2.30584e-05 
0.00035313 0.00040696 0.000105989 
0.000317701 0.000396256 7.83622e-05 
0.000869105 0.000125264 0.000125503 
0.000193377 0.000235364 1.80799e-05 
0.000698743 0.000436084 3.07178e-05 
6.47329e-05 2.90158e-05 2.89689e-05 
0.000543937 3.14793e-05 2.53001e-05 
0.000723007 0.000295427 2.06402e-05 
0.000890037 4.28846e-05 3.64699e-05 
0.000217659 0.000270067 1.83527e-05 
0.000918646 0.000141947 8.63893e-05 
0.000305784 0.000162883 5.15116e-05 
0.000793816 0.000340995 9.8319e-05 
0.000513884 0.000267189 9.51437e-05 
0.000724185 0.000294138 6.05536e-05 
0.00020235 0.000323743 7.21853e-05 
0.000792485 0.000444465 6.72243e-05 
0.000825217 0.000217422 2.07619e-05 
0.000600629 0.000408525 2.86319e-05 
2.61568e-05 0.0001143 2.61556e-05 
0.000462811 0.000330038 0.000105491 
0.000466823 0.000471128 6.58605e-05 
3.4461e-05 0.000389342 9.09511e-05 
0.000376377 0.000325901 2.80278e-05 
0.000554747 0.000418157 1.91601e-05 
0.000278854 0.000111299 6.02667e-05 
0.000907186 6.29484e-05 0.000110664 
0.000596972 0.000240481 0.000109109 
0.000799206 0.000212451 6.08149e-05 
0.000426845 0.000385163 4.40772e-05 
0.000253936 0.000126086 3.71838e-05 
0.000746388 2.59311e-05 2.03298e-05 
0.000399119 0.000136982 1.98847e-05 
0.00034326 0.000257404 2.59591e-05 
0.000249791 0.000336899 6.16308e-05 
0.00072916 8.19575e-05 8.72706e-05 
0.000761405 0.000315313 1.85832e-05 
0.000878288 0.000416738 8.99025e-05 
0.000640457 0.000129157 4.03028e-05 
0.00061325 2.20154e-05 4.34868e-05 
0.000348729 0.000471689 5.12068e-05 
0.000578808 0.000124663 6.38211e-05 
0.000126521 0.000113866 5.74278e-05 
0.000206887 0.000471917 6.44554e-05 
0.000200806 5.62481e-05 5.91858e-05 
4.83079e-05 5.3551e-05 0.000110228 
7.01581e-05 0.000322966 2.25124e-05 
0.000666104 0.000243211 7.52724e-05 
2.91746e-05 0.000477234 5.96884e-05 
0.000750911 0.000423917 8.01419e-05 
0.000444074 0.000265736 6.11738e-05 
0.000619344 0.000462109 2.08291e-05 
0.000824939 7.54983e-05 6.31607e-05 
0.00030156 0.00012334 2.42595e-05 
0.000919599 0.000462209 2.46535e-05 
0.000641939 0.000473201 9.32945e-05 
0.000191236 0.000411358 8.01398e-05 
0.000955155 0.000482854 1.71394e-05 
0.000830109 0.000336413 3.29517e-05 
6.29342e-05 0.000433673 8.4641e-05 
0.00046477 0.000437891 2.56052e-05 
0.000774519 0.000114405 6.192e-05 
0.000743799 0.000328219 5.0837e-05 
0.000596638 0.00030304 9.96497e-05 
0.000115924 0.000464627 2.16547e-05 
0.000761054 0.000230214 8.59661e-05 
0.000812974 8.35341e-05 2.29257e-05 
0.000731452 0.000402427 5.05975e-05 
0.000480658 0.000409553 8.4249e-05 
0.000561623 0.00015015 0.000117135 
0.000337423 0.000150358 1.79661e-05 
0.000609682 0.000283235 3.39444e-05 
0.000193119 0.000267501 7.68526e-05 
0.000509056 0.000108145 0.000105611 
0.000565339 0.000189367 2.24277e-05 
0.000431563 0.000481633 1.77274e-05 
0.000503196 0.000180339 0.000109279 
0.000750662 0.000133907 2.04254e-05 
0.000212488 0.00017998 1.94808e-05 
0.000109578 0.000434269 0.000117046 
0.000492504 0.000333291 7.57826e-05 
4.73363e-05 0.000190735 5.7366e-05 
0.000673416 0.000274602 3.63059e-05 
0.000586674 3.51699e-05 7.33049e-05 
0.000130701 0.00037575 3.02583e-05 
3.19933e-05 0.000287514 7.23388e-05 
0.00037085 0.000432207 7.90927e-05 
0.000535624 0.000299955 1.72992e-05 
0.000847861 8.0915e-05 0.00011629 
0.000732913 9.42305e-05 1.97363e-05 
6.85149e-05 0.000168521 1.90547e-05 
6.44374e-05 0.000375411 1.99552e-05 
0.000266018 0.000210591 0.00010732 
0.000965967 0.00020721 2.00959e-05 
0.000277974 0.000237212 2.15256e-05 
0.000835345 0.000178058 0.000105765 
0.0008878 0.000345652 2.51641e-05 
0.000675315 0.000128466 2.51856e-05 
2.26769e-05 0.000251881 2.25758e-05 
0.000720178 0.000243929 2.65799e-05 
0.000117543 0.000243287 1.92055e-05 
0.000945993 0.000148478 1.7148e-05 
0.000890108 0.000448457 6.4059e-05 
0.000422016 0.000417377 2.19635e-05 
0.000115372 6.26157e-05 3.13309e-05 
0.000569578 0.000314854 6.19597e-05 
0.000863904 0.000211542 2.34862e-05 
0.000260047 0.000192276 6.76867e-05 
2.68958e-05 0.000355215 6.38223e-05 
0.000780258 0.00026968 6.97674e-05 
0.000243128 2.50557e-05 2.50562e-05 
0.000788878 6.2958e-05 4.83381e-05 
0.000271576 0.000273738 0.000120807 
0.000292064 0.000435225 9.21917e-05 
0.000701116 0.000171546 2.56881e-05 
0.000351595 0.000117257 1.80346e-05 
0.000971911 0.000420906 0.000106589 
0.000169649 0.000173038 2.17741e-05 
0.000144901 0.00032096 2.1002e-05 
0.000970275 0.000103818 7.46464e-05 
0.000212749 5.82058e-05 1.97822e-05 
0.000973028 0.00013759 4.28171e-05 
0.000809241 0.00028155 2.43346e-05 
0.000396503 0.000475149 0.000117989 
7.67435e-05 0.00012701 3.80963e-05 
0.000437862 0.000382918 9.45188e-05 
0.000132043 0.000313437 0.000106093 
0.000463852 2.28687e-05 2.26001e-05 
0.000941849 0.000381186 0.000129625 
0.000934555 0.000354454 2.23083e-05 
0.000227195 0.000312947 2.62435e-05 
0.000356141 0.000227124 0.000111688 
0.000825657 0.000406902 0.000100224 
0.000973257 0.000469203 5.47208e-05 
0.000225503 0.000152046 4.90406e-05 
0.000406504 0.000200904 0.000115577 
0.000113201 0.000153345 2.08341e-05 
0.000274684 0.000333295 2.0114e-05 
0.000351074 2.34127e-05 9.02044e-05 
0.000652057 0.000449572 5.53577e-05 
2.51009e-05 0.000383999 2.02777e-05 
0.000508558 0.000482622 9.5355e-05 
0.000972968 0.000322392 5.63209e-05 
0.000615457 0.000430564 6.88956e-05 
0.000936413 0.000307245 2.40365e-05 
0.000371841 0.000170618 1.80229e-05 
0.000587671 6.82755e-05 0.000101164 
0.000880109 8.25358e-05 9.65579e-05 
0.000941497 2.19647e-05 2.11448e-05 
0.000445003 5.78464e-05 1.71704e-05 
0.000694055 0.000457064 8.52187e-05 
0.0006862 6.15316e-05 0.000105701 
0.000758806 0.000435953 4.58414e-05 
0.000333084 3.53e-05 3.53e-05 
0.000348541 0.000461965 8.75658e-05 
0.000670854 5.3843e-05 2.0641e-05 
0.000321034 0.000324519 2.72737e-05 
0.000494808 8.39303e-05 6.69694e-05 
0.00011286 0.000377668 8.70682e-05 
0.000230165 0.000389067 6.83619e-05 
0.00050845 0.00011484 2.66891e-05 
1.92709e-05 7.3937e-05 8.92342e-05 
0.000503262 2.21771e-05 1.7185e-05 
0.000853967 0.000378604 0.000100616 
0.000312121 8.21837e-05 1.85936e-05 
4.34525e-05 0.000200938 1.70886e-05 
0.00015601 0.00023763 8.1132e-05 
0.000565924 0.000320005 1.90544e-05 
0.000421646 0.000321986 9.94949e-05 
0.000465639 0.000207338 2.06977e-05 
0.000830763 0.000112028 9.51425e-05 
0.000847055 0.00025383 9.99991e-05 
0.000181507 0.000297276 2.22345e-05 
0.000620388 0.000331851 4.73854e-05 
0.000541059 2.64864e-05 7.01059e-05 
0.000642154 0.000429624 1.89278e-05 
0.000851923 2.22178e-05 0.000113101 
0.000313592 0.000438342 2.55345e-05 
0.000429296 0.000308268 1.87692e-05 
0.000972633 6.49694e-05 0.000128147 
0.000315143 0.000380517 2.90382e-05 
2.9372e-05 0.000207271 9.93615e-05 
0.000122429 0.000131347 0.000100056 
0.000168016 0.000344837 4.63112e-05 
0.000937539 0.000104958 0.000103018 
0.000414281 0.000455903 4.52637e-05 
0.000484948 0.000210934 7.20374e-05 
8.63499e-05 0.000478991 8.74537e-05 
0.000476724 0.000455764 0.000106481 
0.000865714 0.000367955 5.99466e-05 
0.000128401 0.00048032 5.52886e-05 
0.000156114 0.000228961 1.97632e-05 
0.000498525 0.000455804 4.69874e-05 
0.000766362 3.7776e-05 0.000113141 
0.000754186 0.000147391 5.71601e-05 
0.000260753 0.000161662 2.215e-05 
0.000493543 0.000261167 2.04029e-05 
0.000583358 9.68347e-05 1.95654e-05 
0.000814169 2.16793e-05 9.06471e-05 
0.000601908 0.000223617 2.27884e-05 
0.00071675 0.000336442 2.08484e-05 
0.000873886 9.79947e-05 1.98876e-05 
0.000171895 3.06253e-05 3.06235e-05 
0.000599167 2.83047e-05 0.000116458 
0.000597023 0.000345705 8.05382e-05 
0.000714584 5.55515e-05 2.31929e-05 
0.000213977 0.000166968 9.24431e-05 
0.000552833 0.000456483 4.01143e-05 
0.00076155 0.000273065 2.43862e-05 
0.000735968 0.000473253 5.38426e-05 
0.000549188 0.000376351 2.32155e-05 
0.000618445 9.32187e-05 3.77034e-05 
0.00078201 0.000426169 0.000123969 
0.000538161 0.000300851 8.66098e-05 
0.000769109 0.000390074 0.000134839 
2.32264e-05 0.000340863 2.26355e-05 
0.000666423 0.000401658 1.81444e-05 
0.000554381 0.000470607 0.000105223 
0.000157855 0.00030056 7.70001e-05 
0.000387027 0.000142801 8.18821e-05 
0.000924224 0.000474242 7.33805e-05 
0.000726144 0.000380738 1.84416e-05 
6.23537e-05 8.07752e-05 2.30417e-05 
0.000669325 2.06619e-05 9.16674e-05 
0.000583431 0.000479584 1.9132e-05 
0.000573223 0.000204622 8.47344e-05 
0.000401042 0.000418179 6.86845e-05 
0.00017217 1.86144e-05 8.57429e-05 
0.000190332 0.000186169 5.19796e-05 
0.000409955 0.000359454 2.2973e-05 
0.000387225 0.000103445 7.02764e-05 
0.000494986 0.00035334 0.000136667 
0.000790579 6.63136e-05 8.72527e-05 
0.00082105 0.000253818 5.64738e-05 
0.000696095 0.000294801 0.000110225 
0.0008321 0.000146434 2.25256e-05 
0.000567818 0.00035928 5.69682e-05 
0.000975127 0.000168114 1.78977e-05 
0.000150265 0.000135894 2.01395e-05 
0.000479306 3.4927e-05 0.000134517 
0.000267453 3.99957e-05 6.35553e-05 
2.04106e-05 0.000214373 4.34532e-05 
0.00063204 0.00032309 8.0998e-05 
0.000282338 0.000196931 3.41182e-05 
0.000688835 0.000242881 0.000117971 
0.000554768 3.17612e-05 0.000106794 
0.000536674 0.000130081 0.000132471 
0.000269222 0.00024083 7.30196e-05 
0.000918383 0.000166655 4.50269e-05 
0.000890149 0.000271705 0.000105635 
0.000588422 5.54003e-05 2.39505e-05 
3.48502e-05 0.000233372 7.29095e-05 
0.000199234 0.000356496 0.000120854 
0.000830319 0.000179573 6.45643e-05 
6.64387e-05 7.50006e-05 6.40283e-05 
0.000240162 0.000418401 2.96326e-05 
0.000694217 0.000102796 8.6228e-05 
2.98278e-05 0.000354592 0.000112406 
0.000553788 0.000146171 2.19821e-05 
0.000747624 6.97998e-05 4.87148e-05 
0.000952335 0.000375588 5.60585e-05 
0.000484467 0.000479699 2.02964e-05 
0.000378043 3.66989e-05 6.54933e-05 
0.000977326 2.26881e-05 4.63538e-05 
0.000307098 3.34936e-05 9.00886e-05 
0.000445254 0.000346466 1.82633e-05 
0.000978442 0.000355886 2.15497e-05 
0.000349921 0.00013272 0.000101525 
0.000809179 0.000473764 0.000110151 
0.000467944 8.31498e-05 0.000118801 
0.000149223 0.000211725 0.000109492 
0.000919088 0.000257559 7.47319e-05 
0.000530273 0.000335435 3.85109e-05 
3.56787e-05 0.000108875 0.000105196 
0.000111153 0.000108588 1.70159e-05 
0.000157935 0.000477657 2.23358e-05 
0.000908337 0.000381338 0.000140871 
0.000516034 7.22785e-05 0.000100223 
0.000743961 0.000283381 0.000105697 
0.000952974 0.00034156 0.00011314 
0.000315231 0.000466352 0.000116293 
8.60523e-05 9.99131e-05 9.17288e-05 
0.00073939 0.000132065 9.83719e-05 
0.000357059 0.000212107 2.6327e-05 
0.000524684 0.000453048 7.2266e-05 
0.000226388 0.000479444 2.05499e-05 
8.65032e-05 0.000354792 4.95118e-05 
9.76748e-05 0.000287483 0.000106505 
0.000312063 0.000237413 5.35242e-05 
0.000226641 0.000218635 0.000119019 
0.000859845 0.000201933 7.71437e-05 
0.000118261 2.22788e-05 6.65035e-05 
0.00093912 0.000284504 5.97922e-05 
1.8081e-05 0.000105062 6.86427e-05 
0.000929453 0.000195271 1.83486e-05 
0.000892502 0.000236823 5.75943e-05 
0.000496545 0.000141999 0.000132688 
0.000866384 0.000470566 2.94277e-05 
0.000505547 0.000313604 0.000110455 
9.6545e-05 0.000460141 5.7558e-05 
0.000755645 0.0004095 1.96565e-05 
0.000288434 0.000482314 8.93387e-05 
0.000755376 0.000354385 2.09857e-05 
0.0006911 2.39498e-05 3.24482e-05 
0.000631103 5.03064e-05 1.9276e-05 
0.000198386 0.000367717 4.45416e-05 
0.000252512 0.000140013 0.000131624 
0.000348486 0.000172113 4.78664e-05 
0.00046338 0.00029591 0.000138743 
0.00056397 0.000263831 4.77716e-05 
0.000285419 2.08089e-05 1.75518e-05 
0.00045798 0.000245651 1.84397e-05 
0.000169735 0.000375374 0.00010365 
0.000854894 0.000232995 5.45501e-05 
0.000660925 1.79859e-05 4.97465e-05 
0.000260794 0.000312322 0.000137154 
0.000397947 0.000458267 8.4735e-05 
0.000721939 2.23831e-05 8.54903e-05 
0.000958659 0.000439386 2.07497e-05 
0.000845363 0.000254269 2.0898e-05 
0.000445458 6.51699e-05 7.53173e-05 
0.000193291 0.000136424 2.17755e-05 
0.000936837 8.5496e-05 0.000141201 
0.000359578 0.000287116 4.43206e-05 
0.000134377 0.000427038 1.75956e-05 
9.77388e-05 0.000283653 2.56065e-05 
0.000379123 0.000184119 6.99741e-05 
0.000782813 0.000234935 1.98261e-05 
0.00049416 7.33082e-05 3.17271e-05 
0.000770739 8.45657e-05 1.93028e-05 
0.000324029 0.00043674 6.89899e-05 
0.000910265 2.1729e-05 8.24151e-05 
0.000925084 0.000126582 3.71382e-05 
0.000474587 0.000361792 8.53175e-05 
0.000965413 0.000131278 0.000127898 
0.000711762 0.000406696 9.17134e-05 
2.30683e-05 0.000160274 1.84739e-05 
0.000501391 2.39503e-05 5.64254e-05 
0.000275405 0.000370609 5.38647e-05 
0.000124704 7.25678e-05 8.28365e-05 
0.000192196 0.000339113 1.73747e-05 
0.000789981 0.000432407 1.79403e-05 
0.000844308 0.000108812 4.67856e-05 
0.000311602 0.000347048 0.00010483 
0.000544426 0.000256568 7.57372e-05 
0.000782096 3.64829e-05 1.70287e-05 
0.00066863 0.000107075 5.6637e-05 
0.000656442 0.000161165 2.04721e-05 
6.92959e-05 0.00038835 0.000112423 
0.000193996 0.000478454 0.000109252 
0.00065708 0.000463179 1.70808e-05 
7.03971e-05 0.000467711 2.19704e-05 
0.000118702 0.000320477 6.05353e-05 
0.000871017 0.000164307 0.000130728 
0.000565506 0.000273008 9.95532e-05 
0.000605294 9.71001e-05 0.000128314 
3.18316e-05 0.000481276 1.87234e-05 
0.000766264 0.00030904 8.16781e-05 
6.87651e-05 4.15453e-05 7.85197e-05 
0.000468925 0.000219022 0.000123535 
0.000377853 0.000476523 2.34742e-05 
1.81022e-05 0.000416596 7.30863e-05 
0.000353579 0.000382754 5.74944e-05 
2.18865e-05 0.000296361 2.18929e-05 
0.000816441 2.08583e-05 0.000133603 
0.000243252 0.00027457 6.55626e-05 
0.00036376 0.000372351 2.06554e-05 
0.000911799 9.78956e-05 1.79168e-05 
0.00026702 0.000100142 1.78362e-05 
