0.000835484 0.000416264 3.10538e-05 
8.26367e-05 0.00029592 6.87632e-05 
0.000526658 0.000212713 0.000102001 
0.000315774 0.000239138 0.000116979 
0.000685286 0.000329888 6.37918e-05 
0.000364462 7.42699e-05 0.000102233 
0.000750389 0.000198576 3.82838e-05 
0.000879063 0.000291081 5.46471e-05 
0.000525337 5.24623e-05 0.000142153 
0.000782773 0.000237932 0.000134327 
0.000638288 0.0003725 2.98422e-05 
0.000177923 0.000386905 1.97499e-05 
0.000824831 0.000306518 9.00571e-05 
0.000202727 0.000214143 8.1406e-05 
0.000489783 0.000379331 3.62722e-05 
0.000800018 0.000159486 9.54574e-05 
0.000443938 0.00036153 6.64944e-05 
0.000235777 0.000364198 2.52401e-05 
0.000525517 0.000148902 6.10965e-05 
0.00088829 0.000239 1.89405e-05 
0.000921328 0.000334374 6.2088e-05 
0.00041477 0.000312305 5.54371e-05 
0.000944428 6.08037e-05 6.20902e-05 
0.000869534 4.23102e-05 8.71393e-05 
0.000689587 9.51879e-05 2.14046e-05 
0.0002613 0.000306016 5.42904e-05 
8.78328e-05 0.000222524 8.46951e-05 
0.00055987 0.000239464 1.97599e-05 
0.000171948 9.11907e-05 2.98305e-05 
0.000971078 0.000462481 0.000126628 
0.000519746 0.000213605 4.24685e-05 
0.000963731 0.000208051 5.80987e-05 
0.000881968 0.000142366 2.57048e-05 
0.000763509 2.74411e-05 6.4606e-05 
5.93363e-05 0.000256199 4.69605e-05 
0.000728796 0.000341971 0.000108043 
0.000610149 0.000437586 0.000128143 
0.000310622 0.000182263 0.00010177 
0.000343028 0.000215493 7.43983e-05 
0.000322229 0.000183851 1.8716e-05 
0.000309095 0.000295216 8.14061e-05 
0.000480516 0.000310855 3.28589e-05 
0.000455923 2.3197e-05 7.50773e-05 
0.000334795 9.87728e-05 6.51728e-05 
0.000964267 0.000397209 2.17998e-05 
0.000578017 0.000463317 8.03532e-05 
0.000539963 0.000353633 9.07414e-05 
0.000703023 0.000160468 0.000109418 
0.000386731 0.000237475 6.22705e-05 
0.000407131 0.00026216 0.00011227 
0.000257165 0.000372899 0.000108831 
0.000566734 0.00017117 6.39924e-05 
0.000799119 5.31054e-05 0.000148049 
0.000842628 0.000461725 8.30286e-05 
9.06244e-05 6.28803e-05 0.000116343 
0.0001697 9.03854e-05 9.43815e-05 
0.000968455 9.14794e-05 2.75345e-05 
0.000516735 0.000421568 0.000107817 
0.000225573 9.81672e-05 2.45094e-05 
0.000364851 0.000425343 3.12521e-05 
0.000492795 0.000163561 2.60576e-05 
0.000286412 0.000412329 5.44535e-05 
0.000596324 0.000350095 2.37107e-05 
0.000791723 0.000185636 1.7185e-05 
0.000548887 8.24064e-05 6.44383e-05 
0.000236453 8.57894e-05 7.79434e-05 
0.000521868 0.000462323 1.95814e-05 
0.000390884 7.33272e-05 3.08106e-05 
0.000965356 0.000172459 8.74819e-05 
0.000890338 0.000189187 1.93951e-05 
0.000575155 0.000396868 0.000119658 
0.000624153 0.000136137 0.000101134 
0.000395349 0.000371393 7.91517e-05 
0.000684106 0.000391325 5.08014e-05 
0.000649529 6.08488e-05 7.85369e-05 
0.000154006 4.31726e-05 7.37894e-05 
0.000870088 0.000155411 7.5892e-05 
0.000449598 0.000106105 3.66376e-05 
0.000631195 0.00020232 9.35878e-05 
0.000711772 0.000131863 5.73822e-05 
0.000795344 0.000161494 4.91012e-05 
6.57692e-05 0.000333057 9.04341e-05 
0.00015079 0.000378409 7.78151e-05 
0.00044061 0.000435538 8.71417e-05 
0.00059834 0.000238634 6.62316e-05 
0.000786224 0.000381532 5.62197e-05 
3.02857e-05 0.000433958 2.99128e-05 
0.00035137 0.000289286 0.000137352 
0.000185706 0.000433974 2.88151e-05 
0.000143198 0.000277559 2.03542e-05 
0.000275176 6.15892e-05 2.32717e-05 
0.000808239 0.000466313 3.9808e-05 
0.00068666 0.000131593 0.000140587 
0.000980862 0.000295175 1.84124e-05 
0.000125473 0.000263164 5.93319e-05 
0.000887664 0.000332096 0.000107194 
0.000216108 4.07646e-05 0.000102134 
0.00090706 0.000205081 0.000109947 
0.000368583 0.000318788 8.3411e-05 
0.000420356 0.000197249 3.29353e-05 
0.00056826 0.000397249 6.52873e-05 
0.000766874 0.00046331 2.00601e-05 
0.000712108 0.000375842 7.51746e-05 
0.000784781 0.000113943 0.000120186 
0.000415396 3.6766e-05 5.48951e-05 
0.000828095 2.92815e-05 2.92558e-05 
0.000288509 8.24372e-05 9.60997e-05 
0.000725536 0.000256103 7.93132e-05 
8.49294e-05 0.000212276 2.46867e-05 
0.000679221 0.000191897 8.29935e-05 
0.000610921 0.000174821 3.3075e-05 
0.000397959 0.000276878 2.69572e-05 
0.000971714 0.000249954 7.59561e-05 
0.000639269 0.000275261 0.000102085 
0.000935161 0.000248838 3.02693e-05 
0.000608908 0.000129272 2.07365e-05 
8.82042e-05 0.000416837 3.04134e-05 
0.000144757 0.000430709 7.37994e-05 
0.000489699 0.000292189 8.54443e-05 
7.32461e-05 0.000157423 8.99283e-05 
0.000675389 0.000472684 4.35821e-05 
0.000645252 0.000378853 9.17047e-05 
0.000131355 0.000194341 4.47196e-05 
0.000305636 0.000274781 2.45238e-05 
0.000526521 0.000279688 4.78523e-05 
0.000755227 0.000183784 9.24443e-05 
0.00024773 0.000466168 0.000104794 
0.000973346 4.12194e-05 9.64687e-05 
0.000681398 0.000361676 2.10581e-05 
0.000235359 0.000238102 4.76744e-05 
0.000901723 0.000403344 3.66543e-05 
0.000413616 3.80356e-05 9.91922e-05 
0.000703713 5.09734e-05 7.01239e-05 
0.000759235 0.000473478 0.000101771 
0.000513383 0.000389078 8.34772e-05 
0.000459886 0.000164298 7.82178e-05 
0.00065773 0.000211464 3.29641e-05 
0.000431232 0.000109314 0.000105221 
0.000268664 0.000468753 5.17527e-05 
0.000977204 0.000381488 9.17623e-05 
0.000157797 0.000156454 7.60183e-05 
0.000901565 9.77173e-05 7.76895e-05 
0.00065167 0.000313155 2.30486e-05 
0.00035434 0.000411779 0.000115306 
0.000319287 0.000394508 7.87452e-05 
0.000869105 0.000125264 0.000137423 
0.000196354 0.000234251 1.80797e-05 
0.000702534 0.000435305 3.07169e-05 
6.4576e-05 2.89691e-05 3.02228e-05 
0.000542475 3.22052e-05 2.52995e-05 
0.000724778 0.000295493 2.52619e-05 
0.000891919 4.32162e-05 3.64697e-05 
0.000219498 0.000269848 1.83521e-05 
0.000914011 0.000144866 0.000104367 
0.00030667 0.000161461 5.15268e-05 
0.00078678 0.000346977 0.000107167 
0.000517169 0.00026644 0.000109113 
0.000724847 0.000297018 6.92212e-05 
0.000200301 0.000318286 7.35752e-05 
0.00078781 0.000443429 7.86446e-05 
0.000827936 0.00022042 2.07609e-05 
0.000601566 0.000410523 2.86339e-05 
2.62902e-05 0.000113598 2.61568e-05 
0.000461081 0.000329604 0.000118893 
0.000466979 0.000470796 8.09183e-05 
3.02017e-05 0.000393122 0.000100651 
0.000376424 0.000327463 2.8022e-05 
0.000555058 0.000416109 1.91526e-05 
0.000283285 0.000114098 6.64282e-05 
0.000907186 6.29484e-05 0.0001254 
0.000597319 0.000239959 0.000127202 
0.000802732 0.000211147 6.0563e-05 
0.00042381 0.000389498 4.85623e-05 
0.000251758 0.00012614 4.06504e-05 
0.00074677 3.11988e-05 2.04119e-05 
0.000399119 0.000136982 2.51966e-05 
0.000343141 0.000256635 4.27435e-05 
0.000244985 0.000343645 6.68759e-05 
0.000728267 8.15506e-05 0.000103868 
0.000759517 0.000312753 1.85858e-05 
0.000882777 0.000411842 9.42603e-05 
0.000638552 0.000134503 4.88225e-05 
0.000607622 2.85392e-05 5.05339e-05 
0.000350381 0.000471275 6.33341e-05 
0.0005798 0.000123791 7.77192e-05 
0.000128718 0.000116402 5.58859e-05 
0.000208811 0.000471916 6.4369e-05 
0.00019733 4.98477e-05 6.68313e-05 
4.80754e-05 6.07335e-05 0.000120612 
7.65499e-05 0.000327234 2.25128e-05 
0.000665863 0.000245297 8.75864e-05 
3.00742e-05 0.000476866 6.00482e-05 
0.000750273 0.000423588 9.57565e-05 
0.000443464 0.000267564 6.12016e-05 
0.000619004 0.00045954 2.09618e-05 
0.000826145 7.8178e-05 7.41964e-05 
0.000303585 0.000121828 2.42601e-05 
0.000915629 0.000461923 2.46748e-05 
0.000643731 0.000469688 0.000106986 
0.000193629 0.000409677 9.81441e-05 
0.000952355 0.000480599 1.71301e-05 
0.000828074 0.000334203 3.29119e-05 
6.12805e-05 0.000435214 9.39851e-05 
0.000466476 0.000439599 2.56005e-05 
0.000774287 0.000114965 7.83529e-05 
0.000744487 0.000326721 5.1699e-05 
0.000592552 0.000304667 0.000116334 
0.00011069 0.000463564 2.1654e-05 
0.000761054 0.000230214 9.8341e-05 
0.000809694 8.09539e-05 2.29185e-05 
0.00073264 0.000399806 5.14837e-05 
0.000476767 0.000406435 8.5002e-05 
0.00056143 0.000149995 0.000129091 
0.000337616 0.000149848 1.79661e-05 
0.000603235 0.000285159 3.39228e-05 
0.000196272 0.000266494 9.7604e-05 
0.000509719 0.00010593 0.000119829 
0.000565374 0.000189116 2.24215e-05 
0.000428292 0.00047657 1.7736e-05 
0.000496764 0.000179478 0.000117711 
0.000748847 0.000134482 2.04239e-05 
0.0002133 0.000178175 1.94791e-05 
0.000109578 0.000434269 0.000134173 
0.000488846 0.000328151 7.93691e-05 
4.49222e-05 0.000192289 6.9177e-05 
0.000674509 0.000270909 4.60149e-05 
0.000588609 3.53435e-05 8.74099e-05 
0.000130848 0.000373673 3.02653e-05 
3.17249e-05 0.000292433 7.29427e-05 
0.000367144 0.000427898 7.99314e-05 
0.000534542 0.000301408 1.72971e-05 
0.000847861 8.0915e-05 0.000133072 
0.000730685 9.60016e-05 1.97362e-05 
6.90744e-05 0.000165527 1.90538e-05 
6.96518e-05 0.000371153 1.99507e-05 
0.000268472 0.000211184 0.000122053 
0.000965454 0.000207519 2.00953e-05 
0.000276698 0.00023277 2.15237e-05 
0.000834973 0.000176179 0.000121914 
0.000885809 0.000343912 2.5106e-05 
0.000673232 0.000127945 3.4745e-05 
2.25773e-05 0.000250204 2.25785e-05 
0.000722449 0.00024754 2.65791e-05 
0.000116879 0.000244704 1.92054e-05 
0.00094819 0.00014507 1.71485e-05 
0.0008866 0.000449396 6.45528e-05 
0.000423994 0.000418537 2.19679e-05 
0.000116716 6.47172e-05 3.13135e-05 
0.00056859 0.00031695 6.82975e-05 
0.000864723 0.000213553 3.29256e-05 
0.000261984 0.000193248 8.14934e-05 
2.9623e-05 0.000348225 6.55214e-05 
0.000780592 0.000272827 8.44609e-05 
0.000244887 2.55382e-05 3.43806e-05 
0.000793126 6.67792e-05 5.92516e-05 
0.000271576 0.000273738 0.000132979 
0.000297807 0.000435841 0.000102205 
0.000701383 0.000173013 2.56864e-05 
0.000346155 0.000111612 1.80337e-05 
0.000971909 0.000421014 0.000122717 
0.000171607 0.000173803 2.17516e-05 
0.000150177 0.000325533 2.09971e-05 
0.000970394 0.000102642 8.08205e-05 
0.000214844 5.54447e-05 1.978e-05 
0.000964013 0.000134915 5.09784e-05 
0.000809003 0.000269187 2.43362e-05 
0.000396503 0.000475149 0.000131323 
7.6171e-05 0.000125486 4.14377e-05 
0.000442982 0.000383779 0.000108204 
0.000134886 0.00031197 0.000123501 
0.000464184 2.26267e-05 3.004e-05 
0.000941849 0.000381186 0.000141645 
0.000934675 0.000356599 2.23119e-05 
0.000224371 0.000313479 2.62452e-05 
0.000363126 0.000219846 0.000121272 
0.000826651 0.000405952 0.000113354 
0.000964315 0.000472638 5.8575e-05 
0.00022387 0.000152889 5.22176e-05 
0.000414039 0.000194672 0.000125452 
0.000112119 0.000155142 2.0836e-05 
0.000274399 0.000323878 2.01101e-05 
0.000348869 2.59623e-05 0.000103095 
0.000655829 0.000447116 6.89861e-05 
2.53379e-05 0.000384004 2.95987e-05 
0.000504677 0.000480567 0.000108901 
0.000972958 0.000322239 5.79488e-05 
0.000618946 0.000424393 7.14433e-05 
0.00093762 0.000307781 2.40372e-05 
0.000371522 0.000173144 3.18578e-05 
0.0005809 7.01889e-05 0.00011192 
0.000880109 8.25358e-05 0.000108307 
0.000948667 2.23181e-05 2.11436e-05 
0.000446239 5.57192e-05 1.71704e-05 
0.000700271 0.000459016 9.24288e-05 
0.000690212 5.85542e-05 0.000115119 
0.000763137 0.000432198 4.8168e-05 
0.000336986 3.53031e-05 3.5302e-05 
0.000341838 0.000457117 9.73801e-05 
0.000665924 5.37877e-05 2.06403e-05 
0.000321241 0.000324106 2.72739e-05 
0.000496436 8.36436e-05 8.07645e-05 
0.000109107 0.000375374 9.74302e-05 
0.000231633 0.000398787 7.38623e-05 
0.000511602 0.000114296 2.66944e-05 
1.9274e-05 7.99224e-05 9.82101e-05 
0.000501846 2.26097e-05 1.71852e-05 
0.000858703 0.000379134 0.000116938 
0.00031238 8.02491e-05 1.85952e-05 
4.23998e-05 0.000204117 1.70922e-05 
0.000155561 0.000241772 9.26633e-05 
0.000564613 0.000321781 1.9053e-05 
0.000419594 0.00031551 0.000100443 
0.000470592 0.000211572 2.06966e-05 
0.000830763 0.000112028 0.00010873 
0.000845603 0.000257219 0.00011362 
0.000179556 0.000296029 3.2741e-05 
0.000623929 0.000330373 4.7087e-05 
0.000540664 3.04146e-05 8.10381e-05 
0.000644505 0.000430853 3.11952e-05 
0.000852954 2.38479e-05 0.000124295 
0.000310453 0.000440641 2.5534e-05 
0.000430907 0.000308315 1.87672e-05 
0.000972633 6.49694e-05 0.000140318 
0.000316044 0.00038015 2.90376e-05 
2.95878e-05 0.000208291 0.000114452 
0.000123205 0.000128434 0.000107456 
0.000166528 0.000345741 5.37248e-05 
0.000936093 0.000107662 0.000116089 
0.000414601 0.000453758 4.9532e-05 
0.000486965 0.000209667 8.0529e-05 
8.76114e-05 0.000476092 9.54579e-05 
0.000472634 0.000454986 0.000122224 
0.000869817 0.000363747 6.75033e-05 
0.000127131 0.000479178 6.68279e-05 
0.000159642 0.000225163 1.97599e-05 
0.000497709 0.000453839 5.88817e-05 
0.000766362 3.7776e-05 0.000125909 
0.000758854 0.000147926 6.45337e-05 
0.000257052 0.000160412 2.21541e-05 
0.000494108 0.000259365 3.18883e-05 
0.000588954 9.87663e-05 3.35982e-05 
0.000814169 2.16793e-05 0.000104821 
0.000599619 0.000224702 2.2745e-05 
0.00071662 0.000335931 2.08482e-05 
0.000872497 0.000100939 3.36577e-05 
0.000172232 3.06519e-05 3.06299e-05 
0.000597571 3.25264e-05 0.000132437 
0.000595898 0.000348894 9.00118e-05 
0.000711284 5.62682e-05 2.31977e-05 
0.000217186 0.00016337 9.7861e-05 
0.00055236 0.000452564 4.67198e-05 
0.000763123 0.000275235 3.85287e-05 
0.00073788 0.000473242 5.5486e-05 
0.000550599 0.000374147 2.32176e-05 
0.000621678 9.65381e-05 5.57841e-05 
0.00078201 0.000426169 0.000136294 
0.000539662 0.000303609 9.76752e-05 
0.000769109 0.000390074 0.000146943 
2.37784e-05 0.000341687 2.26358e-05 
0.00066685 0.000404367 1.81429e-05 
0.000550038 0.000470622 0.000118041 
0.000158027 0.000299926 9.19225e-05 
0.000386067 0.000138629 9.73813e-05 
0.000917739 0.000474243 8.30028e-05 
0.000727878 0.000380241 1.84402e-05 
6.30132e-05 8.04563e-05 2.30349e-05 
0.000669447 2.08817e-05 0.000105393 
0.000580777 0.000471052 1.9137e-05 
0.000573692 0.000205738 0.000101888 
0.000400647 0.000418566 8.08503e-05 
0.000172169 1.86148e-05 9.93696e-05 
0.000184619 0.000185328 5.653e-05 
0.000413682 0.000355439 3.80525e-05 
0.000388619 9.72718e-05 7.64746e-05 
0.000494986 0.00035334 0.000149642 
0.000790781 6.61784e-05 9.82555e-05 
0.000817433 0.000255702 6.54316e-05 
0.000696095 0.000294801 0.00012688 
0.000827461 0.00014316 2.25349e-05 
0.000570867 0.000358729 5.6833e-05 
0.000974897 0.000167736 1.78723e-05 
0.000152816 0.000136301 2.01241e-05 
0.000479306 3.4927e-05 0.000146701 
0.000273635 4.62322e-05 6.6702e-05 
2.07312e-05 0.000212501 4.66868e-05 
0.000629283 0.00032547 8.29995e-05 
0.000279652 0.000196174 4.27924e-05 
0.000688835 0.000242881 0.000129845 
0.000553546 3.16395e-05 0.000120118 
0.000537066 0.000130396 0.000145906 
0.000265636 0.00023967 8.62665e-05 
0.000918758 0.000174019 6.6312e-05 
0.000899426 0.00026763 0.000118599 
0.000584645 5.82498e-05 2.39557e-05 
3.48468e-05 0.000231157 8.51174e-05 
0.000199167 0.000356539 0.00013688 
0.000832446 0.000181225 7.74384e-05 
6.57597e-05 7.59666e-05 7.02489e-05 
0.000242109 0.000418631 2.96299e-05 
0.000697695 0.000106902 9.55279e-05 
3.32446e-05 0.000360016 0.000124817 
0.000549739 0.000147519 2.19824e-05 
0.000744177 7.01586e-05 5.1605e-05 
0.000952941 0.000374914 5.74187e-05 
0.00048841 0.000479674 2.02961e-05 
0.000375619 3.6001e-05 7.711e-05 
0.000976199 2.26711e-05 5.52259e-05 
0.000304854 3.55448e-05 0.000104499 
0.000443866 0.000343529 1.8278e-05 
0.000978453 0.000353927 2.15475e-05 
0.000347573 0.000125346 0.000111704 
0.000810875 0.000471565 0.000121564 
0.000466952 8.38211e-05 0.000131133 
0.000150148 0.000216719 0.000122086 
0.000917798 0.000261679 7.83633e-05 
0.000531193 0.000335492 4.31725e-05 
3.51702e-05 0.000107948 0.000124353 
0.000110006 0.000110403 1.70065e-05 
0.000152626 0.000476847 2.23281e-05 
0.000908337 0.000381338 0.000152799 
0.000522087 7.27705e-05 0.000109168 
0.000743869 0.000279408 0.000117379 
0.000952974 0.00034156 0.00012868 
0.000311494 0.000469241 0.000127183 
8.60523e-05 9.99131e-05 0.000103777 
0.00073939 0.000132065 0.000114135 
0.000354916 0.000213895 2.63234e-05 
0.000526648 0.000451801 8.10095e-05 
0.000228632 0.00047912 2.05539e-05 
8.78895e-05 0.000356043 5.49457e-05 
9.76748e-05 0.000287483 0.000118849 
0.000303592 0.000239166 5.92118e-05 
0.000228184 0.000218335 0.000130932 
0.000859748 0.000202862 9.03272e-05 
0.000117964 2.22837e-05 7.61142e-05 
0.000937528 0.000287628 6.14115e-05 
1.80983e-05 0.000101861 6.8002e-05 
0.000926332 0.000191644 3.04949e-05 
0.000890353 0.000235031 7.29732e-05 
0.000496545 0.000141999 0.000146043 
0.000862424 0.000470389 2.94014e-05 
0.000504584 0.000317784 0.000116732 
9.89033e-05 0.000452017 6.40691e-05 
0.000757391 0.000408734 1.96563e-05 
0.000287646 0.000480152 9.53844e-05 
0.00075547 0.000352136 2.09872e-05 
0.000691269 2.7733e-05 4.37136e-05 
0.000626391 4.7936e-05 1.92839e-05 
0.000195436 0.000369713 4.74875e-05 
0.000252512 0.000140013 0.000144504 
0.000347456 0.000174389 6.11024e-05 
0.00046338 0.00029591 0.000150632 
0.000564551 0.000256357 5.26851e-05 
0.000283787 2.11901e-05 1.75517e-05 
0.000459166 0.00024898 1.84386e-05 
0.000168961 0.000375742 0.000115998 
0.000855247 0.000239742 5.94862e-05 
0.000662643 1.87896e-05 6.21923e-05 
0.000260794 0.000312322 0.000149962 
0.000397947 0.000458267 9.81467e-05 
0.000717197 2.23851e-05 9.84538e-05 
0.000954684 0.000438629 2.59903e-05 
0.000851719 0.000254653 2.08977e-05 
0.000443484 6.568e-05 7.74609e-05 
0.000194914 0.000136708 2.17807e-05 
0.000936837 8.5496e-05 0.00015299 
0.000361214 0.000289846 4.809e-05 
0.000134377 0.000427038 1.75956e-05 
9.2995e-05 0.000282075 2.5611e-05 
0.00037655 0.000186586 8.48949e-05 
0.000777066 0.000238044 1.98334e-05 
0.000495596 7.71486e-05 4.45173e-05 
0.000767551 8.32984e-05 2.16339e-05 
0.000319345 0.000440055 6.93522e-05 
0.000907705 2.45281e-05 8.86031e-05 
0.000923098 0.000130018 3.85113e-05 
0.000474358 0.000357241 9.25731e-05 
0.000965413 0.000131278 0.000140812 
0.000714076 0.000402475 0.000110156 
2.30683e-05 0.000160274 2.23998e-05 
0.000500655 2.37284e-05 6.74669e-05 
0.000282963 0.000374013 6.67806e-05 
0.000118925 6.69837e-05 8.44993e-05 
0.000189484 0.000339813 1.74578e-05 
0.000789626 0.000432903 1.79403e-05 
0.000839294 0.000112697 5.54821e-05 
0.000311602 0.000347048 0.000124487 
0.00054562 0.000258931 8.55738e-05 
0.000783797 3.48064e-05 1.70274e-05 
0.000667136 0.000108362 7.02302e-05 
0.0006539 0.00015966 2.04654e-05 
7.07772e-05 0.000393471 0.000126264 
0.000196289 0.000477361 0.000115598 
0.000656662 0.000461623 1.70762e-05 
6.85698e-05 0.00046916 3.1527e-05 
0.000118702 0.000320477 7.22266e-05 
0.000871017 0.000164307 0.000142519 
0.000565175 0.000273074 0.000111941 
0.000604698 9.84821e-05 0.000134514 
3.18872e-05 0.000481268 1.87244e-05 
0.000762705 0.000310104 9.64885e-05 
6.80939e-05 4.20688e-05 9.20421e-05 
0.000468925 0.000219022 0.000135372 
0.000382548 0.000476541 2.3452e-05 
1.80972e-05 0.000421269 7.45839e-05 
0.000355153 0.000384471 5.8656e-05 
2.1894e-05 0.000297198 2.18951e-05 
0.000816441 2.08583e-05 0.000147405 
0.000243769 0.000276146 7.87637e-05 
0.000366622 0.000374557 2.06518e-05 
0.00091287 0.000100657 1.79136e-05 
0.00026725 0.000101561 1.78366e-05 
