0.00084366 0.000421682 3.10532e-05 
7.98029e-05 0.000291994 6.12742e-05 
0.000532867 0.000221115 9.02066e-05 
0.000320325 0.000247083 6.02732e-05 
0.000690592 0.000330156 6.71271e-05 
0.000368162 6.25186e-05 7.38343e-05 
0.000754957 0.000194281 3.09907e-05 
0.000885877 0.000288447 3.57908e-05 
0.000515312 3.96359e-05 9.44193e-05 
0.000774644 0.000235652 8.57577e-05 
0.000633935 0.000365885 2.42388e-05 
0.000187171 0.000382206 1.97446e-05 
0.000829527 0.000286736 7.66155e-05 
0.000204744 0.000213932 7.32017e-05 
0.000489605 0.000388442 3.62696e-05 
0.000808814 0.000158547 6.25311e-05 
0.000440749 0.000339896 5.34824e-05 
0.000232467 0.000362953 2.52282e-05 
0.000524677 0.000161751 3.10687e-05 
0.000892483 0.000233761 1.89356e-05 
0.000918583 0.000332895 6.16736e-05 
0.000421093 0.000299752 5.24025e-05 
0.000943062 5.28083e-05 5.34932e-05 
0.000839633 5.50561e-05 6.50803e-05 
0.00068808 9.17265e-05 2.14026e-05 
0.000276224 0.000303996 2.06133e-05 
8.42013e-05 0.000230652 8.66292e-05 
0.00056354 0.000233994 1.97559e-05 
0.000159343 9.07413e-05 2.98303e-05 
0.000950982 0.000441662 8.89995e-05 
0.000514947 0.000218024 3.31041e-05 
0.000972148 0.000221946 5.6728e-05 
0.000897044 0.000134645 2.57061e-05 
0.000775183 2.1001e-05 4.97677e-05 
6.67492e-05 0.000260197 2.19099e-05 
0.000741899 0.000353178 9.59971e-05 
0.000617238 0.000433809 9.11661e-05 
0.000310587 0.000147754 9.1844e-05 
0.000330524 0.000200022 6.7411e-05 
0.000332159 0.000176954 1.87161e-05 
0.000295074 0.000298849 7.74998e-05 
0.000475382 0.000303538 3.28585e-05 
0.000462472 2.31845e-05 6.83844e-05 
0.000336404 0.000102248 5.72635e-05 
0.000978187 0.000404132 2.18105e-05 
0.000598716 0.000481876 5.60418e-05 
0.000539623 0.000352048 7.17551e-05 
0.000723728 0.000173814 6.59188e-05 
0.000394979 0.000228109 6.51001e-05 
0.000386353 0.00028161 8.9146e-05 
0.000264805 0.000384187 7.91673e-05 
0.000574157 0.000156556 4.93559e-05 
0.0007951 5.28584e-05 8.14595e-05 
0.000845593 0.000463133 7.33915e-05 
9.19593e-05 5.8805e-05 8.04708e-05 
0.000192693 0.000109838 8.17259e-05 
0.000972462 8.76241e-05 2.75345e-05 
0.00051296 0.000426229 7.59728e-05 
0.000212419 0.000101097 2.45088e-05 
0.000366591 0.000415151 3.12557e-05 
0.00047535 0.00016895 2.60619e-05 
0.000283707 0.000413666 4.07153e-05 
0.000587005 0.000356067 2.37082e-05 
0.000802105 0.000190764 1.71766e-05 
0.00054205 7.5005e-05 5.98185e-05 
0.000240358 6.90172e-05 6.07995e-05 
0.000514065 0.000479656 1.73983e-05 
0.000397229 6.69363e-05 3.08111e-05 
0.000970931 0.000171999 6.24906e-05 
0.000890996 0.000178891 1.93948e-05 
0.000595137 0.000405757 7.5921e-05 
0.000619989 0.000131685 7.17089e-05 
0.000397857 0.000360926 6.65644e-05 
0.000694699 0.000382741 4.61918e-05 
0.000652488 6.45631e-05 6.36765e-05 
0.000159895 5.78818e-05 7.03064e-05 
0.000865548 0.000165262 5.63457e-05 
0.000444792 0.000115232 3.66405e-05 
0.000617094 0.00019784 8.18001e-05 
0.000708186 0.000127411 4.77421e-05 
0.000785486 0.00015046 2.30054e-05 
6.00976e-05 0.000341291 5.38727e-05 
0.000178127 0.000389559 5.48017e-05 
0.000424213 0.000441604 6.92222e-05 
0.000579954 0.000236391 5.90901e-05 
0.000792225 0.000384965 4.75758e-05 
2.99142e-05 0.000435181 2.99129e-05 
0.000344371 0.000277371 5.05154e-05 
0.000176527 0.000428712 2.88141e-05 
0.000152931 0.000271557 2.03558e-05 
0.0002781 5.64448e-05 2.32783e-05 
0.000822265 0.000474151 2.58489e-05 
0.000667455 0.000147296 5.5453e-05 
0.000980947 0.00029515 1.74972e-05 
0.000132729 0.000251117 5.59997e-05 
0.000867905 0.000334294 8.62126e-05 
0.000209483 2.35554e-05 6.17022e-05 
0.000928652 0.000211015 8.21114e-05 
0.000351542 0.00032939 7.52193e-05 
0.000418502 0.000183145 3.29376e-05 
0.000564243 0.000422215 5.78803e-05 
0.000777095 0.000479942 2.00569e-05 
0.000730704 0.000364858 4.8625e-05 
0.000793527 0.000122455 8.46672e-05 
0.000420518 2.39919e-05 1.93648e-05 
0.000820315 2.92557e-05 2.92556e-05 
0.0002942 6.8223e-05 6.45864e-05 
0.000730439 0.000249445 7.06343e-05 
7.53964e-05 0.000214498 2.46875e-05 
0.000680441 0.000179957 6.24417e-05 
0.000613439 0.000175853 2.64954e-05 
0.000396813 0.000266431 2.69505e-05 
0.000971751 0.000267183 7.33898e-05 
0.000652024 0.000276282 7.86128e-05 
0.000939038 0.000244939 3.02677e-05 
0.000596315 0.000132217 2.07354e-05 
8.71047e-05 0.000414398 3.03969e-05 
0.000131269 0.000436138 6.89045e-05 
0.000494941 0.000261161 5.1226e-05 
7.75643e-05 0.000166573 6.86193e-05 
0.000689409 0.000482789 1.72096e-05 
0.000648465 0.000383367 8.08377e-05 
0.000122839 0.000199582 4.46053e-05 
0.000308986 0.000273195 2.45244e-05 
0.000516518 0.000270781 2.10383e-05 
0.000767757 0.000178854 8.36439e-05 
0.000237274 0.000448729 7.0988e-05 
0.000977359 2.26407e-05 6.534e-05 
0.000677452 0.000353739 2.10518e-05 
0.000229517 0.000223465 2.76753e-05 
0.00090908 0.000405142 3.66547e-05 
0.000414496 2.4983e-05 6.32916e-05 
0.000686295 2.74497e-05 5.05099e-05 
0.000767059 0.000475504 6.29579e-05 
0.00053734 0.000395694 5.97071e-05 
0.000455435 0.000165124 8.78035e-05 
0.000658571 0.000213997 3.29399e-05 
0.000412565 8.69535e-05 9.02318e-05 
0.00026691 0.000468756 3.12444e-05 
0.000979276 0.00040321 7.61336e-05 
0.000166132 0.000161003 6.00515e-05 
0.00091437 9.69781e-05 3.71944e-05 
0.00064818 0.000320804 2.30556e-05 
0.000360468 0.000410786 8.53675e-05 
0.00031627 0.000406918 7.25705e-05 
0.000872806 0.000121873 6.4048e-05 
0.000187105 0.000237702 1.80798e-05 
0.00069142 0.000432024 3.07158e-05 
5.52358e-05 2.89693e-05 2.89688e-05 
0.000542308 2.52994e-05 2.53001e-05 
0.000718698 0.000298091 2.06406e-05 
0.000884716 4.02377e-05 3.64693e-05 
0.000212393 0.00026951 1.83526e-05 
0.000912586 0.000134323 7.49138e-05 
0.000298823 0.000173178 4.50659e-05 
0.00079331 0.000331986 7.8936e-05 
0.000525305 0.00026455 7.32896e-05 
0.00073273 0.000289114 5.69493e-05 
0.000197378 0.000319021 6.74902e-05 
0.000800245 0.000442484 5.59537e-05 
0.000824541 0.00022788 2.07607e-05 
0.000600334 0.00040647 2.86325e-05 
2.61575e-05 0.000120151 2.61556e-05 
0.000465209 0.000322201 7.95847e-05 
0.000442929 0.000478157 5.2848e-05 
4.67767e-05 0.000394066 4.87634e-05 
0.000382837 0.000319589 2.80212e-05 
0.000556153 0.000421994 1.91497e-05 
0.000265724 0.000116188 4.94076e-05 
0.000912111 7.93777e-05 6.90013e-05 
0.000614402 0.00025241 8.21514e-05 
0.000803504 0.000209033 5.95852e-05 
0.000437889 0.000374014 3.51395e-05 
0.000248236 0.000120852 1.70662e-05 
0.000746181 2.03292e-05 2.03293e-05 
0.000395566 0.000137389 1.98852e-05 
0.000348677 0.000251276 2.09448e-05 
0.000259175 0.000337601 5.4957e-05 
0.000717598 8.1636e-05 5.57587e-05 
0.00075692 0.000310595 1.85852e-05 
0.000866151 0.000411256 8.08518e-05 
0.00063715 0.000126847 2.04331e-05 
0.000617627 2.2013e-05 2.80827e-05 
0.000328857 0.000482964 1.70356e-05 
0.00057919 0.000110878 4.78549e-05 
0.000124667 0.000126277 5.65264e-05 
0.000193499 0.000471917 6.22359e-05 
0.000192392 6.47479e-05 5.13879e-05 
2.19508e-05 4.59722e-05 6.3547e-05 
6.58725e-05 0.000305651 2.25123e-05 
0.000682716 0.00024262 6.95141e-05 
2.25216e-05 0.000477479 6.00032e-05 
0.000759621 0.000430385 5.18185e-05 
0.000446179 0.000254994 6.22552e-05 
0.000623706 0.000454464 2.08291e-05 
0.000837334 7.26767e-05 1.7535e-05 
0.000299534 0.000129675 2.42635e-05 
0.00093486 0.000459462 2.46533e-05 
0.000632013 0.00047795 7.81719e-05 
0.000195136 0.000420553 8.03078e-05 
0.000968668 0.000482858 1.71391e-05 
0.000832239 0.000332972 3.29512e-05 
6.10726e-05 0.000438989 8.24002e-05 
0.000455734 0.000439106 2.56006e-05 
0.000773571 0.000117973 4.86072e-05 
0.000742373 0.00032709 5.07336e-05 
0.00061188 0.000298255 8.82234e-05 
0.000121145 0.000464956 2.16539e-05 
0.000763147 0.000238027 5.02204e-05 
0.000806754 0.000108778 2.29201e-05 
0.000729172 0.000404814 5.15081e-05 
0.000469334 0.000430557 6.9314e-05 
0.000539897 0.000161831 6.92942e-05 
0.000339709 0.000141055 1.7969e-05 
0.000610541 0.000279436 3.39187e-05 
0.000186107 0.000263691 5.86156e-05 
0.000495546 0.000102821 6.94759e-05 
0.000564581 0.000191707 2.24178e-05 
0.000434067 0.000482271 1.77267e-05 
0.000506487 0.000179076 6.89435e-05 
0.0007472 0.000130125 2.04244e-05 
0.00022578 0.000177174 1.94794e-05 
9.97778e-05 0.000411537 0.00010323 
0.000498742 0.00034023 5.81382e-05 
4.51638e-05 0.000197893 4.98718e-05 
0.000674421 0.000275036 3.01823e-05 
0.000577686 2.00194e-05 5.3126e-05 
0.000138276 0.000381665 3.02618e-05 
3.18257e-05 0.000276434 7.00376e-05 
0.000381767 0.000454706 5.54809e-05 
0.000539087 0.000301543 1.72973e-05 
0.000849659 9.28028e-05 6.94666e-05 
0.000729111 9.42742e-05 1.97387e-05 
7.96654e-05 0.000171335 1.90542e-05 
5.72873e-05 0.000371115 1.9949e-05 
0.000278681 0.000202754 7.76026e-05 
0.000976203 0.000212502 2.00957e-05 
0.000274681 0.000242008 2.15251e-05 
0.000834579 0.000185021 9.14271e-05 
0.000887673 0.000348373 2.51029e-05 
0.000675022 0.000128235 1.75611e-05 
2.25666e-05 0.000255059 2.25664e-05 
0.000714067 0.00023457 2.65796e-05 
0.000111521 0.000238816 1.92055e-05 
0.000944228 0.000153517 1.7148e-05 
0.00088929 0.000444832 6.86241e-05 
0.000420864 0.000406976 2.19548e-05 
0.000109125 5.58883e-05 3.13139e-05 
0.00057654 0.000317396 6.21946e-05 
0.000866031 0.000207334 1.8459e-05 
0.000248463 0.000184682 5.04572e-05 
2.11343e-05 0.000366293 6.02034e-05 
0.00077417 0.000276697 6.71198e-05 
0.000241387 2.50546e-05 2.50555e-05 
0.000797795 6.8826e-05 1.76984e-05 
0.000251049 0.00027003 7.91335e-05 
0.000296127 0.000444513 6.6155e-05 
0.000701873 0.000175147 2.56856e-05 
0.000364825 0.000115251 1.80328e-05 
0.000959119 0.000427659 5.06144e-05 
0.000167229 0.000190954 2.17743e-05 
0.000128392 0.000324824 2.0998e-05 
0.000978653 0.000123017 6.24464e-05 
0.000210437 5.7061e-05 1.97798e-05 
0.000978448 0.00013598 2.15523e-05 
0.000794837 0.000290446 2.43347e-05 
0.000380723 0.000481843 7.86678e-05 
7.93588e-05 0.000125684 2.73446e-05 
0.000442629 0.000392862 7.65856e-05 
0.000129602 0.00032906 6.74597e-05 
0.000462351 2.26051e-05 2.26025e-05 
0.000941973 0.000396548 7.8482e-05 
0.000934669 0.000353991 2.23092e-05 
0.000230322 0.000311535 2.62434e-05 
0.000351887 0.000234097 8.34046e-05 
0.000824116 0.000415436 7.56162e-05 
0.000973249 0.000473179 5.96943e-05 
0.000229246 0.000139264 4.77012e-05 
0.000394824 0.000191419 0.000117561 
0.000116594 0.000156364 2.08333e-05 
0.000282019 0.000344304 2.01105e-05 
0.000370894 1.97739e-05 7.19734e-05 
0.000644437 0.000439033 5.74142e-05 
2.02779e-05 0.000386875 2.02777e-05 
0.000525067 0.000482671 5.01978e-05 
0.000972975 0.000323565 6.08568e-05 
0.000597646 0.000444248 5.84974e-05 
0.000941139 0.000308131 2.40376e-05 
0.000367728 0.000163698 1.80003e-05 
0.000601327 7.49274e-05 6.13603e-05 
0.000882663 9.14493e-05 5.18945e-05 
0.000936868 2.11432e-05 2.11442e-05 
0.000444921 5.79482e-05 1.71707e-05 
0.000681176 0.000472174 7.20719e-05 
0.00070069 5.19883e-05 8.63662e-05 
0.000764021 0.000444592 1.77049e-05 
0.000334337 3.85324e-05 3.53022e-05 
0.000336427 0.000479403 5.37276e-05 
0.000673878 5.21625e-05 2.06404e-05 
0.000323636 0.00032281 2.72732e-05 
0.00048146 7.66601e-05 1.93222e-05 
0.000100416 0.000371142 7.45635e-05 
0.000217309 0.000384088 6.21915e-05 
0.00050731 0.000114064 2.66769e-05 
1.92749e-05 5.96299e-05 1.92714e-05 
0.000501399 1.7185e-05 1.71849e-05 
0.000832677 0.000373983 8.49913e-05 
0.000308666 8.46915e-05 1.85969e-05 
4.6422e-05 0.000185382 1.70881e-05 
0.000169942 0.000219472 4.89884e-05 
0.000572315 0.000316177 1.90544e-05 
0.000423634 0.000323331 9.20151e-05 
0.000461203 0.000213198 2.0697e-05 
0.000823698 0.000119512 5.89625e-05 
0.000838187 0.000237674 7.17824e-05 
0.000182981 0.000301928 2.22253e-05 
0.000613447 0.000330148 4.17348e-05 
0.000541602 1.98717e-05 7.01383e-05 
0.000644593 0.000420747 1.88801e-05 
0.000845626 1.83606e-05 6.80894e-05 
0.000317356 0.00044287 2.55337e-05 
0.000428708 0.000320528 1.87681e-05 
0.000982652 6.24213e-05 6.32473e-05 
0.000318493 0.000378858 2.90396e-05 
2.00801e-05 0.000220888 6.70136e-05 
0.000125844 0.00016409 8.31315e-05 
0.000164783 0.000338469 3.62895e-05 
0.000942605 0.000106191 5.76113e-05 
0.00040783 0.000450726 2.3726e-05 
0.000472292 0.000203643 5.57299e-05 
6.21004e-05 0.000482603 6.08673e-05 
0.000485526 0.000474216 6.5145e-05 
0.0008605 0.000375989 5.14141e-05 
0.000137694 0.000482501 5.2495e-05 
0.000149803 0.000231568 1.97603e-05 
0.000497994 0.000447866 1.81852e-05 
0.00076054 4.46269e-05 7.6797e-05 
0.00075223 0.000150083 5.38907e-05 
0.000262182 0.00015716 2.21479e-05 
0.00047541 0.000251759 2.03994e-05 
0.000572823 9.24762e-05 1.79217e-05 
0.00080658 1.87224e-05 7.4001e-05 
0.000604783 0.000224181 2.27449e-05 
0.000716873 0.000339539 2.08485e-05 
0.000886294 9.07738e-05 1.75238e-05 
0.000165672 3.06241e-05 3.06231e-05 
0.000614311 2.55349e-05 7.08907e-05 
0.000599669 0.000356069 6.65418e-05 
0.000717629 5.30535e-05 2.31928e-05 
0.000211619 0.000166184 8.23741e-05 
0.000553293 0.000465286 2.45725e-05 
0.00075182 0.000268261 2.40606e-05 
0.000731254 0.000473251 2.67478e-05 
0.000547134 0.000380802 2.32142e-05 
0.000612235 9.29205e-05 2.16752e-05 
0.00077831 0.000420765 8.22298e-05 
0.000538014 0.000293568 5.16328e-05 
0.000753263 0.000396857 7.91928e-05 
2.38256e-05 0.000343994 2.26355e-05 
0.000667244 0.000391471 1.81431e-05 
0.000559236 0.000467424 7.81513e-05 
0.000149246 0.000301389 4.45202e-05 
0.000379303 0.000153301 5.29024e-05 
0.000921597 0.000474255 7.09694e-05 
0.000722594 0.000385831 1.84417e-05 
5.64924e-05 8.09885e-05 2.30416e-05 
0.000649057 1.8386e-05 5.3649e-05 
0.000593759 0.000480869 1.9132e-05 
0.00056465 0.000195991 6.53383e-05 
0.000405677 0.00040477 5.80207e-05 
0.000171106 1.83576e-05 7.77292e-05 
0.000199051 0.000184825 4.32718e-05 
0.000406437 0.000362083 1.96257e-05 
0.000387878 0.000113203 5.16813e-05 
0.000498959 0.00035249 9.13097e-05 
0.00079187 8.12488e-05 5.42744e-05 
0.000806534 0.000253909 4.60104e-05 
0.000698705 0.000278636 7.42927e-05 
0.000830967 0.000152523 2.25254e-05 
0.000571223 0.000382648 5.7767e-05 
0.000982127 0.000175061 1.78723e-05 
0.000153906 0.000139457 2.01372e-05 
0.000481159 5.47606e-05 8.56319e-05 
0.00027804 2.38117e-05 5.58825e-05 
2.04112e-05 0.000212189 2.04109e-05 
0.000640206 0.000319745 6.45015e-05 
0.000271812 0.000199683 2.09013e-05 
0.000706452 0.000215193 6.50175e-05 
0.000580893 4.47241e-05 8.39912e-05 
0.000536158 0.000128295 5.82574e-05 
0.000277928 0.000246529 6.40806e-05 
0.000922696 0.000170891 4.52288e-05 
0.000878801 0.000262311 9.16897e-05 
0.000583403 5.24153e-05 2.39509e-05 
4.7987e-05 0.000236883 4.76155e-05 
0.000193638 0.0003622 8.56963e-05 
0.000835347 0.000192008 3.1328e-05 
5.81355e-05 6.39842e-05 6.09637e-05 
0.000233908 0.000417624 2.96329e-05 
0.000687105 9.68945e-05 7.77376e-05 
2.27448e-05 0.000327587 8.08168e-05 
0.000553882 0.00012736 2.19824e-05 
0.000756777 6.09289e-05 4.19226e-05 
0.000959144 0.00037742 4.97634e-05 
0.000476479 0.000479703 2.02992e-05 
0.000382643 1.89078e-05 1.88478e-05 
0.000977326 3.78917e-05 2.26719e-05 
0.00031195 2.52947e-05 9.00337e-05 
0.000456719 0.000348839 1.82644e-05 
0.000978452 0.000351593 2.1548e-05 
0.000364976 0.000136225 8.98687e-05 
0.000802226 0.00047863 9.18057e-05 
0.00046441 8.44844e-05 7.70775e-05 
0.000156504 0.000202895 8.16228e-05 
0.000918671 0.000259811 7.17912e-05 
0.000523451 0.000339527 2.43854e-05 
5.27772e-05 0.000104318 6.3294e-05 
0.000115918 0.000102772 1.70138e-05 
0.000163244 0.000477672 2.23277e-05 
0.000900143 0.000368552 7.51146e-05 
0.00048956 6.94651e-05 5.48258e-05 
0.00074233 0.000297854 9.88267e-05 
0.000949423 0.000356728 8.3691e-05 
0.000324376 0.000467821 9.45737e-05 
8.9885e-05 9.3092e-05 5.59186e-05 
0.000743181 0.000107524 7.20577e-05 
0.000364717 0.000207137 2.63273e-05 
0.000526079 0.000434768 3.74333e-05 
0.000217375 0.00047945 2.05469e-05 
9.51996e-05 0.000352605 2.23071e-05 
0.000119532 0.000290127 6.6576e-05 
0.000314203 0.000217326 2.52164e-05 
0.000245137 0.000226558 6.9879e-05 
0.000890588 0.000203315 4.86337e-05 
0.000129126 2.22772e-05 6.7951e-05 
0.000933741 0.000292039 6.26293e-05 
1.80698e-05 8.28466e-05 4.84894e-05 
0.000937585 0.000197556 1.83511e-05 
0.000893963 0.00023912 5.53259e-05 
0.000494499 0.0001442 5.73253e-05 
0.000882137 0.000470575 2.94244e-05 
0.000508488 0.000305608 7.95232e-05 
8.85405e-05 0.000461534 4.63384e-05 
0.000752847 0.000408995 1.96554e-05 
0.000299885 0.000482315 6.47525e-05 
0.000756837 0.000351901 2.09854e-05 
0.000699784 1.72477e-05 1.72503e-05 
0.000634516 5.86461e-05 1.92758e-05 
0.000195786 0.000358056 4.64673e-05 
0.000266723 0.000152049 6.15534e-05 
0.000339522 0.000158269 5.1692e-05 
0.000471569 0.000287788 8.62215e-05 
0.000561929 0.000275234 1.75456e-05 
0.000289178 1.75558e-05 1.75522e-05 
0.000429588 0.000236179 1.84387e-05 
0.000158252 0.000359458 6.9523e-05 
0.000859345 0.000239424 3.86185e-05 
0.00065611 1.79765e-05 1.79777e-05 
0.000243071 0.000302171 6.7343e-05 
0.000405214 0.00048179 5.17784e-05 
0.000727629 2.23918e-05 5.87459e-05 
0.000979245 0.000446655 2.07526e-05 
0.000834956 0.000268472 2.08974e-05 
0.000442666 6.06073e-05 5.53127e-05 
0.000194275 0.000150639 2.17769e-05 
0.000946361 8.16014e-05 8.33614e-05 
0.000351063 0.000289211 1.72419e-05 
0.000131516 0.000427318 1.7595e-05 
0.000108248 0.000283051 2.56081e-05 
0.000371119 0.000188786 6.71712e-05 
0.000784448 0.000234133 1.9825e-05 
0.000509527 5.17028e-05 1.7484e-05 
0.000768097 9.21921e-05 1.93025e-05 
0.000339112 0.000441223 6.45699e-05 
0.000923262 1.80077e-05 6.79025e-05 
0.000938034 0.000117881 1.90735e-05 
0.000467992 0.000357785 7.48328e-05 
0.000953911 0.000138197 8.8819e-05 
0.000699911 0.000417055 8.3495e-05 
1.84699e-05 0.00016344 1.84739e-05 
0.000504245 3.23554e-05 5.33555e-05 
0.000271765 0.000381876 1.88518e-05 
0.000127876 8.12414e-05 7.42599e-05 
0.000197895 0.000339326 1.73745e-05 
0.000795502 0.000427818 1.79409e-05 
0.000852965 0.000112253 2.94268e-05 
0.000307678 0.000354558 7.26575e-05 
0.000545369 0.000257129 4.22598e-05 
0.000777212 4.08653e-05 1.70281e-05 
0.000660854 0.000108523 4.59216e-05 
0.000657924 0.000162075 2.0465e-05 
5.17626e-05 0.000381361 8.70611e-05 
0.000153508 0.000481006 8.53426e-05 
0.000659749 0.000465588 1.70773e-05 
5.91144e-05 0.000477357 2.19686e-05 
9.86053e-05 0.000320148 4.42236e-05 
0.000895219 0.000174843 8.81926e-05 
0.000567443 0.000275611 6.34443e-05 
0.000580894 9.96299e-05 9.05189e-05 
1.87253e-05 0.000481208 1.87254e-05 
0.000782537 0.000328212 3.60478e-05 
9.13891e-05 1.75844e-05 5.59982e-05 
0.000478504 0.000225449 8.15769e-05 
0.000368322 0.000476534 2.34653e-05 
1.80987e-05 0.000407163 6.70691e-05 
0.000354048 0.000376867 6.10393e-05 
2.18973e-05 0.000299511 2.1893e-05 
0.000830702 3.3292e-05 9.82775e-05 
0.000245939 0.000268367 4.03648e-05 
0.000365266 0.000364364 2.06435e-05 
0.000930309 7.21689e-05 1.79166e-05 
0.000273736 9.69707e-05 1.78377e-05 
