0.000844155 0.000421898 3.10533e-05 
8.05436e-05 0.000291984 6.14062e-05 
0.000530976 0.000220907 9.08107e-05 
0.000322321 0.000246508 5.88346e-05 
0.00069027 0.000329843 6.68624e-05 
0.000368143 6.16133e-05 7.39347e-05 
0.000754407 0.000194277 3.09998e-05 
0.000887046 0.000288985 3.5792e-05 
0.000514611 3.97154e-05 9.45516e-05 
0.000774561 0.000234607 8.64245e-05 
0.000633254 0.00036584 2.42402e-05 
0.000189564 0.000383001 1.97448e-05 
0.000828586 0.00028627 7.73792e-05 
0.000206099 0.000214909 7.41684e-05 
0.000489236 0.000389507 3.62717e-05 
0.000804805 0.000158139 6.42752e-05 
0.000438987 0.000340923 5.2441e-05 
0.000231956 0.000363192 2.52281e-05 
0.000524879 0.000163054 2.40394e-05 
0.000895811 0.000224808 1.89344e-05 
0.000919078 0.000333759 6.19583e-05 
0.000421605 0.000296127 4.91999e-05 
0.000942464 5.26983e-05 5.41972e-05 
0.00084031 5.52629e-05 6.41321e-05 
0.000688481 9.219e-05 2.14031e-05 
0.000276342 0.000304713 2.06128e-05 
8.44307e-05 0.000229831 8.67682e-05 
0.000563122 0.000235222 1.97555e-05 
0.000159019 9.07352e-05 2.98317e-05 
0.000949614 0.000441975 8.87211e-05 
0.000514782 0.000218555 3.31375e-05 
0.000973527 0.000224564 5.66685e-05 
0.000896243 0.000134817 2.57049e-05 
0.000774548 2.10118e-05 4.99677e-05 
6.69566e-05 0.000260107 2.1911e-05 
0.000741086 0.000352877 9.659e-05 
0.000616933 0.000433572 9.15311e-05 
0.000304016 0.000143796 9.02596e-05 
0.000328773 0.000200344 6.86766e-05 
0.000332937 0.000175574 1.87195e-05 
0.000295049 0.000299165 7.71491e-05 
0.000474865 0.000303198 3.28643e-05 
0.000462119 2.31844e-05 6.84047e-05 
0.0003371 0.00010185 5.74294e-05 
0.00097817 0.000403787 2.18002e-05 
0.000598663 0.000481878 5.60196e-05 
0.000539145 0.000352047 7.16768e-05 
0.000723264 0.000173461 6.58201e-05 
0.000394485 0.000226285 6.61667e-05 
0.000384277 0.000281594 8.49306e-05 
0.000263764 0.000385086 7.89349e-05 
0.000573215 0.00015677 4.90247e-05 
0.00079126 5.18666e-05 8.00332e-05 
0.000846293 0.0004636 7.31388e-05 
9.14795e-05 5.66235e-05 8.04888e-05 
0.00019261 0.000109232 8.17882e-05 
0.000972455 8.98734e-05 2.75348e-05 
0.000511508 0.000428323 7.55939e-05 
0.000212126 0.000100939 2.45085e-05 
0.000366907 0.000413892 3.12546e-05 
0.000475141 0.00016867 2.60568e-05 
0.00028358 0.000413822 4.03675e-05 
0.000586334 0.000355971 2.37092e-05 
0.000800411 0.000190739 1.71758e-05 
0.000541502 7.49702e-05 5.98773e-05 
0.000240598 6.8982e-05 6.04937e-05 
0.000513265 0.000479163 1.73985e-05 
0.000396943 6.68821e-05 3.08109e-05 
0.000971769 0.00017384 6.26627e-05 
0.00089431 0.000179434 1.9395e-05 
0.000594529 0.000405974 7.59072e-05 
0.000619223 0.000132435 7.15954e-05 
0.000397298 0.00036367 6.65084e-05 
0.000693283 0.00038327 4.6094e-05 
0.000652637 6.66232e-05 6.3309e-05 
0.000161605 6.17422e-05 6.76188e-05 
0.000865043 0.000167323 5.39904e-05 
0.000444066 0.000115254 3.66406e-05 
0.000615723 0.000198637 8.14962e-05 
0.000707279 0.000127932 4.86043e-05 
0.000784641 0.000150257 2.3004e-05 
5.94014e-05 0.000340455 5.33748e-05 
0.000179956 0.000388242 5.50299e-05 
0.000423499 0.00044511 6.94901e-05 
0.000579155 0.000235422 5.93322e-05 
0.000793126 0.00038398 4.60482e-05 
2.99375e-05 0.000435275 2.9913e-05 
0.000345762 0.000277853 5.11829e-05 
0.000176314 0.000428844 2.88137e-05 
0.000153714 0.000270645 2.03556e-05 
0.000278777 5.67304e-05 2.32762e-05 
0.000822231 0.00047415 2.58488e-05 
0.000666764 0.000148399 5.59116e-05 
0.000981037 0.000295119 1.74972e-05 
0.000132815 0.000250302 5.59206e-05 
0.000868406 0.000332718 8.65214e-05 
0.000209662 2.35546e-05 6.10354e-05 
0.000931308 0.000213873 8.39918e-05 
0.000351322 0.00033173 7.55003e-05 
0.000418128 0.000182171 3.2937e-05 
0.000563979 0.000422974 5.78269e-05 
0.000777061 0.000479942 2.00572e-05 
0.000728459 0.000364049 4.94599e-05 
0.000798549 0.000115929 7.94975e-05 
0.000419744 2.36666e-05 1.93652e-05 
0.000819589 2.92555e-05 2.92556e-05 
0.000294408 6.84389e-05 6.47586e-05 
0.000731318 0.000248946 7.01618e-05 
7.53328e-05 0.000214356 2.4683e-05 
0.000680502 0.000180776 6.27369e-05 
0.000612824 0.000175785 2.64922e-05 
0.000393493 0.000263531 2.69507e-05 
0.000971749 0.000267577 7.34538e-05 
0.000651043 0.000275373 7.84346e-05 
0.000938998 0.000245516 3.0268e-05 
0.00059584 0.000132109 2.07304e-05 
8.74763e-05 0.000412937 3.03967e-05 
0.000130977 0.000436051 6.88595e-05 
0.000494253 0.000260812 5.13482e-05 
7.35313e-05 0.000166486 6.82364e-05 
0.000689377 0.000482792 1.72096e-05 
0.000647254 0.0003832 8.10178e-05 
0.000122682 0.000198819 4.43337e-05 
0.00030862 0.000273403 2.45245e-05 
0.000516663 0.000271292 2.10375e-05 
0.000765725 0.000179795 8.42535e-05 
0.000237086 0.000449061 7.09065e-05 
0.000977358 2.26412e-05 6.44688e-05 
0.000676785 0.000353751 2.1051e-05 
0.000229472 0.000223222 2.76746e-05 
0.000909642 0.000405634 3.66542e-05 
0.000414201 2.49845e-05 6.33702e-05 
0.000685979 2.73012e-05 5.00707e-05 
0.000766978 0.000475765 6.29782e-05 
0.000537095 0.000396435 5.95511e-05 
0.000452561 0.000164813 8.96294e-05 
0.000657854 0.000214052 3.29411e-05 
0.000412334 8.6019e-05 9.10346e-05 
0.00026706 0.000468756 3.12441e-05 
0.000979278 0.000402368 7.67964e-05 
0.00016495 0.00016022 6.10892e-05 
0.000914962 9.73931e-05 3.56866e-05 
0.000647559 0.000320777 2.30544e-05 
0.000361526 0.000411271 8.55706e-05 
0.000317496 0.00040727 7.22282e-05 
0.000870892 0.000123256 5.82938e-05 
0.000187156 0.000237769 1.80784e-05 
0.000690781 0.000432611 3.0716e-05 
5.49147e-05 2.897e-05 2.89698e-05 
0.000541557 2.53053e-05 2.53009e-05 
0.000718813 0.000296751 2.06402e-05 
0.000884514 3.65401e-05 3.64698e-05 
0.000212016 0.000270697 1.83522e-05 
0.000909138 0.000132826 7.56358e-05 
0.000298989 0.000172946 4.44539e-05 
0.000788236 0.000328266 7.2948e-05 
0.000524433 0.000264409 7.3645e-05 
0.000733679 0.000288735 5.68439e-05 
0.000197504 0.000319027 6.76147e-05 
0.000799999 0.000442629 5.59611e-05 
0.00082539 0.000226852 2.07607e-05 
0.000599809 0.000406551 2.86318e-05 
2.61538e-05 0.000120006 2.61557e-05 
0.000462182 0.000322088 7.88949e-05 
0.000442796 0.000481274 5.29296e-05 
4.64346e-05 0.000393937 4.86021e-05 
0.000382943 0.00031873 2.80811e-05 
0.000555665 0.000422186 1.91484e-05 
0.000266809 0.000116251 4.97055e-05 
0.000913826 8.22219e-05 6.87612e-05 
0.000612488 0.000253167 8.27597e-05 
0.000803214 0.000208726 5.93002e-05 
0.000437717 0.00037466 3.32264e-05 
0.000248043 0.00012051 1.7067e-05 
0.000745753 2.03284e-05 2.03283e-05 
0.000394541 0.000136739 1.98848e-05 
0.000347766 0.000250553 2.0947e-05 
0.000259578 0.000338096 5.4354e-05 
0.000717453 8.2166e-05 5.56612e-05 
0.000755958 0.000309175 1.85819e-05 
0.000865541 0.000410585 8.11257e-05 
0.000636731 0.000126822 2.04326e-05 
0.000617696 2.17669e-05 2.20045e-05 
0.000327105 0.00048297 1.7036e-05 
0.000578909 0.00011055 4.78426e-05 
0.00012431 0.000125845 5.70455e-05 
0.000193169 0.000471915 6.19611e-05 
0.000192531 6.49453e-05 5.09265e-05 
2.19516e-05 4.60028e-05 6.38427e-05 
6.59356e-05 0.000304514 2.25131e-05 
0.000689143 0.000241012 6.50874e-05 
2.25243e-05 0.000477469 6.01441e-05 
0.00075834 0.000430698 5.17651e-05 
0.000446196 0.000252137 6.29828e-05 
0.000623541 0.000454518 2.08292e-05 
0.000837032 7.19419e-05 1.7535e-05 
0.000300607 0.000129205 2.426e-05 
0.000935992 0.000459673 2.46536e-05 
0.000631921 0.000477947 7.82092e-05 
0.000194111 0.00042069 8.04713e-05 
0.000969944 0.000482859 1.71401e-05 
0.000833188 0.00033162 3.29522e-05 
6.01307e-05 0.000439317 8.29533e-05 
0.000454301 0.000439442 2.56014e-05 
0.000772023 0.000117314 4.76693e-05 
0.000742155 0.000326947 5.03725e-05 
0.000611506 0.00029843 8.81181e-05 
0.000120374 0.000465223 2.16539e-05 
0.000764477 0.000237508 5.04993e-05 
0.000806286 0.000109646 2.29183e-05 
0.000728399 0.000404551 5.05969e-05 
0.000467752 0.000430978 6.93758e-05 
0.000536905 0.000165511 6.33142e-05 
0.000341377 0.000138219 1.79678e-05 
0.00061 0.000279316 3.39186e-05 
0.000185965 0.000263777 5.85951e-05 
0.000495416 0.000102341 6.95397e-05 
0.000564362 0.000192412 2.24172e-05 
0.000433385 0.000482276 1.77272e-05 
0.000501042 0.000176783 6.39188e-05 
0.000745614 0.00013138 2.04237e-05 
0.00022571 0.000176936 1.948e-05 
9.90193e-05 0.000411277 0.000102627 
0.000497077 0.000340883 5.77241e-05 
4.33566e-05 0.000199582 4.88386e-05 
0.000673861 0.000275047 3.01846e-05 
0.000576852 2.00235e-05 5.32357e-05 
0.000139896 0.000382353 3.02618e-05 
3.22504e-05 0.000276999 6.93867e-05 
0.000379975 0.000454337 5.52401e-05 
0.000539403 0.000302714 1.72973e-05 
0.000848758 9.36431e-05 6.48549e-05 
0.000729518 9.45955e-05 1.97353e-05 
8.0026e-05 0.000171236 1.9054e-05 
5.71755e-05 0.000370889 1.99497e-05 
0.000278442 0.000202292 7.69452e-05 
0.00097773 0.000214951 2.00961e-05 
0.000274861 0.000241186 2.1524e-05 
0.00083396 0.00018371 9.0672e-05 
0.000888045 0.000348926 2.51054e-05 
0.000674926 0.000128527 1.75628e-05 
2.25668e-05 0.000254412 2.25668e-05 
0.000713405 0.000234456 2.65792e-05 
0.000111692 0.000238319 1.9205e-05 
0.000944251 0.000155799 1.71498e-05 
0.000888193 0.000444415 6.86867e-05 
0.000419089 0.00040746 2.19554e-05 
0.000108818 5.58599e-05 3.1314e-05 
0.000575623 0.000316884 6.23367e-05 
0.000865087 0.000203478 1.8459e-05 
0.000248122 0.000183853 5.07954e-05 
2.11343e-05 0.000365893 6.01384e-05 
0.000774792 0.000275366 6.71458e-05 
0.000242315 2.50545e-05 2.50546e-05 
0.000799192 6.99414e-05 1.76989e-05 
0.000252018 0.000268868 7.79973e-05 
0.0002964 0.000444364 6.59717e-05 
0.000701274 0.000175295 2.56826e-05 
0.000366768 0.000110991 1.80328e-05 
0.00095992 0.000427287 5.11147e-05 
0.000166908 0.000188751 2.17741e-05 
0.000127644 0.000324888 2.09968e-05 
0.000978651 0.000124687 6.22588e-05 
0.000211212 5.69096e-05 1.97781e-05 
0.000978448 0.000138224 2.1552e-05 
0.000794805 0.000289976 2.43338e-05 
0.000379253 0.000481838 7.79999e-05 
7.93487e-05 0.000125587 2.73447e-05 
0.000442336 0.000392434 7.68154e-05 
0.00012813 0.000330144 6.44244e-05 
0.000461579 2.26325e-05 2.26026e-05 
0.000942324 0.000393728 7.78279e-05 
0.000935059 0.000354391 2.23079e-05 
0.000230361 0.000311756 2.62436e-05 
0.000351662 0.00023343 8.46953e-05 
0.000823621 0.000414968 7.50677e-05 
0.000973248 0.00047283 5.97332e-05 
0.000229761 0.000138426 4.82104e-05 
0.000390901 0.000189617 0.000118497 
0.000116607 0.000155431 2.08337e-05 
0.000283309 0.000344839 2.01124e-05 
0.000370611 1.97718e-05 7.20883e-05 
0.000643706 0.000438835 5.74449e-05 
2.02962e-05 0.000386952 2.02807e-05 
0.00052453 0.00048267 5.00599e-05 
0.000972973 0.000322478 6.24633e-05 
0.000597859 0.000444257 5.86449e-05 
0.000942317 0.00030865 2.40386e-05 
0.000367544 0.000163254 1.80017e-05 
0.000599909 7.66779e-05 6.18318e-05 
0.000883691 9.2256e-05 5.15267e-05 
0.000937875 2.11426e-05 2.11438e-05 
0.000444872 5.83161e-05 1.71705e-05 
0.000681164 0.000472174 7.27807e-05 
0.000700587 5.19735e-05 8.57573e-05 
0.000763977 0.000444595 1.77052e-05 
0.00033402 3.82284e-05 3.53005e-05 
0.00033467 0.000479406 5.37231e-05 
0.000673965 5.27318e-05 2.0643e-05 
0.000324583 0.000322693 2.72796e-05 
0.000480665 7.65987e-05 1.93222e-05 
9.91716e-05 0.000372294 7.2065e-05 
0.000216289 0.000384455 6.19065e-05 
0.000506645 0.000113875 2.66772e-05 
1.92722e-05 6.00064e-05 1.92707e-05 
0.000500621 1.72042e-05 1.71862e-05 
0.000832031 0.000371331 8.45615e-05 
0.000308815 8.55208e-05 1.85935e-05 
4.66461e-05 0.000184955 1.70878e-05 
0.000174322 0.000219173 4.58748e-05 
0.000573399 0.000315473 1.9054e-05 
0.00042078 0.00032376 9.02159e-05 
0.000460553 0.000212769 2.07019e-05 
0.000828158 0.000124721 5.44796e-05 
0.000838444 0.000238827 6.42643e-05 
0.000183203 0.000301305 2.22265e-05 
0.00061279 0.000330041 4.17037e-05 
0.000540713 1.98719e-05 7.01354e-05 
0.000644133 0.000420619 1.88798e-05 
0.000844015 1.83618e-05 6.8654e-05 
0.000318037 0.000442253 2.55325e-05 
0.000428709 0.00032153 1.87691e-05 
0.000982651 6.2152e-05 6.13273e-05 
0.000318068 0.0003786 2.90379e-05 
2.00788e-05 0.000222798 6.81006e-05 
0.000122608 0.000165911 8.00632e-05 
0.000164373 0.000337942 3.59947e-05 
0.000941974 0.000109761 5.60933e-05 
0.000406465 0.000451328 2.37259e-05 
0.000472719 0.000201081 5.47222e-05 
6.26412e-05 0.000482604 6.09099e-05 
0.000485021 0.000474209 6.5089e-05 
0.000859871 0.000375719 5.12143e-05 
0.000137073 0.000482501 5.25663e-05 
0.000150003 0.000230703 1.97611e-05 
0.000496689 0.000447528 1.81848e-05 
0.000756902 4.20772e-05 7.73207e-05 
0.000752335 0.00015022 5.42371e-05 
0.000262037 0.000156785 2.21461e-05 
0.000474531 0.000251417 2.03973e-05 
0.000572443 9.21747e-05 1.79173e-05 
0.000806045 1.87207e-05 7.40583e-05 
0.00060404 0.000224086 2.2744e-05 
0.00071566 0.00033812 2.08499e-05 
0.000887093 8.70396e-05 1.75243e-05 
0.000165385 3.06231e-05 3.06235e-05 
0.000614078 3.47085e-05 6.2929e-05 
0.000598637 0.000355626 6.6648e-05 
0.000717708 5.34792e-05 2.31952e-05 
0.000211225 0.000166609 8.13736e-05 
0.000553004 0.000465488 2.45708e-05 
0.000752068 0.000267066 2.40611e-05 
0.000731213 0.000473251 2.67478e-05 
0.000546644 0.000380995 2.32147e-05 
0.000611855 9.28804e-05 2.16725e-05 
0.000778131 0.000419234 8.08122e-05 
0.000538739 0.000291722 5.07984e-05 
0.000753392 0.000395107 7.69823e-05 
2.27017e-05 0.000343377 2.2636e-05 
0.000667148 0.00039163 1.8142e-05 
0.000558924 0.000468159 7.81281e-05 
0.000148921 0.000300996 4.36755e-05 
0.000378667 0.000152793 5.30462e-05 
0.000920178 0.000474254 7.02303e-05 
0.000721433 0.000384187 1.84433e-05 
5.6106e-05 8.10871e-05 2.30417e-05 
0.000648707 1.84024e-05 5.32974e-05 
0.000593547 0.000480868 1.91317e-05 
0.000562237 0.000195648 6.54229e-05 
0.000406189 0.000407496 5.89649e-05 
0.000171534 1.83557e-05 7.76417e-05 
0.000199585 0.000187511 4.28253e-05 
0.000405959 0.000361252 1.96261e-05 
0.000388595 0.000113008 5.24025e-05 
0.000498229 0.000353836 9.06277e-05 
0.000792165 8.17306e-05 5.42877e-05 
0.000807449 0.000253435 4.54735e-05 
0.000699317 0.000278417 7.36415e-05 
0.000830169 0.000150102 2.25255e-05 
0.000570717 0.000382727 5.77852e-05 
0.000982128 0.000177305 1.78722e-05 
0.000154358 0.00013953 2.0136e-05 
0.000480511 5.49087e-05 8.56936e-05 
0.000278775 2.43314e-05 5.61167e-05 
2.04111e-05 0.000211542 2.04106e-05 
0.000639714 0.000320215 6.45347e-05 
0.000271 0.000198913 2.0901e-05 
0.000704584 0.000204513 5.71823e-05 
0.000580722 4.5019e-05 8.38551e-05 
0.000534818 0.000130513 5.7685e-05 
0.000280049 0.000246159 6.38399e-05 
0.000923725 0.00017038 4.74839e-05 
0.000876521 0.000257438 8.84296e-05 
0.000583315 5.22023e-05 2.39691e-05 
4.8323e-05 0.000237009 4.7821e-05 
0.000193486 0.000362159 8.58919e-05 
0.000833201 0.000189933 3.03354e-05 
5.81096e-05 6.40103e-05 6.09149e-05 
0.000233712 0.000417847 2.96329e-05 
0.000688115 9.69887e-05 7.94328e-05 
2.27444e-05 0.000327722 8.17143e-05 
0.000553372 0.000126978 2.19818e-05 
0.00075653 6.00954e-05 4.3092e-05 
0.000961526 0.000375532 4.97726e-05 
0.000475687 0.000479705 2.0296e-05 
0.000381836 1.88615e-05 1.88501e-05 
0.000977328 4.01414e-05 2.26712e-05 
0.0003125 2.52978e-05 9.04545e-05 
0.00045748 0.000348999 1.82616e-05 
0.000978455 0.0003481 2.15485e-05 
0.000364898 0.000136107 9.04102e-05 
0.000802632 0.000478623 9.1251e-05 
0.000463878 8.46934e-05 7.71165e-05 
0.00015885 0.000204616 7.85685e-05 
0.00091739 0.000261136 7.08813e-05 
0.000522338 0.000340083 2.43849e-05 
5.27746e-05 0.000104343 6.33712e-05 
0.000115345 0.00010181 1.70141e-05 
0.000162554 0.000477672 2.23287e-05 
0.000898278 0.0003686 7.40264e-05 
0.00048906 6.91384e-05 5.47016e-05 
0.000743478 0.000297568 9.86628e-05 
0.000950242 0.000356813 8.43477e-05 
0.000323925 0.000466556 9.45617e-05 
8.99022e-05 9.31278e-05 5.60663e-05 
0.000742488 0.000108119 7.2688e-05 
0.000364593 0.00020671 2.6326e-05 
0.000525395 0.000435138 3.69775e-05 
0.000217516 0.000479446 2.05464e-05 
9.60383e-05 0.000354465 2.23082e-05 
0.000122846 0.000290282 6.5553e-05 
0.00031385 0.000215674 2.5217e-05 
0.000246224 0.000227888 6.92973e-05 
0.000894867 0.00020236 4.98252e-05 
0.00012885 2.22784e-05 6.79616e-05 
0.000934036 0.000292828 6.2563e-05 
1.80704e-05 8.28702e-05 4.87662e-05 
0.000937735 0.000197832 1.83511e-05 
0.000895215 0.000238803 5.29744e-05 
0.000488506 0.000140741 5.76711e-05 
0.000883232 0.000470575 2.94243e-05 
0.000509924 0.000306627 7.80394e-05 
8.77185e-05 0.000460208 4.59975e-05 
0.00075323 0.00040886 1.96553e-05 
0.000298573 0.000482315 6.6131e-05 
0.000754667 0.000353235 2.09853e-05 
0.000700634 1.72582e-05 1.72496e-05 
0.000634572 5.89524e-05 1.92215e-05 
0.000195165 0.000357941 4.6443e-05 
0.000265877 0.000152584 6.17341e-05 
0.000338703 0.000155746 5.14254e-05 
0.000472832 0.000287942 8.04444e-05 
0.000561348 0.000275651 1.75453e-05 
0.000288731 1.75524e-05 1.75557e-05 
0.000429193 0.000236279 1.84385e-05 
0.000158279 0.000358703 6.94666e-05 
0.000862352 0.00023901 3.29784e-05 
0.000657344 1.79764e-05 1.79766e-05 
0.00024298 0.000301042 6.70573e-05 
0.000405221 0.000481786 5.25283e-05 
0.000727236 2.23845e-05 5.87659e-05 
0.00097925 0.00044631 2.07507e-05 
0.000835714 0.000269158 2.0896e-05 
0.000442341 6.06171e-05 5.53201e-05 
0.00019505 0.000149429 2.17764e-05 
0.000952936 8.44792e-05 7.89479e-05 
0.000351138 0.000288406 1.72422e-05 
0.000131294 0.000427742 1.75953e-05 
0.000108669 0.000282571 2.56077e-05 
0.000369017 0.000187942 6.72477e-05 
0.000785287 0.000233056 1.98245e-05 
0.000509061 5.20833e-05 1.7484e-05 
0.000768325 9.03012e-05 1.93033e-05 
0.000340484 0.000441473 6.41978e-05 
0.000923403 1.80087e-05 6.98169e-05 
0.00093804 0.000120151 1.90738e-05 
0.000467437 0.000357282 7.34266e-05 
0.000951143 0.000139727 8.58184e-05 
0.000699293 0.000416034 8.30082e-05 
1.84749e-05 0.000163294 1.8474e-05 
0.000503964 3.20837e-05 5.34323e-05 
0.000271355 0.000381903 1.88521e-05 
0.000127311 8.07431e-05 7.4647e-05 
0.000197636 0.000339202 1.73747e-05 
0.000795481 0.000427913 1.79406e-05 
0.000853071 0.000109755 2.38751e-05 
0.000306514 0.000355177 7.29367e-05 
0.000545233 0.000257979 4.28678e-05 
0.000776571 4.11681e-05 1.70265e-05 
0.000661491 0.000110498 4.62772e-05 
0.000657357 0.000162134 2.04631e-05 
5.11299e-05 0.000381914 8.71573e-05 
0.000153275 0.000481009 8.5225e-05 
0.00065946 0.000466038 1.70779e-05 
5.91622e-05 0.000478018 2.19684e-05 
9.63312e-05 0.000320483 4.20725e-05 
0.000900962 0.000174891 7.92641e-05 
0.00056788 0.000274883 6.47554e-05 
0.000579057 0.000101742 9.03865e-05 
1.87291e-05 0.000481267 1.87239e-05 
0.000783377 0.000329522 2.88515e-05 
9.10591e-05 1.75839e-05 5.60239e-05 
0.000485689 0.000227049 7.31684e-05 
0.00036657 0.000476534 2.34655e-05 
1.80983e-05 0.000407392 6.71755e-05 
0.000352531 0.000377253 6.22438e-05 
2.18938e-05 0.000298861 2.1893e-05 
0.000829006 3.85282e-05 9.56185e-05 
0.000246171 0.000268327 3.93069e-05 
0.000364532 0.000363151 2.06379e-05 
0.000930688 7.13537e-05 1.79161e-05 
0.000274013 9.72027e-05 1.78396e-05 
