0.000840464 0.000416781 3.10547e-05 
7.99826e-05 0.000294544 6.60352e-05 
0.000529039 0.000220307 9.19176e-05 
0.000316152 0.000239563 8.56501e-05 
0.000688125 0.000326213 6.41425e-05 
0.000373469 6.40825e-05 8.00997e-05 
0.000753562 0.000195724 3.09898e-05 
0.000884504 0.000288882 4.09984e-05 
0.000525285 4.72115e-05 0.000113837 
0.000783114 0.000236818 0.000101027 
0.000636102 0.000368162 2.42396e-05 
0.00017906 0.000385358 1.97499e-05 
0.000829272 0.000290468 7.80019e-05 
0.000200643 0.000216462 7.5224e-05 
0.00048769 0.000378536 3.62708e-05 
0.000800597 0.000156058 6.78725e-05 
0.000443991 0.000346539 5.78927e-05 
0.000233406 0.000362154 2.5227e-05 
0.000527179 0.000152997 5.41452e-05 
0.00088611 0.000238822 1.89403e-05 
0.000921666 0.000332015 6.29253e-05 
0.000414212 0.000309278 5.67033e-05 
0.00094386 5.2911e-05 5.30978e-05 
0.000853431 4.84455e-05 8.12523e-05 
0.000689511 9.05508e-05 2.14029e-05 
0.00027235 0.000302537 3.65809e-05 
8.56246e-05 0.000225446 8.42813e-05 
0.000565017 0.000236839 1.97555e-05 
0.000168526 9.10282e-05 2.98312e-05 
0.000970073 0.000463795 0.000103485 
0.000518152 0.000216341 3.31048e-05 
0.000960273 0.000215634 5.65852e-05 
0.000886009 0.000135433 2.57049e-05 
0.000770027 2.36534e-05 5.21403e-05 
6.6175e-05 0.000257447 2.90239e-05 
0.00073877 0.000345156 9.68876e-05 
0.00060998 0.000438788 0.000104672 
0.000307973 0.000176675 0.000101477 
0.000343252 0.000204933 7.22049e-05 
0.000324111 0.000185731 1.87146e-05 
0.000307118 0.000295097 8.08041e-05 
0.000477321 0.000310197 3.28574e-05 
0.000459154 2.31832e-05 6.81085e-05 
0.000338961 9.83878e-05 5.80297e-05 
0.000968713 0.000397058 2.1805e-05 
0.000590658 0.000467849 5.39212e-05 
0.000534703 0.000349301 8.72325e-05 
0.000705473 0.000159519 7.93057e-05 
0.000390269 0.000235421 6.34277e-05 
0.000400493 0.000274354 0.000106967 
0.000267534 0.000372068 9.32927e-05 
0.000574677 0.000161734 5.59324e-05 
0.000799119 5.31054e-05 0.000119473 
0.000842679 0.000452838 7.80652e-05 
8.84889e-05 6.46963e-05 9.57576e-05 
0.000177353 0.000101203 9.29888e-05 
0.00097245 8.81475e-05 2.75361e-05 
0.000522736 0.000421823 9.7103e-05 
0.000221563 0.000101662 2.45092e-05 
0.000370335 0.000422526 3.12576e-05 
0.000487745 0.000165889 2.60595e-05 
0.000284535 0.000411979 5.16423e-05 
0.000590125 0.000354512 2.37091e-05 
0.000799407 0.000190296 1.71765e-05 
0.00054567 7.97896e-05 5.65297e-05 
0.000238177 8.25092e-05 7.4353e-05 
0.000515938 0.000465968 1.73988e-05 
0.000390373 6.46287e-05 3.08113e-05 
0.000965475 0.000171434 6.89606e-05 
0.000890762 0.000187195 1.94019e-05 
0.000576095 0.000396529 9.01652e-05 
0.000623991 0.000128321 7.45741e-05 
0.000396471 0.000363412 6.5328e-05 
0.000688314 0.000387131 4.88402e-05 
0.000647872 6.99587e-05 6.13695e-05 
0.000149935 4.62307e-05 7.13309e-05 
0.000867185 0.000152261 7.25344e-05 
0.000443594 0.000107685 3.66386e-05 
0.000619136 0.000194705 8.21601e-05 
0.000711758 0.000125711 4.66858e-05 
0.000788682 0.000151934 2.30039e-05 
5.56254e-05 0.000333182 7.29735e-05 
0.000163576 0.00037949 6.46833e-05 
0.000441155 0.000433425 7.17862e-05 
0.00058347 0.000241423 5.84527e-05 
0.000788967 0.000383929 5.4215e-05 
2.99137e-05 0.000433958 2.99128e-05 
0.000350032 0.000285117 0.000112105 
0.000182461 0.000432963 2.88177e-05 
0.000146507 0.000277751 2.03553e-05 
0.000278065 5.74616e-05 2.32932e-05 
0.000813031 0.000474127 2.58565e-05 
0.00068666 0.000131593 0.00010996 
0.000980862 0.000295175 1.74972e-05 
0.000128266 0.000259803 5.75809e-05 
0.000871145 0.000334998 8.79387e-05 
0.000219259 2.97673e-05 6.84612e-05 
0.000913671 0.000200504 8.21587e-05 
0.000366437 0.00031877 8.32052e-05 
0.000416983 0.000190944 3.29356e-05 
0.000558272 0.00040293 5.56456e-05 
0.000768429 0.00046492 2.00571e-05 
0.000721182 0.000364522 5.41635e-05 
0.000786384 0.000113953 8.65268e-05 
0.000422448 2.66005e-05 2.42187e-05 
0.000822182 2.93084e-05 2.9254e-05 
0.000291494 7.45611e-05 7.11079e-05 
0.000722467 0.000253043 7.43223e-05 
8.22197e-05 0.000213915 2.46834e-05 
0.000684367 0.000187757 6.72779e-05 
0.000612306 0.000174418 2.64895e-05 
0.000398061 0.000274598 2.69515e-05 
0.00097175 0.000257189 7.3248e-05 
0.000647122 0.000279714 7.69591e-05 
0.000933633 0.000246043 3.02696e-05 
0.00059951 0.000129248 2.07379e-05 
8.8341e-05 0.000419021 3.03966e-05 
0.000135725 0.000435211 6.78268e-05 
0.000485569 0.000284694 7.5235e-05 
7.1431e-05 0.000160066 8.33441e-05 
0.000684579 0.000482755 2.81484e-05 
0.000639998 0.000391922 8.02815e-05 
0.000128695 0.000196292 4.46575e-05 
0.00030596 0.000274894 2.45183e-05 
0.000522782 0.000272703 4.20759e-05 
0.000759283 0.000181407 8.51808e-05 
0.000249181 0.000463632 8.26912e-05 
0.000977339 3.40426e-05 8.04808e-05 
0.000679831 0.000356683 2.10565e-05 
0.00022938 0.000224248 3.13328e-05 
0.000909558 0.000404279 3.66597e-05 
0.000413882 3.29274e-05 8.13583e-05 
0.000690124 4.43053e-05 5.62424e-05 
0.000771796 0.000473615 8.32503e-05 
0.000526334 0.000390259 7.16285e-05 
0.000458313 0.000163432 8.01971e-05 
0.000659264 0.000214171 3.29398e-05 
0.000425936 0.00010857 0.00010293 
0.000269756 0.000468751 3.3536e-05 
0.000979272 0.000384742 8.73607e-05 
0.000164644 0.000155307 6.64265e-05 
0.000901516 9.77445e-05 5.16053e-05 
0.000651066 0.000323303 2.30548e-05 
0.000358618 0.000401926 9.59051e-05 
0.00031625 0.000396186 7.83387e-05 
0.000869105 0.000125264 0.000111596 
0.000188339 0.000239536 1.80851e-05 
0.000694737 0.000435178 3.07167e-05 
6.36707e-05 2.90337e-05 2.89751e-05 
0.00054491 2.79599e-05 2.53e-05 
0.000719277 0.000295764 2.06405e-05 
0.000885787 4.43115e-05 3.64706e-05 
0.000219342 0.00026788 1.83508e-05 
0.000917435 0.000134581 7.62853e-05 
0.000300921 0.00016585 4.85041e-05 
0.000797171 0.000336517 9.26694e-05 
0.000516268 0.00026533 8.53871e-05 
0.000726971 0.00029221 5.96813e-05 
0.000200363 0.000323308 7.05157e-05 
0.000796312 0.000440747 5.75543e-05 
0.000823061 0.000219824 2.07606e-05 
0.000599225 0.000405819 2.86376e-05 
2.61549e-05 0.000115084 2.61558e-05 
0.00046463 0.000329274 8.9783e-05 
0.000462118 0.000471072 5.33736e-05 
4.06656e-05 0.000387981 8.29151e-05 
0.000377165 0.00032545 2.80223e-05 
0.000553834 0.000417592 1.91603e-05 
0.000276859 0.000112605 5.888e-05 
0.000907798 6.24984e-05 9.37631e-05 
0.000598534 0.000242408 0.000100265 
0.000801798 0.000206647 6.17494e-05 
0.000434084 0.000379149 3.91487e-05 
0.000254826 0.000125462 3.2015e-05 
0.000743745 2.1307e-05 2.03292e-05 
0.000398463 0.000137405 1.98847e-05 
0.000347213 0.000255861 2.09507e-05 
0.000255052 0.000335388 5.7702e-05 
0.00072571 8.4525e-05 7.48202e-05 
0.000765434 0.000314963 1.85829e-05 
0.000878036 0.000414904 8.80431e-05 
0.000640419 0.000125092 2.29361e-05 
0.000615248 2.20125e-05 4.16274e-05 
0.000337831 0.000471299 3.98642e-05 
0.000578145 0.000121419 5.18331e-05 
0.000126661 0.000119086 5.66707e-05 
0.00020273 0.000471896 6.50694e-05 
0.000198481 6.21863e-05 5.44488e-05 
4.56726e-05 5.1278e-05 9.9546e-05 
6.32463e-05 0.000317331 2.25123e-05 
0.000673938 0.000247181 7.08251e-05 
2.71932e-05 0.000477138 5.95735e-05 
0.00075122 0.000422141 7.66649e-05 
0.000443131 0.000264951 6.16897e-05 
0.000620944 0.000460175 2.08449e-05 
0.000828203 7.2794e-05 5.81981e-05 
0.000301867 0.000124182 2.42603e-05 
0.00092144 0.000463214 2.46543e-05 
0.000637764 0.000477946 8.82084e-05 
0.000191838 0.000409869 7.80944e-05 
0.000957558 0.000482858 1.71389e-05 
0.000830418 0.000335424 3.29531e-05 
6.13683e-05 0.000435475 8.33351e-05 
0.000462841 0.000436001 2.56032e-05 
0.000778465 0.000113812 4.58346e-05 
0.000744826 0.000326899 4.94062e-05 
0.000604281 0.000298856 8.94971e-05 
0.000117758 0.000461075 2.16573e-05 
0.00076035 0.000228952 7.15516e-05 
0.000813629 8.61894e-05 2.29186e-05 
0.00072941 0.000402846 4.95656e-05 
0.000482202 0.000413458 8.13052e-05 
0.000561834 0.00015032 0.000103214 
0.000335561 0.000148856 1.79772e-05 
0.000610002 0.000285315 3.39192e-05 
0.000191098 0.000267833 5.76968e-05 
0.000508925 0.000109096 8.84802e-05 
0.000566467 0.000191089 2.24166e-05 
0.000439367 0.000482274 1.77292e-05 
0.000510182 0.000177077 9.67046e-05 
0.000751365 0.000129852 2.04239e-05 
0.000214243 0.00018119 1.94797e-05 
0.000105282 0.000434518 0.000110838 
0.000494648 0.000337142 7.16476e-05 
4.92244e-05 0.000189207 5.1098e-05 
0.000673572 0.000275587 3.01849e-05 
0.000580275 3.38865e-05 6.18428e-05 
0.000131081 0.000375977 3.02642e-05 
3.03117e-05 0.000283663 7.19616e-05 
0.000374374 0.000435293 7.81892e-05 
0.000536045 0.000298784 1.72991e-05 
0.00084653 8.27566e-05 9.91685e-05 
0.000733405 9.38391e-05 1.97368e-05 
6.87918e-05 0.000169759 1.90546e-05 
6.09919e-05 0.000378053 1.99497e-05 
0.000264817 0.000209223 9.11939e-05 
0.000967739 0.000207865 2.00945e-05 
0.000274499 0.000241243 2.15242e-05 
0.000831316 0.000181173 9.39297e-05 
0.0008876 0.000347601 2.5103e-05 
0.000677825 0.000129042 1.75631e-05 
2.25926e-05 0.000251356 2.25665e-05 
0.00071869 0.00024133 2.65819e-05 
0.000114335 0.000243329 1.92062e-05 
0.000947506 0.000149075 1.71535e-05 
0.000891015 0.000447749 6.41505e-05 
0.000421727 0.000412343 2.19561e-05 
0.000114855 6.17433e-05 3.13161e-05 
0.00056936 0.000316929 6.21759e-05 
0.00086121 0.000210855 1.84626e-05 
0.000259136 0.000192889 5.05922e-05 
2.11352e-05 0.000361782 6.07374e-05 
0.00077799 0.000267697 6.85898e-05 
0.000240633 2.50549e-05 2.50609e-05 
0.000787998 5.98006e-05 4.0141e-05 
0.000268849 0.00027216 0.000108744 
0.00028905 0.00044004 8.23949e-05 
0.00070178 0.000173311 2.56845e-05 
0.000358765 0.000121323 1.80326e-05 
0.000970315 0.000424358 8.98421e-05 
0.000168141 0.000174217 2.17756e-05 
0.00013862 0.000318389 2.09968e-05 
0.000972189 0.00011105 7.0727e-05 
0.000211566 5.8777e-05 1.97816e-05 
0.000978444 0.000136054 3.64199e-05 
0.000805251 0.000284648 2.43335e-05 
0.000396254 0.000477649 0.000107329 
7.73589e-05 0.000127303 3.56972e-05 
0.000439524 0.000385258 8.93167e-05 
0.000129011 0.000314941 8.71956e-05 
0.000464219 2.28131e-05 2.26033e-05 
0.000941849 0.000381186 0.000115603 
0.000934635 0.000352879 2.23067e-05 
0.00022744 0.000311034 2.62428e-05 
0.00035782 0.000233765 0.000101037 
0.00082133 0.000411797 8.44363e-05 
0.000973257 0.00046802 5.53363e-05 
0.000226866 0.000150625 4.65365e-05 
0.000404302 0.000198295 0.000113627 
0.000113608 0.000155345 2.08341e-05 
0.000275622 0.000339636 2.01119e-05 
0.000351785 1.97764e-05 8.3851e-05 
0.000647569 0.000448321 5.4652e-05 
2.13141e-05 0.000384725 2.02777e-05 
0.000515064 0.000482631 8.08217e-05 
0.000972963 0.000323524 5.83053e-05 
0.000607379 0.000436002 6.53665e-05 
0.000939031 0.000306747 2.40309e-05 
0.000372932 0.0001681 1.8008e-05 
0.000596313 6.79957e-05 8.32478e-05 
0.000880357 8.29598e-05 8.21872e-05 
0.000936263 2.11459e-05 2.11465e-05 
0.000445008 5.75298e-05 1.71704e-05 
0.000688859 0.000465323 8.05614e-05 
0.000685724 5.88907e-05 9.94048e-05 
0.000758038 0.000436926 4.31831e-05 
0.000330997 3.54123e-05 3.53004e-05 
0.000352429 0.000466257 7.41894e-05 
0.000672061 5.23025e-05 2.06447e-05 
0.000321881 0.000324105 2.72809e-05 
0.000491249 8.13807e-05 5.31435e-05 
0.00011539 0.000375639 8.73673e-05 
0.000227448 0.000383344 6.47064e-05 
0.000505532 0.000116247 2.66774e-05 
1.9278e-05 6.79237e-05 7.26144e-05 
0.000503626 2.18549e-05 1.7185e-05 
0.000845946 0.000381735 9.37249e-05 
0.000311148 8.26915e-05 1.85941e-05 
4.48825e-05 0.00019679 1.70885e-05 
0.00015978 0.000233158 6.79521e-05 
0.000565721 0.000319703 1.90539e-05 
0.000422751 0.000330186 9.60525e-05 
0.000466592 0.000207253 2.06998e-05 
0.000829053 0.000112766 8.20915e-05 
0.000849617 0.000245532 8.65181e-05 
0.000179566 0.000304525 2.22276e-05 
0.000619077 0.000334626 4.52142e-05 
0.000541965 2.03844e-05 6.97347e-05 
0.000641134 0.000425997 1.88796e-05 
0.000850226 1.83612e-05 0.000103061 
0.000315468 0.000436037 2.55352e-05 
0.000427669 0.000308495 1.8768e-05 
0.000972633 6.49694e-05 0.000113949 
0.00031671 0.000380172 2.90392e-05 
2.89105e-05 0.000205041 8.20109e-05 
0.000120283 0.000138193 9.82887e-05 
0.000166838 0.000341344 4.15351e-05 
0.00093952 9.837e-05 9.01829e-05 
0.000414418 0.00045502 3.65216e-05 
0.000478866 0.000210023 6.40016e-05 
8.31994e-05 0.0004826 8.3565e-05 
0.00048077 0.000458982 9.19359e-05 
0.000862368 0.00037455 5.39174e-05 
0.000131636 0.0004825 5.13442e-05 
0.000151417 0.000231372 1.97596e-05 
0.000496809 0.000455239 4.54356e-05 
0.000766362 3.7776e-05 9.82457e-05 
0.000755783 0.000151113 5.31609e-05 
0.000263241 0.000162475 2.2154e-05 
0.000489851 0.000259951 2.03993e-05 
0.000578016 9.7104e-05 1.79215e-05 
0.000813854 2.13847e-05 7.59024e-05 
0.000605239 0.000223058 2.27437e-05 
0.000716994 0.000337296 2.08463e-05 
0.000875157 9.43771e-05 1.75322e-05 
0.000171162 3.0625e-05 3.06235e-05 
0.000601193 2.59086e-05 9.62733e-05 
0.000599322 0.000348347 7.51959e-05 
0.000716022 5.47357e-05 2.3194e-05 
0.000209379 0.000169386 8.63037e-05 
0.000553005 0.000458149 3.54616e-05 
0.000757859 0.000273335 2.40615e-05 
0.000733295 0.000473253 4.98387e-05 
0.000546429 0.000376024 2.32297e-05 
0.000616831 9.02129e-05 2.18709e-05 
0.00078201 0.000426169 0.00010959 
0.000533526 0.000297816 7.39382e-05 
0.000769109 0.000390074 0.000120718 
2.29522e-05 0.000340317 2.26355e-05 
0.000665478 0.000398112 1.81441e-05 
0.000561815 0.000470547 9.17244e-05 
0.000157088 0.000302047 6.02352e-05 
0.000391306 0.000145575 6.87088e-05 
0.000924497 0.00047425 7.37364e-05 
0.0007255 0.000380187 1.84425e-05 
6.21142e-05 8.09647e-05 2.30418e-05 
0.000668538 1.97557e-05 7.64924e-05 
0.000586712 0.00048073 1.91437e-05 
0.000566792 0.000202527 6.91485e-05 
0.000404264 0.000413094 6.45993e-05 
0.000173234 1.83613e-05 7.79985e-05 
0.000193601 0.000183777 4.95843e-05 
0.000409641 0.000359307 1.96317e-05 
0.00039124 0.000104959 6.3002e-05 
0.000494986 0.00035334 0.000121531 
0.000791687 6.82986e-05 7.81096e-05 
0.000815344 0.000250291 5.08601e-05 
0.00069801 0.000287774 9.87282e-05 
0.000834091 0.000148609 2.25248e-05 
0.000567116 0.000364648 5.81707e-05 
0.000975454 0.000170751 1.78769e-05 
0.000149958 0.000136447 2.01375e-05 
0.000479306 3.4927e-05 0.000120303 
0.000266913 3.71506e-05 6.32542e-05 
2.041e-05 0.000212484 4.07732e-05 
0.000637746 0.000320907 7.36119e-05 
0.000286129 0.000198915 2.09108e-05 
0.000688835 0.000242881 0.000104118 
0.000561633 3.41858e-05 0.00010111 
0.000536255 0.000129744 0.000116737 
0.000274093 0.00024512 6.4264e-05 
0.000920238 0.000166116 3.99685e-05 
0.000884296 0.000272174 0.000100874 
0.00058823 5.47268e-05 2.3951e-05 
3.73078e-05 0.000237023 6.419e-05 
0.000203099 0.000355165 0.000105026 
0.000835128 0.000177763 5.08916e-05 
6.74399e-05 7.34091e-05 6.35946e-05 
0.000238573 0.000416605 2.96351e-05 
0.000688571 0.000100675 8.00203e-05 
2.43277e-05 0.000353084 0.000103629 
0.000556748 0.000138524 2.19833e-05 
0.000750726 6.63398e-05 4.78154e-05 
0.000954966 0.000373313 5.50418e-05 
0.000480946 0.000479696 2.0301e-05 
0.000379565 2.31525e-05 5.58902e-05 
0.000977321 2.28121e-05 3.6359e-05 
0.00030636 2.81987e-05 9.01879e-05 
0.000445779 0.000347804 1.82639e-05 
0.000978443 0.000354813 2.155e-05 
0.000352418 0.000143065 8.72997e-05 
0.000810923 0.000478614 0.000106122 
0.000469006 8.24758e-05 0.000104162 
0.000147351 0.000206479 9.35801e-05 
0.000916948 0.000256715 7.46526e-05 
0.000529116 0.000334229 3.81333e-05 
4.55335e-05 0.000110856 9.73196e-05 
0.00011258 0.000107852 1.70136e-05 
0.000158491 0.000477672 2.23289e-05 
0.000908337 0.000381338 0.000126956 
0.000506139 7.20979e-05 9.10226e-05 
0.000744583 0.000287493 9.95605e-05 
0.000952494 0.000341993 9.5919e-05 
0.000317772 0.000467167 0.000101503 
8.63388e-05 0.000100314 7.79323e-05 
0.000740778 0.000131972 8.31509e-05 
0.000361262 0.000210079 2.63263e-05 
0.000525504 0.000451174 6.7602e-05 
0.000220772 0.000479452 2.05474e-05 
8.59563e-05 0.000351249 4.10215e-05 
0.000100488 0.00028638 9.74064e-05 
0.000315359 0.000228736 4.04939e-05 
0.000227696 0.000219148 0.00010783 
0.000861408 0.000197976 6.70188e-05 
0.00011795 2.2277e-05 6.74378e-05 
0.000936232 0.000284474 6.00877e-05 
1.80698e-05 0.000105016 6.84526e-05 
0.000930303 0.000199022 1.83512e-05 
0.000893137 0.000237757 5.50646e-05 
0.000496545 0.000141999 0.000117107 
0.000868074 0.000470563 2.94225e-05 
0.000504462 0.000310253 0.000102204 
9.37196e-05 0.000462089 5.49024e-05 
0.000755317 0.000408032 1.96559e-05 
0.00028788 0.000482264 7.73982e-05 
0.00075567 0.00035493 2.09866e-05 
0.000693144 2.0523e-05 1.91573e-05 
0.000632162 5.23305e-05 1.92757e-05 
0.000196232 0.000365206 4.56442e-05 
0.000252512 0.000140013 0.000116597 
0.000347738 0.000170651 4.64367e-05 
0.00046338 0.00029591 0.000124873 
0.000561231 0.000269207 3.79469e-05 
0.000284519 1.75574e-05 1.75558e-05 
0.000454325 0.000244356 1.84395e-05 
0.000170622 0.000376193 0.000100114 
0.000855951 0.000232359 4.99518e-05 
0.000660828 1.79777e-05 3.4554e-05 
0.000260794 0.000312322 0.000122211 
0.000398421 0.000461531 7.47372e-05 
0.000725641 2.26636e-05 6.47567e-05 
0.000959378 0.000438578 2.07522e-05 
0.00084181 0.000257466 2.08916e-05 
0.000446486 6.50104e-05 7.54782e-05 
0.000191834 0.000137034 2.1776e-05 
0.000936837 8.5496e-05 0.000127447 
0.00035689 0.000287027 4.07872e-05 
0.000134899 0.00042598 1.75956e-05 
0.000102188 0.000288781 2.56067e-05 
0.000378602 0.00018253 6.67434e-05 
0.000783497 0.000235358 1.98252e-05 
0.000494144 7.26062e-05 1.75136e-05 
0.000771567 8.55905e-05 1.93028e-05 
0.000328318 0.000435148 6.8358e-05 
0.00091447 1.8057e-05 7.46268e-05 
0.000928313 0.000122032 3.17368e-05 
0.000476679 0.000363139 8.6658e-05 
0.000965413 0.000131278 0.000112831 
0.000702688 0.000411726 8.47317e-05 
2.30683e-05 0.000160274 1.84739e-05 
0.000502731 2.68567e-05 5.61809e-05 
0.000272386 0.000370089 4.42374e-05 
0.000126694 7.71086e-05 8.09795e-05 
0.000196333 0.000340301 1.73745e-05 
0.000789823 0.000432184 1.79632e-05 
0.000847745 0.000109999 4.43464e-05 
0.000315433 0.000351726 8.41847e-05 
0.000545322 0.000252162 6.5299e-05 
0.000778011 3.58837e-05 1.7027e-05 
0.00066765 0.000111482 4.80197e-05 
0.00065727 0.000162275 2.04652e-05 
7.12146e-05 0.000388897 0.000109728 
0.00018892 0.000481005 0.000109137 
0.000658573 0.000463337 1.70913e-05 
6.93627e-05 0.000467764 2.19704e-05 
0.000114851 0.000320941 5.05338e-05 
0.000871017 0.000164307 0.000116973 
0.00056655 0.000273919 8.45421e-05 
0.000605223 9.70155e-05 0.000114417 
3.11081e-05 0.000481278 1.87257e-05 
0.000770178 0.00030914 7.04709e-05 
7.24587e-05 3.74664e-05 7.3906e-05 
0.000468925 0.000219022 0.000109726 
0.000374491 0.000476533 2.34681e-05 
1.81003e-05 0.000414531 7.2198e-05 
0.00035456 0.000383342 5.82189e-05 
2.1894e-05 0.000295808 2.18931e-05 
0.000816416 2.08602e-05 0.000117512 
0.000244125 0.000272529 4.96023e-05 
0.000365003 0.000372007 2.06435e-05 
0.000910605 9.26377e-05 1.79241e-05 
0.000270011 9.74164e-05 1.78365e-05 
