0.000841156 0.000415671 3.1058e-05 
8.16149e-05 0.000293705 6.79876e-05 
0.000528155 0.000219521 9.20141e-05 
0.000316038 0.00023917 9.34594e-05 
0.00068754 0.000326198 6.41622e-05 
0.000372818 6.67395e-05 8.38218e-05 
0.000752969 0.000195694 3.09916e-05 
0.000883291 0.000288738 4.3036e-05 
0.000525754 4.82263e-05 0.000123233 
0.000782773 0.000237932 0.000110221 
0.000637203 0.000369217 2.42416e-05 
0.000178738 0.000386111 1.97443e-05 
0.000828068 0.000293223 8.06841e-05 
0.00020145 0.000215277 7.9e-05 
0.000487918 0.000379158 3.62699e-05 
0.000799429 0.000157681 7.33617e-05 
0.000443339 0.000349159 5.78673e-05 
0.000235665 0.000363117 2.5225e-05 
0.000525909 0.000152301 5.61925e-05 
0.000886829 0.000239735 1.89314e-05 
0.000922237 0.000332847 6.33547e-05 
0.000414104 0.000310231 5.63946e-05 
0.000944855 5.46049e-05 5.45901e-05 
0.000859247 4.64652e-05 8.38519e-05 
0.000689638 9.1454e-05 2.14021e-05 
0.000270702 0.000301985 4.14117e-05 
8.48318e-05 0.000225359 8.43609e-05 
0.00056411 0.000237515 1.97581e-05 
0.000169638 9.10765e-05 2.983e-05 
0.000970819 0.000463482 0.000103009 
0.000517739 0.000215931 3.31017e-05 
0.000960348 0.000214206 5.68824e-05 
0.000884147 0.000137275 2.57067e-05 
0.000771211 2.69032e-05 5.25081e-05 
6.42901e-05 0.000255079 3.7644e-05 
0.000738013 0.000339947 9.99381e-05 
0.000609976 0.000437904 0.000106399 
0.000308833 0.000177998 0.000103494 
0.000344608 0.000205492 7.41465e-05 
0.000321933 0.000184649 1.87188e-05 
0.000309219 0.000293946 8.12707e-05 
0.000477944 0.00031083 3.2858e-05 
0.00045843 2.31835e-05 6.80426e-05 
0.000336419 9.78598e-05 6.01261e-05 
0.000967359 0.000397224 2.18009e-05 
0.000587398 0.00046438 6.23338e-05 
0.000533883 0.000349324 8.77991e-05 
0.000703023 0.000160468 8.48629e-05 
0.000388347 0.00023572 6.25932e-05 
0.000402452 0.000270973 0.000108144 
0.000265536 0.00037172 9.70072e-05 
0.000571992 0.00016396 5.86892e-05 
0.000799119 5.31054e-05 0.000128266 
0.000842199 0.000451806 7.80508e-05 
8.92052e-05 6.18157e-05 9.9262e-05 
0.000175417 0.000100408 9.34669e-05 
0.000972463 8.95072e-05 2.7535e-05 
0.000521491 0.00042415 9.96775e-05 
0.00022277 0.000101308 2.45085e-05 
0.000369676 0.000422635 3.12592e-05 
0.000487981 0.000165095 2.60584e-05 
0.000285013 0.00041326 5.28828e-05 
0.000591779 0.000353864 2.37094e-05 
0.000798827 0.000190371 1.71765e-05 
0.000547993 8.17207e-05 5.73743e-05 
0.000237233 8.45789e-05 7.58667e-05 
0.000517076 0.000464073 1.7398e-05 
0.000389616 6.86051e-05 3.08143e-05 
0.000965681 0.000171301 7.31131e-05 
0.000891591 0.000186747 1.9395e-05 
0.000575155 0.000396868 9.78929e-05 
0.000623499 0.000130482 8.3417e-05 
0.000395298 0.000363698 6.5094e-05 
0.000687102 0.00038818 4.86171e-05 
0.000647738 6.50393e-05 6.31251e-05 
0.000150398 4.5744e-05 7.17473e-05 
0.000868465 0.000154824 7.34194e-05 
0.000444236 0.000107917 3.66386e-05 
0.000623284 0.000197422 8.57648e-05 
0.000712182 0.000126066 4.71664e-05 
0.000788352 0.000153198 2.82854e-05 
5.93746e-05 0.000332374 8.00646e-05 
0.000159338 0.000380126 6.80172e-05 
0.000442016 0.000431451 7.34474e-05 
0.000588617 0.000240049 6.22836e-05 
0.00078888 0.000383973 5.40925e-05 
2.99267e-05 0.000433972 2.99202e-05 
0.000350756 0.000288438 0.000117307 
0.0001834 0.000433589 2.8817e-05 
0.000144026 0.00027822 2.03555e-05 
0.000277299 5.90191e-05 2.3282e-05 
0.000811746 0.000472364 2.58609e-05 
0.00068666 0.000131593 0.000119383 
0.000980862 0.000295175 1.74972e-05 
0.000127639 0.00026005 5.8324e-05 
0.000874113 0.000332774 9.26216e-05 
0.00021916 3.13296e-05 7.96957e-05 
0.0009127 0.00019962 8.23992e-05 
0.000369373 0.000315368 8.31709e-05 
0.000416178 0.000191502 3.29357e-05 
0.000560076 0.000401547 5.67409e-05 
0.00076704 0.000463521 2.006e-05 
0.000718579 0.00036733 6.28066e-05 
0.000785039 0.00011393 9.3356e-05 
0.0004207 2.93672e-05 3.43177e-05 
0.00082387 2.93047e-05 2.92546e-05 
0.000290328 7.51944e-05 7.89336e-05 
0.000722672 0.000252739 7.46252e-05 
8.21645e-05 0.000214031 2.46857e-05 
0.000682381 0.000188992 6.99419e-05 
0.000612005 0.00017463 2.64945e-05 
0.000397993 0.000275253 2.69556e-05 
0.000971747 0.00025555 7.40861e-05 
0.000642409 0.000277728 8.04925e-05 
0.00093442 0.000245015 3.0269e-05 
0.000601517 0.000128931 2.07372e-05 
8.83576e-05 0.000419025 3.0395e-05 
0.000136547 0.000432785 6.77429e-05 
0.000489243 0.000288501 7.63118e-05 
6.93367e-05 0.000160282 8.42791e-05 
0.000681474 0.000481485 3.41516e-05 
0.000640359 0.000386499 8.26539e-05 
0.000128927 0.00019584 4.34389e-05 
0.000303491 0.000275957 2.45241e-05 
0.000525183 0.000272184 4.2051e-05 
0.000757657 0.000181443 8.52918e-05 
0.000248428 0.000464571 8.97774e-05 
0.000977336 3.83832e-05 8.47289e-05 
0.000680707 0.000357026 2.1052e-05 
0.000231298 0.000229816 3.8028e-05 
0.000907633 0.000404008 3.66627e-05 
0.000415077 3.23996e-05 8.69049e-05 
0.00069477 4.81542e-05 6.05894e-05 
0.000768204 0.000474177 9.04862e-05 
0.000521564 0.000390709 7.64585e-05 
0.000457932 0.000164135 7.99076e-05 
0.000659458 0.000213753 3.29392e-05 
0.000427245 0.000108531 0.000103109 
0.000270647 0.000468754 4.13185e-05 
0.000979274 0.000384031 8.72397e-05 
0.000163577 0.000155011 6.63568e-05 
0.000901565 9.77173e-05 5.95041e-05 
0.000650527 0.00032302 2.30556e-05 
0.000355537 0.000404664 0.000101935 
0.000316708 0.000395855 7.85436e-05 
0.000869105 0.000125264 0.000119542 
0.000190704 0.000236765 1.80834e-05 
0.000696561 0.000435805 3.07149e-05 
6.45206e-05 2.89797e-05 2.89791e-05 
0.000544297 3.05048e-05 2.52998e-05 
0.000721126 0.00029546 2.06404e-05 
0.00088775 4.30324e-05 3.64691e-05 
0.00021752 0.000269467 1.8352e-05 
0.000919066 0.000139559 8.11288e-05 
0.000304108 0.000163439 5.11617e-05 
0.000796178 0.000339262 9.57992e-05 
0.000514167 0.000264671 9.15439e-05 
0.000726335 0.000292325 6.0123e-05 
0.00020201 0.000324117 7.15364e-05 
0.00079394 0.000444712 6.21228e-05 
0.000824194 0.000218352 2.07652e-05 
0.000600006 0.000406536 2.86363e-05 
2.61611e-05 0.000115205 2.61562e-05 
0.000463927 0.000330215 9.87033e-05 
0.000466767 0.000471214 5.85433e-05 
3.62327e-05 0.000387641 8.6498e-05 
0.000376629 0.000325901 2.80187e-05 
0.000554583 0.000417939 1.91487e-05 
0.000278137 0.000111297 5.99254e-05 
0.000907431 6.27701e-05 0.000103418 
0.000597425 0.000241175 0.000105831 
0.000800575 0.00020939 6.16233e-05 
0.000430075 0.000381581 4.10747e-05 
0.000254572 0.000125825 3.52784e-05 
0.000745383 2.36337e-05 2.03289e-05 
0.000398852 0.000137152 1.98849e-05 
0.000344808 0.000257263 2.09538e-05 
0.000252742 0.000336 6.00661e-05 
0.000728429 8.24443e-05 8.02915e-05 
0.000762678 0.000315105 1.85831e-05 
0.000878998 0.000415722 8.94882e-05 
0.00064098 0.000126009 3.22158e-05 
0.000615613 2.2016e-05 4.1672e-05 
0.000342692 0.000471516 4.72299e-05 
0.000579826 0.000124103 5.65901e-05 
0.000127372 0.000116968 5.67843e-05 
0.000205424 0.000471885 6.46849e-05 
0.000201101 5.8925e-05 5.53557e-05 
4.76289e-05 5.08786e-05 0.000104994 
6.67419e-05 0.000321136 2.25191e-05 
0.000669246 0.00024541 7.34541e-05 
2.8462e-05 0.000477277 5.96226e-05 
0.000750148 0.000422332 7.8274e-05 
0.000443577 0.00026517 6.08756e-05 
0.00062012 0.000461764 2.08305e-05 
0.000825972 7.47414e-05 6.02673e-05 
0.000301285 0.000123534 2.42615e-05 
0.000920199 0.0004628 2.46542e-05 
0.000640135 0.000477685 9.01073e-05 
0.000191308 0.000408341 7.73094e-05 
0.000956114 0.000482855 1.71384e-05 
0.000830127 0.000335288 3.29528e-05 
6.27864e-05 0.000433721 8.45646e-05 
0.000463408 0.000437089 2.56024e-05 
0.00077439 0.000114406 5.32904e-05 
0.000744478 0.000327787 5.05987e-05 
0.000601098 0.000300746 9.46028e-05 
0.000116526 0.00046353 2.16551e-05 
0.000761054 0.000230214 7.97788e-05 
0.00081374 8.43734e-05 2.29187e-05 
0.000730262 0.000402755 4.99379e-05 
0.000482435 0.000410894 8.35905e-05 
0.000561718 0.000150227 0.000111164 
0.000336871 0.000150183 1.79664e-05 
0.000610041 0.000284419 3.39193e-05 
0.000192223 0.000266796 6.17316e-05 
0.000508942 0.000108859 9.83134e-05 
0.000565886 0.000190407 2.24181e-05 
0.000434117 0.000482274 1.77274e-05 
0.000506095 0.000179488 0.000104269 
0.000751245 0.000132044 2.04238e-05 
0.00021242 0.000180877 1.94902e-05 
0.000107568 0.000434443 0.00011171 
0.000493933 0.000334811 7.40925e-05 
4.91282e-05 0.000189584 5.08888e-05 
0.000673412 0.000275407 3.03079e-05 
0.000584501 3.54391e-05 6.66697e-05 
0.000130875 0.00037574 3.02676e-05 
3.15462e-05 0.000283667 7.16186e-05 
0.000373006 0.000433488 7.8722e-05 
0.00053606 0.000299361 1.72973e-05 
0.000847394 8.08906e-05 0.000108167 
0.000733495 9.39669e-05 1.97362e-05 
6.83815e-05 0.000169173 1.90541e-05 
6.29906e-05 0.000376718 1.99491e-05 
0.000265345 0.000211325 9.81462e-05 
0.000967142 0.000207271 2.00955e-05 
0.000276828 0.000238508 2.15246e-05 
0.00083217 0.000180282 9.82103e-05 
0.000887399 0.000346814 2.51079e-05 
0.00067642 0.000128425 1.84799e-05 
2.25671e-05 0.000251868 2.25697e-05 
0.00071932 0.000242206 2.658e-05 
0.000116519 0.000243199 1.92055e-05 
0.000947432 0.000148338 1.71483e-05 
0.000890597 0.000448229 6.39243e-05 
0.000421495 0.000414914 2.19586e-05 
0.000115174 6.22582e-05 3.13148e-05 
0.000569174 0.000315331 6.20338e-05 
0.000862687 0.000211175 1.85019e-05 
0.000259519 0.000191619 5.91692e-05 
2.48204e-05 0.000358179 6.28002e-05 
0.000779787 0.000267812 6.86358e-05 
0.000241569 2.50543e-05 2.50549e-05 
0.000786921 6.08593e-05 4.23585e-05 
0.000271576 0.000273738 0.000114721 
0.00029119 0.000436661 8.70526e-05 
0.000701204 0.000173237 2.56944e-05 
0.000354144 0.000118598 1.80342e-05 
0.000971333 0.000421955 9.96927e-05 
0.000168983 0.000173648 2.17829e-05 
0.00014234 0.000319538 2.10001e-05 
0.000970459 0.000106424 7.33535e-05 
0.000212221 5.85433e-05 1.9778e-05 
0.000977345 0.000137004 3.89413e-05 
0.000807222 0.00028336 2.43348e-05 
0.000396458 0.000475807 0.000112587 
7.71251e-05 0.000127297 3.70527e-05 
0.000437878 0.000383562 9.15109e-05 
0.000130636 0.000314135 9.7171e-05 
0.000464037 2.28503e-05 2.26025e-05 
0.000941849 0.000381186 0.000123616 
0.000934297 0.000353412 2.23075e-05 
0.000227558 0.000312241 2.62524e-05 
0.000356159 0.000230266 0.000107715 
0.000823411 0.00040925 9.35191e-05 
0.000973249 0.00046845 5.48889e-05 
0.000226095 0.000151633 4.74371e-05 
0.000405159 0.000200733 0.000113466 
0.00011358 0.0001543 2.08342e-05 
0.000275215 0.000336525 2.01112e-05 
0.000349716 2.12993e-05 8.55698e-05 
0.000649829 0.000450057 5.48453e-05 
2.34811e-05 0.000384329 2.02783e-05 
0.000511382 0.00048267 8.85182e-05 
0.000972975 0.000322403 5.68719e-05 
0.00061201 0.000432797 6.72864e-05 
0.000936956 0.000307174 2.40378e-05 
0.000372133 0.000170109 1.80001e-05 
0.000591412 6.81983e-05 9.41141e-05 
0.000880259 8.27036e-05 9.0379e-05 
0.000938859 2.12324e-05 2.1145e-05 
0.000445004 5.77418e-05 1.71704e-05 
0.000691696 0.000460372 8.3646e-05 
0.000684599 6.09648e-05 0.000103355 
0.000758033 0.000436327 4.46849e-05 
0.000332014 3.53009e-05 3.53007e-05 
0.000350328 0.000463818 8.32681e-05 
0.000671676 5.34344e-05 2.06437e-05 
0.000321284 0.000324526 2.72786e-05 
0.000493483 8.41139e-05 5.99513e-05 
0.000113904 0.000377354 8.6977e-05 
0.000228778 0.000384143 6.4631e-05 
0.000506292 0.000115638 2.66837e-05 
1.92762e-05 7.09679e-05 8.28128e-05 
0.000503446 2.20606e-05 1.71843e-05 
0.000850296 0.000379967 9.75666e-05 
0.000311748 8.23626e-05 1.85941e-05 
4.42176e-05 0.000198304 1.70906e-05 
0.000158016 0.000235846 7.57116e-05 
0.000565901 0.000320053 1.90529e-05 
0.000421877 0.00032508 9.85617e-05 
0.000466304 0.000206177 2.06987e-05 
0.000830763 0.000112028 8.83487e-05 
0.000848561 0.00024951 9.39048e-05 
0.000180975 0.000299314 2.22444e-05 
0.000619204 0.000333383 4.66077e-05 
0.000541961 2.44651e-05 7.00065e-05 
0.000641827 0.000428566 1.88814e-05 
0.00085096 2.00231e-05 0.000108819 
0.000315051 0.000437087 2.55353e-05 
0.00042833 0.000308509 1.87676e-05 
0.000972633 6.49694e-05 0.000122062 
0.000315308 0.000380504 2.9037e-05 
2.92726e-05 0.000206772 9.16652e-05 
0.000121651 0.000134233 9.92906e-05 
0.000167629 0.000343246 4.43063e-05 
0.000938389 0.000102668 9.71887e-05 
0.000413306 0.000455402 4.14571e-05 
0.000482502 0.0002106 6.87258e-05 
8.50267e-05 0.000481583 8.52961e-05 
0.000478917 0.000456285 9.89356e-05 
0.000863327 0.000371686 5.66893e-05 
0.000130009 0.000482426 5.31923e-05 
0.000153393 0.000230594 1.9773e-05 
0.000497732 0.000455173 4.59063e-05 
0.000766362 3.7776e-05 0.000106757 
0.000754611 0.000148543 5.59246e-05 
0.000262312 0.000161999 2.21439e-05 
0.000491696 0.000260905 2.03976e-05 
0.000581189 9.6104e-05 1.79241e-05 
0.000814169 2.16793e-05 8.35599e-05 
0.00060397 0.000223076 2.27452e-05 
0.000717404 0.000336789 2.08524e-05 
0.000874341 9.5892e-05 1.75248e-05 
0.000171172 3.06266e-05 3.0625e-05 
0.000599537 2.68874e-05 0.000108015 
0.000598926 0.000346219 7.66341e-05 
0.000715413 5.50634e-05 2.31958e-05 
0.000212031 0.000167922 8.95638e-05 
0.000553176 0.000457476 3.77585e-05 
0.000759604 0.000272924 2.40634e-05 
0.000734461 0.00047325 5.22445e-05 
0.000548248 0.000376246 2.32137e-05 
0.000618815 9.03571e-05 2.88314e-05 
0.00078201 0.000426169 0.000117806 
0.00053566 0.000298866 8.1861e-05 
0.000769109 0.000390074 0.000128787 
2.29082e-05 0.000340888 2.26354e-05 
0.000665557 0.000400123 1.81418e-05 
0.000558217 0.000470624 9.92882e-05 
0.000157938 0.000300709 6.97495e-05 
0.000388184 0.000144908 7.59704e-05 
0.000924472 0.000474254 7.35479e-05 
0.00072602 0.00038065 1.84415e-05 
6.23008e-05 8.10368e-05 2.30432e-05 
0.000669325 2.06619e-05 8.48315e-05 
0.000585056 0.000480857 1.91323e-05 
0.000570415 0.000203344 7.73761e-05 
0.000402541 0.000416661 6.64319e-05 
0.000172894 1.84039e-05 7.93958e-05 
0.000192781 0.000186032 4.99323e-05 
0.000409253 0.000359672 1.96263e-05 
0.000388369 0.000104752 6.76296e-05 
0.000494986 0.00035334 0.00013018 
0.000790764 6.66145e-05 8.08232e-05 
0.000818823 0.000251879 5.33002e-05 
0.000696595 0.000293062 0.000104059 
0.000833295 0.000148514 2.25256e-05 
0.000566947 0.000360783 5.76955e-05 
0.000975336 0.000170265 1.78724e-05 
0.000150301 0.00013614 2.01361e-05 
0.000479306 3.4927e-05 0.000128426 
0.000266226 3.93906e-05 6.35381e-05 
2.04162e-05 0.000213469 4.17894e-05 
0.000634314 0.000321986 7.79885e-05 
0.000285735 0.000197572 2.85917e-05 
0.000688835 0.000242881 0.000112034 
0.00055847 3.2362e-05 0.000105031 
0.000536491 0.000129934 0.000125734 
0.00027144 0.00024141 6.41226e-05 
0.000920451 0.000165248 4.03955e-05 
0.000886958 0.000272607 0.000102905 
0.000588801 5.48949e-05 2.39651e-05 
3.47179e-05 0.000236057 6.8656e-05 
0.000201302 0.000355148 0.000113873 
0.000832377 0.000177292 5.67227e-05 
6.71327e-05 7.52844e-05 6.39519e-05 
0.000239632 0.000417684 2.9633e-05 
0.000692652 0.000101708 8.32765e-05 
2.57209e-05 0.000353604 0.000107026 
0.000555575 0.000144056 2.19822e-05 
0.00074943 6.81972e-05 4.80194e-05 
0.000953607 0.000374111 5.54783e-05 
0.000482755 0.000479681 2.0299e-05 
0.000378853 3.16378e-05 6.22276e-05 
0.000977328 2.26856e-05 4.20799e-05 
0.000305711 3.09746e-05 8.97652e-05 
0.000444997 0.000347095 1.82639e-05 
0.000978397 0.000355302 2.15502e-05 
0.000350827 0.000136972 9.6138e-05 
0.000810625 0.000476772 0.000107042 
0.00046876 8.2629e-05 0.000112663 
0.000148537 0.000209426 0.000102813 
0.000917325 0.000256941 7.41866e-05 
0.000529597 0.000334998 3.79266e-05 
3.94981e-05 0.000109651 0.000102363 
0.000111849 0.000108308 1.70141e-05 
0.000158218 0.000477653 2.23291e-05 
0.000908337 0.000381338 0.000134908 
0.000512604 7.21719e-05 9.56737e-05 
0.000745666 0.000285033 0.00010036 
0.000952974 0.00034156 0.00010537 
0.000315525 0.000464771 0.000110393 
8.60523e-05 9.99131e-05 8.57047e-05 
0.00073939 0.000132065 9.04905e-05 
0.000357213 0.000211726 2.63254e-05 
0.000525146 0.000452929 6.9867e-05 
0.000224409 0.000479414 2.05519e-05 
8.61373e-05 0.000353538 4.67321e-05 
9.83762e-05 0.000287191 0.000101866 
0.000315426 0.000233426 4.74041e-05 
0.000226758 0.000218673 0.000113145 
0.00085997 0.000200265 7.3069e-05 
0.000118195 2.22774e-05 6.68733e-05 
0.000937594 0.000283833 5.95025e-05 
1.80676e-05 0.000105442 6.85222e-05 
0.000929826 0.000198086 1.83578e-05 
0.000893549 0.000237438 5.50735e-05 
0.000496545 0.000141999 0.00012601 
0.00086689 0.000470558 2.94304e-05 
0.000504399 0.000311744 0.00010741 
9.44383e-05 0.000461191 5.61615e-05 
0.000755562 0.0004087 1.96553e-05 
0.00028813 0.000482303 8.49808e-05 
0.000755449 0.000354521 2.09856e-05 
0.000692106 2.21108e-05 2.69777e-05 
0.000631788 5.27114e-05 1.92742e-05 
0.000197885 0.000366343 4.45275e-05 
0.000252512 0.000140013 0.000125184 
0.000347918 0.000171546 4.72074e-05 
0.00046338 0.00029591 0.000132799 
0.00056317 0.000265762 4.40995e-05 
0.000284869 1.92866e-05 1.75581e-05 
0.000456752 0.000244064 1.84384e-05 
0.000170273 0.000375953 0.000102353 
0.000856018 0.000232718 5.23047e-05 
0.000660828 1.79777e-05 4.3268e-05 
0.000260794 0.000312322 0.00013075 
0.00039788 0.00045913 8.02783e-05 
0.000724017 2.23857e-05 7.74406e-05 
0.00095859 0.00043886 2.07512e-05 
0.000843048 0.00025551 2.08942e-05 
0.000445596 6.49833e-05 7.52691e-05 
0.000192251 0.000136761 2.17772e-05 
0.000936837 8.5496e-05 0.000135307 
0.000357805 0.000286916 4.1244e-05 
0.000134377 0.000427038 1.75956e-05 
9.8844e-05 0.000285411 2.56078e-05 
0.000379045 0.000182061 6.78467e-05 
0.000783206 0.000234979 1.98249e-05 
0.000494083 7.28821e-05 2.49052e-05 
0.000771686 8.55028e-05 1.93022e-05 
0.000326267 0.000435615 6.87959e-05 
0.000912008 1.99721e-05 7.94561e-05 
0.000926255 0.000124523 3.43645e-05 
0.000474915 0.000361865 8.55261e-05 
0.000965413 0.000131278 0.000121441 
0.000706284 0.000407483 8.77862e-05 
2.30683e-05 0.000160274 1.84739e-05 
0.000502213 2.45562e-05 5.64092e-05 
0.000272747 0.000369694 4.81536e-05 
0.000125846 7.54449e-05 8.18236e-05 
0.000194314 0.000339065 1.73755e-05 
0.000789981 0.000432407 1.79403e-05 
0.000846386 0.000109887 4.46674e-05 
0.000313124 0.000349245 9.6058e-05 
0.000544519 0.000254935 7.14469e-05 
0.00077997 3.73904e-05 1.70227e-05 
0.000668847 0.000106826 5.23185e-05 
0.00065679 0.000161851 2.04715e-05 
6.92409e-05 0.000387099 0.000110237 
0.000191888 0.000479581 0.000109104 
0.000657806 0.000463459 1.70804e-05 
7.03971e-05 0.000467711 2.19684e-05 
0.000118702 0.000320477 5.46897e-05 
0.000871017 0.000164307 0.000124833 
0.000566091 0.000273495 9.32849e-05 
0.000605723 9.77149e-05 0.00012241 
3.21294e-05 0.000481266 1.87253e-05 
0.000767512 0.000309716 7.45327e-05 
6.97534e-05 4.03181e-05 7.38191e-05 
0.000468925 0.000219022 0.000117617 
0.000375126 0.000476527 2.34639e-05 
1.81051e-05 0.000416225 7.2937e-05 
0.000353322 0.000383552 5.79952e-05 
2.18863e-05 0.000296368 2.18988e-05 
0.000816441 2.08583e-05 0.000126702 
0.000243491 0.000273989 5.79483e-05 
0.000363582 0.000372205 2.06453e-05 
0.000910525 9.53577e-05 1.79168e-05 
0.000267901 9.86764e-05 1.78377e-05 
