0.000843998 0.000421807 3.10543e-05 
8.05509e-05 0.000292043 6.14117e-05 
0.000531124 0.000220749 9.07097e-05 
0.000322029 0.000246479 5.90296e-05 
0.000690369 0.000329685 6.67719e-05 
0.000368177 6.18458e-05 7.3897e-05 
0.00075453 0.000194313 3.09906e-05 
0.000886755 0.000288835 3.57913e-05 
0.000514698 3.97024e-05 9.45253e-05 
0.000774557 0.000234697 8.64281e-05 
0.00063332 0.000365818 2.42395e-05 
0.000189433 0.000382966 1.97439e-05 
0.00082847 0.000286399 7.74604e-05 
0.000205961 0.000214691 7.40359e-05 
0.000489282 0.000389293 3.62693e-05 
0.000805473 0.000158141 6.38943e-05 
0.000439122 0.000340673 5.25617e-05 
0.000232051 0.000363133 2.52283e-05 
0.000525053 0.000163036 2.4043e-05 
0.000895204 0.000226464 1.89337e-05 
0.00091888 0.000333573 6.18998e-05 
0.000421628 0.000296582 4.95488e-05 
0.000942553 5.26916e-05 5.40265e-05 
0.000840165 5.51892e-05 6.43289e-05 
0.000688439 9.21241e-05 2.14024e-05 
0.000276383 0.00030454 2.06132e-05 
8.43811e-05 0.000229877 8.6762e-05 
0.000563153 0.00023512 1.97566e-05 
0.000159053 9.07415e-05 2.98297e-05 
0.00094966 0.000441976 8.86602e-05 
0.000514774 0.00021852 3.3103e-05 
0.000973866 0.00022484 5.65495e-05 
0.000896384 0.000134789 2.57048e-05 
0.000774657 2.10007e-05 5.00017e-05 
6.69478e-05 0.000260147 2.191e-05 
0.000741052 0.000353055 9.64521e-05 
0.000616934 0.000433606 9.14929e-05 
0.000304162 0.000144073 9.03276e-05 
0.000329143 0.000200214 6.85085e-05 
0.000333078 0.000175616 1.87157e-05 
0.000295062 0.000299193 7.72787e-05 
0.000474973 0.000303267 3.28578e-05 
0.000462133 2.31828e-05 6.83835e-05 
0.000336952 0.000101946 5.74314e-05 
0.000978194 0.000403835 2.17982e-05 
0.000598648 0.000481876 5.6035e-05 
0.000539092 0.000352174 7.17364e-05 
0.000723325 0.000173712 6.58472e-05 
0.000394673 0.00022665 6.58962e-05 
0.000384644 0.000281712 8.54546e-05 
0.00026378 0.000384677 7.88647e-05 
0.000573255 0.000156746 4.88984e-05 
0.000791442 5.18567e-05 8.01855e-05 
0.000846297 0.000463499 7.3136e-05 
9.15516e-05 5.68852e-05 8.05002e-05 
0.000192637 0.0001093 8.1768e-05 
0.000972455 8.95287e-05 2.75349e-05 
0.000511777 0.000427929 7.56359e-05 
0.000212153 0.000100977 2.45089e-05 
0.000366744 0.000414172 3.12555e-05 
0.000475313 0.0001687 2.60586e-05 
0.000283601 0.000413698 4.0526e-05 
0.000586395 0.000355981 2.37086e-05 
0.000800862 0.000190776 1.71766e-05 
0.000541532 7.49511e-05 5.98966e-05 
0.000240577 6.89808e-05 6.0496e-05 
0.000513353 0.000479214 1.73979e-05 
0.000397044 6.69096e-05 3.0811e-05 
0.000971768 0.000173646 6.26771e-05 
0.000893769 0.000179371 1.93951e-05 
0.000594627 0.000405902 7.59115e-05 
0.000619208 0.000132381 7.15568e-05 
0.000397553 0.000363693 6.6542e-05 
0.000693498 0.000383267 4.60149e-05 
0.000652662 6.60931e-05 6.3403e-05 
0.000161605 6.17435e-05 6.76133e-05 
0.000865003 0.00016695 5.42814e-05 
0.000444224 0.000115292 3.6639e-05 
0.000615892 0.000198548 8.15176e-05 
0.00070713 0.000127968 4.85341e-05 
0.000784579 0.000150169 2.30049e-05 
5.9521e-05 0.000340498 5.3392e-05 
0.000179949 0.000388203 5.50637e-05 
0.000423775 0.000444969 6.94498e-05 
0.000579227 0.00023557 5.93024e-05 
0.000792965 0.000384014 4.63407e-05 
2.9913e-05 0.000435281 2.99131e-05 
0.000345378 0.000277805 5.10436e-05 
0.000176387 0.000428851 2.88141e-05 
0.000153744 0.000270699 2.03553e-05 
0.000278737 5.66848e-05 2.32765e-05 
0.000822297 0.000474151 2.58494e-05 
0.000666716 0.000148572 5.60086e-05 
0.000980947 0.00029515 1.74972e-05 
0.000132786 0.000250353 5.59481e-05 
0.000868215 0.000332932 8.64994e-05 
0.000209643 2.35542e-05 6.10876e-05 
0.000930992 0.000213525 8.37045e-05 
0.000351602 0.000331639 7.5245e-05 
0.000418328 0.00018234 3.29351e-05 
0.000564003 0.000422854 5.78385e-05 
0.000777126 0.000479939 2.00572e-05 
0.000728679 0.000364029 4.92077e-05 
0.000797865 0.000116631 8.00338e-05 
0.000419797 2.36701e-05 1.93649e-05 
0.000819687 2.92561e-05 2.92558e-05 
0.000294387 6.83741e-05 6.47587e-05 
0.000731232 0.000248886 7.02358e-05 
7.5338e-05 0.000214398 2.46827e-05 
0.000680641 0.000180889 6.27494e-05 
0.000612934 0.00017576 2.64947e-05 
0.000393573 0.000264195 2.69505e-05 
0.000971751 0.00026779 7.34537e-05 
0.000651065 0.000275616 7.83763e-05 
0.000939132 0.000245534 3.02679e-05 
0.000595818 0.000132118 2.07361e-05 
8.7512e-05 0.000412978 3.03966e-05 
0.000131045 0.00043605 6.88492e-05 
0.000494126 0.000260742 5.12711e-05 
7.35711e-05 0.000166506 6.82484e-05 
0.000689442 0.000482786 1.72096e-05 
0.000647486 0.000383185 8.09628e-05 
0.000122673 0.000198869 4.43696e-05 
0.00030877 0.000273345 2.45236e-05 
0.000516713 0.000271281 2.10383e-05 
0.000766393 0.000179619 8.40654e-05 
0.000237079 0.000449023 7.08949e-05 
0.000977359 2.26409e-05 6.46111e-05 
0.000676859 0.000353757 2.10517e-05 
0.000229503 0.000223234 2.76755e-05 
0.00090947 0.000405483 3.66564e-05 
0.000414264 2.4983e-05 6.33462e-05 
0.00068619 2.74218e-05 5.01495e-05 
0.000767052 0.000475769 6.29759e-05 
0.000537107 0.000396327 5.95891e-05 
0.00045276 0.000165047 8.96265e-05 
0.000657905 0.00021408 3.29389e-05 
0.000412405 8.62733e-05 9.08602e-05 
0.000267033 0.000468754 3.12444e-05 
0.000979279 0.000402577 7.66429e-05 
0.000164971 0.00016028 6.10718e-05 
0.000914992 9.7413e-05 3.6067e-05 
0.000647654 0.000320764 2.30549e-05 
0.000361261 0.000411192 8.55289e-05 
0.000317141 0.000407142 7.22822e-05 
0.000871346 0.000122934 5.84257e-05 
0.000187121 0.000237561 1.80799e-05 
0.000690832 0.000432626 3.07161e-05 
5.49515e-05 2.89693e-05 2.8969e-05 
0.000541573 2.52994e-05 2.52994e-05 
0.000718868 0.000296925 2.0641e-05 
0.000884534 3.71684e-05 3.647e-05 
0.000212111 0.000270486 1.8352e-05 
0.000909614 0.000132811 7.55498e-05 
0.000299106 0.000173 4.43856e-05 
0.000789533 0.000329419 7.46704e-05 
0.000524348 0.000264202 7.35145e-05 
0.000733543 0.000288659 5.68644e-05 
0.000197417 0.000318939 6.74877e-05 
0.000800037 0.000442604 5.5906e-05 
0.000825254 0.000226824 2.07609e-05 
0.000599872 0.000406528 2.86322e-05 
2.61559e-05 0.000120052 2.61558e-05 
0.000462552 0.00032209 7.89746e-05 
0.000442846 0.000481274 5.29387e-05 
4.64727e-05 0.000393971 4.86029e-05 
0.000382992 0.000318931 2.80199e-05 
0.00055575 0.000422224 1.91482e-05 
0.000266633 0.000116193 4.9692e-05 
0.000914156 8.21832e-05 6.91211e-05 
0.000612706 0.000253085 8.26993e-05 
0.000803268 0.000208746 5.94253e-05 
0.000437727 0.00037455 3.36096e-05 
0.000248048 0.00012059 1.7066e-05 
0.000745896 2.03296e-05 2.03288e-05 
0.000394757 0.000136909 1.98849e-05 
0.000348018 0.000250669 2.09448e-05 
0.000259516 0.000338029 5.44648e-05 
0.000717151 8.2163e-05 5.55788e-05 
0.000756054 0.000309248 1.85834e-05 
0.000865537 0.000410575 8.1085e-05 
0.00063666 0.000126946 2.04336e-05 
0.000617517 2.1011e-05 2.20128e-05 
0.000327393 0.000482965 1.70349e-05 
0.000578899 0.000110542 4.77951e-05 
0.000124346 0.000125887 5.69964e-05 
0.000193184 0.000471919 6.19809e-05 
0.000192551 6.49685e-05 5.09658e-05 
2.19495e-05 4.60193e-05 6.37946e-05 
6.59488e-05 0.000304554 2.25123e-05 
0.000689304 0.000240809 6.51713e-05 
2.25211e-05 0.00047748 6.01438e-05 
0.000758724 0.000430598 5.17773e-05 
0.00044636 0.000252581 6.30383e-05 
0.000623608 0.000454485 2.08292e-05 
0.0008371 7.2106e-05 1.7535e-05 
0.00030041 0.000129216 2.42605e-05 
0.000935936 0.000459465 2.46532e-05 
0.000631946 0.00047795 7.81653e-05 
0.00019419 0.000420673 8.04297e-05 
0.000969747 0.000482862 1.71394e-05 
0.000832979 0.000331684 3.29518e-05 
6.0163e-05 0.000439286 8.29147e-05 
0.000454525 0.000439354 2.56004e-05 
0.000771871 0.000117318 4.77479e-05 
0.000742136 0.000326847 5.04188e-05 
0.00061148 0.000298551 8.8061e-05 
0.000120397 0.000465228 2.16538e-05 
0.000764402 0.000237579 5.05151e-05 
0.000806036 0.000109463 2.29177e-05 
0.000728519 0.000404759 5.07337e-05 
0.000468044 0.000430893 6.93582e-05 
0.000536925 0.000165066 6.33845e-05 
0.000341087 0.000138645 1.79662e-05 
0.000610143 0.000279268 3.39189e-05 
0.000185985 0.000263655 5.85605e-05 
0.000495565 0.000102298 6.9539e-05 
0.000564354 0.000192413 2.24186e-05 
0.000433471 0.000482273 1.77267e-05 
0.000501208 0.000176795 6.38873e-05 
0.000745523 0.000131347 2.04246e-05 
0.000225758 0.00017695 1.94785e-05 
9.90938e-05 0.000411375 0.000102693 
0.000497426 0.000340751 5.77949e-05 
4.33911e-05 0.000199609 4.88678e-05 
0.000673996 0.000275054 3.01824e-05 
0.000576934 2.0019e-05 5.31478e-05 
0.000139902 0.000382407 3.02614e-05 
3.23369e-05 0.000276852 6.94964e-05 
0.000380287 0.000454427 5.52944e-05 
0.000539418 0.000302542 1.72969e-05 
0.000849266 9.34039e-05 6.54734e-05 
0.000729477 9.4536e-05 1.97364e-05 
7.99789e-05 0.000171266 1.90554e-05 
5.71514e-05 0.000370898 1.99492e-05 
0.000278527 0.000202383 7.68199e-05 
0.000977548 0.000214588 2.00957e-05 
0.000274918 0.00024118 2.1525e-05 
0.000834028 0.000183802 9.08451e-05 
0.000887911 0.000348774 2.51029e-05 
0.000674708 0.000128385 1.7561e-05 
2.25696e-05 0.00025453 2.2567e-05 
0.000713474 0.000234429 2.65803e-05 
0.000111706 0.000238356 1.92054e-05 
0.000944258 0.000155476 1.7148e-05 
0.000888248 0.000444394 6.86637e-05 
0.00041933 0.000407349 2.19545e-05 
0.000108848 5.5872e-05 3.13138e-05 
0.000575589 0.00031705 6.23309e-05 
0.000865146 0.000204128 1.84601e-05 
0.00024816 0.000183892 5.07897e-05 
2.11341e-05 0.000365968 6.01559e-05 
0.000774697 0.000275441 6.7174e-05 
0.000242235 2.50545e-05 2.50547e-05 
0.000799002 6.97963e-05 1.76984e-05 
0.000251834 0.000269124 7.80908e-05 
0.000296307 0.000444382 6.6016e-05 
0.000701367 0.000175404 2.56839e-05 
0.00036638 0.000111826 1.80329e-05 
0.0009597 0.000427339 5.09746e-05 
0.000166888 0.000188836 2.17744e-05 
0.000127615 0.000324931 2.09969e-05 
0.000978653 0.000124539 6.23246e-05 
0.000211175 5.69517e-05 1.97782e-05 
0.000978447 0.00013788 2.15519e-05 
0.000794765 0.000289885 2.43338e-05 
0.000379466 0.000481843 7.81521e-05 
7.93532e-05 0.000125614 2.73448e-05 
0.000442266 0.000392562 7.66555e-05 
0.000128076 0.000330197 6.44184e-05 
0.000461626 2.26159e-05 2.26026e-05 
0.000942215 0.00039446 7.80312e-05 
0.000934922 0.000354268 2.23079e-05 
0.000230419 0.000311697 2.6243e-05 
0.000351801 0.000233485 8.44204e-05 
0.000823622 0.00041503 7.51653e-05 
0.000973232 0.000472848 5.97208e-05 
0.000229711 0.00013856 4.81099e-05 
0.000391317 0.000190379 0.000118507 
0.000116576 0.0001555 2.08334e-05 
0.000283103 0.000344704 2.01104e-05 
0.000370678 1.97741e-05 7.20773e-05 
0.000643747 0.000438826 5.74332e-05 
2.02775e-05 0.000386975 2.02777e-05 
0.000524597 0.000482671 5.00723e-05 
0.000972973 0.00032277 6.20762e-05 
0.000597812 0.00044425 5.86188e-05 
0.000942038 0.000308496 2.4038e-05 
0.000367672 0.000163333 1.8e-05 
0.000599959 7.6048e-05 6.15566e-05 
0.000884016 9.18587e-05 5.16943e-05 
0.00093771 2.11442e-05 2.11437e-05 
0.00044487 5.82798e-05 1.71705e-05 
0.000681197 0.000472174 7.27906e-05 
0.000700877 5.19018e-05 8.5928e-05 
0.000764074 0.000444581 1.77049e-05 
0.000334116 3.83162e-05 3.53006e-05 
0.000334965 0.000479404 5.3728e-05 
0.00067397 5.26572e-05 2.06407e-05 
0.000324423 0.000322644 2.7273e-05 
0.000480781 7.66184e-05 1.93226e-05 
9.9221e-05 0.000372404 7.21159e-05 
0.000216291 0.000384392 6.18678e-05 
0.000506737 0.000113896 2.66769e-05 
1.92716e-05 5.99527e-05 1.92708e-05 
0.000500668 1.71846e-05 1.71846e-05 
0.000832132 0.000371827 8.47371e-05 
0.000308824 8.54254e-05 1.85946e-05 
4.66193e-05 0.000185032 1.70878e-05 
0.000173773 0.000219092 4.624e-05 
0.000573328 0.000315531 1.9054e-05 
0.000421002 0.000324021 9.05958e-05 
0.000460739 0.000212803 2.06969e-05 
0.000827798 0.000123811 5.48847e-05 
0.000838373 0.000238655 6.61364e-05 
0.000183237 0.000301357 2.22253e-05 
0.000612846 0.000330006 4.1646e-05 
0.000540842 1.98753e-05 7.01398e-05 
0.000644197 0.000420584 1.88802e-05 
0.00084425 1.83614e-05 6.85654e-05 
0.000317783 0.000442376 2.5534e-05 
0.000428785 0.000321526 1.87679e-05 
0.000982651 6.21634e-05 6.16155e-05 
0.00031813 0.000378575 2.90376e-05 
2.00787e-05 0.000222811 6.81039e-05 
0.000122868 0.000165927 8.0068e-05 
0.000164387 0.000337989 3.58816e-05 
0.000942213 0.000108815 5.67544e-05 
0.00040668 0.000451209 2.37264e-05 
0.000472764 0.000201077 5.47484e-05 
6.2598e-05 0.000482603 6.09133e-05 
0.000485079 0.00047422 6.50832e-05 
0.000859843 0.000375671 5.12191e-05 
0.000137119 0.000482502 5.25558e-05 
0.000149928 0.00023077 1.97599e-05 
0.000496883 0.000447609 1.81858e-05 
0.000757066 4.21742e-05 7.73055e-05 
0.000752203 0.000150255 5.42067e-05 
0.000262108 0.000156844 2.21474e-05 
0.000474599 0.000251489 2.03984e-05 
0.000572525 9.20531e-05 1.79198e-05 
0.000806186 1.87206e-05 7.4072e-05 
0.000604076 0.000224049 2.27451e-05 
0.000715805 0.0003383 2.08482e-05 
0.000887157 8.76614e-05 1.75249e-05 
0.000165403 3.06241e-05 3.06232e-05 
0.000614162 3.41208e-05 6.32655e-05 
0.000598837 0.000355657 6.66059e-05 
0.000717722 5.33824e-05 2.31931e-05 
0.0002112 0.000166448 8.15374e-05 
0.000553081 0.000465527 2.45712e-05 
0.000752046 0.000267146 2.40606e-05 
0.000731281 0.000473251 2.6748e-05 
0.000546724 0.000381034 2.32138e-05 
0.000611939 9.28796e-05 2.16739e-05 
0.000778295 0.000419444 8.10953e-05 
0.000538561 0.000291699 5.08437e-05 
0.000753369 0.000395503 7.73178e-05 
2.28615e-05 0.000343496 2.26356e-05 
0.000667286 0.000391652 1.81426e-05 
0.000558946 0.000468039 7.81383e-05 
0.000148939 0.000301063 4.36448e-05 
0.000378873 0.000152941 5.3028e-05 
0.000920208 0.000474254 7.01926e-05 
0.000721708 0.000384561 1.84417e-05 
5.60895e-05 8.11227e-05 2.30419e-05 
0.000648957 1.83869e-05 5.33949e-05 
0.000593641 0.000480867 1.91316e-05 
0.000562596 0.000195674 6.53935e-05 
0.000406079 0.000407558 5.884e-05 
0.000171488 1.83572e-05 7.76487e-05 
0.000199502 0.000187041 4.28842e-05 
0.000406042 0.000361409 1.96259e-05 
0.000388432 0.000113066 5.22363e-05 
0.000498172 0.000353723 9.06845e-05 
0.000791773 8.15702e-05 5.42551e-05 
0.000807498 0.000253439 4.55733e-05 
0.000699267 0.000278269 7.37588e-05 
0.000830106 0.00015034 2.25265e-05 
0.000570808 0.000382667 5.77828e-05 
0.000982121 0.000176961 1.78722e-05 
0.000154296 0.000139527 2.01367e-05 
0.000480575 5.48633e-05 8.56964e-05 
0.000278724 2.4261e-05 5.60778e-05 
2.0414e-05 0.000211656 2.04106e-05 
0.000639765 0.000320295 6.45299e-05 
0.000271054 0.000198935 2.09011e-05 
0.000704602 0.000204815 5.749e-05 
0.000580694 4.48695e-05 8.38376e-05 
0.000535054 0.000130052 5.78153e-05 
0.000279739 0.000246309 6.38636e-05 
0.000923811 0.000171041 4.70418e-05 
0.000876674 0.000258243 8.90967e-05 
0.000583781 5.21756e-05 2.39521e-05 
4.82932e-05 0.000237037 4.77939e-05 
0.00019351 0.00036205 8.58213e-05 
0.00083356 0.000190078 3.0571e-05 
5.81355e-05 6.40219e-05 6.09016e-05 
0.000233773 0.00041779 2.96324e-05 
0.000687768 9.70404e-05 7.92567e-05 
2.27435e-05 0.00032763 8.15119e-05 
0.000553406 0.000126841 2.19818e-05 
0.000756529 6.01171e-05 4.30413e-05 
0.000960892 0.000376003 4.97853e-05 
0.000475749 0.000479704 2.0296e-05 
0.000381892 1.88493e-05 1.88477e-05 
0.000977328 3.97936e-05 2.26711e-05 
0.000312478 2.52943e-05 9.03873e-05 
0.000457294 0.00034896 1.82638e-05 
0.000978453 0.000348977 2.15476e-05 
0.00036496 0.000136151 9.02791e-05 
0.000802685 0.000478631 9.12738e-05 
0.000464004 8.46656e-05 7.70841e-05 
0.000158502 0.000204445 7.8994e-05 
0.000917351 0.000260827 7.09108e-05 
0.000522597 0.000340018 2.43854e-05 
5.2769e-05 0.000104349 6.33545e-05 
0.000115402 0.00010191 1.70138e-05 
0.000162596 0.000477672 2.2328e-05 
0.000898495 0.000368563 7.42593e-05 
0.000489093 6.91213e-05 5.47139e-05 
0.000743376 0.000297752 9.86157e-05 
0.000949991 0.000356786 8.42033e-05 
0.000324035 0.000466875 9.46066e-05 
8.98931e-05 9.31358e-05 5.60438e-05 
0.000742248 0.00010804 7.263e-05 
0.000364709 0.000206769 2.63263e-05 
0.000525517 0.000435165 3.70512e-05 
0.000217499 0.000479452 2.05469e-05 
9.6043e-05 0.000354541 2.2307e-05 
0.000122877 0.000290331 6.55327e-05 
0.000313968 0.00021576 2.52162e-05 
0.000246082 0.000227755 6.93805e-05 
0.000894253 0.00020242 4.97306e-05 
0.000128865 2.22771e-05 6.79565e-05 
0.000933762 0.000292611 6.25375e-05 
1.80678e-05 8.28825e-05 4.87143e-05 
0.000937735 0.000197832 1.83511e-05 
0.000894439 0.000238797 5.36089e-05 
0.000488551 0.000140738 5.76694e-05 
0.00088322 0.000470575 2.94247e-05 
0.000509764 0.000306378 7.82261e-05 
8.77244e-05 0.000460255 4.59834e-05 
0.000753219 0.000408847 1.96562e-05 
0.000298791 0.000482315 6.59088e-05 
0.000755019 0.000352873 2.09853e-05 
0.000700557 1.72497e-05 1.72489e-05 
0.00063453 5.87667e-05 1.9276e-05 
0.000195117 0.000357912 4.6419e-05 
0.000265976 0.000152236 6.16852e-05 
0.000338917 0.000156074 5.15055e-05 
0.000472651 0.000288037 8.16441e-05 
0.000561489 0.000275582 1.75458e-05 
0.000288869 1.75519e-05 1.75525e-05 
0.000429193 0.000236279 1.84385e-05 
0.000158301 0.000358662 6.93894e-05 
0.000861712 0.000238974 3.44239e-05 
0.000657189 1.79778e-05 1.79774e-05 
0.000242991 0.000301333 6.71578e-05 
0.000405147 0.00048179 5.23816e-05 
0.000727442 2.23827e-05 5.87927e-05 
0.000979251 0.000446359 2.07505e-05 
0.000835714 0.000269158 2.08963e-05 
0.00044241 6.06539e-05 5.53197e-05 
0.000194943 0.000149614 2.17766e-05 
0.000951896 8.36135e-05 8.02695e-05 
0.000351224 0.000288545 1.72417e-05 
0.000131359 0.00042776 1.75955e-05 
0.000108662 0.000282605 2.56079e-05 
0.000369477 0.000188139 6.72615e-05 
0.000785196 0.000233288 1.9826e-05 
0.000509104 5.20476e-05 1.7484e-05 
0.000768292 9.03747e-05 1.93027e-05 
0.000340064 0.000441395 6.42916e-05 
0.000923375 1.80067e-05 6.95144e-05 
0.000938071 0.000119839 1.9075e-05 
0.000467337 0.000357365 7.36005e-05 
0.000951503 0.000139619 8.62722e-05 
0.000699351 0.000416269 8.3076e-05 
1.84745e-05 0.000163339 1.84742e-05 
0.00050398 3.2083e-05 5.34268e-05 
0.000271444 0.00038186 1.88522e-05 
0.000127335 8.07935e-05 7.4626e-05 
0.000197718 0.000339163 1.73745e-05 
0.000795495 0.000427751 1.79403e-05 
0.000852817 0.000109895 2.38747e-05 
0.0003068 0.000355136 7.29889e-05 
0.000545277 0.000257933 4.2815e-05 
0.000776684 4.12358e-05 1.70276e-05 
0.000661256 0.000109845 4.59294e-05 
0.000657472 0.000162155 2.04634e-05 
5.11635e-05 0.000381962 8.71619e-05 
0.000153281 0.000481013 8.52334e-05 
0.000659511 0.000466059 1.70775e-05 
5.91339e-05 0.000478029 2.19691e-05 
9.6309e-05 0.000320573 4.20936e-05 
0.000900462 0.000174551 8.01933e-05 
0.000567894 0.000275036 6.45958e-05 
0.000579525 0.000101101 9.0398e-05 
1.86919e-05 0.00048127 1.87273e-05 
0.000783069 0.000329081 3.07658e-05 
9.10948e-05 1.75852e-05 5.60122e-05 
0.000485654 0.000227164 7.30827e-05 
0.000366859 0.000476535 2.34655e-05 
1.80978e-05 0.000407378 6.71529e-05 
0.000352812 0.000377165 6.20084e-05 
2.18938e-05 0.000298982 2.18929e-05 
0.0008293 3.81509e-05 9.58057e-05 
0.000246237 0.000268288 3.93688e-05 
0.00036469 0.000363411 2.06421e-05 
0.000930586 7.15566e-05 1.79166e-05 
0.000273901 9.71483e-05 1.78371e-05 
