0.000828051 0.000409753 3.1062e-05 
8.2531e-05 0.00029539 9.51276e-05 
0.00052228 0.000207903 0.000131663 
0.000315774 0.000239138 0.000150219 
0.000680841 0.000333904 6.56692e-05 
0.00036391 7.91507e-05 0.000128053 
0.000735508 0.000209076 5.73027e-05 
0.000860535 0.000293578 7.04682e-05 
0.000525137 5.5615e-05 0.000168965 
0.000782773 0.000237932 0.00016379 
0.000635958 0.000369007 5.65392e-05 
0.000174801 0.000390834 1.97629e-05 
0.000828544 0.000305602 0.00012758 
0.000210743 0.000221175 9.91159e-05 
0.000489863 0.000380248 3.6279e-05 
0.00080486 0.000162102 0.000117308 
0.000439523 0.000373631 9.11841e-05 
0.000236075 0.000359601 2.79045e-05 
0.000524075 0.00014108 8.32549e-05 
0.000887173 0.000241296 1.89819e-05 
0.000916139 0.000332968 7.19011e-05 
0.000418381 0.000309582 6.40634e-05 
0.000938648 6.1848e-05 8.24873e-05 
0.000871985 4.24315e-05 0.000107633 
0.000695161 9.03612e-05 4.30008e-05 
0.000258869 0.0003044 7.45973e-05 
8.84203e-05 0.000235164 0.000104907 
0.000556311 0.00023667 1.97555e-05 
0.000173792 9.21273e-05 3.83162e-05 
0.000971079 0.000462443 0.000161518 
0.000522585 0.000212587 5.55149e-05 
0.000964136 0.000205492 8.21486e-05 
0.000880212 0.00014363 2.56976e-05 
0.000763509 2.74411e-05 9.73069e-05 
5.9504e-05 0.00026141 6.18016e-05 
0.000718349 0.000338827 0.000131427 
0.000610149 0.000437586 0.000157467 
0.000306259 0.000174669 0.00013547 
0.000346811 0.000222952 9.7047e-05 
0.000322277 0.000180749 4.0032e-05 
0.000310888 0.00030727 9.4938e-05 
0.000486237 0.000309458 3.28579e-05 
0.000453152 3.41584e-05 0.000100874 
0.000347081 0.000106253 6.83443e-05 
0.000963408 0.000400681 4.06324e-05 
0.000573568 0.00046425 0.000109969 
0.000548762 0.000348103 0.000119679 
0.000703023 0.000160468 0.000139429 
0.000391365 0.000226776 7.30559e-05 
0.000414139 0.000254846 0.000120353 
0.00025169 0.000380622 0.000138335 
0.000564727 0.000173344 9.43262e-05 
0.000799119 5.31054e-05 0.000172229 
0.000849312 0.00046054 0.000115187 
9.19315e-05 6.26041e-05 0.000141614 
0.000163407 9.33787e-05 0.000102068 
0.000961999 8.45838e-05 2.7824e-05 
0.000516611 0.000416416 0.000133694 
0.000226299 9.58065e-05 2.45258e-05 
0.000357582 0.000428361 3.13601e-05 
0.000493075 0.000165068 2.67334e-05 
0.000290117 0.000405494 6.32955e-05 
0.000607581 0.000348205 2.37405e-05 
0.000789956 0.000183597 3.93364e-05 
0.000551241 8.56421e-05 7.49947e-05 
0.00022756 9.35402e-05 8.16345e-05 
0.00051903 0.000465783 4.20877e-05 
0.000395989 7.6313e-05 3.0815e-05 
0.000958185 0.000182057 0.000129375 
0.000890299 0.000191036 2.56159e-05 
0.000575155 0.000396868 0.00014626 
0.000622637 0.000141858 0.000123027 
0.000392524 0.000369092 0.000114247 
0.000679024 0.000387288 6.77874e-05 
0.000646707 6.84076e-05 0.000117865 
0.000157252 4.25818e-05 8.9702e-05 
0.00087875 0.000154596 7.77317e-05 
0.00045512 0.000109243 3.66384e-05 
0.00063295 0.000206875 0.000135402 
0.000705563 0.000152768 7.48629e-05 
0.000807002 0.000158102 6.52995e-05 
6.89686e-05 0.000341315 0.000115026 
0.000145482 0.000377785 0.000103706 
0.000441325 0.000429923 0.00011887 
0.000606421 0.000244418 8.57676e-05 
0.000787801 0.000374979 7.59514e-05 
3.14284e-05 0.00043402 2.99155e-05 
0.00035137 0.000289286 0.000163291 
0.000183167 0.000437377 3.08431e-05 
0.000143583 0.000278054 2.85767e-05 
0.000274543 6.37411e-05 3.1187e-05 
0.000823449 0.00045253 6.8371e-05 
0.00068666 0.000131593 0.000166503 
0.000980071 0.000296966 4.38022e-05 
0.000116817 0.000271009 6.43472e-05 
0.00088808 0.000324742 0.000137133 
0.00021285 4.41809e-05 0.00013262 
0.000900832 0.000208548 0.000148902 
0.000372464 0.000325126 8.43411e-05 
0.000425349 0.000197592 3.29554e-05 
0.000568031 0.00039391 9.43165e-05 
0.000761202 0.000463586 3.03685e-05 
0.000706706 0.000375371 9.92618e-05 
0.000784781 0.000113943 0.000154193 
0.000411144 4.34765e-05 8.41521e-05 
0.000828 3.03113e-05 2.9325e-05 
0.000288509 8.24372e-05 0.000133884 
0.000725362 0.000259382 0.00011654 
9.3703e-05 0.000214281 4.33625e-05 
0.000672291 0.000193957 0.000106899 
0.000603398 0.000178873 4.51371e-05 
0.00040189 0.000269027 2.69646e-05 
0.000967818 0.000246401 0.000120769 
0.000641224 0.000273044 0.000140322 
0.000934854 0.000248009 3.13098e-05 
0.000606093 0.000128776 2.0735e-05 
8.08585e-05 0.000410017 5.4784e-05 
0.000159775 0.000434441 9.32986e-05 
0.000490831 0.000296747 0.000109126 
6.88603e-05 0.000147739 0.000111256 
0.000675693 0.000464857 6.34849e-05 
0.000654129 0.000380089 0.000119445 
0.000134994 0.000200544 7.56334e-05 
0.000308369 0.000270443 2.45281e-05 
0.000526693 0.000287258 6.60682e-05 
0.000754439 0.000186412 0.000131404 
0.00024773 0.000466168 0.000141409 
0.000971377 3.5544e-05 0.000118543 
0.000675729 0.000363005 2.10512e-05 
0.000236954 0.000241503 5.81631e-05 
0.000894885 0.00040066 3.70249e-05 
0.000412612 3.9657e-05 0.000128329 
0.000702666 4.66264e-05 9.52618e-05 
0.000759873 0.000469268 0.000132116 
0.000510486 0.00039169 0.000101951 
0.000450565 0.000161896 8.59593e-05 
0.000653841 0.000207894 3.3057e-05 
0.000426955 0.000104916 0.000130239 
0.000264884 0.000460728 6.42402e-05 
0.000977204 0.000381488 0.000123599 
0.000160693 0.000167951 0.00011376 
0.000901565 9.77173e-05 9.99159e-05 
0.000659368 0.000305596 2.30654e-05 
0.000356766 0.000414566 0.000148085 
0.000318906 0.000393141 0.000111111 
0.000869105 0.000125264 0.000159277 
0.000190194 0.000232174 1.80811e-05 
0.000707639 0.000438288 3.07394e-05 
5.99321e-05 2.90112e-05 5.41566e-05 
0.000536088 3.08605e-05 3.37561e-05 
0.000731949 0.000294655 4.94071e-05 
0.000899014 4.67842e-05 3.64697e-05 
0.000225818 0.000263269 1.90624e-05 
0.000910196 0.000145797 0.000146858 
0.000307439 0.000158173 8.35085e-05 
0.000787098 0.000346833 0.000131025 
0.000518719 0.000266057 0.000138522 
0.000720203 0.000302161 9.72254e-05 
0.000202502 0.000317936 9.77468e-05 
0.000786852 0.000445313 0.000101453 
0.000829664 0.000228178 2.07609e-05 
0.000610824 0.000406281 2.86366e-05 
2.79114e-05 0.000112064 2.61556e-05 
0.000461081 0.000329604 0.000144199 
0.000465977 0.000466266 0.000113768 
3.08306e-05 0.000392039 0.000127756 
0.00037544 0.000330599 2.80207e-05 
0.000556225 0.000409031 4.23064e-05 
0.000283285 0.000114098 9.60271e-05 
0.000907186 6.29484e-05 0.000152417 
0.000597661 0.00023964 0.000161231 
0.000812341 0.000211526 7.41263e-05 
0.000422926 0.000387531 5.893e-05 
0.000249234 0.000127938 5.52302e-05 
0.000744156 3.7213e-05 4.3237e-05 
0.000399119 0.000136982 5.45148e-05 
0.000350593 0.000249792 6.15091e-05 
0.000242326 0.000346751 9.91873e-05 
0.000721928 8.22638e-05 0.000133905 
0.000756088 0.000317458 1.86113e-05 
0.000887808 0.00040809 0.000115918 
0.000638296 0.000137967 7.11948e-05 
0.000612139 3.9112e-05 5.9625e-05 
0.000349964 0.000470683 8.61352e-05 
0.000580784 0.000121329 0.00010079 
0.000122202 0.000123688 6.08882e-05 
0.000206752 0.000471271 7.00465e-05 
0.000199363 4.8811e-05 9.42037e-05 
4.73015e-05 6.24211e-05 0.000150973 
7.9781e-05 0.00032321 4.30631e-05 
0.000663106 0.000245453 0.000116361 
3.17172e-05 0.000465524 9.29457e-05 
0.000748876 0.000422679 0.000124713 
0.000444725 0.000264336 6.58617e-05 
0.000607743 0.000460967 4.59684e-05 
0.000826378 7.88352e-05 9.66331e-05 
0.000301566 0.000126203 4.06667e-05 
0.000913585 0.000458959 3.1485e-05 
0.000645237 0.000467078 0.000138302 
0.000202371 0.000409398 0.00013061 
0.000948935 0.000478578 2.08973e-05 
0.000825178 0.000339293 3.29505e-05 
4.87483e-05 0.000442033 0.000138216 
0.000463228 0.000445736 3.765e-05 
0.000774266 0.000115011 0.000108112 
0.000745754 0.000325423 7.40402e-05 
0.000590669 0.000302516 0.000156493 
0.000104982 0.000454153 2.27766e-05 
0.000761054 0.000230214 0.000121028 
0.000808043 8.10667e-05 2.29185e-05 
0.000726246 0.000399167 5.7542e-05 
0.000473935 0.000403109 9.94908e-05 
0.00056132 0.000149907 0.000150855 
0.000331831 0.000146955 1.95609e-05 
0.000597332 0.000286478 3.39185e-05 
0.000202348 0.000256762 0.000140465 
0.000509952 0.000105349 0.000146701 
0.000562008 0.000191763 2.24231e-05 
0.00042524 0.000474371 4.00718e-05 
0.000484833 0.000175952 0.000130335 
0.000748847 0.000134482 3.41598e-05 
0.000212727 0.000174413 4.24075e-05 
0.000109578 0.000434269 0.000165572 
0.000487706 0.000319556 8.31085e-05 
4.77207e-05 0.000188637 9.50429e-05 
0.000671425 0.000264507 5.48237e-05 
0.00059002 3.51519e-05 0.000114315 
0.00012726 0.000378855 3.05415e-05 
3.06236e-05 0.000288405 9.60121e-05 
0.000368329 0.000425672 0.000106873 
0.000536384 0.00030121 2.20465e-05 
0.000847861 8.0915e-05 0.000163837 
0.00073034 9.54737e-05 1.97362e-05 
6.97136e-05 0.000157186 1.92035e-05 
7.73515e-05 0.000371963 2.00097e-05 
0.000269872 0.000214399 0.000154138 
0.000965326 0.000207551 3.33067e-05 
0.000268672 0.00023288 2.15486e-05 
0.000831076 0.000174398 0.000158046 
0.00088171 0.000328396 2.5138e-05 
0.000671567 0.000125431 5.77725e-05 
2.35627e-05 0.000251939 3.53833e-05 
0.000719764 0.000255151 2.65797e-05 
0.000114999 0.000244793 1.92085e-05 
0.000947792 0.000144567 2.52795e-05 
0.000879531 0.000461164 8.01785e-05 
0.000429856 0.000415662 2.19804e-05 
0.000118713 6.6043e-05 3.13506e-05 
0.000576843 0.00030866 8.39121e-05 
0.000869427 0.000215367 5.58234e-05 
0.000263219 0.000193613 0.000111866 
3.15733e-05 0.000339384 8.74966e-05 
0.00078293 0.000276614 0.000112815 
0.00024294 3.58488e-05 6.45718e-05 
0.000792897 6.67205e-05 8.68629e-05 
0.000271576 0.000273738 0.000155294 
0.000301998 0.000437967 0.000125727 
0.000705917 0.000172465 2.56865e-05 
0.000344458 0.000109035 1.83205e-05 
0.000971908 0.000421075 0.000152277 
0.000162277 0.00017451 4.02755e-05 
0.000154017 0.000328102 2.09968e-05 
0.000970394 0.000102642 0.00011461 
0.00022088 5.2028e-05 2.90468e-05 
0.000962254 0.000136013 8.12371e-05 
0.000804144 0.00026684 2.43632e-05 
0.000396503 0.000475149 0.000155768 
6.87856e-05 0.00012914 5.61586e-05 
0.000446205 0.000379729 0.00014052 
0.000138811 0.000309928 0.000155154 
0.000477639 2.40318e-05 5.15483e-05 
0.000941849 0.000381186 0.00016368 
0.000923509 0.000350591 2.23082e-05 
0.000223074 0.000307244 2.62932e-05 
0.000365435 0.000218687 0.00015123 
0.000826651 0.000405952 0.000137378 
0.00095689 0.000466784 0.000100537 
0.000220791 0.000158171 8.10655e-05 
0.00042517 0.000178325 0.000151916 
0.000117403 0.000165678 3.17874e-05 
0.000275958 0.000318028 2.19001e-05 
0.000348012 2.6717e-05 0.000131659 
0.000661082 0.000450069 9.88086e-05 
2.64554e-05 0.00039016 5.45365e-05 
0.000504464 0.000478504 0.000133358 
0.000971075 0.000317191 8.25102e-05 
0.000624077 0.000415562 8.75277e-05 
0.000935399 0.000301868 2.40378e-05 
0.000366015 0.000184736 5.29137e-05 
0.000570215 7.52814e-05 0.000129306 
0.000880109 8.25358e-05 0.000129846 
0.00095455 2.24535e-05 2.61517e-05 
0.000448257 5.56066e-05 3.71599e-05 
0.000706276 0.000462303 0.000120688 
0.000687822 5.78519e-05 0.000152433 
0.00076924 0.000423368 7.19233e-05 
0.000343417 3.5797e-05 3.53938e-05 
0.000339764 0.000456186 0.000123308 
0.000661961 5.32004e-05 4.26155e-05 
0.00032165 0.000319497 3.45377e-05 
0.000503078 8.35389e-05 0.000104198 
0.000116725 0.000374428 0.000139657 
0.000233258 0.000402504 9.65361e-05 
0.000517561 0.000104809 2.66994e-05 
2.03605e-05 8.24177e-05 0.000125065 
0.000497719 2.31677e-05 1.721e-05 
0.000859416 0.000380037 0.000151832 
0.000313377 8.07281e-05 1.92883e-05 
4.22012e-05 0.000204194 2.065e-05 
0.000161271 0.000243026 0.000120013 
0.000558522 0.000321584 4.27649e-05 
0.000418448 0.000312518 0.00013412 
0.000480073 0.000216305 2.27394e-05 
0.000830763 0.000112028 0.00013364 
0.000845603 0.000257219 0.000141389 
0.000171347 0.000298159 5.74537e-05 
0.000622738 0.000328658 5.67818e-05 
0.000542185 3.92889e-05 0.000106035 
0.000650055 0.000430213 5.80418e-05 
0.000852954 2.38479e-05 0.000149291 
0.000303217 0.000443778 2.55385e-05 
0.000427312 0.000309447 2.48032e-05 
0.000972633 6.49694e-05 0.000162629 
0.000310634 0.000374449 2.90438e-05 
2.97884e-05 0.000209136 0.000143173 
0.000123205 0.000128434 0.00013621 
0.000167735 0.000345479 7.98047e-05 
0.000935146 0.000109146 0.000141728 
0.000413664 0.000453878 7.42002e-05 
0.000484636 0.000200665 9.78752e-05 
8.28194e-05 0.000470757 0.000118703 
0.000473659 0.000459963 0.000157154 
0.000870656 0.000362013 0.00010389 
0.000127131 0.000479178 8.95321e-05 
0.000162108 0.000221363 4.10264e-05 
0.000500793 0.000453569 8.58477e-05 
0.000766362 3.7776e-05 0.000149316 
0.000766671 0.000150504 8.72842e-05 
0.000254068 0.000154728 2.21469e-05 
0.000495118 0.000258379 5.90526e-05 
0.000599946 0.000104834 5.41921e-05 
0.000814169 2.16793e-05 0.000130808 
0.000599578 0.000227517 2.69494e-05 
0.000714381 0.000332852 2.11062e-05 
0.000871706 0.000111209 5.30446e-05 
0.000172174 3.20899e-05 3.06389e-05 
0.000597571 3.25264e-05 0.00016531 
0.000600334 0.000351169 0.000122369 
0.000708795 5.27834e-05 2.31876e-05 
0.000217723 0.000162495 0.000136199 
0.000557054 0.000461896 5.94256e-05 
0.000769348 0.000275266 6.44166e-05 
0.00072824 0.000473054 7.17626e-05 
0.000553432 0.000368465 2.3214e-05 
0.000621724 9.97354e-05 8.68629e-05 
0.00078201 0.000426169 0.00015889 
0.000537741 0.000304249 0.000122714 
0.000769109 0.000390074 0.000169132 
2.51981e-05 0.000344527 2.26355e-05 
0.00067155 0.000405489 3.3918e-05 
0.000547669 0.000470612 0.000149279 
0.000156386 0.00030078 0.000119304 
0.000385323 0.000138331 0.00012791 
0.00090716 0.000473855 0.00011579 
0.00073414 0.000375925 1.84538e-05 
5.40267e-05 7.02613e-05 2.30391e-05 
0.000670582 2.30812e-05 0.000131492 
0.000577119 0.00046628 2.08469e-05 
0.000569797 0.000206063 0.000133227 
0.000402519 0.000419903 0.000104063 
0.000172169 1.86148e-05 0.000124352 
0.000186467 0.000189543 8.534e-05 
0.000403365 0.000356125 5.70712e-05 
0.000394848 9.06782e-05 9.08354e-05 
0.000494986 0.00035334 0.000173429 
0.000791106 6.62618e-05 0.0001259 
0.000813356 0.000258196 8.54598e-05 
0.000696095 0.000294801 0.000157415 
0.000818848 0.000146774 2.28097e-05 
0.000562474 0.000363054 6.90935e-05 
0.000974317 0.000167238 1.79238e-05 
0.000147861 0.000131961 2.27664e-05 
0.000479306 3.4927e-05 0.000169038 
0.00027282 4.57522e-05 0.000104324 
2.15979e-05 0.000212057 7.69096e-05 
0.000628824 0.000325886 0.000108896 
0.0002837 0.000204671 6.39382e-05 
0.000688835 0.000242881 0.000151614 
0.000553546 3.16395e-05 0.000148736 
0.000537294 0.000130579 0.000170846 
0.000269474 0.00023815 0.000114949 
0.000913228 0.000175329 0.000107063 
0.00090681 0.000268531 0.00014758 
0.000578115 7.22411e-05 2.40079e-05 
3.51369e-05 0.000230116 0.000109185 
0.000199167 0.000356539 0.000166332 
0.000842863 0.000173492 9.87665e-05 
6.57597e-05 7.59666e-05 9.57659e-05 
0.000249311 0.000413047 2.96335e-05 
0.000703136 0.0001152 0.000114058 
3.28376e-05 0.000364866 0.00015854 
0.000548217 0.000149506 2.34808e-05 
0.000744721 7.04792e-05 8.32955e-05 
0.000951845 0.000373814 8.87927e-05 
0.000488804 0.000479686 2.02999e-05 
0.000375586 3.5739e-05 0.000104998 
0.000961575 2.26848e-05 6.94446e-05 
0.000308067 3.48762e-05 0.000150867 
0.000444987 0.000337634 4.57034e-05 
0.000969542 0.000351579 4.01244e-05 
0.000347548 0.000122364 0.000141382 
0.000810875 0.000471565 0.000155421 
0.000466952 8.38211e-05 0.00015466 
0.000151584 0.000220787 0.000150544 
0.000917937 0.00027212 0.000104507 
0.000525386 0.000339737 6.42446e-05 
3.37093e-05 0.000105457 0.000157982 
0.0001074 0.000113372 1.8211e-05 
0.00015029 0.000475784 2.2331e-05 
0.000908337 0.000381338 0.000174666 
0.000524503 7.15342e-05 0.000133578 
0.000748403 0.000286475 0.000153904 
0.000952974 0.00034156 0.000157169 
0.000306542 0.000470547 0.000159189 
8.60523e-05 9.99131e-05 0.000125866 
0.00073939 0.000132065 0.000143034 
0.000360578 0.000219833 2.6334e-05 
0.000527961 0.000451857 0.000110136 
0.000233675 0.000477727 2.63447e-05 
8.29912e-05 0.000357265 7.23297e-05 
9.76748e-05 0.000287483 0.000141481 
0.000305327 0.0002518 7.1264e-05 
0.000228209 0.000218331 0.000153459 
0.00086103 0.000202711 0.000117089 
0.000117759 2.23264e-05 0.000111414 
0.000933278 0.000293191 6.70135e-05 
1.80677e-05 0.000100212 9.23174e-05 
0.000923168 0.000190468 5.67858e-05 
0.000891565 0.000230286 0.000104345 
0.000496545 0.000141999 0.000170527 
0.000858305 0.000470563 2.94331e-05 
0.000503099 0.000312487 0.000145718 
0.000109246 0.000441051 8.59294e-05 
0.00076096 0.00040839 2.40227e-05 
0.000289941 0.000478602 0.000122327 
0.000752917 0.000349811 4.1275e-05 
0.000696641 3.89156e-05 5.92007e-05 
0.000613447 4.77724e-05 1.92759e-05 
0.00018911 0.000371727 6.2401e-05 
0.000252512 0.000140013 0.000168117 
0.000344355 0.000181914 8.39274e-05 
0.00046338 0.00029591 0.000172428 
0.000570869 0.00026024 6.94189e-05 
0.000278296 2.2233e-05 2.30186e-05 
0.000456469 0.0002538 1.92608e-05 
0.000169786 0.000376768 0.000142401 
0.000860462 0.000239487 8.45151e-05 
0.000663128 3.42964e-05 9.00376e-05 
0.000260794 0.000312322 0.000173442 
0.000397947 0.000458267 0.000122735 
0.000713533 2.27995e-05 0.000131159 
0.00095547 0.000438685 6.2275e-05 
0.000854479 0.000266751 2.08921e-05 
0.000449944 7.43244e-05 8.23353e-05 
0.000188884 0.000145273 2.17757e-05 
0.000936837 8.5496e-05 0.000174603 
0.000361342 0.000286479 6.23425e-05 
0.000134377 0.000427038 3.17134e-05 
8.53161e-05 0.000278127 2.55825e-05 
0.000382337 0.000186449 0.000116948 
0.000764606 0.000232519 2.06251e-05 
0.000494772 7.83798e-05 6.87102e-05 
0.000765001 8.47897e-05 4.76607e-05 
0.000314693 0.000441316 8.49745e-05 
0.000907705 2.45281e-05 0.000112646 
0.000924365 0.000132561 5.8463e-05 
0.000473766 0.000357285 0.000115754 
0.000965413 0.000131278 0.000164487 
0.000717624 0.000402088 0.000148436 
2.30683e-05 0.000160274 4.77055e-05 
0.000500655 2.37284e-05 0.00010381 
0.000280347 0.000376186 9.84178e-05 
0.000116304 6.28826e-05 9.37726e-05 
0.000189756 0.000338894 3.97268e-05 
0.000791863 0.000442942 3.95792e-05 
0.000837656 0.000123358 7.32924e-05 
0.000311602 0.000347048 0.000160523 
0.000544748 0.000260017 0.000110567 
0.000778733 3.46489e-05 2.93402e-05 
0.000667702 0.000108415 9.70539e-05 
0.000638705 0.000157374 2.04844e-05 
7.24278e-05 0.000393479 0.000160924 
0.000196289 0.000477361 0.000142329 
0.000657446 0.000461319 2.58618e-05 
5.88018e-05 0.000472651 5.24243e-05 
0.000118702 0.000320477 9.36606e-05 
0.000871017 0.000164307 0.000164134 
0.000566094 0.000274583 0.000136933 
0.000604995 9.92406e-05 0.000163214 
3.64806e-05 0.00048127 1.95077e-05 
0.000758484 0.00031364 0.000124035 
6.80086e-05 4.42078e-05 0.000117836 
0.000468925 0.000219022 0.000157071 
0.000387556 0.000473474 2.3465e-05 
1.80982e-05 0.000428486 8.33182e-05 
0.00035947 0.000386869 8.60551e-05 
2.24858e-05 0.000297389 3.69407e-05 
0.000816441 2.08583e-05 0.000172709 
0.00023855 0.000278005 0.000109984 
0.00036746 0.000378483 2.06548e-05 
0.000913217 0.000101646 4.14834e-05 
0.00027248 0.000106026 1.78593e-05 
