0.000843808 0.000421672 3.10538e-05 
7.85145e-05 0.00029371 6.07077e-05 
0.000533707 0.000222392 8.9665e-05 
0.000318555 0.000249006 6.21877e-05 
0.000692373 0.000332192 6.75502e-05 
0.000367824 6.29494e-05 7.37868e-05 
0.000755642 0.000195337 3.09912e-05 
0.000885939 0.000287989 3.57906e-05 
0.000516251 3.90237e-05 9.45173e-05 
0.000775296 0.000235713 8.59081e-05 
0.000633659 0.000366022 2.42389e-05 
0.00018458 0.000381606 1.97447e-05 
0.000831098 0.000286639 7.61624e-05 
0.000202195 0.000214753 7.21021e-05 
0.000489089 0.000387245 3.62701e-05 
0.000809293 0.000157835 6.27266e-05 
0.00044279 0.000341212 5.53328e-05 
0.000232157 0.000362557 2.52282e-05 
0.000525289 0.000160897 3.62425e-05 
0.000890131 0.000236046 1.89354e-05 
0.000918704 0.000332486 6.15258e-05 
0.00041795 0.000300805 5.63208e-05 
0.000943196 5.23947e-05 5.35241e-05 
0.000838612 5.45992e-05 6.58462e-05 
0.000687963 9.12058e-05 2.14031e-05 
0.000276022 0.000302096 2.06136e-05 
8.37149e-05 0.000231276 8.50563e-05 
0.00056429 0.000233782 1.97555e-05 
0.000159929 9.0842e-05 2.98303e-05 
0.000951617 0.000441435 8.91965e-05 
0.000514677 0.00021696 3.3103e-05 
0.000969354 0.000220244 5.68051e-05 
0.000896862 0.000134212 2.57053e-05 
0.000774624 2.10024e-05 4.96804e-05 
6.67348e-05 0.000260328 2.19189e-05 
0.000745851 0.00035294 9.46476e-05 
0.000616892 0.000437244 9.17942e-05 
0.000312546 0.0001614 9.83675e-05 
0.000330753 0.000200783 6.64496e-05 
0.000330095 0.000179664 1.87155e-05 
0.000294994 0.000298513 7.66444e-05 
0.000476588 0.000305166 3.28588e-05 
0.000462779 2.31831e-05 6.8385e-05 
0.000336606 0.000102801 5.66784e-05 
0.000978196 0.00040397 2.18005e-05 
0.000597876 0.000481877 5.61217e-05 
0.000540865 0.000352094 7.54612e-05 
0.000725014 0.000173705 6.57448e-05 
0.000395297 0.000228843 6.46459e-05 
0.00038546 0.000279741 9.34353e-05 
0.000266434 0.000383257 7.99671e-05 
0.000574855 0.000156685 4.95346e-05 
0.000796942 5.33468e-05 8.23212e-05 
0.000844372 0.000462606 7.39332e-05 
9.14941e-05 6.08125e-05 8.0455e-05 
0.000193056 0.000110538 8.16561e-05 
0.000972465 8.67628e-05 2.75341e-05 
0.000513033 0.000424074 7.65122e-05 
0.000212958 0.000101494 2.45095e-05 
0.000367174 0.000416306 3.12569e-05 
0.00047672 0.000167841 2.60585e-05 
0.000284176 0.000414075 4.20003e-05 
0.000586764 0.0003559 2.37087e-05 
0.000802105 0.000190764 1.71766e-05 
0.000541996 7.50347e-05 5.98413e-05 
0.000240167 6.89316e-05 6.09239e-05 
0.000514322 0.000479647 1.73987e-05 
0.000396945 6.74813e-05 3.08115e-05 
0.000970263 0.000172539 6.23945e-05 
0.000890002 0.000178342 1.93951e-05 
0.000594563 0.000405823 7.59193e-05 
0.000620857 0.000132111 7.1869e-05 
0.000398023 0.000359172 6.65809e-05 
0.000693546 0.000382977 4.64112e-05 
0.000652184 6.54473e-05 6.33789e-05 
0.000155694 5.23432e-05 7.28935e-05 
0.000865804 0.00016407 5.6938e-05 
0.000445037 0.000114764 3.6639e-05 
0.00061728 0.000198406 8.15031e-05 
0.000708954 0.000127343 4.72302e-05 
0.000785816 0.000151273 2.30046e-05 
6.08257e-05 0.000342993 5.6258e-05 
0.000175122 0.000390534 5.43344e-05 
0.00042433 0.000439809 6.90281e-05 
0.00058076 0.000236307 5.9064e-05 
0.000792234 0.000385411 4.81574e-05 
2.99131e-05 0.00043476 2.99128e-05 
0.00034712 0.0002775 5.08518e-05 
0.000177343 0.000428777 2.88138e-05 
0.000152021 0.000273904 2.03556e-05 
0.000277789 5.6383e-05 2.32751e-05 
0.000822435 0.000474151 2.58508e-05 
0.000668401 0.00014736 5.55018e-05 
0.000980947 0.000295151 1.74972e-05 
0.000132683 0.000253154 5.61536e-05 
0.000868051 0.000335813 8.59247e-05 
0.000209157 2.35553e-05 6.17248e-05 
0.000926707 0.000210067 8.21283e-05 
0.000352066 0.000327154 7.53902e-05 
0.000419908 0.000184141 3.29349e-05 
0.000563653 0.000422179 5.78551e-05 
0.000777109 0.000478581 2.00576e-05 
0.000729732 0.000365195 4.88702e-05 
0.000790756 0.000124493 8.66291e-05 
0.000421199 2.47018e-05 1.93649e-05 
0.000820134 2.92595e-05 2.92563e-05 
0.000294061 6.92468e-05 6.41649e-05 
0.00073041 0.000250024 7.09173e-05 
7.60219e-05 0.000214685 2.46846e-05 
0.000681354 0.000180043 6.2405e-05 
0.000614399 0.000175569 2.6495e-05 
0.000398251 0.000267684 2.69505e-05 
0.000971751 0.00026676 7.19871e-05 
0.00065229 0.000276688 7.87708e-05 
0.00093725 0.000244542 3.02681e-05 
0.000596612 0.000132196 2.07356e-05 
8.71874e-05 0.000415871 3.03973e-05 
0.000132048 0.000436195 6.88752e-05 
0.000493275 0.00026363 5.54552e-05 
8.18185e-05 0.000166368 6.88928e-05 
0.000688844 0.000482726 1.72096e-05 
0.000647432 0.000383251 8.12236e-05 
0.000123972 0.000200297 4.37537e-05 
0.000310945 0.000273742 2.45237e-05 
0.000515441 0.000269733 2.10378e-05 
0.000766932 0.000179503 8.38634e-05 
0.000237473 0.000448401 7.09437e-05 
0.000977359 2.26407e-05 6.67205e-05 
0.000677214 0.000353637 2.10512e-05 
0.000229327 0.000224043 2.76749e-05 
0.000909259 0.000405246 3.66545e-05 
0.000413374 2.49846e-05 6.30156e-05 
0.000686272 2.85559e-05 5.14954e-05 
0.000766582 0.000475698 6.29736e-05 
0.000536743 0.00039566 5.94848e-05 
0.000458623 0.000165414 8.63394e-05 
0.000659365 0.000214035 3.29395e-05 
0.000412459 8.69285e-05 9.02219e-05 
0.000266945 0.00046875 3.12442e-05 
0.000979274 0.00040312 7.62717e-05 
0.000165056 0.000161206 6.03168e-05 
0.000914001 9.63832e-05 3.6922e-05 
0.000647737 0.000320888 2.30548e-05 
0.000360827 0.000411098 8.52674e-05 
0.000315342 0.000407384 7.2835e-05 
0.00087243 0.0001216 6.90697e-05 
0.00018719 0.000239072 1.80811e-05 
0.000690788 0.000432207 3.07162e-05 
5.55178e-05 2.89724e-05 2.89687e-05 
0.000542925 2.53352e-05 2.52995e-05 
0.000718681 0.00029825 2.06407e-05 
0.000884076 4.27201e-05 3.64705e-05 
0.00021336 0.000269018 1.8352e-05 
0.000913654 0.000133427 7.44958e-05 
0.000298797 0.000172166 4.67157e-05 
0.000800407 0.000335668 8.42111e-05 
0.000526461 0.000266037 7.3152e-05 
0.000732919 0.000289583 5.69446e-05 
0.000198877 0.000320415 6.82482e-05 
0.000799839 0.00044277 5.58316e-05 
0.000823769 0.000226926 2.07626e-05 
0.000599764 0.00040636 2.8633e-05 
2.61793e-05 0.00012015 2.61558e-05 
0.000467913 0.000322803 8.02822e-05 
0.000446269 0.000474039 5.16638e-05 
4.76888e-05 0.000394115 4.89403e-05 
0.000382292 0.000320281 2.80195e-05 
0.000555477 0.000421583 1.91487e-05 
0.000265248 0.000115872 4.95971e-05 
0.000911974 7.87034e-05 6.8915e-05 
0.000614598 0.00025297 8.25746e-05 
0.000804152 0.000208378 6.04664e-05 
0.000436957 0.000374395 3.59913e-05 
0.00024851 0.000121728 1.70665e-05 
0.000745535 2.03309e-05 2.03294e-05 
0.000396591 0.000138579 1.9885e-05 
0.000350829 0.000251734 2.09457e-05 
0.000258602 0.000337432 5.53723e-05 
0.000717977 8.16067e-05 5.59063e-05 
0.000761804 0.000314414 1.8583e-05 
0.000866804 0.000411338 8.06241e-05 
0.000637461 0.000127079 2.04337e-05 
0.000616939 2.20128e-05 2.99359e-05 
0.000329568 0.000482965 1.7035e-05 
0.000579189 0.000111389 4.80759e-05 
0.000124891 0.000126263 5.62047e-05 
0.000193828 0.000471912 6.2409e-05 
0.000192461 6.43433e-05 5.15597e-05 
2.19509e-05 4.60347e-05 6.32446e-05 
6.51527e-05 0.000309382 2.25127e-05 
0.000680436 0.000245346 6.92031e-05 
2.25631e-05 0.000477266 5.97614e-05 
0.000759732 0.000429021 5.1758e-05 
0.000445824 0.000256806 6.04589e-05 
0.000623217 0.000454127 2.08291e-05 
0.000837334 7.26769e-05 1.7535e-05 
0.000298906 0.000129393 2.42606e-05 
0.000933091 0.000460446 2.46533e-05 
0.000631504 0.000477949 7.77462e-05 
0.000196191 0.000420399 8.0029e-05 
0.000967571 0.000482835 1.71391e-05 
0.000831998 0.000333368 3.29512e-05 
6.18358e-05 0.000438502 8.19437e-05 
0.000456595 0.000438803 2.56002e-05 
0.000775014 0.000118347 4.87736e-05 
0.000742977 0.000327349 5.01299e-05 
0.000612194 0.000298979 8.78653e-05 
0.000122272 0.000463208 2.16544e-05 
0.000763319 0.000239012 5.06039e-05 
0.000807554 0.000107479 2.29187e-05 
0.000728326 0.000404638 5.14174e-05 
0.000469693 0.00042974 6.93665e-05 
0.000548958 0.000156521 7.99974e-05 
0.000338078 0.000143855 1.79681e-05 
0.000610464 0.000279187 3.39182e-05 
0.000186111 0.000265604 5.8262e-05 
0.000495903 0.000102213 6.92605e-05 
0.000565354 0.000191705 2.24174e-05 
0.000435803 0.000482267 1.77271e-05 
0.000510739 0.000181394 7.30073e-05 
0.000748357 0.00012945 2.0424e-05 
0.000225877 0.000177732 1.9479e-05 
0.000100757 0.000412166 0.000103808 
0.000500865 0.000340262 5.95043e-05 
4.76327e-05 0.000195965 5.052e-05 
0.00067434 0.000275321 3.01818e-05 
0.000578757 2.00206e-05 5.25314e-05 
0.000135736 0.000379475 3.02622e-05 
3.04002e-05 0.000278376 6.93154e-05 
0.000378536 0.000455513 5.80055e-05 
0.000538166 0.000300378 1.72971e-05 
0.000847367 9.23384e-05 7.24592e-05 
0.000728952 9.42958e-05 1.97363e-05 
7.983e-05 0.000171462 1.90538e-05 
5.78279e-05 0.000371221 1.99495e-05 
0.000278631 0.000202941 7.81025e-05 
0.000973591 0.000211187 2.00961e-05 
0.000274349 0.000242936 2.15251e-05 
0.000834967 0.000183825 9.21369e-05 
0.00088768 0.000347917 2.51029e-05 
0.000675337 0.000127888 1.7561e-05 
2.25823e-05 0.00025492 2.25675e-05 
0.000714552 0.00023542 2.65812e-05 
0.000111303 0.000240206 1.9205e-05 
0.000944221 0.000152685 1.71504e-05 
0.000889551 0.000445175 6.83759e-05 
0.000419898 0.000406987 2.19545e-05 
0.000108616 5.74317e-05 3.13145e-05 
0.00057605 0.000316915 6.20826e-05 
0.000865928 0.000207545 1.84587e-05 
0.000249283 0.000186754 4.95008e-05 
2.11334e-05 0.000366878 5.95632e-05 
0.000774921 0.000276664 6.7099e-05 
0.00024103 2.5055e-05 2.50545e-05 
0.000797153 6.85627e-05 1.76985e-05 
0.000250546 0.000270574 8.06857e-05 
0.000293804 0.000445114 6.84079e-05 
0.00070287 0.000175361 2.56844e-05 
0.000364155 0.000119028 1.80328e-05 
0.000959341 0.000427647 5.06496e-05 
0.000168594 0.000190628 2.17757e-05 
0.000129796 0.000325112 2.0999e-05 
0.000978653 0.000120869 6.20002e-05 
0.000210538 5.74956e-05 1.9778e-05 
0.000978446 0.000135161 2.15522e-05 
0.000796236 0.000289451 2.43342e-05 
0.000388832 0.000481843 8.55793e-05 
7.93752e-05 0.000125788 2.73426e-05 
0.000442513 0.000392414 7.69652e-05 
0.000132317 0.000326777 7.39697e-05 
0.000462996 2.26898e-05 2.26026e-05 
0.000941568 0.000396553 7.89177e-05 
0.00093462 0.000353981 2.23092e-05 
0.000230389 0.000311126 2.62431e-05 
0.000351901 0.000235155 8.21008e-05 
0.000824179 0.000416286 7.5688e-05 
0.000973192 0.000473257 5.97325e-05 
0.000229348 0.000140029 4.74089e-05 
0.000398101 0.000191461 0.000116507 
0.000116864 0.000156745 2.08373e-05 
0.000281118 0.000342981 2.01104e-05 
0.000369927 1.97721e-05 7.24061e-05 
0.000643719 0.000438759 5.73802e-05 
2.03016e-05 0.000386383 2.02777e-05 
0.000525273 0.000482671 5.02147e-05 
0.000972974 0.000324131 6.05857e-05 
0.000597051 0.000444231 5.83759e-05 
0.000941108 0.000308124 2.40382e-05 
0.000368168 0.000163557 1.80008e-05 
0.000600431 7.25026e-05 6.3536e-05 
0.000883507 9.37699e-05 5.25368e-05 
0.00093526 2.11522e-05 2.11436e-05 
0.000444947 5.77131e-05 1.71703e-05 
0.000680755 0.000472174 7.22985e-05 
0.000699909 5.35502e-05 8.73383e-05 
0.00076278 0.00044372 1.77052e-05 
0.000334003 3.88978e-05 3.53006e-05 
0.000337137 0.000479402 5.37242e-05 
0.000673384 5.1776e-05 2.0641e-05 
0.000323869 0.000323833 2.72733e-05 
0.000482201 7.66761e-05 1.93226e-05 
0.000102891 0.000369145 7.8442e-05 
0.000218988 0.000383834 6.28647e-05 
0.000507563 0.000114347 2.66763e-05 
1.9423e-05 6.11581e-05 1.92707e-05 
0.000502026 1.71855e-05 1.71846e-05 
0.0008334 0.00037602 8.5224e-05 
0.000308689 8.42484e-05 1.85935e-05 
4.64918e-05 0.000185289 1.70879e-05 
0.000165292 0.000222456 5.1924e-05 
0.000570675 0.00031655 1.90547e-05 
0.000425802 0.000324826 9.39986e-05 
0.000462383 0.000214514 2.06967e-05 
0.000820222 0.000117392 6.09008e-05 
0.000838103 0.000237106 7.44065e-05 
0.000182711 0.000303368 2.2225e-05 
0.000613009 0.000329898 4.19068e-05 
0.000542919 1.98745e-05 7.01393e-05 
0.000644093 0.000420404 1.88804e-05 
0.000847118 1.83622e-05 6.88339e-05 
0.000317409 0.00044306 2.55346e-05 
0.000427373 0.000311845 1.8768e-05 
0.000982653 6.21589e-05 6.36613e-05 
0.000319149 0.000379919 2.90374e-05 
2.00789e-05 0.000215665 6.79654e-05 
0.000127908 0.000159415 8.8293e-05 
0.000164848 0.000338547 3.93211e-05 
0.000942138 0.000103044 5.84423e-05 
0.000408913 0.000451295 2.37265e-05 
0.000471313 0.000207494 5.69276e-05 
6.29322e-05 0.000482601 6.09593e-05 
0.000487454 0.000472976 6.84993e-05 
0.000860887 0.000376015 5.12971e-05 
0.000137709 0.000482501 5.20247e-05 
0.000149746 0.000233858 1.97595e-05 
0.000498844 0.000447613 1.81859e-05 
0.000762322 4.63649e-05 7.62994e-05 
0.000753781 0.000150664 5.30424e-05 
0.000262451 0.000158035 2.21478e-05 
0.00047744 0.000253221 2.04011e-05 
0.000573262 9.3208e-05 1.79201e-05 
0.000806039 1.87212e-05 7.38879e-05 
0.000605506 0.000223852 2.27462e-05 
0.000716725 0.000339693 2.08483e-05 
0.00088523 9.32817e-05 1.75249e-05 
0.000165364 3.06335e-05 3.06228e-05 
0.000614402 2.10557e-05 7.292e-05 
0.000598793 0.000355777 6.67249e-05 
0.000717121 5.31737e-05 2.31936e-05 
0.000211041 0.000167353 8.14062e-05 
0.000553244 0.000464909 2.45702e-05 
0.000752346 0.00026904 2.40608e-05 
0.000730807 0.000473254 2.67475e-05 
0.000546709 0.000380337 2.32147e-05 
0.000612684 9.29603e-05 2.16731e-05 
0.000778385 0.000421305 8.27274e-05 
0.000536631 0.000297681 5.2426e-05 
0.00075289 0.000397973 7.9028e-05 
2.53895e-05 0.000343767 2.26369e-05 
0.00066707 0.000391384 1.8143e-05 
0.000558809 0.000467119 7.87582e-05 
0.000150002 0.000302649 4.59903e-05 
0.000380585 0.000154546 5.30011e-05 
0.000922068 0.000474254 7.18526e-05 
0.000721264 0.000385668 1.84426e-05 
5.73319e-05 8.06622e-05 2.30444e-05 
0.000649265 1.83891e-05 5.39043e-05 
0.000593565 0.000480867 1.91315e-05 
0.000564955 0.000196099 6.5327e-05 
0.000405327 0.000403121 5.81373e-05 
0.000170763 1.83677e-05 7.77329e-05 
0.000199491 0.000183277 4.42201e-05 
0.000406101 0.000362056 1.96267e-05 
0.000388034 0.00011405 5.11932e-05 
0.000499699 0.000349148 9.37137e-05 
0.000791653 8.08461e-05 5.4545e-05 
0.000807341 0.000253217 4.68083e-05 
0.000698504 0.000280331 7.42134e-05 
0.000831321 0.000152727 2.25249e-05 
0.000570649 0.000382643 5.78497e-05 
0.000982112 0.00017425 1.78722e-05 
0.000154026 0.000139504 2.01366e-05 
0.000482038 5.42451e-05 8.59271e-05 
0.000277708 2.37151e-05 5.584e-05 
2.04256e-05 0.000212048 2.04109e-05 
0.000643027 0.000317622 6.48838e-05 
0.000274604 0.000200346 2.0901e-05 
0.000704827 0.000222115 8.3354e-05 
0.000576196 4.10711e-05 8.60526e-05 
0.000540119 0.000128642 5.98581e-05 
0.000276109 0.000246537 6.42557e-05 
0.000922155 0.000170312 4.4652e-05 
0.000882641 0.000272088 9.5738e-05 
0.000583598 5.30824e-05 2.39509e-05 
4.57969e-05 0.000233551 4.7239e-05 
0.000192073 0.000363961 8.46029e-05 
0.000835961 0.000191888 3.25497e-05 
5.70785e-05 6.61778e-05 6.20385e-05 
0.000234623 0.000417187 2.9632e-05 
0.000687298 9.73098e-05 7.73052e-05 
2.27493e-05 0.000329291 8.21757e-05 
0.000554123 0.000127982 2.1981e-05 
0.000756553 6.14316e-05 4.11418e-05 
0.000958597 0.000377794 4.98755e-05 
0.000476733 0.000479704 2.02963e-05 
0.000383269 1.88615e-05 1.88478e-05 
0.000977328 3.33052e-05 2.26754e-05 
0.000311636 2.52934e-05 8.9954e-05 
0.000454655 0.000348983 1.82633e-05 
0.000978449 0.000352512 2.15479e-05 
0.000360863 0.000140463 8.87245e-05 
0.000801241 0.000478631 9.24512e-05 
0.0004649 8.35376e-05 7.6585e-05 
0.000154602 0.000202084 8.34034e-05 
0.000918659 0.000259384 7.263e-05 
0.000523553 0.000338766 2.43859e-05 
5.24877e-05 0.000106609 6.44081e-05 
0.000117009 0.000104653 1.70165e-05 
0.000163804 0.000477671 2.23283e-05 
0.000905196 0.000369593 7.67806e-05 
0.000489583 6.88307e-05 5.48453e-05 
0.000743041 0.000297767 9.88161e-05 
0.000949054 0.000356822 8.36785e-05 
0.000324577 0.00046827 9.45569e-05 
8.91271e-05 9.38366e-05 5.68951e-05 
0.000744993 0.000114592 7.46103e-05 
0.000365086 0.000206987 2.63262e-05 
0.000526233 0.000434688 3.85195e-05 
0.000217395 0.000479453 2.05469e-05 
9.36741e-05 0.00034896 2.23066e-05 
0.00011622 0.000290505 6.73928e-05 
0.000315538 0.000221146 2.52169e-05 
0.00024235 0.000228447 7.06359e-05 
0.000888165 0.00020349 4.79575e-05 
0.000127801 2.2282e-05 6.69326e-05 
0.000933338 0.000291439 6.23039e-05 
1.80774e-05 8.33355e-05 4.928e-05 
0.000937137 0.000197406 1.83513e-05 
0.000894428 0.000238756 5.53925e-05 
0.000499868 0.000139961 6.26794e-05 
0.000880146 0.000470571 2.94253e-05 
0.000507298 0.000305556 8.19783e-05 
9.07346e-05 0.000462364 4.79013e-05 
0.000752285 0.000407754 1.96572e-05 
0.000300442 0.000482315 6.42322e-05 
0.000756211 0.000353527 2.09857e-05 
0.000695847 1.7248e-05 1.72492e-05 
0.00063399 5.80734e-05 1.92765e-05 
0.000195827 0.000359288 4.7075e-05 
0.000265481 0.000151025 6.35671e-05 
0.00034119 0.000161855 5.11291e-05 
0.000470063 0.000287999 8.75505e-05 
0.000561867 0.000274835 1.75451e-05 
0.000289026 1.75533e-05 1.75509e-05 
0.000429982 0.000236347 1.84409e-05 
0.000155254 0.000361684 7.1934e-05 
0.000857623 0.000238673 4.0242e-05 
0.000654887 1.79802e-05 1.79805e-05 
0.000240821 0.000304501 6.91823e-05 
0.000401949 0.00048179 5.16597e-05 
0.000727592 2.24047e-05 5.90345e-05 
0.00097925 0.000446813 2.07503e-05 
0.000835395 0.000267067 2.08964e-05 
0.000442171 6.01615e-05 5.52908e-05 
0.000194172 0.000151431 2.17759e-05 
0.000944486 7.93985e-05 8.52251e-05 
0.000350672 0.000289738 1.72412e-05 
0.000132426 0.000425507 1.75978e-05 
0.000107544 0.00028442 2.56045e-05 
0.000371354 0.00018963 6.76164e-05 
0.000784188 0.000235884 1.9826e-05 
0.000509906 5.14008e-05 1.7484e-05 
0.00076798 9.32103e-05 1.93036e-05 
0.000338843 0.000441215 6.47364e-05 
0.000921955 1.80137e-05 6.68441e-05 
0.000938057 0.000117042 1.90733e-05 
0.000469657 0.000358655 7.74965e-05 
0.000954957 0.000137657 8.8358e-05 
0.000699017 0.000416771 8.34059e-05 
1.84743e-05 0.000163432 1.84741e-05 
0.000504714 3.18937e-05 5.35551e-05 
0.000271798 0.000380813 1.88529e-05 
0.00012856 8.14733e-05 7.44764e-05 
0.000195929 0.000341407 1.73743e-05 
0.000794732 0.000427911 1.79409e-05 
0.000852723 0.000113116 3.3766e-05 
0.000309183 0.00035385 7.18236e-05 
0.000544835 0.000256406 4.16932e-05 
0.000776898 4.03599e-05 1.70271e-05 
0.000661681 0.000109441 4.59231e-05 
0.000658977 0.000162092 2.04643e-05 
5.31878e-05 0.000379107 8.63239e-05 
0.00015757 0.000481008 9.10087e-05 
0.000659164 0.000465556 1.70773e-05 
6.12626e-05 0.00047536 2.19685e-05 
0.000103077 0.00032053 4.77715e-05 
0.000887015 0.00017377 9.4919e-05 
0.000566877 0.000275139 6.26882e-05 
0.000580714 0.000100835 8.97205e-05 
2.11308e-05 0.000481275 1.87235e-05 
0.000784362 0.000323531 4.46514e-05 
8.837e-05 2.4894e-05 6.17036e-05 
0.00047038 0.000225022 8.6489e-05 
0.000369034 0.000476533 2.34663e-05 
1.80977e-05 0.000406074 6.65568e-05 
0.000355199 0.000377389 6.04365e-05 
2.1893e-05 0.000299378 2.18941e-05 
0.000830615 2.50527e-05 0.000101078 
0.000245873 0.000268437 4.18871e-05 
0.000365959 0.000365522 2.06416e-05 
0.000930558 7.17707e-05 1.79168e-05 
0.000272981 9.68517e-05 1.78377e-05 
