0.000841366 0.000420815 3.10548e-05 
7.70061e-05 0.000296037 6.08309e-05 
0.000535426 0.000223626 8.95524e-05 
0.000320797 0.000250789 6.25776e-05 
0.000691525 0.000332903 6.75978e-05 
0.000368161 6.07065e-05 7.43045e-05 
0.000755958 0.000195556 3.09929e-05 
0.000886046 0.000288169 3.57919e-05 
0.000519236 4.33201e-05 9.67761e-05 
0.000776346 0.000235782 8.50364e-05 
0.000632604 0.00036577 2.42388e-05 
0.000182368 0.000380971 1.9744e-05 
0.000831856 0.000286009 7.47806e-05 
0.000200182 0.000211533 6.93108e-05 
0.000487647 0.000383024 3.62697e-05 
0.000809983 0.000156106 6.27428e-05 
0.000444096 0.000341363 5.68648e-05 
0.000231613 0.00036212 2.52287e-05 
0.000529491 0.000159807 4.2999e-05 
0.000887837 0.000235817 1.89329e-05 
0.00092086 0.000330787 6.20013e-05 
0.000416743 0.000304851 5.72404e-05 
0.000941977 5.27144e-05 5.31645e-05 
0.000838438 4.95113e-05 6.87028e-05 
0.000687349 9.07629e-05 2.14044e-05 
0.000273857 0.000299324 2.06133e-05 
8.46747e-05 0.000230967 8.54919e-05 
0.000564521 0.000234585 1.97552e-05 
0.000160183 9.07846e-05 2.98302e-05 
0.000961171 0.000452107 0.000101466 
0.000517367 0.000214769 3.31025e-05 
0.000965842 0.00021829 5.69323e-05 
0.000893759 0.000135221 2.57064e-05 
0.000774343 2.09995e-05 4.95711e-05 
6.63495e-05 0.000260659 2.19107e-05 
0.000748018 0.000348402 9.26775e-05 
0.000617907 0.000440237 9.27103e-05 
0.000311265 0.00017101 0.000100139 
0.000334548 0.000205214 6.57473e-05 
0.000328014 0.000182134 1.87166e-05 
0.000296382 0.000299931 7.64654e-05 
0.000477229 0.000305686 3.28578e-05 
0.000461992 2.31828e-05 6.83721e-05 
0.000338572 0.000101164 5.58091e-05 
0.000978201 0.000398708 2.17996e-05 
0.000599066 0.000481877 5.58001e-05 
0.000541018 0.000351035 7.80049e-05 
0.000724582 0.000169115 6.56759e-05 
0.000394452 0.000231119 6.37502e-05 
0.000392049 0.00027969 9.76659e-05 
0.00026976 0.000378442 8.4559e-05 
0.000575829 0.000156419 4.97909e-05 
0.000797739 5.10581e-05 8.96053e-05 
0.000840804 0.000461294 7.43675e-05 
9.19507e-05 6.25084e-05 8.09253e-05 
0.000192673 0.000110121 8.21823e-05 
0.000972462 8.62736e-05 2.75364e-05 
0.000513317 0.000418828 8.16393e-05 
0.000213215 0.000101435 2.45088e-05 
0.000367895 0.000418389 3.12556e-05 
0.000482166 0.000165201 2.60585e-05 
0.000283514 0.000411848 4.7144e-05 
0.000585897 0.00035491 2.3711e-05 
0.000801878 0.000190787 1.71766e-05 
0.000542874 7.63146e-05 5.78587e-05 
0.000240362 6.90841e-05 6.17257e-05 
0.000513942 0.0004786 1.73983e-05 
0.000396211 6.68049e-05 3.08112e-05 
0.000969118 0.00017254 6.24763e-05 
0.000892237 0.000184307 1.93974e-05 
0.000592754 0.000403245 7.57983e-05 
0.000622717 0.000133414 7.19684e-05 
0.000398853 0.000358956 6.67153e-05 
0.00069256 0.000383114 4.76277e-05 
0.000651126 6.71475e-05 6.27429e-05 
0.000151815 4.88425e-05 7.32024e-05 
0.000863037 0.000163377 5.87844e-05 
0.000445562 0.000113595 3.66398e-05 
0.000617089 0.000199527 8.11943e-05 
0.000710301 0.000127495 4.67844e-05 
0.00078607 0.000151452 2.30055e-05 
6.02351e-05 0.000342914 5.85035e-05 
0.000172505 0.000390794 5.39652e-05 
0.000427059 0.000439998 6.84943e-05 
0.000580824 0.000236188 5.91751e-05 
0.000790817 0.000384161 5.09832e-05 
2.99141e-05 0.000434215 2.99127e-05 
0.000347459 0.000278452 7.32596e-05 
0.000178522 0.000428856 2.88144e-05 
0.000150286 0.000276001 2.03551e-05 
0.000277217 5.66887e-05 2.32758e-05 
0.00082067 0.000474149 2.58506e-05 
0.000676182 0.000139578 7.51349e-05 
0.000980946 0.000295151 1.74972e-05 
0.000132292 0.00025511 5.61358e-05 
0.000869571 0.000335964 8.46868e-05 
0.000209541 2.35546e-05 6.2326e-05 
0.000923842 0.000208273 8.31332e-05 
0.000355165 0.000324815 7.85977e-05 
0.000419261 0.000185811 3.29366e-05 
0.000561321 0.000419103 5.79562e-05 
0.000775162 0.000475866 2.00582e-05 
0.000728671 0.000364695 4.94818e-05 
0.000785684 0.000120165 8.80695e-05 
0.000421239 2.48371e-05 1.93651e-05 
0.00081957 2.92551e-05 2.92569e-05 
0.000294442 6.98133e-05 6.36923e-05 
0.000729538 0.000248371 7.24415e-05 
7.70965e-05 0.000215406 2.46832e-05 
0.000683958 0.000182617 6.32809e-05 
0.000614814 0.000175896 2.64939e-05 
0.000400573 0.000270291 2.69515e-05 
0.000971749 0.000263878 7.12687e-05 
0.000651281 0.000277628 7.81146e-05 
0.000935004 0.000244051 3.02695e-05 
0.000597637 0.000132281 2.07349e-05 
8.78061e-05 0.000417311 3.0397e-05 
0.000133227 0.000436446 6.88338e-05 
0.000489834 0.000274588 7.01182e-05 
8.45576e-05 0.000165993 6.95408e-05 
0.000690153 0.000482746 1.72096e-05 
0.000645439 0.000383807 8.10779e-05 
0.000125217 0.000200768 4.31087e-05 
0.000311138 0.000274177 2.45243e-05 
0.000513288 0.000267399 2.10424e-05 
0.000766182 0.000178879 8.38291e-05 
0.000237794 0.000448078 7.08255e-05 
0.00097735 2.50534e-05 6.79706e-05 
0.000676782 0.000354546 2.10516e-05 
0.000229202 0.000225701 2.76748e-05 
0.000909935 0.000404499 3.66547e-05 
0.000414076 2.49824e-05 6.31334e-05 
0.000688984 3.10434e-05 5.15836e-05 
0.000767255 0.000475774 6.82141e-05 
0.000534957 0.000391828 6.02081e-05 
0.000458601 0.00016544 8.52592e-05 
0.000659753 0.000214255 3.29392e-05 
0.000413617 0.000103425 9.65034e-05 
0.000267222 0.000468721 3.12448e-05 
0.00097927 0.000394483 8.2264e-05 
0.00016356 0.000161906 6.58675e-05 
0.000907677 9.71051e-05 4.00102e-05 
0.000648097 0.000321102 2.30567e-05 
0.000362986 0.000411387 8.5213e-05 
0.000317154 0.000401564 7.68987e-05 
0.00087148 0.00012311 7.62248e-05 
0.000186977 0.000240487 1.80802e-05 
0.000690412 0.000431968 3.07159e-05 
5.57014e-05 2.89959e-05 2.8969e-05 
0.000542964 2.53004e-05 2.53006e-05 
0.000719063 0.000298369 2.06406e-05 
0.000883213 4.39976e-05 3.6484e-05 
0.000214822 0.000268876 1.8352e-05 
0.000914809 0.000130542 7.2593e-05 
0.000298325 0.000170792 4.71728e-05 
0.000804477 0.00033578 8.66524e-05 
0.000526628 0.000267062 7.32403e-05 
0.000731353 0.000287437 5.70452e-05 
0.000200843 0.000321697 7.03274e-05 
0.000797417 0.000442012 5.45033e-05 
0.00082392 0.000224453 2.07607e-05 
0.0005984 0.000405851 2.86323e-05 
2.6156e-05 0.000118402 2.61605e-05 
0.000470064 0.000322719 8.07539e-05 
0.000451343 0.000472157 5.03003e-05 
4.95197e-05 0.000395775 5.15571e-05 
0.000380369 0.000321429 2.80198e-05 
0.000553676 0.000420194 1.91503e-05 
0.000266305 0.000116668 4.95743e-05 
0.000910577 7.50083e-05 7.36973e-05 
0.000613641 0.000254067 8.32173e-05 
0.000804631 0.000206649 6.09926e-05 
0.000434589 0.000375215 3.87245e-05 
0.000248556 0.000122092 1.70666e-05 
0.000745138 2.03331e-05 2.03291e-05 
0.000398053 0.000139229 1.98863e-05 
0.000352881 0.000252959 2.09447e-05 
0.000257443 0.000336442 5.54416e-05 
0.000718849 8.05145e-05 5.62058e-05 
0.000767782 0.000317113 1.85831e-05 
0.000867111 0.000412547 7.96484e-05 
0.000638435 0.000126766 2.04351e-05 
0.000617413 2.20121e-05 3.51233e-05 
0.000330247 0.000477968 1.70372e-05 
0.000580223 0.000112901 4.91158e-05 
0.000124961 0.000126505 5.5547e-05 
0.000194284 0.000471914 6.25002e-05 
0.000192754 6.45793e-05 5.1855e-05 
2.27671e-05 4.85017e-05 6.25476e-05 
6.39137e-05 0.000311642 2.25128e-05 
0.000678747 0.000246103 6.98805e-05 
2.25231e-05 0.000476796 5.96641e-05 
0.000757965 0.000427788 6.19192e-05 
0.000445187 0.000258944 6.17639e-05 
0.000623781 0.000455967 2.08296e-05 
0.000837294 7.2579e-05 3.06245e-05 
0.000300626 0.000128442 2.42605e-05 
0.000928827 0.000461583 2.46534e-05 
0.000631557 0.00047795 7.91015e-05 
0.000197 0.000417917 7.96794e-05 
0.00096401 0.000482859 1.7139e-05 
0.000831753 0.00033399 3.2953e-05 
6.10566e-05 0.000436547 8.2495e-05 
0.000457123 0.000435779 2.56006e-05 
0.00077835 0.000116832 4.73995e-05 
0.00074302 0.000324217 4.77947e-05 
0.000610778 0.000298801 8.80992e-05 
0.000122164 0.000460945 2.16546e-05 
0.00076212 0.000239473 5.06162e-05 
0.00081069 0.000102636 2.2922e-05 
0.000727937 0.000404104 5.10366e-05 
0.000471722 0.000427215 6.89863e-05 
0.000558206 0.000153417 8.55561e-05 
0.000338117 0.000146844 1.79663e-05 
0.000610803 0.000279431 3.39436e-05 
0.000186588 0.000267792 5.77518e-05 
0.000498119 0.000104736 6.97118e-05 
0.000566701 0.000191359 2.24173e-05 
0.000438481 0.000482272 1.77268e-05 
0.000510987 0.000183288 7.60099e-05 
0.000750064 0.000127307 2.04248e-05 
0.00022532 0.00017911 1.94788e-05 
0.000103196 0.000426674 0.000111002 
0.000500954 0.000338315 6.29176e-05 
4.62389e-05 0.000190692 5.21098e-05 
0.000674675 0.000275528 3.01827e-05 
0.000579047 2.00191e-05 5.22072e-05 
0.000133587 0.000377513 3.02625e-05 
3.03168e-05 0.000276711 6.91208e-05 
0.00038158 0.00045053 6.53346e-05 
0.000536651 0.00029757 1.72968e-05 
0.000843587 8.76179e-05 7.68322e-05 
0.00072838 9.35084e-05 1.97368e-05 
7.85941e-05 0.000172052 1.90542e-05 
5.96468e-05 0.000376648 1.99491e-05 
0.000272734 0.000205807 8.19782e-05 
0.000971534 0.000210655 2.00957e-05 
0.000274075 0.000244919 2.15249e-05 
0.000832479 0.000181672 9.50038e-05 
0.000887514 0.000348113 2.51029e-05 
0.000676294 0.000128281 1.75635e-05 
2.25666e-05 0.000252845 2.2569e-05 
0.000715808 0.00023658 2.65811e-05 
0.000111085 0.000242668 1.92054e-05 
0.000944223 0.000152188 1.71474e-05 
0.000890626 0.0004457 6.69648e-05 
0.000419106 0.000407296 2.19546e-05 
0.000107716 5.9418e-05 3.1314e-05 
0.000574107 0.000314974 6.19084e-05 
0.000862779 0.000208067 1.8459e-05 
0.000249362 0.000188501 4.88768e-05 
2.11403e-05 0.000367978 5.76064e-05 
0.000776447 0.000277177 6.7142e-05 
0.00024071 2.50546e-05 2.50546e-05 
0.000792443 6.74823e-05 3.19811e-05 
0.00025293 0.000270674 8.21161e-05 
0.00028757 0.000444596 7.29097e-05 
0.000703195 0.000175561 2.56844e-05 
0.000364263 0.000122086 1.80328e-05 
0.00096175 0.000418642 5.46058e-05 
0.000167191 0.000182064 2.17744e-05 
0.000136319 0.000321744 2.09969e-05 
0.000978628 0.000120388 6.20135e-05 
0.000210214 5.74922e-05 1.9778e-05 
0.000978448 0.000134664 2.15517e-05 
0.000798757 0.000287963 2.4333e-05 
0.000395263 0.000481843 8.83868e-05 
7.90432e-05 0.0001264 2.7344e-05 
0.00044167 0.000391774 7.80084e-05 
0.000129696 0.000317172 8.02349e-05 
0.000463034 2.27669e-05 2.26017e-05 
0.000938919 0.000392675 8.05284e-05 
0.000934601 0.000352899 2.23072e-05 
0.000228757 0.000310735 2.6243e-05 
0.000353308 0.000239528 8.52979e-05 
0.000822284 0.000417479 7.61257e-05 
0.000973258 0.000469441 5.78814e-05 
0.00022967 0.000139531 4.80836e-05 
0.00039988 0.000194652 0.000116124 
0.000115639 0.000157367 2.08329e-05 
0.000280318 0.000339561 2.01106e-05 
0.000370485 1.97724e-05 7.1856e-05 
0.000643437 0.000439438 5.72991e-05 
2.03561e-05 0.000385892 2.0278e-05 
0.000525446 0.000482671 4.9917e-05 
0.000972973 0.000324367 6.04196e-05 
0.000599818 0.000444216 5.78286e-05 
0.000941571 0.000307113 2.40378e-05 
0.000369625 0.000164214 1.79999e-05 
0.000599233 6.3935e-05 6.77709e-05 
0.000880088 9.0748e-05 6.23714e-05 
0.000933834 2.11442e-05 2.11497e-05 
0.000444874 5.77361e-05 1.71704e-05 
0.00068061 0.000472173 7.21272e-05 
0.000699623 5.50209e-05 8.90982e-05 
0.000760647 0.00044153 2.61275e-05 
0.000333127 3.71293e-05 3.5301e-05 
0.000348805 0.0004748 6.19306e-05 
0.000672255 5.15265e-05 2.06407e-05 
0.000325097 0.000325798 2.72748e-05 
0.00048699 7.62587e-05 3.18634e-05 
0.00010566 0.000362952 8.04108e-05 
0.000223791 0.000383308 6.43765e-05 
0.000508008 0.000116848 2.6679e-05 
1.92972e-05 6.43208e-05 2.00407e-05 
0.000502058 1.71862e-05 1.71839e-05 
0.000834268 0.000377506 8.5985e-05 
0.000308833 8.37455e-05 1.85978e-05 
4.62932e-05 0.000188148 1.70883e-05 
0.000163403 0.000226217 5.31948e-05 
0.000567656 0.000316494 1.9054e-05 
0.000426807 0.000326293 9.59328e-05 
0.000465173 0.000210687 2.06986e-05 
0.000818431 0.000115168 6.61029e-05 
0.000843206 0.000237478 8.013e-05 
0.000180713 0.000305732 2.22252e-05 
0.000613351 0.000330151 4.18566e-05 
0.000539355 1.98718e-05 6.99987e-05 
0.000642386 0.00042094 1.88802e-05 
0.000857032 1.84048e-05 7.7511e-05 
0.000315293 0.000439028 2.55339e-05 
0.000427699 0.000309404 1.87682e-05 
0.000975334 6.72567e-05 7.3957e-05 
0.000319986 0.000381851 2.90374e-05 
2.06169e-05 0.000210362 7.23217e-05 
0.000127094 0.000152973 9.33947e-05 
0.000166425 0.000340576 4.2983e-05 
0.000938897 9.56635e-05 5.79615e-05 
0.000410631 0.000452154 2.37262e-05 
0.000473869 0.000207829 5.75485e-05 
7.51357e-05 0.000482601 7.56379e-05 
0.000490387 0.000470001 7.15664e-05 
0.000861012 0.000376297 5.15032e-05 
0.000136954 0.000482502 5.08037e-05 
0.000149453 0.000235892 1.97598e-05 
0.000499453 0.000446991 2.49646e-05 
0.000763602 4.64933e-05 7.67521e-05 
0.00075574 0.000150204 5.18477e-05 
0.000261537 0.000158762 2.21459e-05 
0.000474601 0.000252568 2.04014e-05 
0.000573781 9.28509e-05 1.79193e-05 
0.000805633 1.87221e-05 7.39424e-05 
0.00060561 0.000224128 2.27444e-05 
0.00071598 0.000339742 2.08485e-05 
0.000881185 9.45179e-05 1.75241e-05 
0.000166178 3.06256e-05 3.06234e-05 
0.000611212 2.1056e-05 7.77337e-05 
0.00059844 0.000352408 6.9413e-05 
0.000716003 5.25427e-05 2.31936e-05 
0.000211667 0.000165812 8.30521e-05 
0.000552799 0.000463567 2.45699e-05 
0.000753701 0.000270305 2.40606e-05 
0.000730307 0.000473253 3.31704e-05 
0.000545528 0.00037882 2.32139e-05 
0.000613199 9.28421e-05 2.16734e-05 
0.000785361 0.000420929 8.69563e-05 
0.000534996 0.000298621 5.25094e-05 
0.000762231 0.000394438 9.26522e-05 
2.38833e-05 0.000341781 2.26368e-05 
0.000665384 0.000391934 1.81431e-05 
0.000559964 0.000466469 7.79638e-05 
0.000151868 0.000300519 5.00837e-05 
0.000381482 0.00015434 5.31242e-05 
0.000923247 0.000474231 7.31198e-05 
0.000720837 0.000384497 1.8444e-05 
5.83116e-05 8.06691e-05 2.30417e-05 
0.000652774 1.83858e-05 5.43376e-05 
0.000592564 0.00048086 1.91317e-05 
0.000565398 0.000195812 6.53009e-05 
0.000405119 0.00040312 5.83338e-05 
0.000170929 1.8361e-05 7.78046e-05 
0.000198535 0.000177608 4.43668e-05 
0.000406543 0.000360346 1.96256e-05 
0.000389659 0.000113987 5.06703e-05 
0.000499885 0.0003494 9.64806e-05 
0.00079437 8.35931e-05 6.75359e-05 
0.000808341 0.000251279 4.67793e-05 
0.000696753 0.000281076 7.52324e-05 
0.000831549 0.000149373 2.25289e-05 
0.000571214 0.00037865 5.66468e-05 
0.000980702 0.000173876 1.78722e-05 
0.000152484 0.000139467 2.0136e-05 
0.000480894 4.31968e-05 9.81367e-05 
0.000277201 2.42406e-05 5.60816e-05 
2.04117e-05 0.000210926 3.18347e-05 
0.000641691 0.000316593 6.45452e-05 
0.000276441 0.000199809 2.09029e-05 
0.000700951 0.000234265 9.63724e-05 
0.000570306 3.82676e-05 8.63235e-05 
0.00053761 0.000127635 7.24589e-05 
0.000278375 0.000247628 6.41463e-05 
0.000921752 0.000169261 4.46711e-05 
0.000883307 0.000273953 9.62053e-05 
0.000585448 5.30931e-05 2.39507e-05 
4.66248e-05 0.000233149 4.7816e-05 
0.000196204 0.000365409 8.69769e-05 
0.000834749 0.000188806 3.20567e-05 
5.76075e-05 7.04346e-05 6.33492e-05 
0.000235675 0.000416653 2.96326e-05 
0.00068757 9.76682e-05 7.6265e-05 
2.27428e-05 0.000334725 8.74209e-05 
0.00055516 0.000127906 2.19825e-05 
0.000755312 6.03563e-05 4.16026e-05 
0.000957736 0.000375342 5.16789e-05 
0.000476367 0.000479575 2.02961e-05 
0.000383269 1.88614e-05 1.88478e-05 
0.000977326 2.63094e-05 2.26716e-05 
0.00031092 2.53117e-05 9.04268e-05 
0.000448473 0.000349491 1.82641e-05 
0.000978448 0.000352977 2.15482e-05 
0.000355349 0.000144117 8.59246e-05 
0.00080114 0.000478631 9.85966e-05 
0.000464317 8.77306e-05 8.07349e-05 
0.000153346 0.000205099 8.43917e-05 
0.000918413 0.000257971 7.37575e-05 
0.00052566 0.000335981 2.91869e-05 
5.23868e-05 0.000110765 6.60734e-05 
0.000116857 0.000105346 1.70138e-05 
0.000164363 0.000477582 2.23288e-05 
0.000906903 0.000380941 8.55806e-05 
0.000491588 6.82803e-05 6.86391e-05 
0.000742171 0.000293686 9.90741e-05 
0.000949447 0.000355204 8.62984e-05 
0.000320924 0.000464583 9.45889e-05 
8.75954e-05 9.48767e-05 5.77216e-05 
0.000746155 0.000122311 7.6762e-05 
0.000364486 0.000207447 2.6327e-05 
0.000524994 0.00044426 5.08661e-05 
0.000217694 0.000479442 2.05471e-05 
9.07344e-05 0.000348122 2.23075e-05 
0.000108828 0.00028288 7.77306e-05 
0.000315606 0.000223782 2.5215e-05 
0.000236903 0.000227524 8.34061e-05 
0.000882076 0.000204551 5.00327e-05 
0.000122353 2.2277e-05 6.70687e-05 
0.000933683 0.000289127 6.16855e-05 
1.80729e-05 8.78719e-05 5.71231e-05 
0.000935664 0.000196904 1.83511e-05 
0.000894081 0.00023874 5.50912e-05 
0.00050491 0.00013799 8.51481e-05 
0.000875714 0.000470571 2.94232e-05 
0.000511026 0.000306373 8.80054e-05 
9.28848e-05 0.00046263 5.03616e-05 
0.000752547 0.000405636 1.96555e-05 
0.00029198 0.000482316 7.11992e-05 
0.000755115 0.000354522 2.09872e-05 
0.000693846 1.7258e-05 1.72494e-05 
0.00063273 5.69308e-05 1.92758e-05 
0.000196411 0.000363214 4.90522e-05 
0.000257577 0.000140001 7.82142e-05 
0.00034318 0.000165892 5.02928e-05 
0.000463576 0.000290002 9.32607e-05 
0.000562324 0.000274014 1.75457e-05 
0.000287345 1.75524e-05 1.75528e-05 
0.000436536 0.000237289 1.84387e-05 
0.00015827 0.0003679 7.82303e-05 
0.000857612 0.000236843 4.34889e-05 
0.000653315 1.79777e-05 1.79788e-05 
0.000246945 0.000315645 8.78302e-05 
0.000399977 0.000480906 5.2338e-05 
0.000729668 2.23891e-05 6.00874e-05 
0.000968684 0.000440172 2.07496e-05 
0.000836974 0.000264013 2.08988e-05 
0.000441528 6.20244e-05 6.23568e-05 
0.000193802 0.000146304 2.17763e-05 
0.000939712 8.57816e-05 9.23711e-05 
0.000349285 0.000288915 3.32926e-05 
0.000133787 0.000423665 1.75995e-05 
0.000105903 0.000286735 2.56079e-05 
0.000373839 0.000190081 6.70474e-05 
0.000783096 0.00023708 1.9825e-05 
0.000509623 5.10319e-05 1.74867e-05 
0.000767376 9.15675e-05 1.93018e-05 
0.000335801 0.000437348 6.52343e-05 
0.000920811 1.80369e-05 6.61692e-05 
0.000934365 0.000117385 1.90733e-05 
0.000469538 0.000358717 8.07185e-05 
0.000955533 0.000137255 8.88531e-05 
0.000698299 0.000415279 8.30718e-05 
2.20326e-05 0.000162175 1.84742e-05 
0.000503497 3.35578e-05 5.2908e-05 
0.000272802 0.000375233 3.38806e-05 
0.000129772 8.20015e-05 7.42365e-05 
0.000194627 0.000342489 1.73744e-05 
0.000790921 0.000424582 1.79406e-05 
0.000852539 0.000112533 4.13772e-05 
0.000314461 0.00035412 7.15837e-05 
0.000544222 0.000256539 4.16228e-05 
0.000776386 4.05644e-05 1.7025e-05 
0.00066301 0.000110682 4.66237e-05 
0.000659333 0.000162194 2.0469e-05 
5.89232e-05 0.000382293 8.87447e-05 
0.000173057 0.000481012 0.000103519 
0.000660063 0.000466291 1.70776e-05 
6.44068e-05 0.000472274 2.19682e-05 
0.000108717 0.000323442 4.70621e-05 
0.000877472 0.000169633 0.000100494 
0.000564253 0.000273531 6.5875e-05 
0.000590755 9.65776e-05 9.49794e-05 
2.48532e-05 0.000481275 1.87275e-05 
0.000784875 0.000317451 4.98793e-05 
8.28871e-05 2.78784e-05 6.6744e-05 
0.000466511 0.000224215 8.68636e-05 
0.000370221 0.000476529 2.34651e-05 
1.80985e-05 0.000406029 6.69429e-05 
0.000356793 0.000378502 5.94674e-05 
2.1894e-05 0.000297297 2.18928e-05 
0.000828135 2.08675e-05 0.000103487 
0.000246006 0.000269414 4.36186e-05 
0.000366847 0.000367597 2.06416e-05 
0.000926346 7.69661e-05 1.79168e-05 
0.000273054 9.72352e-05 1.78413e-05 
