0.000841102 0.000420677 3.10532e-05 
7.68411e-05 0.000296193 6.07771e-05 
0.000535803 0.000223782 8.94801e-05 
0.00032122 0.000250898 6.25575e-05 
0.000691398 0.000332879 6.75695e-05 
0.000368894 6.07319e-05 7.47713e-05 
0.000755909 0.000195502 3.09887e-05 
0.000886009 0.000288148 3.57912e-05 
0.000519433 4.35982e-05 9.68159e-05 
0.000776311 0.000235767 8.49073e-05 
0.0006328 0.000365842 2.42396e-05 
0.000182186 0.000380957 1.97444e-05 
0.000831781 0.000285951 7.46197e-05 
0.000200141 0.000211325 6.92269e-05 
0.000487708 0.000382607 3.62704e-05 
0.0008101 0.000155998 6.27408e-05 
0.000444114 0.000341505 5.6945e-05 
0.000231799 0.000362045 2.52293e-05 
0.000529633 0.000159903 4.3061e-05 
0.000887739 0.000235737 1.89331e-05 
0.000920917 0.000330689 6.20015e-05 
0.000416783 0.000305232 5.72797e-05 
0.00094182 5.28004e-05 5.31096e-05 
0.00083856 4.91956e-05 6.8836e-05 
0.000687562 9.06674e-05 2.14045e-05 
0.00027379 0.000299293 2.06131e-05 
8.47379e-05 0.000230715 8.56984e-05 
0.000564676 0.000234762 1.97544e-05 
0.000160217 9.07921e-05 2.98301e-05 
0.000961859 0.000453078 0.000101976 
0.000517559 0.000214865 3.31026e-05 
0.000965567 0.000218047 5.6963e-05 
0.00089356 0.000135085 2.57045e-05 
0.000774403 2.10033e-05 4.95788e-05 
6.63188e-05 0.000260627 2.1911e-05 
0.000748345 0.000348141 9.26537e-05 
0.000618121 0.000440369 9.26717e-05 
0.000311038 0.000171169 0.000100229 
0.000334578 0.000205344 6.57485e-05 
0.000328003 0.000182276 1.8716e-05 
0.000296465 0.000299719 7.65523e-05 
0.000477371 0.000306001 3.28574e-05 
0.00046186 2.31829e-05 6.83685e-05 
0.000338956 0.000100661 5.56844e-05 
0.000978203 0.000398458 2.1806e-05 
0.000599159 0.000481877 5.57537e-05 
0.00054103 0.000351151 7.83085e-05 
0.00072448 0.000168826 6.56575e-05 
0.000394756 0.000231104 6.36002e-05 
0.000392756 0.000279525 9.77594e-05 
0.000269818 0.00037804 8.49047e-05 
0.000575922 0.000156351 4.9923e-05 
0.000797984 5.06251e-05 9.05399e-05 
0.000840356 0.000461179 7.43392e-05 
9.22663e-05 6.23981e-05 8.10218e-05 
0.000192613 0.000110065 8.22685e-05 
0.000972461 8.62582e-05 2.75349e-05 
0.000513641 0.000418469 8.22248e-05 
0.000213216 0.0001016 2.45089e-05 
0.000367851 0.000418461 3.12558e-05 
0.000482166 0.000165201 2.60585e-05 
0.000283409 0.000411717 4.76348e-05 
0.000586116 0.000354917 2.37067e-05 
0.000801842 0.000190791 1.71766e-05 
0.000542926 7.64317e-05 5.76785e-05 
0.000240441 6.91376e-05 6.19192e-05 
0.00051391 0.000478325 1.74048e-05 
0.000396204 6.68517e-05 3.08119e-05 
0.000968735 0.000172293 6.24669e-05 
0.000892274 0.000184737 1.93951e-05 
0.000592671 0.000403089 7.57884e-05 
0.000622901 0.00013343 7.2022e-05 
0.000398851 0.000359109 6.66815e-05 
0.000692368 0.000383238 4.7704e-05 
0.00065104 6.70851e-05 6.27389e-05 
0.000151483 4.85779e-05 7.30995e-05 
0.000862973 0.000163282 5.88629e-05 
0.000445571 0.000113605 3.66391e-05 
0.000617102 0.000199531 8.12256e-05 
0.000710462 0.000127404 4.66298e-05 
0.000786163 0.000151497 2.30052e-05 
6.02984e-05 0.000342904 5.8782e-05 
0.000172305 0.000390787 5.39733e-05 
0.000427595 0.000439609 6.82647e-05 
0.000580977 0.000236305 5.91793e-05 
0.000790597 0.000384073 5.12505e-05 
2.99132e-05 0.000434175 2.99128e-05 
0.000347081 0.000278386 7.54317e-05 
0.000178603 0.000428799 2.88134e-05 
0.000150142 0.000276008 2.03559e-05 
0.000277087 5.67281e-05 2.32769e-05 
0.00082022 0.000474146 2.58508e-05 
0.000677431 0.000139135 7.63797e-05 
0.000980946 0.000295151 1.74972e-05 
0.00013209 0.000255064 5.60747e-05 
0.000869606 0.000335963 8.46337e-05 
0.000209695 2.35554e-05 6.25248e-05 
0.000923455 0.000208158 8.30703e-05 
0.000355292 0.000324853 7.86979e-05 
0.000419391 0.000185683 3.29352e-05 
0.000561336 0.000418967 5.79272e-05 
0.000774693 0.000475396 2.00594e-05 
0.000728426 0.00036449 4.97375e-05 
0.000785294 0.000119699 8.80607e-05 
0.000421355 2.49676e-05 1.93651e-05 
0.000819621 2.92562e-05 2.92576e-05 
0.000294505 6.97909e-05 6.3628e-05 
0.000729392 0.000248328 7.25498e-05 
7.71976e-05 0.000215405 2.46824e-05 
0.000684221 0.000182895 6.33774e-05 
0.000614711 0.000175986 2.64952e-05 
0.000400659 0.000270464 2.69529e-05 
0.000971751 0.000263759 7.1205e-05 
0.00065065 0.000277188 7.78165e-05 
0.000934899 0.000243999 3.0268e-05 
0.000597668 0.000132316 2.07354e-05 
8.79361e-05 0.000417582 3.03966e-05 
0.000133388 0.000436483 6.89075e-05 
0.000489864 0.00027508 7.03023e-05 
8.48932e-05 0.000165757 6.97036e-05 
0.000690077 0.000482808 1.72096e-05 
0.000645231 0.000384029 8.11142e-05 
0.000125291 0.000200767 4.31799e-05 
0.000311085 0.000274118 2.45236e-05 
0.000513236 0.000267497 2.11103e-05 
0.000766164 0.000178798 8.38075e-05 
0.000237788 0.000448098 7.07979e-05 
0.000977316 2.51747e-05 6.79829e-05 
0.000676773 0.000354659 2.10506e-05 
0.000229126 0.000225821 2.7675e-05 
0.000910046 0.000404514 3.66566e-05 
0.000414017 2.49829e-05 6.31022e-05 
0.000689048 3.11052e-05 5.15737e-05 
0.000767905 0.000475768 6.97694e-05 
0.000534997 0.000391775 6.01342e-05 
0.000458813 0.000165414 8.52327e-05 
0.000659743 0.000214235 3.29401e-05 
0.000414683 0.000104411 9.72106e-05 
0.000267254 0.000468733 3.12439e-05 
0.000979242 0.000394012 8.26049e-05 
0.000163549 0.000161877 6.60261e-05 
0.00090708 9.69497e-05 4.03463e-05 
0.000648185 0.000321134 2.30556e-05 
0.000362959 0.000411329 8.52022e-05 
0.000317129 0.00040128 7.7084e-05 
0.000870809 0.000123182 7.69058e-05 
0.000186938 0.000240746 1.80815e-05 
0.000690613 0.000432089 3.07145e-05 
5.57602e-05 2.89704e-05 2.89688e-05 
0.000543066 2.53048e-05 2.52997e-05 
0.000719058 0.000298352 2.06416e-05 
0.000883246 4.40764e-05 3.64864e-05 
0.000214947 0.000268877 1.83516e-05 
0.00091502 0.000130349 7.23959e-05 
0.000298481 0.000170458 4.71699e-05 
0.000804943 0.000335923 8.69248e-05 
0.00052659 0.000267179 7.33053e-05 
0.000731292 0.000287343 5.70433e-05 
0.000200902 0.000321919 7.03479e-05 
0.000797065 0.000441831 5.43816e-05 
0.000823921 0.000224255 2.07624e-05 
0.00059839 0.000405744 2.86315e-05 
2.61556e-05 0.000117967 2.61556e-05 
0.000469915 0.000322652 8.08383e-05 
0.000451686 0.000471909 5.00709e-05 
4.97978e-05 0.000396001 5.17672e-05 
0.0003803 0.000321519 2.802e-05 
0.000553552 0.00042 1.9148e-05 
0.000266441 0.000116877 4.95198e-05 
0.00091043 7.47796e-05 7.39933e-05 
0.000613026 0.000253974 8.43943e-05 
0.000804594 0.000206534 6.09885e-05 
0.000434595 0.000375214 3.89595e-05 
0.000248557 0.000122208 1.70653e-05 
0.000745206 2.03322e-05 2.03302e-05 
0.000398025 0.00013917 1.98839e-05 
0.000353015 0.000253076 2.0946e-05 
0.000257414 0.000336246 5.55302e-05 
0.000719037 8.03626e-05 5.62098e-05 
0.000767894 0.000317011 1.85835e-05 
0.000867138 0.000412721 7.95455e-05 
0.000638478 0.000126903 2.04335e-05 
0.000617432 2.20126e-05 3.52535e-05 
0.000330413 0.000477442 1.70363e-05 
0.000580151 0.000113207 4.92347e-05 
0.000124955 0.000126548 5.5442e-05 
0.000194265 0.00047191 6.24782e-05 
0.000192858 6.4695e-05 5.18805e-05 
2.42836e-05 4.87325e-05 6.37765e-05 
6.37478e-05 0.000311924 2.2514e-05 
0.000678696 0.000246088 6.98918e-05 
2.25214e-05 0.000476745 5.96301e-05 
0.00075811 0.000426894 6.29487e-05 
0.000445265 0.000259352 6.1838e-05 
0.000623663 0.000456037 2.08291e-05 
0.000837269 7.25204e-05 3.26911e-05 
0.000301005 0.000128083 2.42656e-05 
0.000928412 0.000461766 2.46567e-05 
0.000631533 0.000477949 7.92229e-05 
0.000196701 0.000417423 7.97211e-05 
0.000963729 0.000482843 1.71401e-05 
0.000831695 0.000334123 3.29525e-05 
6.10534e-05 0.00043664 8.2491e-05 
0.000457141 0.000435339 2.56011e-05 
0.000778793 0.000116683 4.72241e-05 
0.00074301 0.000324084 4.76976e-05 
0.000610529 0.000298854 8.81903e-05 
0.000122053 0.000460802 2.16535e-05 
0.000761874 0.000239449 5.05709e-05 
0.000810978 0.000101888 2.29211e-05 
0.000727943 0.000403913 5.09951e-05 
0.000472327 0.000427085 6.8856e-05 
0.00055872 0.000153272 8.58853e-05 
0.000338209 0.000147043 1.7967e-05 
0.000610805 0.000279558 3.40201e-05 
0.000186942 0.000267908 5.7859e-05 
0.000498657 0.000105427 6.99651e-05 
0.000566756 0.000191157 2.24178e-05 
0.00043845 0.000482274 1.77267e-05 
0.000511147 0.000183434 7.60491e-05 
0.000750322 0.000127108 2.04241e-05 
0.000225304 0.000179152 1.94792e-05 
0.00010324 0.00042736 0.000111134 
0.000500924 0.00033822 6.34921e-05 
4.65597e-05 0.000190366 5.21467e-05 
0.000674668 0.000275505 3.01812e-05 
0.000579072 2.02343e-05 5.2349e-05 
0.000133414 0.000377439 3.02643e-05 
3.03256e-05 0.000276509 6.91134e-05 
0.000381186 0.000449607 6.63805e-05 
0.000536819 0.00029748 1.72986e-05 
0.000843709 8.72732e-05 7.7102e-05 
0.00072858 9.33451e-05 1.97388e-05 
7.83254e-05 0.000172042 1.90541e-05 
5.96794e-05 0.000377095 1.99493e-05 
0.000272227 0.000205812 8.23581e-05 
0.000971366 0.000210652 2.00954e-05 
0.000274054 0.00024492 2.15256e-05 
0.000832482 0.000181698 9.50739e-05 
0.000887509 0.000348079 2.51039e-05 
0.000676333 0.000128461 1.75609e-05 
2.25681e-05 0.000252648 2.25671e-05 
0.000715925 0.000236686 2.65797e-05 
0.000111094 0.0002428 1.92054e-05 
0.000944264 0.000152221 1.7148e-05 
0.000890722 0.000445811 6.68235e-05 
0.00041903 0.000407131 2.19555e-05 
0.000107751 5.94266e-05 3.13143e-05 
0.000573863 0.000314975 6.1954e-05 
0.00086252 0.000208129 1.84596e-05 
0.000249373 0.000188636 4.88245e-05 
2.11361e-05 0.000367848 5.75552e-05 
0.00077658 0.000277183 6.71392e-05 
0.000240624 2.50566e-05 2.50548e-05 
0.00079221 6.72203e-05 3.27299e-05 
0.000253262 0.00027018 8.2156e-05 
0.000287512 0.000444548 7.32954e-05 
0.000703139 0.000175494 2.56835e-05 
0.000364205 0.000122128 1.80326e-05 
0.000962079 0.000418314 5.48479e-05 
0.000167063 0.000181705 2.17748e-05 
0.000136625 0.000321477 2.10001e-05 
0.000978652 0.000120353 6.20133e-05 
0.000210287 5.76554e-05 1.97786e-05 
0.000978445 0.000134614 2.15517e-05 
0.000798927 0.00028793 2.4333e-05 
0.00039539 0.000481843 8.94495e-05 
7.89749e-05 0.000126395 2.73443e-05 
0.000441129 0.000391232 7.8556e-05 
0.000129395 0.000316817 8.01922e-05 
0.00046314 2.27696e-05 2.26027e-05 
0.000939184 0.000391959 8.11317e-05 
0.000934597 0.000352857 2.23084e-05 
0.000228671 0.000310669 2.62432e-05 
0.000353733 0.000239711 8.531e-05 
0.000822092 0.000417561 7.61674e-05 
0.000973255 0.000469125 5.77181e-05 
0.000229739 0.000139625 4.81483e-05 
0.000400138 0.000194758 0.000115997 
0.00011541 0.000157462 2.08333e-05 
0.000280116 0.00033955 2.01091e-05 
0.000370473 1.97778e-05 7.20409e-05 
0.000643598 0.000439611 5.72116e-05 
2.02777e-05 0.000385869 2.02783e-05 
0.000525452 0.000482661 4.98755e-05 
0.000972975 0.000324252 6.04264e-05 
0.000600272 0.00044422 5.76557e-05 
0.000941551 0.000307045 2.40381e-05 
0.000369756 0.00016432 1.80012e-05 
0.000599177 6.36668e-05 6.79459e-05 
0.000879899 9.0548e-05 6.28236e-05 
0.000933823 2.11419e-05 2.11458e-05 
0.000444896 5.76946e-05 1.71704e-05 
0.000680727 0.000472165 7.22267e-05 
0.000699523 5.51024e-05 8.9119e-05 
0.000760414 0.000441274 2.77205e-05 
0.000333063 3.66562e-05 3.53012e-05 
0.000349644 0.000474194 6.22641e-05 
0.000672221 5.15258e-05 2.06413e-05 
0.000324937 0.000325954 2.72789e-05 
0.000487389 7.65261e-05 3.37766e-05 
0.000106104 0.000362975 8.07792e-05 
0.00022403 0.000383236 6.43924e-05 
0.000508003 0.000117052 2.66769e-05 
1.9271e-05 6.44575e-05 2.25064e-05 
0.000502161 1.7186e-05 1.71848e-05 
0.000834304 0.000377654 8.5981e-05 
0.00030885 8.36022e-05 1.85942e-05 
4.61875e-05 0.000188468 1.7088e-05 
0.000163496 0.000226474 5.32216e-05 
0.000567746 0.000316566 1.90539e-05 
0.000426816 0.000326548 9.60518e-05 
0.000465402 0.000210377 2.06971e-05 
0.000818831 0.000115221 6.71217e-05 
0.000843907 0.00023772 8.05564e-05 
0.000180626 0.00030568 2.22255e-05 
0.000613543 0.000330251 4.20195e-05 
0.000539124 1.98739e-05 6.997e-05 
0.000642336 0.000420942 1.8881e-05 
0.000856651 1.83725e-05 7.94876e-05 
0.000315067 0.000438642 2.55342e-05 
0.000427805 0.000309257 1.87683e-05 
0.000974413 6.68581e-05 7.53649e-05 
0.000319873 0.000382012 2.90383e-05 
2.13069e-05 0.000209843 7.3001e-05 
0.0001273 0.000152479 9.36485e-05 
0.00016654 0.000340727 4.2882e-05 
0.000939504 9.56718e-05 5.86091e-05 
0.000410749 0.000452023 2.37263e-05 
0.000474084 0.000207828 5.75718e-05 
7.5737e-05 0.000482603 7.63159e-05 
0.000490506 0.000470062 7.17585e-05 
0.000861094 0.000376323 5.15216e-05 
0.000136804 0.0004825 5.07158e-05 
0.00014944 0.000235902 1.97602e-05 
0.000499189 0.000447471 2.72904e-05 
0.00076355 4.63937e-05 7.67965e-05 
0.000755761 0.000150171 5.17593e-05 
0.000261554 0.000158854 2.2148e-05 
0.000474524 0.000252725 2.03985e-05 
0.00057406 9.30272e-05 1.79197e-05 
0.000805695 1.87215e-05 7.39444e-05 
0.000605752 0.000224258 2.27446e-05 
0.000715934 0.000339722 2.08507e-05 
0.000880863 9.45794e-05 1.75248e-05 
0.000166476 3.06248e-05 3.06237e-05 
0.000611243 2.10564e-05 7.78732e-05 
0.000598472 0.000352167 6.97663e-05 
0.000715971 5.24501e-05 2.31956e-05 
0.000211712 0.000165703 8.32588e-05 
0.000552716 0.000463373 2.45702e-05 
0.000753805 0.000270426 2.40631e-05 
0.000730463 0.000473252 3.52389e-05 
0.000545603 0.000378588 2.32138e-05 
0.000613478 9.29756e-05 2.16753e-05 
0.000785829 0.000420932 8.72532e-05 
0.000535102 0.000298555 5.25055e-05 
0.000762904 0.000394057 9.35882e-05 
2.3859e-05 0.000341595 2.26355e-05 
0.000665525 0.000392092 1.81484e-05 
0.000559829 0.000467007 7.7939e-05 
0.000151958 0.000300322 5.02392e-05 
0.000382105 0.000153938 5.35946e-05 
0.000923362 0.000474251 7.32214e-05 
0.000721164 0.00038412 1.84474e-05 
5.83783e-05 8.06076e-05 2.30418e-05 
0.000652861 1.84027e-05 5.43362e-05 
0.000592397 0.000480866 1.91303e-05 
0.000565716 0.000195863 6.52825e-05 
0.000405072 0.000403269 5.83777e-05 
0.000171011 1.83576e-05 7.78247e-05 
0.000198476 0.000177388 4.43019e-05 
0.000406774 0.000360238 1.96259e-05 
0.000390068 0.000113766 5.14293e-05 
0.000499942 0.000349771 9.69017e-05 
0.000795504 8.31023e-05 6.82999e-05 
0.000808294 0.000251135 4.66948e-05 
0.000696696 0.000281055 7.52611e-05 
0.000831632 0.000149161 2.25255e-05 
0.000571365 0.000378325 5.6587e-05 
0.000980335 0.000173821 1.78724e-05 
0.00015242 0.000139894 2.0136e-05 
0.000481129 4.22209e-05 9.85314e-05 
0.000277084 2.43047e-05 5.61152e-05 
2.04113e-05 0.000210898 3.25362e-05 
0.000641449 0.000316377 6.44615e-05 
0.000276525 0.000199906 2.09019e-05 
0.000700731 0.000234973 9.68349e-05 
0.000569937 3.83239e-05 8.64572e-05 
0.000537624 0.00012699 7.47245e-05 
0.000278831 0.00024732 6.41105e-05 
0.000921576 0.000169151 4.45903e-05 
0.000883175 0.000273882 9.61773e-05 
0.00058565 5.32362e-05 2.39518e-05 
4.68543e-05 0.000233302 4.78642e-05 
0.000197312 0.000365337 8.80246e-05 
0.00083469 0.0001886 3.20772e-05 
5.80611e-05 7.10806e-05 6.35275e-05 
0.000235763 0.000416629 2.96341e-05 
0.00068747 9.76998e-05 7.6034e-05 
2.27443e-05 0.000335221 8.77641e-05 
0.000555192 0.000127952 2.19853e-05 
0.00075528 6.0223e-05 4.16197e-05 
0.000957719 0.00037521 5.17732e-05 
0.000476319 0.000479582 2.02961e-05 
0.000383269 1.88614e-05 1.88478e-05 
0.000977326 2.61349e-05 2.26711e-05 
0.000310766 2.52948e-05 9.04961e-05 
0.000448078 0.000349465 1.82633e-05 
0.000978452 0.000352978 2.15499e-05 
0.000354845 0.000144104 8.55881e-05 
0.000801806 0.00047862 0.000100224 
0.000464477 8.76792e-05 8.06342e-05 
0.000153577 0.00020521 8.43678e-05 
0.000918318 0.00025791 7.3771e-05 
0.00052626 0.000335663 3.02585e-05 
5.23022e-05 0.000111335 6.62924e-05 
0.000116698 0.000105434 1.70138e-05 
0.00016431 0.000477528 2.23271e-05 
0.000907135 0.000381021 8.75232e-05 
0.000492142 6.78124e-05 7.0239e-05 
0.000742144 0.000293396 9.90959e-05 
0.000949481 0.000355015 8.64212e-05 
0.000320917 0.000464678 9.43917e-05 
8.7868e-05 9.49957e-05 5.77521e-05 
0.00074566 0.000123274 7.7543e-05 
0.000364517 0.000207541 2.63266e-05 
0.000525755 0.000444598 5.21393e-05 
0.000217714 0.000479446 2.05479e-05 
9.04439e-05 0.000348221 2.23083e-05 
0.000108422 0.000282578 7.77756e-05 
0.000315661 0.000223936 2.52159e-05 
0.000236233 0.000227066 8.50858e-05 
0.000881673 0.000204617 5.012e-05 
0.000121699 2.22773e-05 6.73341e-05 
0.000933674 0.000289012 6.16654e-05 
1.80681e-05 8.82147e-05 5.78639e-05 
0.000935509 0.000196865 1.83509e-05 
0.000893982 0.000238703 5.50943e-05 
0.000504998 0.000137914 8.71242e-05 
0.000875263 0.000470568 2.94259e-05 
0.000511217 0.000306372 8.86058e-05 
9.30636e-05 0.000462776 5.06359e-05 
0.000752589 0.000405629 1.96581e-05 
0.000291505 0.000482313 7.1512e-05 
0.000755142 0.000354404 2.09941e-05 
0.000693772 1.72496e-05 1.72506e-05 
0.000632691 5.6893e-05 1.92761e-05 
0.000196553 0.000363317 4.90026e-05 
0.000256587 0.000139987 7.9228e-05 
0.000344148 0.000166374 4.99801e-05 
0.000463243 0.000290157 9.38158e-05 
0.000562388 0.000273812 1.75452e-05 
0.000287077 1.75548e-05 1.75587e-05 
0.000437351 0.000237577 1.8441e-05 
0.000159181 0.000368805 7.96794e-05 
0.000857665 0.000236791 4.36744e-05 
0.000653278 1.79787e-05 1.79774e-05 
0.000247412 0.000316406 8.86562e-05 
0.000399292 0.000479391 5.3369e-05 
0.000729727 2.2414e-05 6.01003e-05 
0.000967949 0.00043978 2.07512e-05 
0.000837031 0.000263804 2.08961e-05 
0.000441433 6.20519e-05 6.23714e-05 
0.000193852 0.000146017 2.17759e-05 
0.000939108 8.58047e-05 9.30623e-05 
0.000349154 0.000289062 3.31289e-05 
0.00013386 0.000423587 1.75958e-05 
0.000105783 0.000286835 2.56195e-05 
0.000374353 0.000189933 6.68054e-05 
0.000782894 0.000237088 1.98269e-05 
0.000508616 5.12473e-05 1.74847e-05 
0.000767571 9.13388e-05 1.93035e-05 
0.000335573 0.000437087 6.52451e-05 
0.000920948 1.80074e-05 6.59348e-05 
0.000934208 0.000117475 1.90733e-05 
0.00046959 0.000358657 8.0907e-05 
0.000956486 0.000137137 8.9672e-05 
0.000698321 0.000415178 8.30295e-05 
2.26973e-05 0.000161796 1.84739e-05 
0.00050327 3.35972e-05 5.29062e-05 
0.000272863 0.0003749 3.48028e-05 
0.000129935 8.20666e-05 7.41403e-05 
0.000194867 0.00034231 1.73749e-05 
0.000790211 0.000424283 1.79418e-05 
0.000852475 0.000112452 4.17885e-05 
0.00031446 0.000353908 7.13573e-05 
0.000544495 0.000256523 4.19109e-05 
0.000776437 4.05578e-05 1.70279e-05 
0.000663054 0.000110582 4.64518e-05 
0.000659223 0.000162301 2.04628e-05 
5.95268e-05 0.000382752 8.89577e-05 
0.000173986 0.000481012 0.000103971 
0.000659987 0.000466264 1.70773e-05 
6.46839e-05 0.000471876 2.19685e-05 
0.000108861 0.000323653 4.68526e-05 
0.000876903 0.000169384 0.000100758 
0.000564303 0.000273516 6.63329e-05 
0.000591992 9.61292e-05 9.57171e-05 
2.52233e-05 0.000481276 1.87241e-05 
0.000784487 0.000316919 5.01464e-05 
8.22186e-05 2.794e-05 6.72631e-05 
0.000466335 0.00022432 8.67347e-05 
0.000370403 0.000476517 2.34666e-05 
1.81001e-05 0.000405856 6.68393e-05 
0.000356741 0.000378521 5.93768e-05 
2.18924e-05 0.000297114 2.18933e-05 
0.00082708 2.07667e-05 0.000104307 
0.000246071 0.000269441 4.36927e-05 
0.000366701 0.000367669 2.06426e-05 
0.000925941 7.739e-05 1.79168e-05 
0.000272982 9.72767e-05 1.78409e-05 
