0.000838748 0.000416643 3.10683e-05 
8.25654e-05 0.000295207 6.80697e-05 
0.000528114 0.000216212 9.41966e-05 
0.000315774 0.000239138 0.00010187 
0.000686067 0.000329616 6.52175e-05 
0.000369006 6.99031e-05 9.29454e-05 
0.000751353 0.000196231 3.09892e-05 
0.000884102 0.000288261 4.5754e-05 
0.000526094 4.94556e-05 0.0001318 
0.000782773 0.000237932 0.000120935 
0.000637923 0.000371602 2.4246e-05 
0.000178673 0.00038694 1.97477e-05 
0.000827898 0.000297895 8.34537e-05 
0.000204746 0.000213286 8.09566e-05 
0.000488284 0.000378986 3.62689e-05 
0.0007995 0.000158269 8.59642e-05 
0.000441399 0.000352645 5.72663e-05 
0.000235861 0.000364037 2.52288e-05 
0.000525423 0.000150713 5.86561e-05 
0.000887271 0.000240662 1.89395e-05 
0.000922473 0.000333604 6.3135e-05 
0.000414257 0.000311508 5.57886e-05 
0.000946313 5.69947e-05 5.71896e-05 
0.000864511 4.30843e-05 8.52689e-05 
0.0006895 9.29702e-05 2.14024e-05 
0.000267423 0.000302312 4.71687e-05 
8.67061e-05 0.000223431 8.46849e-05 
0.000562015 0.000239461 1.97556e-05 
0.000170338 9.10509e-05 2.98321e-05 
0.000971077 0.000462539 0.000110771 
0.000517647 0.000215167 3.51662e-05 
0.000962028 0.000212299 5.76517e-05 
0.000883109 0.000140537 2.57253e-05 
0.000766792 2.71716e-05 5.64006e-05 
6.29072e-05 0.000253831 4.12002e-05 
0.000734968 0.000339948 0.000103976 
0.000610149 0.000437586 0.000114813 
0.00031113 0.000179269 0.000103118 
0.000344836 0.000209761 7.43215e-05 
0.000322073 0.000184618 1.87156e-05 
0.000311043 0.000293228 8.1056e-05 
0.000479381 0.000310522 3.28648e-05 
0.000457318 2.3198e-05 6.7938e-05 
0.00033529 9.72955e-05 6.17973e-05 
0.000966204 0.000397579 2.17998e-05 
0.000582799 0.000464022 7.05635e-05 
0.000535714 0.000349951 8.83438e-05 
0.000703023 0.000160468 9.57762e-05 
0.000387803 0.000236573 6.24931e-05 
0.000404034 0.000268371 0.000109836 
0.000261372 0.000368695 0.000102615 
0.000570018 0.000165301 6.05528e-05 
0.000799119 5.31054e-05 0.000137059 
0.000840798 0.000455193 7.89011e-05 
9.03348e-05 6.23219e-05 0.000107509 
0.00017471 9.50829e-05 9.41414e-05 
0.000972437 9.09271e-05 2.75346e-05 
0.0005176 0.000423963 0.000102233 
0.000223534 0.000100797 2.45088e-05 
0.000367128 0.000423476 3.12631e-05 
0.000489689 0.000163823 2.60694e-05 
0.000285229 0.000412504 5.33456e-05 
0.000594239 0.00035183 2.37106e-05 
0.000796975 0.000189288 1.71763e-05 
0.000548806 8.10716e-05 6.0171e-05 
0.000237232 8.34942e-05 7.58891e-05 
0.000519115 0.000462825 1.73978e-05 
0.000389838 7.08864e-05 3.08118e-05 
0.00096573 0.000171877 7.96787e-05 
0.000892037 0.000186575 1.9395e-05 
0.000575155 0.000396868 0.000107566 
0.000621721 0.000133351 9.34444e-05 
0.000395258 0.000364956 7.07478e-05 
0.00068684 0.00038981 4.95268e-05 
0.000650433 6.3443e-05 6.52708e-05 
0.000151376 4.47078e-05 7.22306e-05 
0.000868502 0.000156625 7.43054e-05 
0.000447004 0.000108006 3.6639e-05 
0.000627568 0.000199971 8.90559e-05 
0.000713614 0.000125557 4.9556e-05 
0.000791198 0.000156807 4.01279e-05 
6.30393e-05 0.000333258 8.55727e-05 
0.000154804 0.000378902 7.11757e-05 
0.000440057 0.000432542 8.07304e-05 
0.000593279 0.000238335 6.5244e-05 
0.000787534 0.000383815 5.48926e-05 
2.99376e-05 0.000433951 2.99133e-05 
0.00035137 0.000289286 0.000125562 
0.000184006 0.000434354 2.88145e-05 
0.000143096 0.000278687 2.03559e-05 
0.000276182 6.09531e-05 2.32753e-05 
0.000810815 0.000469308 3.06694e-05 
0.00068666 0.000131593 0.000128807 
0.000980862 0.000295175 1.74972e-05 
0.00012763 0.000260282 5.86243e-05 
0.000878059 0.000331183 9.76937e-05 
0.00021724 3.40963e-05 9.1294e-05 
0.000910197 0.000201615 9.09581e-05 
0.000370957 0.000315278 8.33657e-05 
0.000416368 0.000192757 3.29375e-05 
0.000562969 0.000398593 5.8184e-05 
0.000766667 0.00046242 2.00682e-05 
0.000716565 0.000371063 6.92249e-05 
0.000784841 0.000113939 0.00010496 
0.000418732 3.19583e-05 4.38178e-05 
0.000826795 2.92554e-05 2.92585e-05 
0.000289988 7.91079e-05 8.64828e-05 
0.000724546 0.000253907 7.4763e-05 
8.21413e-05 0.000214726 2.46917e-05 
0.000680064 0.000191481 7.35394e-05 
0.000611888 0.000175737 2.65438e-05 
0.000398409 0.00027595 2.69514e-05 
0.00097175 0.000254002 7.50196e-05 
0.000638862 0.000275732 8.41432e-05 
0.00093478 0.000246604 3.02679e-05 
0.000605348 0.000129306 2.07406e-05 
8.84411e-05 0.000419153 3.03989e-05 
0.000137534 0.000428896 6.78209e-05 
0.000490275 0.000291159 7.79199e-05 
7.09676e-05 0.000158435 8.67439e-05 
0.000677949 0.000478772 3.89431e-05 
0.000641171 0.000381764 8.43042e-05 
0.000128971 0.000195264 4.19364e-05 
0.000302016 0.000275948 2.45233e-05 
0.00052619 0.000273616 4.32488e-05 
0.000756358 0.000181444 8.515e-05 
0.000246736 0.000465566 9.55692e-05 
0.000977268 4.10122e-05 8.9054e-05 
0.000681398 0.00035931 2.10542e-05 
0.000233299 0.000233812 4.17082e-05 
0.000904948 0.000403584 3.66596e-05 
0.000415167 3.31642e-05 8.90398e-05 
0.000700242 5.08227e-05 6.3955e-05 
0.000765511 0.00047396 9.62281e-05 
0.000517356 0.000389825 8.00624e-05 
0.00045861 0.000165143 7.93319e-05 
0.000659987 0.000212859 3.29402e-05 
0.000428981 0.000109129 0.000102838 
0.000269762 0.000468755 4.73984e-05 
0.000979273 0.000383089 8.72564e-05 
0.000159854 0.000154441 6.57511e-05 
0.000901565 9.77173e-05 6.75865e-05 
0.000651409 0.000320003 2.30545e-05 
0.000352489 0.000407513 0.000107334 
0.000318372 0.000396274 7.82876e-05 
0.000869105 0.000125264 0.000127489 
0.000194138 0.000235069 1.80801e-05 
0.000699216 0.000436405 3.0718e-05 
6.47329e-05 2.90158e-05 2.89689e-05 
0.000543821 3.18248e-05 2.52821e-05 
0.0007233 0.000295466 2.06426e-05 
0.000890744 4.2625e-05 3.64742e-05 
0.00021788 0.000270406 1.83525e-05 
0.000918146 0.000142814 8.84297e-05 
0.000305596 0.000162759 5.14488e-05 
0.000792943 0.000341434 9.9234e-05 
0.00051445 0.000267213 9.71231e-05 
0.000723815 0.000294512 6.06117e-05 
0.000202187 0.000323151 7.24284e-05 
0.000791607 0.000444172 6.91623e-05 
0.000825822 0.000217385 2.07636e-05 
0.000600702 0.000409025 2.86319e-05 
2.61557e-05 0.000114413 2.61557e-05 
0.000462185 0.000329897 0.000107672 
0.000466839 0.000471101 6.82952e-05 
3.34918e-05 0.000390142 9.25792e-05 
0.000375935 0.000326113 2.80203e-05 
0.000554724 0.000418003 1.91528e-05 
0.000279419 0.000112153 6.0665e-05 
0.000907186 6.29484e-05 0.00011312 
0.000597319 0.000239959 0.000111617 
0.000798943 0.000212633 6.0284e-05 
0.000426313 0.000386375 4.51625e-05 
0.000253768 0.000126075 3.77621e-05 
0.000746607 2.7084e-05 2.03322e-05 
0.000399119 0.000136982 1.98847e-05 
0.000343348 0.000257364 2.90191e-05 
0.000248325 0.000337405 6.23087e-05 
0.00072916 8.19575e-05 9.00034e-05 
0.000761062 0.000315132 1.85845e-05 
0.000879115 0.000416349 9.06825e-05 
0.000640281 0.000130482 4.25137e-05 
0.000612144 2.20271e-05 4.41553e-05 
0.000350352 0.000471666 5.2547e-05 
0.000578725 0.000124584 6.61544e-05 
0.000126623 0.000113457 5.74859e-05 
0.000207596 0.000471834 6.45858e-05 
0.000200546 5.52109e-05 6.03613e-05 
4.84945e-05 5.47011e-05 0.000112174 
7.15155e-05 0.000323691 2.2513e-05 
0.000665592 0.000243286 7.7276e-05 
2.93652e-05 0.000477226 5.97096e-05 
0.000750824 0.000423881 8.27233e-05 
0.000443804 0.000265999 6.11605e-05 
0.000619252 0.000462146 2.08291e-05 
0.000824969 7.5555e-05 6.5204e-05 
0.000302064 0.00012311 2.42602e-05 
0.000919313 0.000461971 2.46582e-05 
0.000642474 0.000472045 9.45733e-05 
0.000191033 0.000411108 8.34936e-05 
0.000954826 0.000482695 1.71442e-05 
0.000830072 0.000336613 3.29576e-05 
6.31404e-05 0.00043344 8.47594e-05 
0.000465155 0.000438176 2.56016e-05 
0.000774524 0.000114464 6.47746e-05 
0.000743555 0.000328191 5.08359e-05 
0.000594998 0.000303787 0.000100906 
0.00011554 0.000464704 2.16547e-05 
0.000761054 0.000230214 8.80286e-05 
0.000812785 8.33682e-05 2.29176e-05 
0.000731717 0.000402404 5.06655e-05 
0.000479988 0.000409064 8.42559e-05 
0.000561589 0.000150123 0.000119128 
0.000337517 0.000150122 1.79661e-05 
0.00060946 0.00028295 3.39185e-05 
0.000193338 0.000267353 8.16587e-05 
0.00050912 0.000107859 0.000108023 
0.000565057 0.00018924 2.24172e-05 
0.000430888 0.000480635 1.77257e-05 
0.000502296 0.000180286 0.000111117 
0.000750485 0.000134291 2.04287e-05 
0.000212604 0.000179729 1.9481e-05 
0.000109578 0.000434269 0.0001199 
0.000491677 0.000332377 7.64768e-05 
4.68943e-05 0.000191029 5.94171e-05 
0.000673449 0.000274233 3.89867e-05 
0.000587312 3.51332e-05 7.54492e-05 
0.000130858 0.00037579 3.02719e-05 
3.20014e-05 0.000288552 7.2503e-05 
0.000370007 0.000431631 7.92948e-05 
0.000535523 0.000300241 1.72964e-05 
0.000847861 8.0915e-05 0.000119087 
0.000732235 9.43336e-05 1.97348e-05 
6.85707e-05 0.000168238 1.90541e-05 
6.52812e-05 0.000374644 1.99604e-05 
0.000266272 0.000210349 0.000110024 
0.000965624 0.000207376 2.00958e-05 
0.000278081 0.000236721 2.15293e-05 
0.000836402 0.000177257 0.000107832 
0.00088763 0.000345439 2.51032e-05 
0.000674927 0.000128693 2.69783e-05 
2.25768e-05 0.000251456 2.25665e-05 
0.000720144 0.000244414 2.65851e-05 
0.000117589 0.000243364 1.92077e-05 
0.000946282 0.000147955 1.71476e-05 
0.000889302 0.000448132 6.42159e-05 
0.000422273 0.000417931 2.19561e-05 
0.00011541 6.27678e-05 3.13142e-05 
0.000569516 0.00031511 6.19812e-05 
0.000864389 0.00021176 2.52721e-05 
0.000260518 0.000192582 7.01197e-05 
2.72603e-05 0.000353898 6.42366e-05 
0.000780537 0.000270153 7.31825e-05 
0.000243682 2.52284e-05 2.50531e-05 
0.000789816 6.37911e-05 5.01065e-05 
0.000271576 0.000273738 0.000122836 
0.00029284 0.000435268 9.43319e-05 
0.000700837 0.000171083 2.56925e-05 
0.000350482 0.000116538 1.80347e-05 
0.000971911 0.000420915 0.000109276 
0.000169749 0.000172833 2.17747e-05 
0.000145507 0.00032159 2.09999e-05 
0.000970397 0.000103087 7.48749e-05 
0.000213062 5.79935e-05 1.98605e-05 
0.00097118 0.000136917 4.46441e-05 
0.000809546 0.000278831 2.43349e-05 
0.000396503 0.000475149 0.000120212 
7.67624e-05 0.000126805 3.83205e-05 
0.00043894 0.000383668 9.62294e-05 
0.000132578 0.000313167 0.000108963 
0.000463709 2.28783e-05 2.26025e-05 
0.000941849 0.000381186 0.000131629 
0.000934491 0.000354614 2.2304e-05 
0.00022696 0.00031335 2.62424e-05 
0.000357293 0.000225455 0.000112693 
0.000826144 0.000406427 0.000102417 
0.000973249 0.000469347 5.4682e-05 
0.000225382 0.000152114 4.95456e-05 
0.000407874 0.000199851 0.000117693 
0.00011313 0.000153125 2.08332e-05 
0.000274388 0.000331955 2.01104e-05 
0.000351011 2.43094e-05 9.16973e-05 
0.000652739 0.000450161 5.56208e-05 
2.51009e-05 0.000383999 2.02889e-05 
0.000507633 0.000482673 9.76461e-05 
0.000972976 0.000322182 5.65624e-05 
0.000616646 0.000430158 6.89485e-05 
0.000936533 0.00030723 2.40419e-05 
0.000372144 0.000170804 2.03965e-05 
0.000586373 6.83696e-05 0.000103133 
0.000880109 8.25358e-05 9.8516e-05 
0.0009424 2.21938e-05 2.11528e-05 
0.000445003 5.78463e-05 1.71704e-05 
0.000695051 0.000456091 8.59515e-05 
0.000687241 6.07476e-05 0.000106718 
0.000759136 0.000435884 4.59095e-05 
0.000333606 3.53134e-05 3.53166e-05 
0.000347814 0.000461227 8.86249e-05 
0.000670161 5.39982e-05 2.06431e-05 
0.000320676 0.000324195 2.72735e-05 
0.000495016 8.38825e-05 6.93232e-05 
0.000112258 0.000377498 8.9067e-05 
0.00023035 0.000390848 6.95753e-05 
0.00050918 0.000114824 2.66776e-05 
1.92715e-05 7.48111e-05 9.11758e-05 
0.000503119 2.2206e-05 1.71815e-05 
0.000854875 0.000378666 0.000103096 
0.000312201 8.18557e-05 1.8609e-05 
4.31243e-05 0.000201771 1.70879e-05 
0.00015518 0.000238522 8.26991e-05 
0.000565944 0.000320062 1.90497e-05 
0.000421659 0.000320568 9.96198e-05 
0.000466323 0.000208007 2.0699e-05 
0.000830763 0.000112028 9.7407e-05 
0.000846441 0.000255229 0.000101923 
0.000181462 0.000297074 2.23449e-05 
0.000621007 0.000331324 4.73839e-05 
0.000540729 2.71027e-05 7.00939e-05 
0.000642427 0.000429917 1.94832e-05 
0.000852376 2.29875e-05 0.000114282 
0.000312724 0.000438742 2.55352e-05 
0.000429758 0.000308277 1.87668e-05 
0.000972633 6.49694e-05 0.000130176 
0.000315715 0.000380272 2.904e-05 
2.94185e-05 0.000207495 0.000101833 
0.000122648 0.000130416 0.000100316 
0.000168046 0.00034517 4.70837e-05 
0.000937163 0.000105698 0.000105047 
0.00041384 0.000455748 4.61559e-05 
0.000485298 0.000210979 7.36325e-05 
8.68383e-05 0.000478117 8.80861e-05 
0.000476035 0.000455645 0.00010903 
0.000866054 0.000367175 6.05623e-05 
0.000128131 0.000479987 5.66153e-05 
0.000156941 0.000228315 1.97681e-05 
0.000498025 0.000456288 4.81718e-05 
0.000766362 3.7776e-05 0.000115269 
0.000754298 0.000147101 5.73747e-05 
0.000260332 0.000161444 2.21548e-05 
0.000494062 0.000260862 2.04e-05 
0.000583812 9.72024e-05 2.18206e-05 
0.000814169 2.16793e-05 9.30094e-05 
0.000601402 0.000223696 2.27445e-05 
0.000716511 0.000336433 2.08505e-05 
0.000873728 9.84458e-05 2.22037e-05 
0.000171907 3.06228e-05 3.0623e-05 
0.000598945 2.90027e-05 0.000119163 
0.000596174 0.00034562 8.21924e-05 
0.000713897 5.56718e-05 2.31943e-05 
0.000214543 0.000166735 9.32092e-05 
0.000552775 0.000455599 4.13995e-05 
0.000761565 0.00027352 2.79022e-05 
0.000736544 0.000473253 5.42231e-05 
0.000549563 0.000376146 2.32145e-05 
0.00061865 9.42459e-05 4.05907e-05 
0.00078201 0.000426169 0.000126023 
0.000539018 0.000301629 8.801e-05 
0.000769109 0.000390074 0.000136856 
2.32693e-05 0.00034089 2.26355e-05 
0.000666787 0.000402063 1.81561e-05 
0.000553083 0.000470575 0.000107041 
0.000158065 0.000300272 7.95018e-05 
0.000386886 0.000141548 8.43145e-05 
0.00092324 0.000474239 7.33821e-05 
0.000726174 0.00038071 1.84416e-05 
6.23537e-05 8.07751e-05 2.30417e-05 
0.000669325 2.06619e-05 9.39461e-05 
0.000582747 0.000478316 1.9132e-05 
0.000573974 0.00020549 8.7268e-05 
0.000400963 0.000418247 7.07319e-05 
0.000172169 1.86148e-05 8.80139e-05 
0.000189359 0.000186095 5.26362e-05 
0.000410593 0.000358794 2.58389e-05 
0.000387075 0.00010261 7.14249e-05 
0.000494986 0.00035334 0.00013883 
0.000790556 6.6236e-05 8.91021e-05 
0.000820764 0.000254222 5.92715e-05 
0.000696095 0.000294801 0.000113 
0.000831713 0.000145774 2.25256e-05 
0.000568364 0.000358987 5.68583e-05 
0.000975106 0.000167894 1.78722e-05 
0.000150252 0.000135772 2.01376e-05 
0.000479306 3.4927e-05 0.000136548 
0.000267917 4.01499e-05 6.36029e-05 
2.04121e-05 0.000214335 4.41527e-05 
0.000631468 0.000323518 8.16305e-05 
0.000281129 0.000196745 3.54109e-05 
0.000688835 0.000242881 0.00011995 
0.000553581 3.16517e-05 0.00010721 
0.000536734 0.000130129 0.000134715 
0.000268208 0.000240544 7.55887e-05 
0.000917745 0.000168791 4.7618e-05 
0.000892136 0.000270761 0.000107845 
0.000587994 5.55133e-05 2.39518e-05 
3.46481e-05 0.000232461 7.42485e-05 
0.000199167 0.000356539 0.000123492 
0.000830074 0.000180217 6.68982e-05 
6.62239e-05 7.53041e-05 6.40907e-05 
0.000240275 0.000418544 2.9635e-05 
0.000694873 0.000103633 8.75495e-05 
3.10802e-05 0.00035511 0.000114044 
0.000552909 0.000146508 2.19817e-05 
0.000746821 6.99309e-05 4.88497e-05 
0.000951946 0.000375835 5.61706e-05 
0.000485434 0.000479689 2.0284e-05 
0.000377596 3.72518e-05 6.6832e-05 
0.000977316 2.26722e-05 4.76196e-05 
0.000307046 3.44543e-05 9.11933e-05 
0.000445421 0.000345882 1.82601e-05 
0.000978438 0.000355422 2.15509e-05 
0.000349372 0.000131086 0.000102964 
0.000808369 0.000473315 0.000111776 
0.000467626 8.33616e-05 0.000120795 
0.000149448 0.000212742 0.000111405 
0.000919396 0.000257778 7.49743e-05 
0.000530545 0.000335465 3.9027e-05 
3.56778e-05 0.000108873 0.000108518 
0.000111222 0.000108742 1.70145e-05 
0.000157566 0.000477671 2.23283e-05 
0.000908337 0.000381338 0.000142859 
0.000517082 7.2367e-05 0.00010176 
0.000743438 0.000282422 0.000107367 
0.000952974 0.00034156 0.00011573 
0.000315189 0.00046683 0.000117839 
8.60523e-05 9.99131e-05 9.37369e-05 
0.00073939 0.000132065 0.000100999 
0.000356905 0.000212154 2.63264e-05 
0.000524269 0.000453118 7.33173e-05 
0.000226779 0.000479449 2.05476e-05 
8.69228e-05 0.000355092 5.05414e-05 
9.76748e-05 0.000287483 0.000108562 
0.000310182 0.00023788 5.54847e-05 
0.000226746 0.000218613 0.000121038 
0.000859749 0.000202568 7.8734e-05 
0.000118204 2.22779e-05 6.63099e-05 
0.000939231 0.000284883 6.00486e-05 
1.80803e-05 0.000104441 6.84766e-05 
0.000929387 0.000194546 1.83508e-05 
0.000892067 0.000237115 6.00335e-05 
0.000496545 0.000141999 0.000134914 
0.000866112 0.000470567 2.94256e-05 
0.000506047 0.000314597 0.000111582 
9.7345e-05 0.000459592 5.80949e-05 
0.000755823 0.000409511 1.96573e-05 
0.000288455 0.000482316 9.05365e-05 
0.000755336 0.000354271 2.09861e-05 
0.000691157 2.41286e-05 3.44346e-05 
0.000630535 4.93733e-05 1.928e-05 
0.000198356 0.000368154 4.48756e-05 
0.000252512 0.000140013 0.00013377 
0.000348172 0.000173219 4.96691e-05 
0.00046338 0.00029591 0.000140725 
0.00056457 0.000262685 4.88393e-05 
0.000285939 2.09658e-05 1.75517e-05 
0.000458126 0.000246212 1.84397e-05 
0.00016908 0.000375503 0.00010442 
0.000854498 0.000233387 5.57884e-05 
0.000661131 1.79802e-05 5.1801e-05 
0.000260794 0.000312322 0.000139288 
0.000397947 0.000458267 8.69703e-05 
0.000721047 2.23826e-05 8.76631e-05 
0.000958679 0.000439447 2.07526e-05 
0.000846839 0.000253424 2.09159e-05 
0.000445429 6.52298e-05 7.54351e-05 
0.000193666 0.000136373 2.17748e-05 
0.000936837 8.5496e-05 0.000143166 
0.000360014 0.000287502 4.55365e-05 
0.000134377 0.000427038 1.75956e-05 
9.7036e-05 0.00028301 2.56072e-05 
0.000378601 0.000184629 7.25731e-05 
0.000781789 0.000235416 1.983e-05 
0.000494318 7.37967e-05 3.39309e-05 
0.000769995 8.43352e-05 1.93038e-05 
0.000323134 0.000436951 6.89906e-05 
0.000909736 2.22935e-05 8.33174e-05 
0.000924343 0.000127474 3.74429e-05 
0.000474611 0.000361649 8.53296e-05 
0.000965413 0.000131278 0.00013005 
0.000712134 0.000406385 9.53843e-05 
2.30683e-05 0.000160274 1.84739e-05 
0.000501129 2.38773e-05 5.64155e-05 
0.000277085 0.000371046 5.58434e-05 
0.000124206 7.1736e-05 8.30975e-05 
0.000191274 0.00033934 1.73966e-05 
0.000789981 0.000432407 1.79403e-05 
0.000843192 0.000108835 4.816e-05 
0.000311602 0.000347048 0.000108106 
0.00054473 0.000257269 7.69468e-05 
0.000782693 3.61601e-05 1.70391e-05 
0.000667955 0.00010766 5.86812e-05 
0.000656088 0.000161083 2.04597e-05 
6.91352e-05 0.000389587 0.00011492 
0.000194651 0.000478133 0.000109403 
0.000656971 0.000462738 1.7058e-05 
7.04234e-05 0.000467638 2.19785e-05 
0.000118702 0.000320477 6.24838e-05 
0.000871017 0.000164307 0.000132693 
0.000565372 0.00027291 0.000101681 
0.000605108 9.70006e-05 0.000129716 
3.17731e-05 0.000481267 1.87287e-05 
0.000765671 0.000308867 8.41707e-05 
6.86537e-05 4.1616e-05 8.07771e-05 
0.000468925 0.000219022 0.000125508 
0.00037811 0.000476676 2.34777e-05 
1.80981e-05 0.000416926 7.32195e-05 
0.000353934 0.00038307 5.77934e-05 
2.18812e-05 0.00029639 2.18929e-05 
0.000816441 2.08583e-05 0.000135903 
0.000242817 0.000274692 6.79267e-05 
0.000364109 0.000372766 2.06425e-05 
0.000912077 9.853e-05 1.7917e-05 
0.000267024 0.000100666 1.78391e-05 
