0.000838175 0.00041665 3.10915e-05 
8.26451e-05 0.000295649 6.80581e-05 
0.00052823 0.000215333 9.56512e-05 
0.000315774 0.000239138 0.000104892 
0.000685941 0.000330341 6.5261e-05 
0.000368063 7.06583e-05 9.50704e-05 
0.000751017 0.00019632 3.0999e-05 
0.000884574 0.000288512 4.71516e-05 
0.000525921 4.99468e-05 0.000134104 
0.000782773 0.000237932 0.000123614 
0.000638086 0.000371966 2.4238e-05 
0.000178636 0.000387191 1.97471e-05 
0.000828264 0.000298928 8.42603e-05 
0.000204621 0.000213184 8.11912e-05 
0.000488136 0.000378767 3.62679e-05 
0.000799288 0.000158342 8.8632e-05 
0.000441233 0.000353932 5.88943e-05 
0.000235764 0.000364169 2.52295e-05 
0.000525446 0.00015044 5.94041e-05 
0.000887543 0.000240413 1.89335e-05 
0.000922621 0.000333819 6.327e-05 
0.00041427 0.000311862 5.56901e-05 
0.000946358 5.72984e-05 5.76536e-05 
0.000865626 4.23617e-05 8.57357e-05 
0.000689446 9.36382e-05 2.14358e-05 
0.000266115 0.000303036 4.91585e-05 
8.70493e-05 0.000223017 8.46914e-05 
0.000561768 0.000239761 1.97562e-05 
0.000170484 9.10552e-05 2.98331e-05 
0.000971077 0.00046253 0.000113943 
0.000517897 0.00021534 3.6618e-05 
0.000962419 0.000211379 5.78108e-05 
0.000882654 0.0001412 2.57066e-05 
0.000765555 2.72225e-05 5.70075e-05 
6.24086e-05 0.000254105 4.23127e-05 
0.000734153 0.000340631 0.000104827 
0.000610149 0.000437586 0.000117479 
0.000311348 0.000179707 0.00010285 
0.000344669 0.000210955 7.43786e-05 
0.00032206 0.000184444 1.87183e-05 
0.000310982 0.000293428 8.10697e-05 
0.000479568 0.000310238 3.28627e-05 
0.000456795 2.32082e-05 6.7895e-05 
0.000335062 9.70579e-05 6.23856e-05 
0.00096574 0.000397703 2.18006e-05 
0.000581579 0.000463855 7.24183e-05 
0.000536232 0.000350361 8.82972e-05 
0.000703023 0.000160468 9.85045e-05 
0.000387462 0.000236894 6.24513e-05 
0.000404602 0.000267001 0.000110563 
0.000260707 0.000369709 0.000103913 
0.000569438 0.000166736 6.14171e-05 
0.000799119 5.31054e-05 0.000139257 
0.000840085 0.000456735 7.93102e-05 
9.05171e-05 6.24629e-05 0.000109462 
0.00017414 9.37108e-05 9.42561e-05 
0.000972417 9.08935e-05 2.75303e-05 
0.000516969 0.000423511 0.000103112 
0.000223721 0.000100541 2.45084e-05 
0.000366437 0.000423861 3.12573e-05 
0.000490577 0.000163936 2.60631e-05 
0.000285399 0.00041214 5.32789e-05 
0.000594763 0.000351432 2.37113e-05 
0.000796807 0.000188585 1.71772e-05 
0.000548772 8.10243e-05 6.09831e-05 
0.000236916 8.33102e-05 7.60407e-05 
0.000519856 0.000462701 1.73977e-05 
0.000390203 7.18184e-05 3.08115e-05 
0.000965772 0.000171603 8.1054e-05 
0.000891704 0.00018691 1.93949e-05 
0.000575155 0.000396868 0.000109985 
0.000622025 0.000133718 9.53218e-05 
0.000395398 0.0003664 7.29308e-05 
0.000686546 0.00039034 4.98467e-05 
0.000651061 6.31779e-05 6.62156e-05 
0.000151935 4.44343e-05 7.24658e-05 
0.000868194 0.0001566 7.45398e-05 
0.000447753 0.000107998 3.66379e-05 
0.000628165 0.000200219 8.96097e-05 
0.000713929 0.00012584 5.00047e-05 
0.000792188 0.000157786 4.25698e-05 
6.38577e-05 0.000333561 8.66223e-05 
0.000153837 0.00037871 7.18116e-05 
0.000440177 0.000432913 8.22525e-05 
0.000594098 0.000238191 6.54589e-05 
0.000787446 0.00038347 5.54034e-05 
2.99485e-05 0.000433875 2.99112e-05 
0.00035137 0.000289286 0.00012792 
0.000184268 0.00043458 2.88139e-05 
0.000142887 0.000278293 2.03563e-05 
0.000276015 6.1338e-05 2.32759e-05 
0.000810366 0.000468559 3.26986e-05 
0.00068666 0.000131593 0.000131163 
0.000980862 0.000295175 1.74972e-05 
0.000127345 0.000260799 5.89916e-05 
0.000878975 0.000331351 9.87786e-05 
0.000216949 3.5208e-05 9.38435e-05 
0.000909463 0.000202478 9.44255e-05 
0.00037051 0.00031647 8.35082e-05 
0.000416916 0.000193636 3.29343e-05 
0.000563557 0.000397818 5.86806e-05 
0.000766621 0.000462618 2.00588e-05 
0.000715925 0.000371979 7.02968e-05 
0.000784781 0.000113943 0.00010782 
0.000418016 3.29467e-05 4.60783e-05 
0.000827013 2.92698e-05 2.92556e-05 
0.000289582 8.01156e-05 8.76548e-05 
0.000724874 0.000254147 7.47968e-05 
8.22865e-05 0.000214543 2.46832e-05 
0.00067979 0.000191773 7.49534e-05 
0.000611617 0.000175619 2.66763e-05 
0.000398404 0.000276221 2.69539e-05 
0.000971748 0.000253071 7.53944e-05 
0.000638921 0.000275661 8.7751e-05 
0.000934927 0.000247319 3.02725e-05 
0.000606421 0.000129038 2.07417e-05 
8.83939e-05 0.000418883 3.03938e-05 
0.000137827 0.000427773 6.7652e-05 
0.000489908 0.000291813 7.83449e-05 
7.10692e-05 0.000158047 8.72933e-05 
0.000677366 0.000477961 4.00858e-05 
0.000641213 0.000380676 8.4545e-05 
0.000129084 0.000194972 4.18967e-05 
0.000302221 0.000275549 2.45241e-05 
0.000525693 0.000274563 4.40248e-05 
0.000756083 0.000181746 8.51713e-05 
0.000246274 0.000465809 9.67726e-05 
0.000976175 4.12819e-05 9.05469e-05 
0.000681664 0.000360031 2.1062e-05 
0.000233499 0.000234487 4.26005e-05 
0.000904372 0.00040354 3.66512e-05 
0.000415191 3.37449e-05 9.03446e-05 
0.000701377 5.11946e-05 6.45733e-05 
0.000764858 0.000473848 9.74202e-05 
0.000516308 0.00038957 8.06592e-05 
0.000459045 0.000165399 7.9045e-05 
0.000659706 0.000212881 3.29471e-05 
0.000429462 0.000109396 0.000102752 
0.000269386 0.000468753 4.86299e-05 
0.000979278 0.000382644 8.71682e-05 
0.000159621 0.000155451 6.66139e-05 
0.000901565 9.77173e-05 6.9607e-05 
0.000651946 0.000318784 2.30568e-05 
0.000351988 0.000408035 0.000108651 
0.000319375 0.000396252 7.81565e-05 
0.000869105 0.000125264 0.000129476 
0.000194864 0.000234794 1.808e-05 
0.000699861 0.000436553 3.07223e-05 
6.47329e-05 2.90158e-05 2.89689e-05 
0.00054357 3.20865e-05 2.52995e-05 
0.000723664 0.00029551 2.06495e-05 
0.000891025 4.26209e-05 3.64833e-05 
0.000217958 0.000270434 1.83524e-05 
0.00091745 0.000143589 9.10145e-05 
0.000305617 0.000162523 5.14153e-05 
0.000792161 0.000341561 0.000100298 
0.000515243 0.00026697 9.93704e-05 
0.000723829 0.000294627 6.06088e-05 
0.000202068 0.00032211 7.28099e-05 
0.000791042 0.000444014 7.11559e-05 
0.000826414 0.000218218 2.07656e-05 
0.000600647 0.000409097 2.8632e-05 
2.61541e-05 0.000114452 2.61555e-05 
0.000461548 0.000329733 0.000109819 
0.000466884 0.000471021 7.0872e-05 
3.25079e-05 0.000390992 9.40411e-05 
0.000375851 0.000326344 2.80217e-05 
0.000554617 0.000417788 1.91487e-05 
0.000280253 0.000112823 6.12104e-05 
0.000907186 6.29484e-05 0.000115576 
0.000597319 0.000239959 0.000114734 
0.000798882 0.000212804 5.97988e-05 
0.000425717 0.000387467 4.62502e-05 
0.000253555 0.000126059 3.81953e-05 
0.000746473 2.80341e-05 2.03289e-05 
0.000399119 0.000136982 1.98847e-05 
0.000343212 0.00025724 3.19633e-05 
0.000247566 0.000338832 6.34195e-05 
0.000729158 8.19577e-05 9.27362e-05 
0.000760678 0.000314937 1.85833e-05 
0.000879711 0.000416073 9.13013e-05 
0.000640155 0.000131689 4.41972e-05 
0.000610812 2.20288e-05 4.477e-05 
0.000350517 0.000471571 5.47101e-05 
0.00057886 0.000124252 6.84893e-05 
0.000126963 0.000114292 5.71523e-05 
0.000208012 0.000471891 6.46056e-05 
0.000200275 5.42913e-05 6.16156e-05 
4.84945e-05 5.58324e-05 0.000114135 
7.29399e-05 0.000324524 2.25147e-05 
0.000665563 0.000243403 7.97487e-05 
2.95372e-05 0.000477248 5.97183e-05 
0.000750717 0.00042383 8.5326e-05 
0.000443669 0.000266014 6.12726e-05 
0.000619222 0.000462135 2.08291e-05 
0.000825168 7.59369e-05 6.70802e-05 
0.000302451 0.000122814 2.42598e-05 
0.000918706 0.000461981 2.47219e-05 
0.000642803 0.000471412 9.67654e-05 
0.000190691 0.000410899 8.62655e-05 
0.000954197 0.000482716 1.71382e-05 
0.000830246 0.000336624 3.29988e-05 
6.292e-05 0.000433905 8.57874e-05 
0.000465646 0.000438502 2.56006e-05 
0.000774445 0.000114678 6.7634e-05 
0.000743218 0.000328007 5.08577e-05 
0.000593335 0.000304662 0.000102058 
0.000114519 0.000464374 2.16526e-05 
0.000761054 0.000230214 9.00911e-05 
0.000812325 8.29757e-05 2.29186e-05 
0.000731861 0.000402205 5.05865e-05 
0.000479655 0.000408514 8.44414e-05 
0.000561556 0.000150097 0.00012112 
0.000337616 0.000149848 1.79661e-05 
0.000608826 0.000283147 3.39188e-05 
0.00019354 0.000267014 8.55764e-05 
0.000509187 0.000107591 0.000110431 
0.000564872 0.000189369 2.24137e-05 
0.000430222 0.000479648 1.77334e-05 
0.000501375 0.000180301 0.000112716 
0.000750443 0.000134712 2.04256e-05 
0.000212766 0.000179377 1.94797e-05 
0.000109578 0.000434269 0.000122754 
0.000490883 0.000331479 7.70469e-05 
4.63796e-05 0.000191304 6.14492e-05 
0.000673832 0.000273835 4.13526e-05 
0.000587941 3.51238e-05 7.75287e-05 
0.000131099 0.000375676 3.02618e-05 
3.2026e-05 0.000289506 7.2642e-05 
0.000369173 0.000431004 7.9457e-05 
0.000535342 0.000300302 1.7297e-05 
0.000847861 8.0915e-05 0.000121884 
0.000731649 9.45281e-05 1.97359e-05 
6.85992e-05 0.000168093 1.90588e-05 
6.61391e-05 0.000373896 1.99671e-05 
0.000266589 0.000210211 0.000112517 
0.000965547 0.000207426 2.00985e-05 
0.000277933 0.000235958 2.15276e-05 
0.000836958 0.000176832 0.000110085 
0.000887431 0.000345232 2.51115e-05 
0.000674699 0.000129016 2.84511e-05 
2.26751e-05 0.000250951 2.25686e-05 
0.000720351 0.000244854 2.65852e-05 
0.00011763 0.000243433 1.92054e-05 
0.000946483 0.000147469 1.71511e-05 
0.000888286 0.00044787 6.43307e-05 
0.000422738 0.00041831 2.19552e-05 
0.000115494 6.27754e-05 3.13123e-05 
0.000569209 0.000315472 6.20905e-05 
0.000864602 0.000212119 2.73793e-05 
0.000261075 0.000192896 7.23422e-05 
2.76905e-05 0.000352617 6.45766e-05 
0.000780472 0.000270529 7.61325e-05 
0.000243975 2.51689e-05 2.5215e-05 
0.000790697 6.45812e-05 5.19641e-05 
0.000271576 0.000273738 0.000124865 
0.000293782 0.000435327 9.62293e-05 
0.00070058 0.000170982 2.5682e-05 
0.000349349 0.000115627 1.80368e-05 
0.000971911 0.000420928 0.000111963 
0.000169956 0.000172792 2.1773e-05 
0.000146146 0.000322259 2.09954e-05 
0.000970507 0.000102393 7.50704e-05 
0.000213415 5.76121e-05 1.9778e-05 
0.000969373 0.000136185 4.62488e-05 
0.000809481 0.000276191 2.43513e-05 
0.000396503 0.000475149 0.000122434 
7.66951e-05 0.000126785 3.86115e-05 
0.000439865 0.000384057 9.78278e-05 
0.000133164 0.000312865 0.000111758 
0.000463527 2.28925e-05 2.25884e-05 
0.000941849 0.000381186 0.000133632 
0.000934351 0.000354744 2.23086e-05 
0.000226582 0.00031347 2.62545e-05 
0.000358377 0.000223777 0.000113382 
0.000826651 0.000405952 0.000104618 
0.000972188 0.000469434 5.49066e-05 
0.000225227 0.000152168 4.99742e-05 
0.000409096 0.000198705 0.000119637 
0.000113129 0.000152847 2.08334e-05 
0.000274211 0.000330423 2.01099e-05 
0.000350321 2.47737e-05 9.39072e-05 
0.000654566 0.000448999 5.84822e-05 
2.51009e-05 0.000383999 2.05013e-05 
0.00050704 0.000482509 9.98626e-05 
0.00097298 0.000321856 5.66205e-05 
0.000617294 0.000429335 6.91234e-05 
0.000936479 0.000307398 2.40421e-05 
0.000372413 0.000170966 2.26866e-05 
0.000585155 6.84516e-05 0.000104978 
0.000880109 8.25358e-05 0.000100474 
0.000943613 2.22463e-05 2.11443e-05 
0.000445003 5.78463e-05 1.71704e-05 
0.000696797 0.000456454 8.75752e-05 
0.000688331 6.0016e-05 0.000107549 
0.000760378 0.000435535 4.56317e-05 
0.000334597 3.53114e-05 3.53015e-05 
0.00034692 0.000460008 9.03632e-05 
0.000669253 5.41304e-05 2.06559e-05 
0.000320608 0.000323894 2.7273e-05 
0.000495113 8.38419e-05 7.16844e-05 
0.000111576 0.000377476 9.10242e-05 
0.000230489 0.0003927 7.07013e-05 
0.000509903 0.000114851 2.6681e-05 
1.92765e-05 7.57191e-05 9.29172e-05 
0.000502977 2.22732e-05 1.72122e-05 
0.000855993 0.000378725 0.000105623 
0.000312406 8.15151e-05 1.85989e-05 
4.30376e-05 0.00020243 1.70889e-05 
0.00015437 0.00023962 8.41342e-05 
0.000565911 0.000320202 1.9097e-05 
0.000421676 0.000319265 9.98385e-05 
0.000466944 0.000208619 2.06981e-05 
0.000830763 0.000112028 9.96716e-05 
0.000845949 0.000256394 0.000103916 
0.000181158 0.000296878 2.24376e-05 
0.000621963 0.000331376 4.72459e-05 
0.000540403 2.75358e-05 7.12779e-05 
0.00064275 0.000430161 2.2051e-05 
0.000852847 2.36953e-05 0.000115452 
0.00031206 0.000439259 2.55346e-05 
0.000429941 0.000308315 1.87685e-05 
0.000972633 6.49694e-05 0.000132204 
0.000316049 0.000379997 2.90436e-05 
2.94607e-05 0.000207703 0.00010431 
0.000122868 0.000129583 0.000100605 
0.000168296 0.000345302 4.7893e-05 
0.000936716 0.000106567 0.000107027 
0.000413983 0.00045539 4.71727e-05 
0.000485724 0.000211036 7.51334e-05 
8.73084e-05 0.000477282 8.87661e-05 
0.000475472 0.000455635 0.000111745 
0.000866333 0.00036659 6.10917e-05 
0.000128128 0.000479984 5.86791e-05 
0.00015779 0.000227408 1.97609e-05 
0.000497633 0.000455781 5.00077e-05 
0.000766362 3.7776e-05 0.000117397 
0.000754692 0.00014675 5.76048e-05 
0.000259891 0.000161274 2.2151e-05 
0.000494603 0.000260692 2.04035e-05 
0.000584529 9.73525e-05 2.40803e-05 
0.000814169 2.16793e-05 9.53718e-05 
0.000600972 0.000223538 2.27445e-05 
0.000716226 0.000336332 2.08489e-05 
0.000873494 9.89519e-05 2.45518e-05 
0.000172182 3.06369e-05 3.06223e-05 
0.000598677 2.9773e-05 0.000121818 
0.000595308 0.000345523 8.37036e-05 
0.000713114 5.58591e-05 2.31921e-05 
0.000215081 0.000166468 9.39059e-05 
0.000552578 0.000454727 4.24453e-05 
0.000761537 0.000274068 3.0865e-05 
0.000737026 0.00047324 5.47246e-05 
0.000550024 0.000375878 2.32194e-05 
0.000619025 9.52599e-05 4.34839e-05 
0.00078201 0.000426169 0.000128077 
0.000539707 0.000302323 8.94501e-05 
0.000769109 0.000390074 0.000138874 
2.32989e-05 0.000340893 2.26358e-05 
0.000666979 0.000402432 1.81422e-05 
0.000552199 0.000470619 0.000109133 
0.00015828 0.000299966 8.20733e-05 
0.00038678 0.000140377 8.67056e-05 
0.000922056 0.000474229 7.35562e-05 
0.000726269 0.000380624 1.84416e-05 
6.23592e-05 8.07674e-05 2.30417e-05 
0.000669325 2.06619e-05 9.62247e-05 
0.000582135 0.000476924 1.91317e-05 
0.000574559 0.000205522 9.02523e-05 
0.000400941 0.00041832 7.27799e-05 
0.000172169 1.86148e-05 9.0285e-05 
0.000188384 0.000186017 5.33658e-05 
0.000411275 0.000358229 2.85458e-05 
0.00038677 0.000101844 7.26611e-05 
0.000494986 0.00035334 0.000140992 
0.000790558 6.61861e-05 9.10099e-05 
0.000820109 0.000254728 6.1356e-05 
0.000696095 0.000294801 0.000115776 
0.000831059 0.000145125 2.25257e-05 
0.000568942 0.000358855 5.68459e-05 
0.000975002 0.000167821 1.78722e-05 
0.000150381 0.000135772 2.01418e-05 
0.000479306 3.4927e-05 0.000138579 
0.000268982 4.10252e-05 6.40818e-05 
2.04148e-05 0.000214128 4.46123e-05 
0.000630912 0.000323971 8.20018e-05 
0.000280103 0.000196402 3.67141e-05 
0.000688835 0.000242881 0.000121929 
0.000553546 3.16395e-05 0.000109711 
0.000536798 0.00013018 0.000136957 
0.000267199 0.000240195 7.7825e-05 
0.000918705 0.000170377 5.09503e-05 
0.000894079 0.000269854 0.000109792 
0.000587263 5.55629e-05 2.39521e-05 
3.43564e-05 0.000231929 7.60232e-05 
0.000199167 0.000356539 0.00012617 
0.000829933 0.000181031 6.92032e-05 
6.60213e-05 7.55907e-05 6.41543e-05 
0.0002405 0.00041865 2.9632e-05 
0.000695663 0.000104554 8.86998e-05 
3.24009e-05 0.000355825 0.000115332 
0.000551987 0.000146776 2.19824e-05 
0.000746001 7.01724e-05 4.89508e-05 
0.000951508 0.000376094 5.62662e-05 
0.000486229 0.000479488 2.02961e-05 
0.000377149 3.66333e-05 6.87655e-05 
0.000977328 2.26881e-05 4.91249e-05 
0.000306403 3.49004e-05 9.37453e-05 
0.000445416 0.000345393 1.82838e-05 
0.00097841 0.000355091 2.15479e-05 
0.000348975 0.000129756 0.000104627 
0.000807571 0.000472877 0.000113214 
0.000467163 8.36763e-05 0.000122694 
0.00014967 0.00021394 0.000113098 
0.000919535 0.000257907 7.51246e-05 
0.000530552 0.000335487 3.92073e-05 
3.56703e-05 0.000108859 0.000111831 
0.000110971 0.000108716 1.70138e-05 
0.000156439 0.000477672 2.23281e-05 
0.000908337 0.000381338 0.000144847 
0.000518 7.23952e-05 0.000103374 
0.000742911 0.000281463 0.000108883 
0.000952974 0.00034156 0.00011832 
0.000314672 0.000467356 0.000119683 
8.60523e-05 9.99131e-05 9.57449e-05 
0.00073939 0.000132065 0.000103626 
0.000356677 0.000212257 2.63263e-05 
0.000524366 0.000452984 7.46722e-05 
0.000227194 0.000479403 2.05458e-05 
8.7433e-05 0.000355506 5.14958e-05 
9.76748e-05 0.000287483 0.000110619 
0.0003087 0.000238126 5.66482e-05 
0.000226935 0.000218573 0.000123036 
0.000859699 0.000202859 8.08731e-05 
0.000118121 2.22824e-05 6.63217e-05 
0.0009389 0.000285475 6.03242e-05 
1.80856e-05 0.000103782 6.83086e-05 
0.000928886 0.000193412 1.90736e-05 
0.000891535 0.000237202 6.24821e-05 
0.000496545 0.000141999 0.000137139 
0.00086551 0.000470567 2.94426e-05 
0.000506363 0.00031542 0.000112544 
9.76402e-05 0.000458837 5.86442e-05 
0.000756177 0.00040899 1.96526e-05 
0.000288398 0.000482314 9.16268e-05 
0.000755368 0.000354098 2.09856e-05 
0.000691286 2.446e-05 3.63636e-05 
0.000629757 4.8417e-05 1.92861e-05 
0.000198345 0.000368564 4.49719e-05 
0.000252512 0.000140013 0.000135917 
0.000347919 0.000174204 5.14945e-05 
0.00046338 0.00029591 0.000142706 
0.000564872 0.000261608 4.98348e-05 
0.000285939 2.09658e-05 1.75517e-05 
0.000458318 0.000246751 1.8441e-05 
0.000168828 0.00037556 0.000106289 
0.00085413 0.000234615 5.6837e-05 
0.000661373 1.80175e-05 5.38378e-05 
0.000260794 0.000312322 0.000141423 
0.000397947 0.000458267 8.92056e-05 
0.000720103 2.24393e-05 8.95572e-05 
0.000958044 0.000439554 2.07565e-05 
0.00084859 0.000253466 2.08828e-05 
0.00044533 6.5331e-05 7.55009e-05 
0.000193945 0.000136335 2.17767e-05 
0.000936837 8.5496e-05 0.000145131 
0.000360546 0.000287974 4.65923e-05 
0.000134377 0.000427038 1.75956e-05 
9.65221e-05 0.000282667 2.56112e-05 
0.000377973 0.000185118 7.49713e-05 
0.0007808 0.00023621 1.98254e-05 
0.000494558 7.44873e-05 3.60863e-05 
0.000769305 8.4153e-05 1.93031e-05 
0.000322362 0.000437134 6.89976e-05 
0.00090914 2.29376e-05 8.39592e-05 
0.000923768 0.000128072 3.76462e-05 
0.000474651 0.000361355 8.53762e-05 
0.000965413 0.000131278 0.000132202 
0.000712578 0.000405555 9.85467e-05 
2.30683e-05 0.000160274 1.84739e-05 
0.000501003 2.37899e-05 5.64875e-05 
0.00027889 0.000371539 5.80578e-05 
0.00012363 7.02083e-05 8.34636e-05 
0.000190429 0.000339559 1.73748e-05 
0.000789981 0.000432407 1.79403e-05 
0.000842469 0.000109426 4.99111e-05 
0.000311602 0.000347048 0.000111383 
0.000545092 0.000257865 7.82516e-05 
0.000782847 3.6051e-05 1.70279e-05 
0.000667205 0.000108302 6.0639e-05 
0.000655821 0.000161069 2.04555e-05 
6.90239e-05 0.000390942 0.000117205 
0.000195305 0.000477825 0.000109532 
0.000656936 0.000462833 1.70773e-05 
7.03484e-05 0.000467665 2.21199e-05 
0.000118702 0.000320477 6.44324e-05 
0.000871017 0.000164307 0.000134659 
0.000565377 0.000272988 0.000103748 
0.000604911 9.69715e-05 0.00013093 
3.16974e-05 0.000481217 1.87231e-05 
0.000765087 0.000308768 8.66307e-05 
6.8509e-05 4.17163e-05 8.30861e-05 
0.000468925 0.000219022 0.000127481 
0.000379053 0.000476536 2.34634e-05 
1.80952e-05 0.000417393 7.34366e-05 
0.00035423 0.000383107 5.77595e-05 
2.19087e-05 0.000296391 2.18929e-05 
0.000816441 2.08583e-05 0.000138204 
0.000242424 0.000274732 7.00246e-05 
0.000364555 0.000373097 2.06415e-05 
0.000912255 9.89699e-05 1.79168e-05 
0.000266972 0.000101077 1.78385e-05 
