0.000835031 0.000415908 3.10516e-05 
8.28028e-05 0.000295954 6.89001e-05 
0.000526176 0.000212006 0.000103373 
0.000315774 0.000239138 0.000120001 
0.000685134 0.000329632 6.34001e-05 
0.000363813 7.5463e-05 0.000103565 
0.000750627 0.000199607 4.04118e-05 
0.000877214 0.000291268 5.71239e-05 
0.000525256 5.31543e-05 0.000143966 
0.000782773 0.000237932 0.000137006 
0.000638159 0.000371796 3.24999e-05 
0.000177777 0.000386879 1.97478e-05 
0.000824465 0.00030661 9.4578e-05 
0.00020369 0.000214474 8.24142e-05 
0.000490045 0.000379287 3.62712e-05 
0.000800451 0.000160044 9.61365e-05 
0.000444671 0.000363428 6.82346e-05 
0.000236036 0.000362619 2.52651e-05 
0.000525148 0.000148622 6.11351e-05 
0.000888627 0.000239158 1.89549e-05 
0.000920336 0.000334122 6.15821e-05 
0.00041479 0.000312185 5.55109e-05 
0.000943516 6.13953e-05 6.34929e-05 
0.000870396 4.23475e-05 8.75242e-05 
0.000689578 9.5363e-05 2.14033e-05 
0.000260387 0.000305798 5.45478e-05 
8.79169e-05 0.000222666 8.53227e-05 
0.000559364 0.000239163 1.97722e-05 
0.000172162 9.11246e-05 2.98372e-05 
0.000971078 0.000462464 0.000129799 
0.000519938 0.000213311 4.37064e-05 
0.000963931 0.000207444 5.81475e-05 
0.000881847 0.000142593 2.5705e-05 
0.000763509 2.74411e-05 6.75788e-05 
5.87753e-05 0.000256305 4.78055e-05 
0.000727727 0.000341926 0.00010846 
0.000610149 0.000437586 0.000130809 
0.000310333 0.000182533 0.000101896 
0.000342338 0.00021652 7.50234e-05 
0.000322271 0.000183712 1.87292e-05 
0.000308323 0.000295879 8.15296e-05 
0.000481132 0.00031081 3.28771e-05 
0.000455362 2.32013e-05 7.72072e-05 
0.000335428 0.000100733 6.59892e-05 
0.00096408 0.00039795 2.17998e-05 
0.000577692 0.0004634 8.30045e-05 
0.000541353 0.000354338 9.19851e-05 
0.000703023 0.000160468 0.000112146 
0.000386335 0.000237585 6.24582e-05 
0.000407857 0.000261052 0.000112493 
0.000255669 0.000374255 0.000110622 
0.000565792 0.00017195 6.43089e-05 
0.000799119 5.31054e-05 0.000150248 
0.000843876 0.000462227 8.41592e-05 
9.0525e-05 6.30264e-05 0.000117708 
0.000168282 8.98123e-05 9.42972e-05 
0.000967562 9.04028e-05 2.75346e-05 
0.000516837 0.000420371 0.000108738 
0.000225818 9.78801e-05 2.45113e-05 
0.00036476 0.000425589 3.12753e-05 
0.000492747 0.000163794 2.60587e-05 
0.000286441 0.000412424 5.47263e-05 
0.000596438 0.000349822 2.37733e-05 
0.000790344 0.000185338 1.71959e-05 
0.00054907 8.27904e-05 6.55051e-05 
0.000234898 8.60794e-05 7.84139e-05 
0.000521907 0.000462391 2.19288e-05 
0.000391039 7.33254e-05 3.08107e-05 
0.00096524 0.000174583 9.06492e-05 
0.000890412 0.000189497 1.93952e-05 
0.000575155 0.000396868 0.000122076 
0.000624685 0.000136644 0.000102379 
0.000396109 0.000372757 8.13809e-05 
0.000683791 0.000391601 5.07405e-05 
0.000649083 6.14461e-05 8.25658e-05 
0.00015474 4.26726e-05 7.41513e-05 
0.000870879 0.000154955 7.62722e-05 
0.000450141 0.000105415 3.66531e-05 
0.00063059 0.000203148 9.68901e-05 
0.000710378 0.000134285 6.00354e-05 
0.000796063 0.000162108 4.97851e-05 
6.62123e-05 0.000333013 9.10206e-05 
0.000150178 0.000378353 8.0089e-05 
0.000440378 0.000435493 8.8021e-05 
0.000599615 0.000238608 6.6447e-05 
0.000786062 0.000381088 5.66721e-05 
3.0658e-05 0.000433974 2.99154e-05 
0.00035137 0.000289286 0.00013971 
0.000185875 0.000433893 2.8814e-05 
0.000143147 0.000277249 2.03571e-05 
0.000275248 6.19063e-05 2.32754e-05 
0.00080809 0.000465128 4.24636e-05 
0.00068666 0.000131593 0.000142943 
0.000980862 0.000295175 2.04761e-05 
0.000124855 0.000263578 5.93677e-05 
0.000889931 0.000331722 0.000108937 
0.000215956 4.162e-05 0.000104646 
0.000906512 0.000205445 0.000113738 
0.000368312 0.000319011 8.33642e-05 
0.000420966 0.000198312 3.29468e-05 
0.000568316 0.00039654 6.78909e-05 
0.000765945 0.000463639 2.00594e-05 
0.000710664 0.000376668 7.66828e-05 
0.000784781 0.000113943 0.000123278 
0.000414676 3.78468e-05 5.72921e-05 
0.000828048 2.92658e-05 2.92559e-05 
0.000288509 8.24372e-05 9.95346e-05 
0.00072552 0.000257068 8.25297e-05 
8.59988e-05 0.000211991 2.46905e-05 
0.000678224 0.000192126 8.52109e-05 
0.000610484 0.000174964 3.41434e-05 
0.000397661 0.000276801 2.696e-05 
0.000971741 0.000249546 7.64701e-05 
0.000639508 0.000274998 0.000105563 
0.000935572 0.000248632 3.04547e-05 
0.000609038 0.000129704 2.07357e-05 
8.85038e-05 0.00041691 3.0388e-05 
0.000146854 0.000431581 7.55351e-05 
0.000489702 0.000292193 8.74632e-05 
7.34515e-05 0.000157142 9.04222e-05 
0.000674839 0.000471551 4.45635e-05 
0.000646758 0.000378782 9.32143e-05 
0.000131794 0.000194601 4.64421e-05 
0.000306548 0.000274573 2.45248e-05 
0.000526375 0.00028052 4.86529e-05 
0.000755074 0.000184325 9.48723e-05 
0.00024773 0.000466168 0.000108123 
0.000973361 4.07495e-05 9.88391e-05 
0.000680897 0.000361896 2.1056e-05 
0.000236536 0.000238853 4.91913e-05 
0.000901328 0.000403053 3.66556e-05 
0.000414362 3.87157e-05 0.000101639 
0.000703716 5.07265e-05 7.28412e-05 
0.000758056 0.00047346 0.000102982 
0.000513094 0.000388338 8.38976e-05 
0.000459521 0.00016393 7.80245e-05 
0.000657699 0.000211054 3.29502e-05 
0.000431605 0.000109337 0.000106493 
0.000268744 0.000468757 5.22161e-05 
0.000977204 0.000381488 9.46565e-05 
0.000157277 0.000156523 7.82638e-05 
0.000901565 9.77173e-05 7.971e-05 
0.000651514 0.000311882 2.30565e-05 
0.000354655 0.000412173 0.00011808 
0.000319138 0.000393799 7.89532e-05 
0.000869105 0.000125264 0.00013941 
0.00019594 0.000234143 1.80797e-05 
0.000702992 0.000435277 3.07154e-05 
6.44053e-05 2.89762e-05 3.40792e-05 
0.000542017 3.2099e-05 2.52995e-05 
0.000724865 0.000295862 2.80362e-05 
0.000891891 4.32847e-05 3.64699e-05 
0.000220172 0.000268847 1.83521e-05 
0.000913187 0.000145069 0.000107327 
0.000306995 0.000161403 5.17428e-05 
0.000785636 0.000347481 0.000108253 
0.000517337 0.000266396 0.000111775 
0.00072488 0.000297574 7.12845e-05 
0.000200447 0.00031856 7.38774e-05 
0.000786668 0.000442852 8.06814e-05 
0.000828075 0.000221599 2.07629e-05 
0.000602121 0.000410486 2.86342e-05 
2.62852e-05 0.000112769 2.61417e-05 
0.000461081 0.000329604 0.000121193 
0.000467058 0.000470563 8.39052e-05 
3.02187e-05 0.000392938 0.000103063 
0.000376565 0.000327592 2.80197e-05 
0.000555502 0.000415432 1.924e-05 
0.000283285 0.000114098 6.9119e-05 
0.000907186 6.29484e-05 0.000127856 
0.000597319 0.000239959 0.000130319 
0.00080416 0.000211185 6.1071e-05 
0.000423398 0.00038995 4.92321e-05 
0.000251053 0.000126037 4.18484e-05 
0.000746708 3.16485e-05 2.08989e-05 
0.000399119 0.000136982 2.78619e-05 
0.000343384 0.000256638 4.43332e-05 
0.000244647 0.000344913 6.83254e-05 
0.000727903 8.14069e-05 0.000106682 
0.000759264 0.00031236 1.8588e-05 
0.000883507 0.000410682 9.48117e-05 
0.000637822 0.000134771 4.97348e-05 
0.000607468 3.04335e-05 5.2006e-05 
0.00035038 0.000471274 6.52907e-05 
0.000579973 0.000123839 7.99395e-05 
0.000129177 0.000117101 5.54914e-05 
0.000209098 0.000471897 6.42203e-05 
0.000197334 4.95135e-05 6.9003e-05 
4.79578e-05 6.19529e-05 0.000122047 
7.70823e-05 0.000327771 2.24989e-05 
0.000665997 0.000245941 8.91852e-05 
3.00956e-05 0.000475272 6.22184e-05 
0.000750155 0.000423517 9.83695e-05 
0.000443406 0.000268048 6.10664e-05 
0.000618774 0.000458983 2.22653e-05 
0.000826357 7.87734e-05 7.5941e-05 
0.000303963 0.000121909 2.42615e-05 
0.000914896 0.000461788 2.46589e-05 
0.000643977 0.000469227 0.000109477 
0.000194812 0.000409271 0.000100667 
0.000951736 0.000480125 1.71407e-05 
0.000828028 0.000334234 3.29516e-05 
5.92868e-05 0.000435632 9.84837e-05 
0.000466228 0.00043987 2.56005e-05 
0.000774266 0.000115011 8.10406e-05 
0.00074505 0.000326357 5.20605e-05 
0.000592463 0.000304565 0.000120059 
0.00011019 0.000463795 2.16539e-05 
0.000761054 0.000230214 0.000100403 
0.000809528 8.09636e-05 2.29185e-05 
0.000731864 0.00039905 5.20185e-05 
0.000475987 0.000405684 8.50766e-05 
0.000561396 0.000149968 0.000131086 
0.000337616 0.000149848 1.79661e-05 
0.000602373 0.000285155 3.39185e-05 
0.000197591 0.00026609 0.000101127 
0.000509889 0.000105502 0.000122143 
0.000565188 0.000189207 2.24138e-05 
0.000427946 0.000475983 1.7876e-05 
0.000495445 0.000179201 0.000118375 
0.000748847 0.000134482 2.04239e-05 
0.000213388 0.000177959 1.94927e-05 
0.000109578 0.000434269 0.000137027 
0.000488682 0.000327177 7.98708e-05 
4.53045e-05 0.000192258 7.15164e-05 
0.00067465 0.000270245 4.68618e-05 
0.000588955 3.5312e-05 8.94292e-05 
0.00013077 0.000373388 3.02609e-05 
3.12828e-05 0.000293095 7.30486e-05 
0.000366991 0.000427641 8.22588e-05 
0.000534531 0.000301018 1.72999e-05 
0.000847861 8.0915e-05 0.000135868 
0.000730696 9.59769e-05 1.97362e-05 
6.92464e-05 0.000164533 1.90547e-05 
7.04197e-05 0.000370554 1.99504e-05 
0.000269277 0.000211638 0.00012412 
0.00096543 0.000207521 2.01127e-05 
0.00027674 0.000232615 2.15254e-05 
0.000834196 0.000175816 0.000124904 
0.000885563 0.000342395 2.51093e-05 
0.000672694 0.000126902 3.68479e-05 
2.26229e-05 0.000250388 2.25712e-05 
0.000722855 0.00024817 2.65747e-05 
0.000116766 0.000244876 1.92054e-05 
0.000948133 0.000144873 1.71524e-05 
0.000885941 0.000450826 6.53623e-05 
0.000423913 0.000418368 2.19735e-05 
0.000116759 6.49645e-05 3.13145e-05 
0.00056885 0.000316719 6.95729e-05 
0.000865842 0.000213931 3.46487e-05 
0.000261984 0.000193248 8.40943e-05 
3.00287e-05 0.000347436 6.56734e-05 
0.00078018 0.00027367 8.59396e-05 
0.000245077 2.65902e-05 3.70832e-05 
0.000793103 6.67732e-05 6.17617e-05 
0.000271576 0.000273738 0.000135008 
0.000298944 0.000436278 0.000103317 
0.000702374 0.000173801 2.56824e-05 
0.000345752 0.000111188 1.80319e-05 
0.000971908 0.000421044 0.000125407 
0.000171129 0.000174338 2.17742e-05 
0.00015108 0.000326212 2.09984e-05 
0.000970394 0.000102642 8.38923e-05 
0.000215137 5.51296e-05 1.97782e-05 
0.00096297 0.000135569 5.16987e-05 
0.000809021 0.000268245 2.43481e-05 
0.000396503 0.000475149 0.000133545 
7.58772e-05 0.000124842 4.21516e-05 
0.000443735 0.000383703 0.000110865 
0.000135263 0.000311774 0.000126453 
0.00046451 2.27058e-05 3.22129e-05 
0.000941849 0.000381186 0.000143648 
0.000934642 0.000356558 2.22778e-05 
0.000223673 0.000312661 2.62483e-05 
0.000364375 0.000219224 0.000124063 
0.000826651 0.000405952 0.000115538 
0.000962813 0.000473207 6.04817e-05 
0.000223233 0.000153596 5.32784e-05 
0.000415361 0.000193827 0.000127101 
0.000112779 0.000156466 2.08335e-05 
0.000274514 0.000322315 2.01128e-05 
0.000348871 2.60048e-05 0.000105664 
0.000655915 0.000446817 7.12114e-05 
2.55176e-05 0.00038407 3.17546e-05 
0.000504531 0.000480452 0.000110988 
0.000972973 0.000322218 5.81593e-05 
0.000619503 0.000423235 7.17826e-05 
0.000937902 0.00030759 2.40381e-05 
0.000371027 0.000173979 3.40795e-05 
0.00057986 7.08017e-05 0.000113761 
0.000880109 8.25358e-05 0.000110265 
0.000949407 2.23282e-05 2.11436e-05 
0.00044663 5.5006e-05 1.71768e-05 
0.000700634 0.000459368 9.36874e-05 
0.000690051 5.84784e-05 0.00011869 
0.000763483 0.000431067 4.9268e-05 
0.000337137 3.53025e-05 3.53051e-05 
0.000340755 0.000456359 9.87957e-05 
0.000665125 5.36696e-05 2.06403e-05 
0.000321329 0.00032418 2.72762e-05 
0.000497379 8.3612e-05 8.2882e-05 
0.000108222 0.000374238 9.89572e-05 
0.000231912 0.000400109 7.44044e-05 
0.000512106 0.000113763 2.66769e-05 
1.94164e-05 8.0968e-05 9.91804e-05 
0.000501357 2.26697e-05 1.71848e-05 
0.000859213 0.000379784 0.000119656 
0.000312619 8.02983e-05 1.85989e-05 
4.22012e-05 0.000204194 1.70879e-05 
0.000156601 0.000242172 9.52289e-05 
0.000564007 0.000322209 1.92087e-05 
0.000419105 0.000314728 0.000100605 
0.000471308 0.000212214 2.06985e-05 
0.000830763 0.000112028 0.000110995 
0.000845603 0.000257219 0.000116144 
0.000178893 0.000295815 3.41647e-05 
0.000624307 0.000330172 4.69022e-05 
0.000540811 3.13352e-05 8.33847e-05 
0.000645319 0.00043141 3.28543e-05 
0.000852954 2.38479e-05 0.000126567 
0.000310253 0.000440657 2.55351e-05 
0.000430836 0.000308514 1.87738e-05 
0.000972633 6.49694e-05 0.000142346 
0.000315805 0.000380196 2.90385e-05 
2.962e-05 0.000208431 0.000116987 
0.000123205 0.000128434 0.00011007 
0.00016589 0.000345694 5.48426e-05 
0.000935782 0.000108172 0.000118299 
0.000414391 0.000453101 5.00831e-05 
0.00048713 0.000208968 8.17401e-05 
8.71814e-05 0.000475471 9.75072e-05 
0.000472511 0.000455436 0.000125406 
0.000869817 0.000363747 7.06858e-05 
0.000127131 0.000479178 6.88919e-05 
0.000159374 0.000224497 1.97595e-05 
0.000498067 0.000453811 6.13799e-05 
0.000766362 3.7776e-05 0.000128037 
0.000760153 0.000148376 6.63637e-05 
0.000255695 0.000159659 2.21605e-05 
0.00049378 0.000259094 3.46427e-05 
0.000589699 9.97438e-05 3.5656e-05 
0.000814169 2.16793e-05 0.000107184 
0.000599495 0.000225312 2.27442e-05 
0.000716853 0.000335932 2.08482e-05 
0.000872188 0.000101697 3.58664e-05 
0.000172411 3.06661e-05 3.06232e-05 
0.000597571 3.25264e-05 0.000135425 
0.000596998 0.000349545 9.29806e-05 
0.000710847 5.62075e-05 2.31944e-05 
0.000217468 0.000162912 9.94856e-05 
0.000552958 0.000454139 4.89983e-05 
0.000763376 0.000275556 3.9741e-05 
0.000737796 0.000473251 5.62048e-05 
0.000550847 0.000373442 2.32402e-05 
0.000621877 9.68053e-05 5.85507e-05 
0.00078201 0.000426169 0.000138348 
0.000539443 0.000303699 9.99637e-05 
0.000769109 0.000390074 0.00014896 
2.40306e-05 0.000342149 2.2638e-05 
0.000666596 0.000404919 1.81454e-05 
0.000549734 0.000470563 0.000120732 
0.000157867 0.00030001 9.43846e-05 
0.000385964 0.000138592 0.000100172 
0.000916812 0.000474187 8.60161e-05 
0.000728542 0.000380109 1.84424e-05 
6.27667e-05 7.98577e-05 2.30442e-05 
0.000669522 2.1018e-05 0.000107711 
0.000580531 0.000470197 1.91331e-05 
0.000573305 0.000205789 0.000104769 
0.000400571 0.000418576 8.28513e-05 
0.000172169 1.86148e-05 0.000101641 
0.000184256 0.000185252 5.87475e-05 
0.000413242 0.000355501 4.01064e-05 
0.00038981 9.57852e-05 7.72592e-05 
0.000494986 0.00035334 0.000151805 
0.000790814 6.61869e-05 0.000100769 
0.000816649 0.000256433 6.61257e-05 
0.000696095 0.000294801 0.000129656 
0.000826875 0.000142567 2.25334e-05 
0.000571303 0.000358717 5.70781e-05 
0.000974758 0.000167618 1.78722e-05 
0.000153163 0.000136451 2.0136e-05 
0.000479306 3.4927e-05 0.000148732 
0.000273614 4.62202e-05 7.01917e-05 
2.15212e-05 0.000212121 4.87557e-05 
0.000629082 0.000325657 8.40334e-05 
0.000280813 0.000197052 4.43094e-05 
0.000688835 0.000242881 0.000131824 
0.000553546 3.16395e-05 0.00012272 
0.000537133 0.00013045 0.000148141 
0.00026592 0.000240263 8.8505e-05 
0.000918654 0.000174869 6.98754e-05 
0.000900211 0.000267457 0.000121352 
0.000584411 5.98771e-05 2.3951e-05 
3.48122e-05 0.000230985 8.74013e-05 
0.000199167 0.000356539 0.000139557 
0.000833339 0.000180778 7.92555e-05 
6.57597e-05 7.59666e-05 7.25686e-05 
0.000242313 0.000418763 2.96315e-05 
0.000698053 0.000107456 9.74995e-05 
3.32089e-05 0.000360403 0.000128006 
0.000549387 0.000147599 2.19835e-05 
0.000744309 7.0234e-05 5.438e-05 
0.000951908 0.000373877 5.83487e-05 
0.000488443 0.000479682 2.02995e-05 
0.000375548 3.59744e-05 7.95741e-05 
0.000974156 2.2671e-05 5.72977e-05 
0.000304935 3.55273e-05 0.000108805 
0.000443583 0.000343369 2.08192e-05 
0.00097844 0.000353679 2.15477e-05 
0.000347465 0.000124831 0.000114025 
0.000810875 0.000471565 0.000124642 
0.000466952 8.38211e-05 0.000133272 
0.000150278 0.000217234 0.000124526 
0.000917325 0.000263341 8.03386e-05 
0.000531419 0.000335672 4.47566e-05 
3.48659e-05 0.000107427 0.000127131 
0.000109693 0.000110959 1.70212e-05 
0.000152231 0.000476725 2.23281e-05 
0.000908337 0.000381338 0.000154787 
0.000523053 7.29086e-05 0.000110632 
0.000744805 0.000279433 0.00012049 
0.000952974 0.00034156 0.00013127 
0.000310695 0.000469388 0.000129731 
8.60523e-05 9.99131e-05 0.000105785 
0.00073939 0.000132065 0.000116762 
0.000354414 0.000214341 2.63337e-05 
0.000527265 0.000451532 8.32375e-05 
0.00022913 0.000479377 2.0547e-05 
8.80455e-05 0.000356016 5.55037e-05 
9.76748e-05 0.000287483 0.000120907 
0.000302633 0.000239706 5.97868e-05 
0.000228207 0.000218331 0.000132975 
0.00085982 0.000202864 9.27176e-05 
0.000117964 2.22837e-05 7.94593e-05 
0.000937041 0.000288193 6.1801e-05 
1.80719e-05 0.000101589 6.81182e-05 
0.000925457 0.000191233 3.33096e-05 
0.000890555 0.000234531 7.57558e-05 
0.000496545 0.000141999 0.000148269 
0.000861678 0.000470099 2.94057e-05 
0.000503875 0.000318192 0.000117844 
9.99136e-05 0.000450354 6.57487e-05 
0.000758382 0.000408868 1.96553e-05 
0.000287667 0.000479698 9.7122e-05 
0.000755795 0.000351719 2.09852e-05 
0.000691496 2.85272e-05 4.54496e-05 
0.000625662 4.78265e-05 1.92759e-05 
0.000194341 0.000370146 4.83348e-05 
0.000252512 0.000140013 0.00014665 
0.000347019 0.000175211 6.33773e-05 
0.00046338 0.00029591 0.000152613 
0.000565139 0.000255471 5.35472e-05 
0.000282579 2.13508e-05 1.75518e-05 
0.000459774 0.000249625 1.84355e-05 
0.000169205 0.000376062 0.000118279 
0.000855629 0.000239253 6.17695e-05 
0.000662965 2.03979e-05 6.44489e-05 
0.000260794 0.000312322 0.000152096 
0.000397947 0.000458267 0.000100382 
0.000716859 2.23841e-05 0.000101576 
0.000953729 0.000438577 2.91801e-05 
0.000852325 0.00025547 2.0897e-05 
0.000443684 6.59591e-05 7.83491e-05 
0.000195049 0.000137872 2.1805e-05 
0.000936837 8.5496e-05 0.000154955 
0.000361126 0.00029021 4.83809e-05 
0.000134377 0.000427038 1.75956e-05 
9.21558e-05 0.000281836 2.56059e-05 
0.000376666 0.000186608 8.74228e-05 
0.000776407 0.000238432 1.98441e-05 
0.000495668 7.73335e-05 4.66407e-05 
0.000767394 8.34312e-05 2.41994e-05 
0.000318731 0.000441035 6.94375e-05 
0.000907705 2.45281e-05 9.07888e-05 
0.000922925 0.000130701 3.9062e-05 
0.000474717 0.000356502 9.42929e-05 
0.000965413 0.000131278 0.000142964 
0.000714315 0.000401745 0.000112744 
2.30683e-05 0.000160274 2.47003e-05 
0.000500655 2.37284e-05 7.07709e-05 
0.000282717 0.000374935 6.93664e-05 
0.000117364 6.68201e-05 8.45593e-05 
0.000189484 0.000339813 1.94926e-05 
0.000789552 0.000433939 1.79459e-05 
0.000838437 0.000113461 5.67815e-05 
0.000311602 0.000347048 0.000127763 
0.000545503 0.000259036 8.78505e-05 
0.000783736 3.47579e-05 1.70282e-05 
0.000667136 0.000108362 7.26386e-05 
0.000652635 0.000159238 2.04697e-05 
7.13307e-05 0.000393323 0.000129009 
0.000196289 0.000477361 0.000118028 
0.000656911 0.000461581 1.70802e-05 
6.85209e-05 0.000469351 3.33127e-05 
0.000118702 0.000320477 7.41752e-05 
0.000871017 0.000164307 0.000144484 
0.000565191 0.00027313 0.000114143 
0.000604995 9.92406e-05 0.00013604 
3.24527e-05 0.000481275 1.87265e-05 
0.000762381 0.000310278 9.85925e-05 
6.80079e-05 4.21599e-05 9.42578e-05 
0.000468925 0.000219022 0.000137344 
0.000383169 0.000476522 2.34665e-05 
1.80964e-05 0.000422365 7.47754e-05 
0.000355998 0.000385681 6.04687e-05 
2.18934e-05 0.000297662 2.18957e-05 
0.000816441 2.08583e-05 0.000149706 
0.00024407 0.000276675 8.06864e-05 
0.000367199 0.000374823 2.06885e-05 
0.000912961 0.00010092 1.94669e-05 
0.000267433 0.000101975 1.78386e-05 
