0.00084385 0.000421652 3.10536e-05 
7.84284e-05 0.000293894 6.0627e-05 
0.000533738 0.000222496 8.96521e-05 
0.000318554 0.000249155 6.22204e-05 
0.00069242 0.000332279 6.75549e-05 
0.00036782 6.30073e-05 7.37633e-05 
0.000755752 0.000195476 3.09911e-05 
0.00088599 0.000287995 3.57916e-05 
0.000516284 3.92204e-05 9.45e-05 
0.000775476 0.000235761 8.58644e-05 
0.00063356 0.000366036 2.42425e-05 
0.000184445 0.000381612 1.9744e-05 
0.000831296 0.000286597 7.61042e-05 
0.000202116 0.000214781 7.19318e-05 
0.000489011 0.000387071 3.62722e-05 
0.000809356 0.00015768 6.27412e-05 
0.000442836 0.000341302 5.54574e-05 
0.000232017 0.000362492 2.52295e-05 
0.000525618 0.000160884 3.68184e-05 
0.00088994 0.000236063 1.8933e-05 
0.000918684 0.000332672 6.16135e-05 
0.000418014 0.00030126 5.65667e-05 
0.000943287 5.24796e-05 5.36313e-05 
0.000838562 5.41834e-05 6.61404e-05 
0.000687905 9.11514e-05 2.14027e-05 
0.000275964 0.000301941 2.06131e-05 
8.3786e-05 0.00023129 8.49432e-05 
0.000564267 0.000233829 1.97556e-05 
0.000159827 9.08221e-05 2.98301e-05 
0.000951821 0.000441535 8.9244e-05 
0.000514721 0.000216857 3.31049e-05 
0.000969114 0.000220151 5.68237e-05 
0.000896681 0.000134228 2.57054e-05 
0.000774465 2.10008e-05 4.97274e-05 
6.6718e-05 0.000260338 2.19104e-05 
0.000746088 0.000352704 9.4557e-05 
0.000616953 0.000437563 9.19324e-05 
0.000312568 0.00016226 9.86015e-05 
0.000331089 0.000201189 6.64078e-05 
0.00032981 0.000179913 1.87157e-05 
0.00029494 0.000298551 7.65907e-05 
0.000476675 0.000305373 3.28575e-05 
0.000462846 2.31832e-05 6.8385e-05 
0.00033656 0.000102821 5.6661e-05 
0.000978199 0.000403722 2.1799e-05 
0.000597912 0.000481877 5.61091e-05 
0.000541034 0.000352025 7.58574e-05 
0.000725245 0.00017359 6.56674e-05 
0.000395182 0.000229107 6.45193e-05 
0.000385614 0.000279889 9.3585e-05 
0.000266484 0.000383221 8.00894e-05 
0.000574859 0.000156679 4.95065e-05 
0.00079701 5.33872e-05 8.23314e-05 
0.000844234 0.000462523 7.39981e-05 
9.13493e-05 6.10902e-05 8.04386e-05 
0.000192958 0.000110438 8.16731e-05 
0.000972465 8.68339e-05 2.75347e-05 
0.000512968 0.000423753 7.66364e-05 
0.00021285 0.000101452 2.45084e-05 
0.000367214 0.000416462 3.12573e-05 
0.000477141 0.000167552 2.60596e-05 
0.000284179 0.000414224 4.22622e-05 
0.000586698 0.000355854 2.37093e-05 
0.000802105 0.000190764 1.71766e-05 
0.00054195 7.51318e-05 5.96654e-05 
0.000240136 6.89306e-05 6.09128e-05 
0.000514236 0.000479531 1.73982e-05 
0.000396984 6.74914e-05 3.08111e-05 
0.000970205 0.000172672 6.23782e-05 
0.000889973 0.000178381 1.93944e-05 
0.000594471 0.000405757 7.59185e-05 
0.00062101 0.000132166 7.1896e-05 
0.000398 0.000359167 6.65939e-05 
0.0006935 0.000383008 4.64158e-05 
0.000652102 6.56484e-05 6.33104e-05 
0.000155435 5.20825e-05 7.29652e-05 
0.000865718 0.000164181 5.69301e-05 
0.000445 0.000114747 3.66386e-05 
0.00061742 0.00019838 8.14984e-05 
0.000709026 0.0001274 4.72104e-05 
0.000785827 0.000151347 2.30054e-05 
6.09088e-05 0.000343208 5.64292e-05 
0.000174962 0.000390556 5.43131e-05 
0.000424344 0.000439779 6.9034e-05 
0.000580719 0.000236263 5.9074e-05 
0.000792312 0.000385414 4.82869e-05 
2.99135e-05 0.000434692 2.99128e-05 
0.000347371 0.000277635 5.08064e-05 
0.000177417 0.000428795 2.88143e-05 
0.000151965 0.000274016 2.03553e-05 
0.000277767 5.63732e-05 2.32751e-05 
0.000822525 0.00047415 2.58497e-05 
0.000668515 0.000147505 5.54732e-05 
0.000980947 0.000295151 1.74972e-05 
0.000132775 0.000253293 5.61733e-05 
0.000867983 0.000335765 8.59743e-05 
0.000209125 2.35593e-05 6.17255e-05 
0.000926519 0.000210077 8.20594e-05 
0.000352056 0.000327114 7.53453e-05 
0.000419709 0.000184262 3.2937e-05 
0.000563479 0.000421974 5.78614e-05 
0.000777182 0.000478373 2.0057e-05 
0.000729748 0.000365267 4.89411e-05 
0.00079027 0.000124733 8.67599e-05 
0.000421223 2.47001e-05 1.93648e-05 
0.000820106 2.92591e-05 2.92568e-05 
0.000294031 6.92442e-05 6.41649e-05 
0.000730411 0.000250072 7.09203e-05 
7.59739e-05 0.000214756 2.46835e-05 
0.000681466 0.000180224 6.23999e-05 
0.000614326 0.000175569 2.64946e-05 
0.000398799 0.000268034 2.69506e-05 
0.000971749 0.00026691 7.17369e-05 
0.000652332 0.000276739 7.87534e-05 
0.000937066 0.000244509 3.02681e-05 
0.000596623 0.000132163 2.07357e-05 
8.72349e-05 0.000415945 3.03961e-05 
0.000132128 0.000436196 6.88748e-05 
0.000493104 0.000264613 5.70118e-05 
8.20135e-05 0.00016633 6.90238e-05 
0.000688785 0.00048279 1.72096e-05 
0.000647392 0.000383284 8.12374e-05 
0.000123966 0.000200261 4.35551e-05 
0.000311121 0.000273893 2.45245e-05 
0.000515247 0.000269633 2.10379e-05 
0.000766793 0.0001796 8.39039e-05 
0.000237462 0.000448341 7.09377e-05 
0.000977359 2.2641e-05 6.68697e-05 
0.000677182 0.000353662 2.10541e-05 
0.000229308 0.000224121 2.76748e-05 
0.000909307 0.000405266 3.66548e-05 
0.000413387 2.49824e-05 6.30138e-05 
0.000686485 2.87726e-05 5.15562e-05 
0.000766528 0.000475685 6.29546e-05 
0.00053664 0.000395343 5.95878e-05 
0.000458533 0.000165485 8.62643e-05 
0.000659362 0.000214153 3.29419e-05 
0.000412493 8.68806e-05 9.02519e-05 
0.000266902 0.000468747 3.12442e-05 
0.00097928 0.000402622 7.67379e-05 
0.000164943 0.000161144 6.03797e-05 
0.000913719 9.62598e-05 3.66048e-05 
0.0006477 0.000320919 2.30543e-05 
0.000360828 0.000411112 8.52517e-05 
0.000315373 0.00040735 7.30083e-05 
0.000872558 0.000121954 6.97951e-05 
0.000187178 0.00023917 1.80799e-05 
0.000690679 0.000432231 3.0716e-05 
5.55104e-05 2.89694e-05 2.8969e-05 
0.000542959 2.53163e-05 2.52995e-05 
0.000718734 0.000298417 2.06404e-05 
0.000883989 4.29475e-05 3.64709e-05 
0.000213487 0.000269008 1.83524e-05 
0.000913894 0.000133202 7.43511e-05 
0.00029867 0.000172023 4.67858e-05 
0.000800835 0.000335858 8.44555e-05 
0.00052703 0.000266334 7.34087e-05 
0.000732897 0.000289627 5.69451e-05 
0.000198952 0.000320533 6.82845e-05 
0.000799789 0.000442814 5.5774e-05 
0.000823719 0.000226723 2.07608e-05 
0.000599649 0.000406363 2.86318e-05 
2.6156e-05 0.000120181 2.6156e-05 
0.000467965 0.000322811 8.03455e-05 
0.000446503 0.000473826 5.15939e-05 
4.78272e-05 0.000394197 4.91339e-05 
0.000382417 0.000320498 2.80225e-05 
0.000555307 0.000421569 1.91491e-05 
0.000265151 0.000115863 4.95904e-05 
0.000911971 7.83041e-05 6.9646e-05 
0.00061468 0.000252944 8.25507e-05 
0.000804273 0.000208235 6.05757e-05 
0.000436829 0.000374444 3.61067e-05 
0.000248398 0.000121686 1.7066e-05 
0.000745419 2.03341e-05 2.03291e-05 
0.000396572 0.000138607 1.98846e-05 
0.000350841 0.000251782 2.09453e-05 
0.000258402 0.000337422 5.54713e-05 
0.000717973 8.16125e-05 5.59211e-05 
0.000762386 0.00031469 1.85841e-05 
0.000866904 0.000411359 8.06098e-05 
0.000637512 0.000127082 2.04335e-05 
0.000616917 2.20132e-05 3.04001e-05 
0.000329637 0.000482965 1.70346e-05 
0.000579154 0.000111379 4.8083e-05 
0.000124794 0.000126199 5.62796e-05 
0.00019383 0.000471908 6.24234e-05 
0.000192401 6.43605e-05 5.15478e-05 
2.19492e-05 4.61179e-05 6.32069e-05 
6.50597e-05 0.000309755 2.2512e-05 
0.000680277 0.000245492 6.92714e-05 
2.25489e-05 0.000477194 5.97542e-05 
0.000759633 0.000429147 5.18642e-05 
0.000445692 0.000257106 6.03992e-05 
0.000623179 0.000454169 2.08291e-05 
0.000837334 7.2677e-05 1.7535e-05 
0.000298819 0.000129376 2.42607e-05 
0.000932853 0.000460591 2.46535e-05 
0.000631488 0.00047795 7.78231e-05 
0.000196298 0.000420405 8.00132e-05 
0.000967422 0.000482853 1.71395e-05 
0.000832018 0.000333384 3.29516e-05 
6.17928e-05 0.000438075 8.20021e-05 
0.00045667 0.000438725 2.56012e-05 
0.000775302 0.000118379 4.86188e-05 
0.00074308 0.000327329 4.9973e-05 
0.000612209 0.000298966 8.78735e-05 
0.000122334 0.000463087 2.16536e-05 
0.000763367 0.000239154 5.06123e-05 
0.000807894 0.000107301 2.29183e-05 
0.000728282 0.000404698 5.13489e-05 
0.000469687 0.0004296 6.93758e-05 
0.000549894 0.000156472 8.07477e-05 
0.000337892 0.0001441 1.79662e-05 
0.000610462 0.00027919 3.39186e-05 
0.000186207 0.000265728 5.8246e-05 
0.000495756 0.000102198 6.91525e-05 
0.000565485 0.000191759 2.24175e-05 
0.000435987 0.000482273 1.77275e-05 
0.000510685 0.00018162 7.3293e-05 
0.000748448 0.000129388 2.04237e-05 
0.000225836 0.000177816 1.94786e-05 
0.000101197 0.000413441 0.00010494 
0.000501121 0.000340242 5.96462e-05 
4.77759e-05 0.000195813 5.05668e-05 
0.000674423 0.00027543 3.01827e-05 
0.000578792 2.00189e-05 5.25482e-05 
0.000135611 0.000379351 3.02612e-05 
3.03206e-05 0.000278628 6.91799e-05 
0.000378956 0.000455035 5.8752e-05 
0.000538047 0.000300226 1.7297e-05 
0.000846642 9.19863e-05 7.32671e-05 
0.000728902 9.43089e-05 1.97359e-05 
7.98776e-05 0.000171554 1.90548e-05 
5.83231e-05 0.000371711 1.99492e-05 
0.000278637 0.000202942 7.81161e-05 
0.00097348 0.000211226 2.00968e-05 
0.000274287 0.000243095 2.15248e-05 
0.000834923 0.000183601 9.23495e-05 
0.000887679 0.000347919 2.51046e-05 
0.00067539 0.000127871 1.75624e-05 
2.25679e-05 0.000254891 2.25666e-05 
0.00071457 0.000235464 2.65811e-05 
0.000111282 0.000240247 1.92075e-05 
0.00094417 0.000152628 1.7148e-05 
0.000889594 0.000445224 6.83377e-05 
0.000419814 0.000407008 2.19549e-05 
0.000108501 5.76222e-05 3.13142e-05 
0.000576071 0.000316859 6.20533e-05 
0.000865791 0.000207517 1.84597e-05 
0.000249291 0.000186785 4.94767e-05 
2.11339e-05 0.00036699 5.94836e-05 
0.000775026 0.000276733 6.71011e-05 
0.000240997 2.50556e-05 2.50548e-05 
0.000797058 6.8505e-05 1.76995e-05 
0.000250549 0.000270614 8.08961e-05 
0.00029334 0.000445269 6.88145e-05 
0.000702981 0.000175499 2.56843e-05 
0.000363988 0.000119294 1.80328e-05 
0.000959555 0.000427138 5.09252e-05 
0.000168642 0.000190468 2.17746e-05 
0.00012993 0.000325031 2.09969e-05 
0.000978647 0.000120941 6.20065e-05 
0.000210486 5.74806e-05 1.97781e-05 
0.000978448 0.000135214 2.15517e-05 
0.00079649 0.000289267 2.43336e-05 
0.000389507 0.000481843 8.59135e-05 
7.93359e-05 0.000125902 2.73453e-05 
0.000442468 0.000392338 7.69875e-05 
0.000132365 0.000326202 7.45966e-05 
0.000463019 2.26911e-05 2.26026e-05 
0.000941317 0.000396219 7.90667e-05 
0.000934628 0.000353985 2.23084e-05 
0.000230349 0.000311056 2.62433e-05 
0.000351939 0.000235647 8.22955e-05 
0.000824217 0.000416455 7.57055e-05 
0.000973249 0.000473258 5.95614e-05 
0.000229273 0.000139948 4.74549e-05 
0.000398211 0.000191918 0.000116508 
0.00011682 0.000156615 2.08357e-05 
0.000280816 0.000342751 2.01104e-05 
0.000369933 1.97735e-05 7.2387e-05 
0.000643605 0.000438776 5.73697e-05 
2.02773e-05 0.000386312 2.02777e-05 
0.000525184 0.000482671 5.02042e-05 
0.000972975 0.000324166 6.05673e-05 
0.000597187 0.000444231 5.84009e-05 
0.000941105 0.000308122 2.40383e-05 
0.000368134 0.000163568 1.80011e-05 
0.00060018 7.12644e-05 6.42329e-05 
0.000883746 9.37739e-05 5.32187e-05 
0.000935069 2.11482e-05 2.11439e-05 
0.000444944 5.7701e-05 1.71716e-05 
0.000680723 0.000472171 7.23426e-05 
0.000699724 5.3836e-05 8.74988e-05 
0.000762607 0.000443614 1.77052e-05 
0.000334001 3.89179e-05 3.53007e-05 
0.000337208 0.000479399 5.37242e-05 
0.000673292 5.17328e-05 2.06403e-05 
0.000323761 0.000324051 2.72736e-05 
0.000482327 7.68205e-05 1.93225e-05 
0.000103259 0.000368791 7.87267e-05 
0.000219062 0.000383811 6.29183e-05 
0.000507527 0.000114599 2.66772e-05 
1.93887e-05 6.17244e-05 1.92708e-05 
0.000502052 1.71844e-05 1.71847e-05 
0.000833531 0.00037616 8.53314e-05 
0.000308675 8.4226e-05 1.85941e-05 
4.65107e-05 0.000185303 1.7088e-05 
0.000165102 0.000222849 5.21083e-05 
0.000570478 0.000316561 1.90539e-05 
0.000425998 0.000325155 9.4297e-05 
0.000462435 0.00021428 2.06964e-05 
0.000819771 0.000117086 6.11877e-05 
0.000838104 0.00023703 7.46617e-05 
0.000182643 0.00030349 2.22253e-05 
0.000612976 0.000329898 4.19358e-05 
0.000542817 1.98732e-05 7.0142e-05 
0.000643984 0.000420399 1.888e-05 
0.000848213 1.83615e-05 6.99711e-05 
0.000317383 0.000443094 2.55376e-05 
0.000427385 0.000311478 1.87686e-05 
0.000982653 6.25299e-05 6.38654e-05 
0.000319126 0.000380143 2.90379e-05 
2.00785e-05 0.0002154 6.79167e-05 
0.000127985 0.00015913 8.8582e-05 
0.000164802 0.00033854 3.95923e-05 
0.000941711 0.000102086 5.85467e-05 
0.000409026 0.000451363 2.37261e-05 
0.000471343 0.000207636 5.70031e-05 
6.39132e-05 0.000482602 6.25368e-05 
0.000487549 0.000472802 6.87682e-05 
0.000860919 0.000376006 5.13394e-05 
0.000137685 0.000482502 5.19922e-05 
0.000149735 0.000233967 1.97603e-05 
0.000498941 0.000447413 1.81852e-05 
0.000762345 4.64814e-05 7.6313e-05 
0.000754131 0.00015073 5.29165e-05 
0.000262336 0.000157984 2.21478e-05 
0.000477304 0.000252933 2.03989e-05 
0.000573299 9.31869e-05 1.79199e-05 
0.00080593 1.87243e-05 7.38642e-05 
0.000605475 0.000223865 2.27445e-05 
0.000716742 0.000339858 2.08486e-05 
0.000884697 9.35053e-05 1.7524e-05 
0.000165327 3.0625e-05 3.06236e-05 
0.000614191 2.10579e-05 7.33774e-05 
0.000598816 0.000355721 6.67011e-05 
0.000717026 5.31998e-05 2.31927e-05 
0.000210936 0.000167397 8.13362e-05 
0.000553167 0.000464902 2.45715e-05 
0.000752435 0.000269191 2.40606e-05 
0.000730732 0.000473248 2.67477e-05 
0.000546647 0.000380298 2.32144e-05 
0.000612719 9.29394e-05 2.16759e-05 
0.000778413 0.000421391 8.27463e-05 
0.000536411 0.000297936 5.24502e-05 
0.000752862 0.000398115 7.89635e-05 
2.52763e-05 0.000343735 2.26355e-05 
0.000666976 0.000391392 1.81425e-05 
0.000558801 0.000467008 7.85914e-05 
0.00015004 0.000302639 4.61328e-05 
0.000380488 0.000154477 5.301e-05 
0.000922133 0.000474255 7.1968e-05 
0.000721222 0.000385608 1.84413e-05 
5.76187e-05 8.06284e-05 2.30417e-05 
0.000649539 1.83978e-05 5.39676e-05 
0.000593483 0.000480868 1.91323e-05 
0.000564884 0.00019606 6.53336e-05 
0.000405299 0.000403117 5.81528e-05 
0.000170735 1.83574e-05 7.77324e-05 
0.00019947 0.000183085 4.43008e-05 
0.000406027 0.000362031 1.96257e-05 
0.000387985 0.000114055 5.11673e-05 
0.000499756 0.000349024 9.38756e-05 
0.000791652 8.07434e-05 5.44338e-05 
0.000807517 0.000253064 4.68959e-05 
0.000698501 0.000280409 7.42712e-05 
0.000831341 0.000152488 2.25259e-05 
0.000570614 0.00038253 5.78319e-05 
0.000982127 0.000174317 1.7873e-05 
0.000154036 0.000139498 2.01396e-05 
0.000481944 5.43194e-05 8.59705e-05 
0.000277678 2.36952e-05 5.58318e-05 
2.04099e-05 0.000212021 2.04132e-05 
0.000643105 0.000317531 6.48881e-05 
0.000274645 0.000200362 2.09013e-05 
0.000704583 0.000223043 8.47744e-05 
0.00057554 4.07891e-05 8.61853e-05 
0.000540665 0.00012875 6.01064e-05 
0.000276114 0.00024654 6.42682e-05 
0.000922098 0.000170237 4.46567e-05 
0.000882884 0.000272468 9.58546e-05 
0.000583644 5.30649e-05 2.39509e-05 
4.5718e-05 0.000233513 4.72877e-05 
0.000191772 0.000364118 8.4352e-05 
0.00083591 0.00019167 3.2507e-05 
5.68836e-05 6.65863e-05 6.21857e-05 
0.000234678 0.000417111 2.9633e-05 
0.000687306 9.7396e-05 7.72687e-05 
2.27501e-05 0.000329497 8.2222e-05 
0.000554132 0.000127946 2.19809e-05 
0.000756496 6.1381e-05 4.10984e-05 
0.000958552 0.00037771 4.99916e-05 
0.000476652 0.000479702 2.02962e-05 
0.000383269 1.88615e-05 1.88478e-05 
0.000977327 3.26269e-05 2.26713e-05 
0.000311622 2.52934e-05 8.99393e-05 
0.000454356 0.000348996 1.82642e-05 
0.000978453 0.000352596 2.15494e-05 
0.000360539 0.000140651 8.87119e-05 
0.000801127 0.000478627 9.25041e-05 
0.000464763 8.35958e-05 7.66882e-05 
0.000154427 0.000202075 8.3335e-05 
0.000918784 0.000259479 7.27417e-05 
0.000523586 0.000338674 2.43854e-05 
5.25282e-05 0.000107041 6.45023e-05 
0.000117025 0.000104909 1.70144e-05 
0.000163822 0.00047767 2.23305e-05 
0.000905639 0.00036988 7.70535e-05 
0.000489543 6.87479e-05 5.48283e-05 
0.000743006 0.000297553 9.88648e-05 
0.000949153 0.00035679 8.38536e-05 
0.000324558 0.000468349 9.45467e-05 
8.89942e-05 9.39722e-05 5.69568e-05 
0.000745302 0.000115281 7.4564e-05 
0.000364993 0.000206996 2.63265e-05 
0.000526249 0.000434709 3.87674e-05 
0.000217369 0.000479452 2.05468e-05 
9.36686e-05 0.00034867 2.23073e-05 
0.000115817 0.000290094 6.82717e-05 
0.000315494 0.000221345 2.52164e-05 
0.000242157 0.000228828 7.06555e-05 
0.000888111 0.000203575 4.79168e-05 
0.000127618 2.22772e-05 6.67726e-05 
0.000933266 0.000291606 6.23641e-05 
1.80686e-05 8.35332e-05 4.95492e-05 
0.000937026 0.000197366 1.83512e-05 
0.00089474 0.000238782 5.53286e-05 
0.000500552 0.000139566 6.32782e-05 
0.000879912 0.000470574 2.94252e-05 
0.000507304 0.000305568 8.22737e-05 
9.09967e-05 0.000462304 4.81388e-05 
0.000752363 0.000407596 1.96562e-05 
0.000300488 0.000482315 6.41366e-05 
0.00075621 0.000353731 2.09857e-05 
0.000695579 1.7256e-05 1.72494e-05 
0.00063389 5.79706e-05 1.92763e-05 
0.000195712 0.000359416 4.71677e-05 
0.000264837 0.000150336 6.51776e-05 
0.000341172 0.000162173 5.10756e-05 
0.000470046 0.000288021 8.77035e-05 
0.000561867 0.000274797 1.75462e-05 
0.000289035 1.75515e-05 1.75513e-05 
0.000430226 0.000236404 1.84406e-05 
0.000154906 0.00036132 7.19263e-05 
0.000857526 0.000238283 4.04277e-05 
0.000654721 1.79783e-05 1.79773e-05 
0.000240993 0.000305075 7.10591e-05 
0.000401576 0.00048179 5.16059e-05 
0.00072777 2.24145e-05 5.91683e-05 
0.000978875 0.000446471 2.07497e-05 
0.000835577 0.000266763 2.08974e-05 
0.000442205 6.01447e-05 5.52953e-05 
0.000194168 0.000151468 2.17757e-05 
0.000944323 7.90493e-05 8.58279e-05 
0.000350703 0.000290061 1.72428e-05 
0.000132512 0.000425398 1.75957e-05 
0.000107503 0.000284439 2.56077e-05 
0.000371587 0.00018967 6.75801e-05 
0.000784231 0.000236054 1.98255e-05 
0.000509938 5.13755e-05 1.7484e-05 
0.000767935 9.31884e-05 1.93028e-05 
0.000338782 0.000441219 6.47642e-05 
0.000921947 1.8007e-05 6.65573e-05 
0.000937943 0.000116995 1.90732e-05 
0.000469725 0.000358673 7.77003e-05 
0.000955079 0.000137784 8.84443e-05 
0.000698995 0.000416766 8.33864e-05 
1.84745e-05 0.000163469 1.84744e-05 
0.000504799 3.18568e-05 5.35654e-05 
0.000271663 0.000380711 1.88525e-05 
0.000128548 8.14269e-05 7.45662e-05 
0.000195657 0.000341685 1.73752e-05 
0.000794577 0.000427836 1.79409e-05 
0.000852729 0.000113224 3.49319e-05 
0.000309206 0.000353854 7.16991e-05 
0.000544727 0.000256419 4.16534e-05 
0.000776845 4.02655e-05 1.70273e-05 
0.000661711 0.000109478 4.59635e-05 
0.000658932 0.000162191 2.04649e-05 
5.37168e-05 0.000379378 8.65365e-05 
0.000158718 0.000481011 9.24272e-05 
0.00065914 0.000465562 1.70773e-05 
6.16053e-05 0.000475006 2.19685e-05 
0.000103446 0.000320507 4.7929e-05 
0.000886224 0.000173412 9.54128e-05 
0.000566832 0.0002751 6.26352e-05 
0.000580868 0.000100727 8.94616e-05 
2.15251e-05 0.000481275 1.87231e-05 
0.000784629 0.000323021 4.51839e-05 
8.81701e-05 2.53735e-05 6.1948e-05 
0.000469822 0.00022511 8.65697e-05 
0.000369107 0.000476533 2.34657e-05 
1.8097e-05 0.000406047 6.65871e-05 
0.000355227 0.000377477 6.0367e-05 
2.18955e-05 0.00029934 2.18929e-05 
0.00083016 2.46491e-05 0.000101458 
0.000245837 0.00026845 4.2106e-05 
0.000365908 0.000365677 2.06416e-05 
0.00093063 7.16441e-05 1.79166e-05 
0.000272894 9.68335e-05 1.78374e-05 
