0.000839178 0.00041873 3.10532e-05 
7.91621e-05 0.000296169 6.39283e-05 
0.000531155 0.000221018 9.1453e-05 
0.000317697 0.000241666 7.99074e-05 
0.000687863 0.000327022 6.44112e-05 
0.000371052 6.16228e-05 7.77504e-05 
0.000753968 0.000195572 3.09954e-05 
0.000884592 0.000289154 3.65463e-05 
0.000526392 4.58493e-05 0.000100072 
0.000783307 0.000232281 9.47594e-05 
0.000634973 0.000367867 2.42394e-05 
0.000180118 0.000383868 1.9744e-05 
0.000829104 0.000287116 7.31356e-05 
0.000201407 0.000216329 7.13805e-05 
0.000488359 0.000379006 3.627e-05 
0.000805872 0.000154485 6.57879e-05 
0.000443259 0.000343527 5.75589e-05 
0.000232748 0.00036205 2.52291e-05 
0.000527678 0.000156218 5.12219e-05 
0.000884814 0.000237302 1.89343e-05 
0.000921292 0.000330505 6.23425e-05 
0.000414651 0.000308469 5.69236e-05 
0.000943377 5.19427e-05 5.40532e-05 
0.000847565 4.89065e-05 7.67448e-05 
0.000689893 9.08366e-05 2.14024e-05 
0.000273741 0.000302659 3.06005e-05 
8.54819e-05 0.000226605 8.41569e-05 
0.000565541 0.000236958 1.97555e-05 
0.00016585 9.09612e-05 2.98314e-05 
0.000968817 0.000462211 0.000104109 
0.000518355 0.000216222 3.31022e-05 
0.000962202 0.000216966 5.67877e-05 
0.00088853 0.000135151 2.57046e-05 
0.000771176 2.10013e-05 5.14253e-05 
6.64231e-05 0.000258662 2.19104e-05 
0.000744566 0.000346744 9.34745e-05 
0.000611244 0.000439856 0.000104743 
0.000308895 0.00017528 9.9845e-05 
0.000342359 0.000205797 7.07399e-05 
0.000325382 0.000187742 1.87161e-05 
0.000300823 0.000297868 7.93134e-05 
0.000477608 0.000309508 3.28576e-05 
0.000460233 2.32009e-05 6.81961e-05 
0.00033991 9.93317e-05 5.62248e-05 
0.000970644 0.000396709 2.17998e-05 
0.000593429 0.000469858 5.43151e-05 
0.000537622 0.000348161 8.66415e-05 
0.000710617 0.000161365 7.86565e-05 
0.000394372 0.000233539 6.32832e-05 
0.000396635 0.000277898 0.000102646 
0.000269374 0.000373219 9.072e-05 
0.00057434 0.000159745 5.47555e-05 
0.000799175 5.28458e-05 0.000109344 
0.000842116 0.000455621 7.74373e-05 
8.90508e-05 6.41362e-05 9.37164e-05 
0.00018127 0.000102908 9.13916e-05 
0.000972462 8.60498e-05 2.75354e-05 
0.000520645 0.000420049 9.51947e-05 
0.000219442 0.000101635 2.45085e-05 
0.000369429 0.000422008 3.12587e-05 
0.000485378 0.000165587 2.60622e-05 
0.000283626 0.000410995 5.13451e-05 
0.000588309 0.000355145 2.37084e-05 
0.000799872 0.000190812 1.71806e-05 
0.000544399 7.77401e-05 5.54933e-05 
0.000239457 7.85519e-05 7.13454e-05 
0.000516027 0.000466746 1.73991e-05 
0.000393416 6.52286e-05 3.08121e-05 
0.000965895 0.000171286 6.29661e-05 
0.00089097 0.000186911 1.9395e-05 
0.000581204 0.000394261 8.65515e-05 
0.000623079 0.000132823 7.15213e-05 
0.000397761 0.000361321 6.5756e-05 
0.00068956 0.000386378 4.98397e-05 
0.000649669 6.96367e-05 6.16808e-05 
0.000150156 4.54125e-05 7.21353e-05 
0.000863639 0.000152846 6.92644e-05 
0.000444368 0.000109752 3.66396e-05 
0.000616518 0.00019893 8.04961e-05 
0.000712101 0.000126564 4.65016e-05 
0.000787396 0.000153058 2.30045e-05 
5.42581e-05 0.000335074 6.3752e-05 
0.000168401 0.000380165 6.02079e-05 
0.000437089 0.000437173 7.04887e-05 
0.000584383 0.000241063 5.87674e-05 
0.000788336 0.000384187 5.31665e-05 
2.99157e-05 0.000433931 2.9916e-05 
0.00034606 0.000282803 0.00010465 
0.000181145 0.000431578 2.88154e-05 
0.000148363 0.000276551 2.03577e-05 
0.000276612 5.7147e-05 2.32749e-05 
0.000815293 0.000474148 2.58515e-05 
0.000686658 0.000132653 9.89566e-05 
0.000980863 0.000295175 1.74972e-05 
0.000130098 0.000258358 5.74509e-05 
0.000869544 0.000334308 8.42516e-05 
0.000213033 2.81916e-05 6.50273e-05 
0.000917484 0.000204696 8.19684e-05 
0.000360087 0.000321708 8.16994e-05 
0.000418592 0.000187584 3.29368e-05 
0.000558748 0.000407209 5.69295e-05 
0.000770466 0.000466076 2.0058e-05 
0.000722387 0.000363134 5.17006e-05 
0.000785409 0.000113672 8.41313e-05 
0.000422659 2.5762e-05 1.93648e-05 
0.000821911 2.92546e-05 2.92573e-05 
0.000292543 7.28954e-05 6.32773e-05 
0.000724275 0.000251518 7.43607e-05 
8.14882e-05 0.000214653 2.46836e-05 
0.000686796 0.000186029 6.4051e-05 
0.00061226 0.000173977 2.64992e-05 
0.000398016 0.000273507 2.69519e-05 
0.00097175 0.000259572 7.27452e-05 
0.000647809 0.000278989 7.66022e-05 
0.000933964 0.000245705 3.02685e-05 
0.000598902 0.000129043 2.07372e-05 
8.84732e-05 0.000419476 3.03968e-05 
0.000135145 0.000436103 6.84943e-05 
0.00048642 0.000281938 7.38052e-05 
7.52998e-05 0.00016011 8.10953e-05 
0.000686519 0.000482788 1.88668e-05 
0.000640539 0.000391307 8.02752e-05 
0.000128625 0.000198324 4.42243e-05 
0.000308931 0.000275053 2.45242e-05 
0.00052109 0.000271858 4.06779e-05 
0.000761743 0.000179989 8.46041e-05 
0.0002466 0.000461615 7.93162e-05 
0.000977342 3.08562e-05 7.92751e-05 
0.000678967 0.000357574 2.10508e-05 
0.00022952 0.000225101 2.76775e-05 
0.000911444 0.000404583 3.66595e-05 
0.00041312 3.26632e-05 7.1617e-05 
0.000689528 4.15473e-05 5.55774e-05 
0.000773228 0.000475772 7.79378e-05 
0.000528628 0.000388732 7.04028e-05 
0.000459858 0.000163675 8.21746e-05 
0.000659724 0.000214428 3.29406e-05 
0.000424052 0.000109378 0.000102172 
0.000268911 0.000468756 3.12416e-05 
0.00097927 0.000387413 8.61835e-05 
0.000163357 0.000156415 6.66858e-05 
0.000897746 9.77719e-05 4.76003e-05 
0.000651125 0.000323427 2.30548e-05 
0.000359965 0.000404225 9.29824e-05 
0.000316579 0.000397964 7.80186e-05 
0.000869255 0.000124168 0.000103064 
0.000188031 0.000241844 1.80799e-05 
0.000693858 0.000434267 3.07182e-05 
6.15114e-05 2.89692e-05 2.89703e-05 
0.000545276 2.52996e-05 2.52964e-05 
0.000719201 0.00029698 2.06394e-05 
0.000885388 4.4695e-05 3.64742e-05 
0.000216723 0.000268323 1.83521e-05 
0.00091496 0.000129595 7.12492e-05 
0.000299985 0.000167768 4.65716e-05 
0.000801808 0.000335846 8.88381e-05 
0.000519415 0.000265857 8.23421e-05 
0.000726673 0.000290723 5.93815e-05 
0.000200212 0.000323241 7.01411e-05 
0.000796792 0.000440802 5.65047e-05 
0.000822901 0.000220752 2.07623e-05 
0.000598806 0.000406199 2.86321e-05 
2.61644e-05 0.000114989 2.61563e-05 
0.000467254 0.000325283 8.37725e-05 
0.000456299 0.000471624 4.99004e-05 
4.70557e-05 0.000390778 7.51671e-05 
0.000377848 0.000324643 2.80206e-05 
0.000553357 0.000417655 1.91472e-05 
0.000275147 0.000112992 5.79046e-05 
0.000909089 6.27783e-05 8.33555e-05 
0.000601678 0.000248115 9.90917e-05 
0.000802713 0.000205084 6.14244e-05 
0.00043483 0.000377199 3.99935e-05 
0.00025322 0.000125107 3.05879e-05 
0.000743948 2.03233e-05 2.03338e-05 
0.000397997 0.00013744 1.98822e-05 
0.000350162 0.000255017 2.09449e-05 
0.000257142 0.000335377 5.57802e-05 
0.000723898 8.63957e-05 6.87872e-05 
0.000768505 0.000314388 1.85834e-05 
0.000872959 0.000413198 8.34896e-05 
0.000639922 0.000125546 2.04334e-05 
0.000615984 2.20165e-05 4.18063e-05 
0.000333452 0.000473194 3.10208e-05 
0.00057773 0.000118732 5.12267e-05 
0.000125708 0.00011986 5.6873e-05 
0.000199672 0.000471914 6.44051e-05 
0.000196426 6.38525e-05 5.35587e-05 
4.29238e-05 4.99809e-05 8.91914e-05 
6.30117e-05 0.000312489 2.25149e-05 
0.000675508 0.000247181 7.05909e-05 
2.56489e-05 0.000477042 5.95902e-05 
0.00075313 0.000421668 7.45268e-05 
0.000443022 0.000264909 6.2201e-05 
0.000620929 0.000458303 2.08309e-05 
0.000830151 7.17792e-05 5.43051e-05 
0.000301235 0.000125055 2.42599e-05 
0.000923738 0.00046345 2.46553e-05 
0.000634348 0.00047795 8.57908e-05 
0.000192922 0.000411107 7.87188e-05 
0.000960039 0.000482748 1.71387e-05 
0.00083114 0.000336443 3.2952e-05 
6.07304e-05 0.000438092 8.2579e-05 
0.000461235 0.00043374 2.56023e-05 
0.000783443 0.000114991 4.27152e-05 
0.000744309 0.000324207 4.74786e-05 
0.000605225 0.000298486 8.96077e-05 
0.000119436 0.0004604 2.16541e-05 
0.000759639 0.000229474 6.52702e-05 
0.000812172 8.98998e-05 2.29191e-05 
0.000728084 0.000402152 5.05905e-05 
0.000479864 0.000417196 7.8085e-05 
0.000561974 0.000150433 9.32858e-05 
0.000336425 0.000147536 1.79661e-05 
0.000610354 0.000285117 3.39185e-05 
0.000189181 0.00026843 5.82206e-05 
0.000507117 0.000110658 7.74128e-05 
0.000566401 0.000190527 2.24175e-05 
0.000442779 0.000482224 1.7728e-05 
0.000514028 0.000177015 8.81712e-05 
0.000752088 0.000127535 2.04254e-05 
0.000216685 0.000180446 1.94785e-05 
0.000103933 0.000433837 0.000110885 
0.000497812 0.000337694 6.93023e-05 
4.92732e-05 0.000188731 5.13375e-05 
0.000673966 0.00027587 3.01824e-05 
0.00057734 2.80355e-05 5.72016e-05 
0.00013172 0.000376938 3.02609e-05 
3.03279e-05 0.000282993 7.18135e-05 
0.000375293 0.000438553 7.6806e-05 
0.000536206 0.00029822 1.72977e-05 
0.000846542 8.60027e-05 8.97784e-05 
0.000731441 9.30972e-05 1.9736e-05 
7.17824e-05 0.000170873 1.90554e-05 
6.00126e-05 0.000379265 1.99484e-05 
0.000268003 0.000210782 8.86646e-05 
0.000968278 0.000208935 2.0096e-05 
0.000274899 0.000243091 2.15246e-05 
0.000830925 0.00018115 9.59e-05 
0.000887357 0.000348902 2.5106e-05 
0.000678099 0.000130762 1.75633e-05 
2.25668e-05 0.000251272 2.25677e-05 
0.000718495 0.000240853 2.65795e-05 
0.000113505 0.000244176 1.92063e-05 
0.000946185 0.000151005 1.71481e-05 
0.000891301 0.000446897 6.48129e-05 
0.000420306 0.000409063 2.19569e-05 
0.00011266 6.08145e-05 3.13161e-05 
0.000570839 0.000317345 6.2122e-05 
0.000860278 0.000209087 1.84622e-05 
0.000255503 0.00019276 5.04482e-05 
2.11342e-05 0.000366969 5.72485e-05 
0.000775855 0.000268704 6.92839e-05 
0.000240516 2.50545e-05 2.50556e-05 
0.000788479 6.08742e-05 3.8605e-05 
0.000263542 0.000268587 0.000102179 
0.000288594 0.00044436 7.61569e-05 
0.000701756 0.000174167 2.56874e-05 
0.000362505 0.000122717 1.80328e-05 
0.000969716 0.000425844 7.66244e-05 
0.000167349 0.000174595 2.1775e-05 
0.000138626 0.000318382 2.09918e-05 
0.000973803 0.000113493 6.79704e-05 
0.000211026 5.84149e-05 1.9778e-05 
0.000978443 0.000134653 3.09331e-05 
0.000803623 0.000286944 2.43406e-05 
0.00039601 0.000479326 9.97421e-05 
7.77831e-05 0.000127125 3.33008e-05 
0.000442475 0.000387273 8.13103e-05 
0.000129034 0.000314986 8.2639e-05 
0.000464397 2.27829e-05 2.26024e-05 
0.000941849 0.000381186 0.000105587 
0.000934584 0.000352283 2.23079e-05 
0.000227803 0.000310805 2.62444e-05 
0.000358499 0.00023897 9.35505e-05 
0.000823278 0.000413423 7.87778e-05 
0.000973254 0.000467716 5.61916e-05 
0.000225886 0.000149466 4.73885e-05 
0.000402941 0.000195366 0.000113939 
0.000113278 0.000157223 2.08399e-05 
0.000278811 0.000341685 2.0111e-05 
0.000356524 1.97721e-05 8.14212e-05 
0.000646628 0.000446122 5.51975e-05 
2.0275e-05 0.000385598 2.02764e-05 
0.000518705 0.000482668 7.05101e-05 
0.000972977 0.000323955 5.9308e-05 
0.000605779 0.00043612 6.58124e-05 
0.000940531 0.000306339 2.40369e-05 
0.000373334 0.000167129 1.80001e-05 
0.000598823 6.5234e-05 7.28059e-05 
0.000880012 8.32179e-05 7.32273e-05 
0.000935685 2.11455e-05 2.11468e-05 
0.00044501 5.74811e-05 1.71704e-05 
0.000686738 0.000470973 7.60831e-05 
0.000688909 5.84974e-05 9.8118e-05 
0.000758172 0.000437199 4.10863e-05 
0.00033107 3.58429e-05 3.53008e-05 
0.000355029 0.000467752 6.26489e-05 
0.000671937 5.28135e-05 2.06431e-05 
0.00032256 0.000324948 2.72837e-05 
0.000490119 8.10568e-05 5.1339e-05 
0.000115682 0.000371379 8.70006e-05 
0.000227179 0.000383117 6.48278e-05 
0.000506445 0.000117244 2.66797e-05 
1.92907e-05 6.65117e-05 5.90099e-05 
0.000503783 2.11508e-05 1.7184e-05 
0.000841116 0.000379953 9.12416e-05 
0.000310205 8.27558e-05 1.85937e-05 
4.52399e-05 0.000195336 1.70881e-05 
0.000161387 0.000229505 5.77009e-05 
0.000566048 0.000318925 1.90541e-05 
0.000424424 0.000328779 9.62986e-05 
0.00046662 0.000208082 2.06972e-05 
0.000824638 0.000115747 7.80306e-05 
0.000849253 0.000243005 8.55528e-05 
0.000179816 0.000305216 2.22279e-05 
0.000618176 0.000334977 4.36329e-05 
0.000539536 1.98801e-05 6.97772e-05 
0.000641638 0.000424313 1.88812e-05 
0.000850724 1.83621e-05 9.79045e-05 
0.000314515 0.000435404 2.55391e-05 
0.000427542 0.000308472 1.87758e-05 
0.000972633 6.49694e-05 0.000103807 
0.000317723 0.000381023 2.904e-05 
2.84073e-05 0.000204886 7.88273e-05 
0.000120249 0.000143071 9.64871e-05 
0.0001669 0.000341609 4.11303e-05 
0.000940795 9.43053e-05 8.02145e-05 
0.000414871 0.000453805 2.94714e-05 
0.000474959 0.000209378 5.77529e-05 
8.03548e-05 0.000482599 8.18103e-05 
0.000482833 0.000463406 8.46774e-05 
0.000862257 0.000376735 5.31874e-05 
0.000132775 0.000482501 5.10942e-05 
0.000151079 0.000233871 1.97601e-05 
0.000496026 0.000453233 4.36807e-05 
0.000766362 3.7776e-05 8.7606e-05 
0.000757253 0.000150403 5.19609e-05 
0.00026124 0.000162553 2.21477e-05 
0.000487472 0.000258592 2.04021e-05 
0.000577601 9.68248e-05 1.79197e-05 
0.000810654 1.87487e-05 7.46966e-05 
0.000605592 0.00022263 2.27511e-05 
0.000716219 0.000338362 2.08481e-05 
0.000876448 9.44568e-05 1.75237e-05 
0.000170386 3.06244e-05 3.06238e-05 
0.000605397 2.37241e-05 8.69002e-05 
0.000599833 0.000350142 7.38149e-05 
0.000715694 5.33058e-05 2.31961e-05 
0.000208373 0.000170033 8.62188e-05 
0.000553558 0.000458642 3.43533e-05 
0.000757113 0.000273542 2.4061e-05 
0.000732832 0.000473251 4.69476e-05 
0.00054632 0.000376083 2.32165e-05 
0.00061659 9.05107e-05 2.16734e-05 
0.00078201 0.000426169 9.93189e-05 
0.000532803 0.000299267 6.58863e-05 
0.000769109 0.000390074 0.000110632 
2.3261e-05 0.000340231 2.26367e-05 
0.000665834 0.00039627 1.81426e-05 
0.00056022 0.00047051 8.82763e-05 
0.00015377 0.000301425 5.29317e-05 
0.000392403 0.000148583 5.79927e-05 
0.000924259 0.000474254 7.38814e-05 
0.000725447 0.000380596 1.84416e-05 
6.12521e-05 8.06438e-05 2.3046e-05 
0.000662528 1.8394e-05 7.01853e-05 
0.000587984 0.000480858 1.91368e-05 
0.00056506 0.000202259 6.39031e-05 
0.000406918 0.000408768 5.91158e-05 
0.000173653 1.83589e-05 7.79331e-05 
0.000194605 0.000181518 4.86414e-05 
0.000409876 0.000358905 1.9627e-05 
0.000392033 0.000107633 6.02061e-05 
0.000496536 0.000352633 0.000113128 
0.000793053 7.24278e-05 7.56558e-05 
0.000809206 0.000249152 4.65144e-05 
0.000698871 0.000282428 9.01599e-05 
0.000832725 0.000148478 2.25279e-05 
0.000567983 0.000368802 5.86511e-05 
0.000975714 0.000171754 1.78767e-05 
0.000148887 0.000136961 2.01372e-05 
0.000479306 3.4927e-05 0.00011015 
0.000269353 3.36814e-05 6.23225e-05 
2.04138e-05 0.000211942 3.97607e-05 
0.000637291 0.000319615 7.08569e-05 
0.000282288 0.000200084 2.09011e-05 
0.000692774 0.000241707 0.000102322 
0.00056564 3.71566e-05 9.40005e-05 
0.000535988 0.000129529 0.000105461 
0.000278577 0.000247927 6.40172e-05 
0.000920184 0.000167405 4.18414e-05 
0.000882643 0.000272272 9.63157e-05 
0.000588717 5.44651e-05 2.39501e-05 
4.08549e-05 0.000238748 5.7077e-05 
0.000205416 0.000360817 9.78924e-05 
0.000838184 0.000181985 4.49637e-05 
6.49842e-05 7.23547e-05 6.36331e-05 
0.000237617 0.000416525 2.96411e-05 
0.000686675 9.98107e-05 7.76958e-05 
2.36494e-05 0.000350951 9.80321e-05 
0.000556233 0.000135007 2.19827e-05 
0.000750998 6.43765e-05 4.7205e-05 
0.000956291 0.0003724 5.43658e-05 
0.00048066 0.00047966 2.03045e-05 
0.000381687 1.88484e-05 4.43366e-05 
0.000977328 2.30484e-05 3.46397e-05 
0.000307697 2.53198e-05 9.02149e-05 
0.000446432 0.000348478 1.82639e-05 
0.00097845 0.000354045 2.15481e-05 
0.000355267 0.00014662 7.99352e-05 
0.000808889 0.00047862 0.000106212 
0.000470104 8.49208e-05 9.66e-05 
0.00015066 0.000207007 8.84184e-05 
0.000918125 0.000255214 7.52097e-05 
0.000529132 0.000334034 3.74381e-05 
5.24056e-05 0.000112464 8.65684e-05 
0.000113789 0.000106969 1.70134e-05 
0.000159902 0.000477651 2.23295e-05 
0.000908337 0.000381338 0.000117016 
0.000501125 7.14351e-05 8.54666e-05 
0.000743558 0.000290857 9.98474e-05 
0.000949892 0.00034714 9.25343e-05 
0.000322251 0.000467458 9.22198e-05 
8.65922e-05 0.000100569 6.80558e-05 
0.000743537 0.000129492 8.14151e-05 
0.000363992 0.000209662 2.63263e-05 
0.000525315 0.00044805 6.4794e-05 
0.000219311 0.000479391 2.05462e-05 
8.71487e-05 0.000349106 3.17675e-05 
0.000103554 0.000285009 9.1342e-05 
0.000316465 0.000227205 3.5848e-05 
0.000229705 0.000220005 0.000102826 
0.000867642 0.000198475 5.9854e-05 
0.000117577 2.22784e-05 6.82335e-05 
0.000934358 0.000284382 5.98562e-05 
1.80741e-05 0.000102764 6.78821e-05 
0.00093126 0.000198645 1.83532e-05 
0.000892825 0.000239297 5.48066e-05 
0.000500116 0.000139948 0.000108806 
0.000870332 0.000470541 2.94239e-05 
0.000506194 0.000309004 9.85872e-05 
9.38952e-05 0.000463174 5.36586e-05 
0.000752822 0.000407067 1.96558e-05 
0.000288328 0.000482317 7.40551e-05 
0.000754987 0.000354108 2.09862e-05 
0.000692999 2.02958e-05 1.72491e-05 
0.000632045 5.26661e-05 1.92822e-05 
0.000196425 0.000364861 4.71592e-05 
0.000252512 0.000140013 0.000105864 
0.000347521 0.000170982 4.55484e-05 
0.00046338 0.00029591 0.000114966 
0.000560155 0.000272649 2.91679e-05 
0.000284764 1.75541e-05 1.75535e-05 
0.000451492 0.000244105 1.84382e-05 
0.000169277 0.000375402 9.61526e-05 
0.000855976 0.000233443 4.79498e-05 
0.000657214 1.79812e-05 2.84992e-05 
0.000260794 0.000312322 0.000111538 
0.000398028 0.000464256 6.66201e-05 
0.000727196 2.23981e-05 5.95944e-05 
0.000961319 0.00043822 2.07516e-05 
0.000839125 0.000259126 2.08998e-05 
0.000446285 6.49755e-05 7.30922e-05 
0.000190757 0.000137863 2.17795e-05 
0.000936837 8.5496e-05 0.000117623 
0.000354083 0.000287975 3.98289e-05 
0.00013546 0.000424794 1.7597e-05 
0.000104022 0.000287503 2.56095e-05 
0.000378174 0.000184325 6.52285e-05 
0.000783357 0.000235516 1.98537e-05 
0.000496122 6.79227e-05 1.74838e-05 
0.000769901 8.64047e-05 1.93085e-05 
0.00033319 0.000434695 6.61806e-05 
0.0009192 1.80129e-05 6.98372e-05 
0.000930529 0.000119477 2.57167e-05 
0.000476108 0.000360186 8.5155e-05 
0.000965413 0.000131278 0.00010207 
0.000700079 0.000416371 8.28997e-05 
2.30683e-05 0.000160274 1.84739e-05 
0.000502433 3.2826e-05 5.47124e-05 
0.000272075 0.000373576 4.14635e-05 
0.000127385 7.71698e-05 7.98455e-05 
0.000196728 0.000340697 1.73747e-05 
0.000787913 0.000429899 1.79405e-05 
0.000848697 0.00011044 4.37627e-05 
0.000316555 0.000352418 7.13834e-05 
0.000545031 0.000249215 6.02764e-05 
0.000777761 3.58537e-05 1.70335e-05 
0.000666134 0.000111957 4.64326e-05 
0.000657399 0.000162528 2.04753e-05 
7.29063e-05 0.000391781 0.000106547 
0.000185568 0.000481011 0.000108391 
0.000658353 0.000463252 1.70771e-05 
6.78463e-05 0.000468449 2.19786e-05 
0.000111972 0.000323095 4.76664e-05 
0.000871542 0.00016553 0.000111258 
0.000565971 0.000275033 7.36521e-05 
0.000603737 9.46132e-05 0.000104316 
2.93601e-05 0.000481265 1.8728e-05 
0.000774991 0.000310576 6.40441e-05 
7.61975e-05 3.45813e-05 7.27979e-05 
0.000468925 0.000219022 9.9863e-05 
0.000373414 0.000476297 2.34715e-05 
1.81165e-05 0.000412649 7.13062e-05 
0.000356092 0.000381372 5.76682e-05 
2.18971e-05 0.000295726 2.18927e-05 
0.000816534 2.07297e-05 0.000111431 
0.000248714 0.000270502 4.24936e-05 
0.000365821 0.000371331 2.06414e-05 
0.000913686 8.74775e-05 1.79173e-05 
0.000270163 9.73859e-05 1.78387e-05 
