0.000843546 0.000421636 3.10534e-05 
7.96879e-05 0.000292379 6.12747e-05 
0.000533014 0.000221178 9.01428e-05 
0.000319767 0.000247634 6.0833e-05 
0.000690629 0.00033048 6.73182e-05 
0.000367873 6.27175e-05 7.37742e-05 
0.000754996 0.00019429 3.0991e-05 
0.000885809 0.000288395 3.57909e-05 
0.00051552 3.948e-05 9.44268e-05 
0.000774534 0.000235788 8.56829e-05 
0.000633979 0.000365875 2.42388e-05 
0.000186594 0.000382065 1.9744e-05 
0.000829726 0.000286714 7.6526e-05 
0.000204218 0.000214133 7.30663e-05 
0.000489563 0.000388257 3.62706e-05 
0.000808871 0.000158677 6.25344e-05 
0.000441333 0.000340122 5.38867e-05 
0.00023269 0.000362856 2.52281e-05 
0.000524635 0.000161442 3.23397e-05 
0.000892207 0.000234307 1.89342e-05 
0.000918578 0.000332829 6.16142e-05 
0.000420242 0.000299846 5.32064e-05 
0.000943076 5.27848e-05 5.34938e-05 
0.000839587 5.50259e-05 6.5152e-05 
0.000688069 9.1656e-05 2.14023e-05 
0.000276189 0.000303903 2.06133e-05 
8.39357e-05 0.00023088 8.63724e-05 
0.000563553 0.000233682 1.97553e-05 
0.000159388 9.07397e-05 2.98299e-05 
0.000951008 0.000441645 8.89601e-05 
0.000514949 0.000217755 3.31054e-05 
0.000971733 0.000221581 5.67391e-05 
0.000897136 0.000134631 2.57048e-05 
0.000775211 2.10001e-05 4.97086e-05 
6.67444e-05 0.000260219 2.191e-05 
0.00074221 0.000353184 9.59423e-05 
0.000617133 0.000433868 9.10942e-05 
0.00031268 0.000150621 9.32641e-05 
0.00033044 0.000200246 6.72192e-05 
0.000331721 0.000177465 1.87169e-05 
0.000295105 0.000298619 7.73906e-05 
0.000475557 0.000303604 3.28586e-05 
0.000462335 2.31832e-05 6.83851e-05 
0.000336397 0.000102555 5.71399e-05 
0.000978192 0.000404197 2.18047e-05 
0.000598457 0.000481877 5.60817e-05 
0.000539752 0.000351997 7.21392e-05 
0.00072381 0.000173734 6.59024e-05 
0.000394889 0.000228258 6.51191e-05 
0.000386699 0.000281126 9.06686e-05 
0.000265373 0.000383668 7.9162e-05 
0.000574277 0.00015653 4.94364e-05 
0.000795605 5.29945e-05 8.16023e-05 
0.000845415 0.000463027 7.34619e-05 
9.20501e-05 5.91338e-05 8.04659e-05 
0.000192735 0.000109932 8.16924e-05 
0.000972466 8.7367e-05 2.75388e-05 
0.000513082 0.000425872 7.60275e-05 
0.000212458 0.000101134 2.45085e-05 
0.000366614 0.00041543 3.12562e-05 
0.000475482 0.000168827 2.60583e-05 
0.000283767 0.000413625 4.08355e-05 
0.000586985 0.000356001 2.37087e-05 
0.000802105 0.000190764 1.71766e-05 
0.000542112 7.49932e-05 5.9844e-05 
0.00024036 6.90403e-05 6.08142e-05 
0.00051418 0.000479684 1.73978e-05 
0.000397042 6.70676e-05 3.0812e-05 
0.000970453 0.000171495 6.23516e-05 
0.000890632 0.000178812 1.93947e-05 
0.000595114 0.000405702 7.59214e-05 
0.000620082 0.000131565 7.17364e-05 
0.000397887 0.000360254 6.65644e-05 
0.000694571 0.000382781 4.61994e-05 
0.000652396 6.45771e-05 6.36608e-05 
0.000159051 5.65596e-05 7.10488e-05 
0.000865521 0.000165171 5.65701e-05 
0.000444845 0.000115156 3.66388e-05 
0.00061727 0.000197724 8.18319e-05 
0.000708308 0.00012732 4.76379e-05 
0.000785571 0.000150507 2.30043e-05 
6.01644e-05 0.000341547 5.41011e-05 
0.000177494 0.000390116 5.4634e-05 
0.000424274 0.000440815 6.90987e-05 
0.000580008 0.000236442 5.90493e-05 
0.000792108 0.000384968 4.76756e-05 
2.99161e-05 0.000435092 2.9913e-05 
0.000344433 0.000277238 5.05453e-05 
0.000176636 0.000428733 2.88169e-05 
0.000152663 0.000272118 2.03556e-05 
0.000278086 5.64747e-05 2.32756e-05 
0.000822263 0.000474156 2.58503e-05 
0.000667538 0.000147106 5.53859e-05 
0.000980947 0.00029515 1.74972e-05 
0.000132605 0.00025148 5.60646e-05 
0.00086793 0.000334406 8.6195e-05 
0.000209517 2.35546e-05 6.17172e-05 
0.000928409 0.000210781 8.1936e-05 
0.000351805 0.000328365 7.51796e-05 
0.000418753 0.000183481 3.29453e-05 
0.000564203 0.000422131 5.78776e-05 
0.000777085 0.000479937 2.00595e-05 
0.000731141 0.00036499 4.85623e-05 
0.000793133 0.000122904 8.50245e-05 
0.000420721 2.43288e-05 1.93651e-05 
0.000820369 2.92561e-05 2.92553e-05 
0.000294217 6.85082e-05 6.44724e-05 
0.000730277 0.000249465 7.07154e-05 
7.54602e-05 0.000214529 2.46833e-05 
0.000680401 0.000179803 6.23921e-05 
0.000613504 0.000175838 2.64942e-05 
0.000396778 0.00026657 2.6951e-05 
0.000971751 0.000267142 7.32977e-05 
0.000652059 0.000276361 7.8625e-05 
0.000938889 0.000244942 3.02686e-05 
0.000596351 0.000132213 2.07348e-05 
8.70614e-05 0.000414771 3.03967e-05 
0.000131389 0.000436142 6.89228e-05 
0.000494963 0.000261221 5.13971e-05 
7.86417e-05 0.000166595 6.86532e-05 
0.000689284 0.000482784 1.72096e-05 
0.000648373 0.00038346 8.08929e-05 
0.000123011 0.000199914 4.45565e-05 
0.000309082 0.000273242 2.45241e-05 
0.000516433 0.000270522 2.10383e-05 
0.000767869 0.000178796 8.36012e-05 
0.000237279 0.000448672 7.09713e-05 
0.000977359 2.26407e-05 6.54358e-05 
0.000677487 0.000353688 2.10516e-05 
0.000229452 0.000223543 2.76745e-05 
0.000908982 0.000405141 3.66549e-05 
0.000414129 2.49837e-05 6.3215e-05 
0.000686198 2.74447e-05 5.0554e-05 
0.000767038 0.000475477 6.29567e-05 
0.000537285 0.000395631 5.96927e-05 
0.000455945 0.000165168 8.75858e-05 
0.000658648 0.000213958 3.29397e-05 
0.00041235 8.70436e-05 9.01295e-05 
0.000266923 0.000468715 3.1245e-05 
0.000979279 0.000403333 7.60735e-05 
0.00016601 0.00016103 6.0061e-05 
0.000914207 9.6849e-05 3.71782e-05 
0.000648187 0.000320782 2.30545e-05 
0.000360359 0.000410782 8.53299e-05 
0.000316127 0.000406871 7.2642e-05 
0.000872644 0.000121873 6.48943e-05 
0.000187094 0.000237944 1.80803e-05 
0.000691356 0.00043206 3.07164e-05 
5.52814e-05 2.89689e-05 2.89708e-05 
0.000542483 2.53028e-05 2.53e-05 
0.000718605 0.000298264 2.06411e-05 
0.000884718 4.05254e-05 3.64698e-05 
0.000212495 0.0002694 1.83526e-05 
0.000912683 0.000134191 7.49108e-05 
0.0002988 0.000172863 4.54537e-05 
0.000793971 0.000332306 7.95273e-05 
0.000525491 0.000264623 7.32313e-05 
0.000732486 0.000289121 5.69663e-05 
0.000197623 0.00031927 6.76505e-05 
0.000800196 0.000442484 5.59205e-05 
0.000824433 0.000228054 2.07601e-05 
0.000600299 0.000406394 2.86323e-05 
2.61561e-05 0.000120253 2.6156e-05 
0.00046612 0.000322427 7.96746e-05 
0.000443 0.000477397 5.27986e-05 
4.69436e-05 0.000394065 4.88048e-05 
0.000382494 0.000319653 2.802e-05 
0.000556116 0.000421918 1.91484e-05 
0.00026558 0.000116168 4.9434e-05 
0.000911481 7.87761e-05 6.86629e-05 
0.000614553 0.000252293 8.20755e-05 
0.000803487 0.000209166 5.96156e-05 
0.000437808 0.000373985 3.51744e-05 
0.000248215 0.000120996 1.7066e-05 
0.000746151 2.03288e-05 2.03298e-05 
0.00039581 0.000137734 1.9885e-05 
0.000348696 0.0002512 2.0945e-05 
0.000259198 0.000337377 5.50249e-05 
0.00071765 8.15536e-05 5.5779e-05 
0.000757144 0.000311044 1.85829e-05 
0.000866071 0.000411304 8.08455e-05 
0.000637184 0.000126822 2.04358e-05 
0.000617552 2.20131e-05 2.8484e-05 
0.000329021 0.000482963 1.70357e-05 
0.00057919 0.000110938 4.78829e-05 
0.00012475 0.000126417 5.63905e-05 
0.00019353 0.000471914 6.22393e-05 
0.000192444 6.47487e-05 5.13805e-05 
2.19495e-05 4.60281e-05 6.34771e-05 
6.58154e-05 0.000306089 2.25123e-05 
0.00068175 0.000243196 6.96935e-05 
2.25211e-05 0.000477479 5.98782e-05 
0.000759596 0.000430293 5.17809e-05 
0.000446015 0.000255241 6.19145e-05 
0.000623616 0.00045431 2.08291e-05 
0.000837334 7.26767e-05 1.7535e-05 
0.000299402 0.000129567 2.42607e-05 
0.000934603 0.000459531 2.46556e-05 
0.000631813 0.000477947 7.81232e-05 
0.000195566 0.000420504 8.01387e-05 
0.000968465 0.000482862 1.71409e-05 
0.000832219 0.000333052 3.29563e-05 
6.10505e-05 0.000439014 8.24061e-05 
0.000455915 0.000439072 2.56025e-05 
0.000773795 0.000118022 4.86804e-05 
0.000742281 0.00032707 5.08264e-05 
0.000611827 0.000298165 8.82565e-05 
0.000121236 0.000464771 2.16539e-05 
0.000762923 0.000238109 5.01722e-05 
0.000806879 0.000108663 2.29185e-05 
0.000729077 0.000404809 5.15027e-05 
0.000469573 0.000430515 6.93022e-05 
0.00054087 0.000161127 7.09314e-05 
0.000339397 0.000141597 1.79664e-05 
0.000610533 0.000279428 3.39184e-05 
0.000185985 0.000264061 5.85356e-05 
0.000495609 0.00010277 6.94726e-05 
0.000564634 0.000191593 2.24178e-05 
0.000434341 0.000482272 1.77265e-05 
0.000507243 0.00017909 6.94148e-05 
0.0007474 0.00012995 2.0424e-05 
0.000225799 0.000177251 1.94789e-05 
9.97871e-05 0.000411536 0.000103145 
0.000498976 0.000340162 5.82771e-05 
4.56848e-05 0.000197434 5.00823e-05 
0.000674428 0.000275013 3.01818e-05 
0.000577952 2.00195e-05 5.30154e-05 
0.000137712 0.000381387 3.0261e-05 
3.17486e-05 0.000276668 6.99621e-05 
0.000381885 0.00045487 5.56083e-05 
0.000538939 0.000301336 1.72965e-05 
0.000849324 9.28324e-05 6.96715e-05 
0.000729094 9.42063e-05 1.97372e-05 
7.96777e-05 0.000171359 1.90541e-05 
5.73216e-05 0.000371106 1.99495e-05 
0.000278745 0.00020274 7.77683e-05 
0.000975752 0.000212165 2.00957e-05 
0.000274524 0.000242285 2.15254e-05 
0.000834533 0.000185179 9.14926e-05 
0.00088768 0.000348315 2.51037e-05 
0.000675047 0.000128178 1.75624e-05 
2.25665e-05 0.000255094 2.25671e-05 
0.000714113 0.000234588 2.65795e-05 
0.000111413 0.000239099 1.9206e-05 
0.000944214 0.000153233 1.7148e-05 
0.00088923 0.000444863 6.8606e-05 
0.000420938 0.000407011 2.19563e-05 
0.000109168 5.58908e-05 3.13143e-05 
0.000576564 0.000317357 6.2168e-05 
0.000866045 0.000207579 1.84606e-05 
0.000248659 0.000185176 5.02228e-05 
2.11359e-05 0.000366402 6.01332e-05 
0.000774002 0.000276838 6.70986e-05 
0.000241398 2.50565e-05 2.50546e-05 
0.000797792 6.87703e-05 1.76984e-05 
0.000250859 0.000270204 7.95097e-05 
0.000296099 0.000444537 6.62345e-05 
0.000701935 0.000175095 2.56843e-05 
0.00036476 0.000116046 1.80328e-05 
0.000959028 0.000427695 5.05359e-05 
0.000167364 0.000190962 2.17742e-05 
0.000128695 0.000324883 2.09982e-05 
0.000978652 0.000122591 6.23936e-05 
0.000210534 5.71428e-05 1.97793e-05 
0.000978444 0.000135718 2.15516e-05 
0.00079475 0.000290582 2.43328e-05 
0.000380861 0.00048184 7.8981e-05 
7.93654e-05 0.000125708 2.73445e-05 
0.000442642 0.000392991 7.66215e-05 
0.000130149 0.000328443 6.92062e-05 
0.00046253 2.26026e-05 2.26026e-05 
0.000941953 0.000396812 7.8468e-05 
0.000934657 0.000354037 2.23085e-05 
0.000230286 0.000311451 2.62432e-05 
0.000351732 0.000234377 8.32482e-05 
0.000824027 0.000415466 7.56624e-05 
0.000973241 0.000473248 5.96903e-05 
0.000229203 0.000139393 4.76087e-05 
0.000395322 0.000191365 0.000117403 
0.000116723 0.000156676 2.08332e-05 
0.000281896 0.000344223 2.01105e-05 
0.000370584 1.97721e-05 7.21448e-05 
0.000644332 0.000439072 5.73401e-05 
2.02778e-05 0.000386787 2.0278e-05 
0.000525185 0.000482671 5.02001e-05 
0.000972973 0.000323662 6.07447e-05 
0.000597553 0.000444238 5.84092e-05 
0.000941042 0.000308158 2.4038e-05 
0.000367996 0.000163642 1.80001e-05 
0.000601278 7.50795e-05 6.14122e-05 
0.000882216 9.17189e-05 5.18751e-05 
0.000936764 2.11439e-05 2.11437e-05 
0.000444948 5.78627e-05 1.71706e-05 
0.000681064 0.000472174 7.20944e-05 
0.000700565 5.202e-05 8.63975e-05 
0.000763992 0.000444591 1.77045e-05 
0.000334174 3.84754e-05 3.53008e-05 
0.00033659 0.000479399 5.37251e-05 
0.000673784 5.21176e-05 2.06433e-05 
0.000323594 0.000322889 2.72726e-05 
0.000481575 7.66476e-05 1.93223e-05 
0.000100814 0.00037058 7.52999e-05 
0.000217821 0.000383934 6.23412e-05 
0.000507375 0.000114037 2.66777e-05 
1.92722e-05 5.95694e-05 1.92707e-05 
0.000501578 1.7183e-05 1.71851e-05 
0.000832724 0.000374162 8.49609e-05 
0.000308769 8.45759e-05 1.85937e-05 
4.64531e-05 0.000185448 1.70878e-05 
0.000169115 0.000219338 4.92182e-05 
0.000572071 0.000316191 1.90545e-05 
0.000423815 0.000323077 9.20281e-05 
0.000461704 0.000213186 2.06965e-05 
0.000823193 0.000119408 5.9248e-05 
0.000838229 0.000237573 7.2194e-05 
0.000182904 0.000302066 2.22261e-05 
0.000613468 0.000330135 4.17585e-05 
0.000541922 1.98727e-05 7.01425e-05 
0.000644567 0.00042063 1.88806e-05 
0.00084575 1.83603e-05 6.80431e-05 
0.000317263 0.000442943 2.55341e-05 
0.000428354 0.000319058 1.87681e-05 
0.000982653 6.23319e-05 6.3369e-05 
0.000318647 0.000378954 2.90378e-05 
2.00786e-05 0.000219531 6.76286e-05 
0.000126448 0.00016311 8.44713e-05 
0.000164967 0.000338681 3.64303e-05 
0.000942531 0.000105921 5.75363e-05 
0.000408039 0.000450798 2.37266e-05 
0.000472163 0.000204475 5.61435e-05 
6.20966e-05 0.000482603 6.08395e-05 
0.000485642 0.000474218 6.51423e-05 
0.000860579 0.00037601 5.14016e-05 
0.000137676 0.000482501 5.24485e-05 
0.000149744 0.00023211 1.97602e-05 
0.000498157 0.000447901 1.81853e-05 
0.000761028 4.49691e-05 7.66818e-05 
0.000752318 0.000150051 5.38184e-05 
0.000262218 0.00015727 2.21467e-05 
0.000475703 0.000251825 2.03974e-05 
0.000572837 9.25845e-05 1.79197e-05 
0.000806573 1.87221e-05 7.39826e-05 
0.000604866 0.000224168 2.27439e-05 
0.00071699 0.00033972 2.08482e-05 
0.000886029 9.10704e-05 1.75235e-05 
0.000165713 3.06234e-05 3.06237e-05 
0.000614346 2.49115e-05 7.14183e-05 
0.000599651 0.000356055 6.65473e-05 
0.000717537 5.29967e-05 2.31932e-05 
0.000211565 0.000166442 8.21772e-05 
0.000553363 0.000465216 2.45711e-05 
0.000751712 0.000268425 2.40605e-05 
0.000731229 0.000473251 2.67478e-05 
0.000547104 0.00038072 2.32138e-05 
0.000612251 9.29091e-05 2.1674e-05 
0.000778252 0.000420872 8.2275e-05 
0.000538106 0.000294162 5.18143e-05 
0.000753154 0.000397016 7.92455e-05 
2.40734e-05 0.000344015 2.26365e-05 
0.000667313 0.000391427 1.81428e-05 
0.000559123 0.000467252 7.83381e-05 
0.000149414 0.0003017 4.48876e-05 
0.00037964 0.000153584 5.29781e-05 
0.000921557 0.000474256 7.1057e-05 
0.000722466 0.000385827 1.84416e-05 
5.65859e-05 8.0965e-05 2.30417e-05 
0.000648959 1.83871e-05 5.36641e-05 
0.000593804 0.000480868 1.91318e-05 
0.0005648 0.000196009 6.53251e-05 
0.000405532 0.000404097 5.78774e-05 
0.000171132 1.8356e-05 7.77322e-05 
0.000199094 0.00018469 4.33654e-05 
0.000406352 0.000362081 1.96257e-05 
0.000387887 0.000113437 5.15386e-05 
0.000499115 0.000351552 9.17573e-05 
0.000791905 8.11928e-05 5.42792e-05 
0.000806385 0.000254039 4.60248e-05 
0.000698435 0.000278903 7.44154e-05 
0.000831043 0.000152749 2.25258e-05 
0.000571176 0.000382604 5.77803e-05 
0.000982127 0.000174802 1.7873e-05 
0.000153888 0.000139447 2.01358e-05 
0.00048136 5.45686e-05 8.56036e-05 
0.000278019 2.38728e-05 5.59108e-05 
2.04109e-05 0.000212223 2.04106e-05 
0.000640399 0.000319324 6.4527e-05 
0.000272483 0.000199888 2.09017e-05 
0.000706838 0.000216867 6.59077e-05 
0.000581011 4.46921e-05 8.39227e-05 
0.000536206 0.000128283 5.82698e-05 
0.000277345 0.000246459 6.41494e-05 
0.000922471 0.000170687 4.5017e-05 
0.000879841 0.000265118 9.30786e-05 
0.000583493 5.25449e-05 2.39505e-05 
4.72853e-05 0.000235953 4.76013e-05 
0.000193463 0.000362535 8.55988e-05 
0.000835388 0.000192235 3.13498e-05 
5.81684e-05 6.39786e-05 6.0978e-05 
0.000233994 0.000417532 2.96332e-05 
0.000687097 9.68779e-05 7.76164e-05 
2.27433e-05 0.000327795 8.09243e-05 
0.000553909 0.000127475 2.19821e-05 
0.000756748 6.09929e-05 4.17348e-05 
0.000959038 0.000377571 4.97643e-05 
0.000476593 0.000479702 2.02982e-05 
0.000382903 1.88701e-05 1.88478e-05 
0.00097733 3.76344e-05 2.26716e-05 
0.000311892 2.52943e-05 9.0087e-05 
0.000456544 0.000348766 1.82636e-05 
0.000978451 0.000351823 2.15476e-05 
0.000365085 0.000136379 8.97957e-05 
0.000802103 0.000478622 9.19279e-05 
0.000464557 8.42072e-05 7.68751e-05 
0.000156213 0.000202684 8.20273e-05 
0.000918781 0.000259719 7.19505e-05 
0.000523501 0.0003394 2.43854e-05 
5.27659e-05 0.00010431 6.32557e-05 
0.000116016 0.000102951 1.70138e-05 
0.000163281 0.000477673 2.23278e-05 
0.000900327 0.000368541 7.51675e-05 
0.000489621 6.94223e-05 5.48311e-05 
0.000742093 0.000297852 9.88451e-05 
0.000949371 0.000356741 8.361e-05 
0.000324421 0.000467976 9.45876e-05 
8.98739e-05 9.30836e-05 5.58895e-05 
0.000743309 0.000107444 7.19505e-05 
0.000364795 0.000207079 2.63261e-05 
0.000526138 0.000434754 3.75471e-05 
0.000217397 0.000479452 2.05469e-05 
9.49024e-05 0.000351931 2.23073e-05 
0.000118719 0.000289944 6.68333e-05 
0.000314516 0.000218369 2.52168e-05 
0.00024485 0.000226031 6.99981e-05 
0.000890173 0.000203403 4.84938e-05 
0.000129171 2.22783e-05 6.79529e-05 
0.000933699 0.000291963 6.25975e-05 
1.8072e-05 8.28961e-05 4.84018e-05 
0.000937585 0.000197556 1.83511e-05 
0.000894069 0.000239119 5.53805e-05 
0.000495385 0.000144227 5.76006e-05 
0.000881857 0.000470571 2.94242e-05 
0.000508355 0.000305497 7.97593e-05 
8.89285e-05 0.000461744 4.67773e-05 
0.000752775 0.000408949 1.96552e-05 
0.000300011 0.000482316 6.46253e-05 
0.000757116 0.000351563 2.09867e-05 
0.000699582 1.72498e-05 1.72489e-05 
0.000634415 5.85602e-05 1.9277e-05 
0.000196066 0.000358204 4.64365e-05 
0.00026637 0.000151987 6.15704e-05 
0.000339921 0.000158971 5.16024e-05 
0.000471336 0.00028781 8.62571e-05 
0.000561923 0.000275141 1.75464e-05 
0.000289001 1.75521e-05 1.75518e-05 
0.000429568 0.000236197 1.84385e-05 
0.000158014 0.000359616 6.96012e-05 
0.000859146 0.000239457 3.88869e-05 
0.000655932 1.7977e-05 1.79787e-05 
0.000243113 0.000302267 6.73617e-05 
0.000405116 0.000481789 5.18282e-05 
0.00072755 2.24008e-05 5.87261e-05 
0.00097924 0.000446722 2.07527e-05 
0.000834886 0.000268413 2.08963e-05 
0.000442408 6.05368e-05 5.52928e-05 
0.000194189 0.000150841 2.17764e-05 
0.000945915 8.14974e-05 8.34911e-05 
0.000350842 0.000289146 1.72416e-05 
0.000131632 0.000427136 1.7595e-05 
0.0001081 0.00028333 2.56082e-05 
0.000371017 0.000188947 6.72889e-05 
0.000784307 0.000234271 1.98261e-05 
0.000509643 5.16099e-05 1.74839e-05 
0.000768091 9.23854e-05 1.93039e-05 
0.000338924 0.000441208 6.46147e-05 
0.000923168 1.80069e-05 6.78136e-05 
0.000938015 0.000117596 1.90738e-05 
0.000468327 0.000358117 7.54489e-05 
0.000954004 0.000137615 8.89404e-05 
0.000699892 0.000417178 8.35121e-05 
1.84739e-05 0.00016354 1.84737e-05 
0.000504329 3.23208e-05 5.33735e-05 
0.000271944 0.000381873 1.88526e-05 
0.000128056 8.13854e-05 7.41172e-05 
0.000198 0.000339404 1.73742e-05 
0.000795407 0.000427751 1.79399e-05 
0.000852953 0.000112554 3.01041e-05 
0.000308321 0.000354183 7.25041e-05 
0.000545358 0.000256894 4.21594e-05 
0.000777242 4.07716e-05 1.70272e-05 
0.000661036 0.000108726 4.59525e-05 
0.000657982 0.000162037 2.04645e-05 
5.20003e-05 0.000381009 8.69752e-05 
0.000153511 0.000481012 8.52859e-05 
0.000659614 0.000465583 1.70773e-05 
5.95386e-05 0.00047694 2.19686e-05 
9.96042e-05 0.000320258 4.51123e-05 
0.000894211 0.000175529 8.90673e-05 
0.000567296 0.000275615 6.32823e-05 
0.000580821 9.97578e-05 9.06237e-05 
1.91978e-05 0.000481253 1.87239e-05 
0.000782576 0.000328131 3.68419e-05 
9.14114e-05 1.763e-05 5.60528e-05 
0.000476881 0.000225371 8.30325e-05 
0.000368488 0.000476542 2.34666e-05 
1.80968e-05 0.000406967 6.69843e-05 
0.000354367 0.000376904 6.08482e-05 
2.18985e-05 0.000299546 2.18929e-05 
0.000830875 3.14933e-05 9.9077e-05 
0.000245787 0.000268369 4.07482e-05 
0.00036548 0.000364642 2.06441e-05 
0.00093033 7.21462e-05 1.79168e-05 
0.000273534 9.69719e-05 1.78376e-05 
