0.000832319 0.000410512 3.10713e-05 
8.2531e-05 0.00029539 7.7495e-05 
0.000524407 0.000209406 0.000109203 
0.000315774 0.000239138 0.000132088 
0.000684102 0.00033107 6.3271e-05 
0.00036391 7.91507e-05 0.000109707 
0.00074774 0.000204758 4.97711e-05 
0.000871411 0.00029107 6.32248e-05 
0.000525179 5.45654e-05 0.000153309 
0.000782773 0.000237932 0.00014772 
0.000638135 0.000369815 4.09819e-05 
0.000176589 0.000387095 1.97457e-05 
0.000824838 0.000304963 0.000108686 
0.000208175 0.000216906 8.77921e-05 
0.000488945 0.000380655 3.62736e-05 
0.000802387 0.000161456 0.000103902 
0.000444173 0.000369336 7.59016e-05 
0.000236191 0.000359966 2.52283e-05 
0.000524922 0.000144082 6.35879e-05 
0.000888877 0.000239808 1.89345e-05 
0.000917592 0.000330896 6.24013e-05 
0.000414353 0.000311775 5.63313e-05 
0.000940899 6.33801e-05 6.8286e-05 
0.000871985 4.24315e-05 9.3138e-05 
0.000690607 9.52852e-05 2.72847e-05 
0.000257707 0.000304348 5.72862e-05 
8.87187e-05 0.000227998 8.96347e-05 
0.000556842 0.000237018 1.97666e-05 
0.000173484 9.1174e-05 2.98296e-05 
0.000971079 0.000462443 0.000142485 
0.000520257 0.000213144 4.95373e-05 
0.000964154 0.000206443 6.67067e-05 
0.000880827 0.000143832 2.57048e-05 
0.000763509 2.74411e-05 7.947e-05 
5.64358e-05 0.000256613 5.08382e-05 
0.000721559 0.000341208 0.000113186 
0.000610149 0.000437586 0.000141472 
0.000307798 0.000177786 0.000109286 
0.000341581 0.000221957 8.02266e-05 
0.00032197 0.000182154 2.58975e-05 
0.000307001 0.000298936 8.32884e-05 
0.000483893 0.000310521 3.28575e-05 
0.000453425 2.32752e-05 8.48032e-05 
0.000342834 0.000105099 6.79654e-05 
0.000963532 0.000400132 2.19276e-05 
0.000575864 0.000463675 9.33056e-05 
0.000544862 0.000350168 0.000100394 
0.000703023 0.000160468 0.000123059 
0.000387709 0.000234961 6.47138e-05 
0.00041154 0.000258328 0.000113752 
0.000251351 0.000380366 0.000119049 
0.000564727 0.000173344 7.31506e-05 
0.000799119 5.31054e-05 0.00015904 
0.000845993 0.000461704 9.7266e-05 
9.27421e-05 6.32286e-05 0.0001248 
0.000165428 9.03797e-05 9.38951e-05 
0.000963788 8.63632e-05 2.75377e-05 
0.000516837 0.000418005 0.000116334 
0.00022727 9.68137e-05 2.45091e-05 
0.000363782 0.000426754 3.12558e-05 
0.000493075 0.000165068 2.60585e-05 
0.000287986 0.000412279 5.66643e-05 
0.000599371 0.000347497 2.37093e-05 
0.000789456 0.000184444 2.63731e-05 
0.000549763 8.4154e-05 6.99734e-05 
0.000231576 8.8728e-05 7.96713e-05 
0.00052133 0.000463333 3.10839e-05 
0.000393346 7.32803e-05 3.08083e-05 
0.000964191 0.000180057 0.000104616 
0.000890299 0.000191036 1.9395e-05 
0.000575155 0.000396868 0.00013175 
0.000625101 0.000140887 0.00010782 
0.000395735 0.000372711 9.10827e-05 
0.000682022 0.000390386 5.3053e-05 
0.000648128 6.42068e-05 9.65682e-05 
0.000157117 4.13971e-05 7.65804e-05 
0.000875179 0.000152594 7.78724e-05 
0.000452142 0.000105833 3.6642e-05 
0.000628331 0.000207845 0.000106788 
0.000706697 0.000143016 6.79461e-05 
0.000800509 0.000161336 5.73336e-05 
6.74716e-05 0.000338156 9.66601e-05 
0.000148383 0.000378135 8.89749e-05 
0.000440487 0.000433392 9.7486e-05 
0.000604084 0.000239623 6.74726e-05 
0.000783957 0.000379624 6.23043e-05 
3.03975e-05 0.000433943 2.99056e-05 
0.00035137 0.000289286 0.000149143 
0.000183849 0.000434244 2.88183e-05 
0.00014386 0.000277579 2.03598e-05 
0.000275455 6.27515e-05 2.32764e-05 
0.000813586 0.000459114 5.40258e-05 
0.00068666 0.000131593 0.000152367 
0.000980771 0.00029539 2.89941e-05 
0.000123864 0.000267846 5.96914e-05 
0.000894878 0.000328291 0.000113927 
0.000215016 4.34372e-05 0.000115716 
0.000903932 0.000207123 0.000128745 
0.000370574 0.000320881 8.39321e-05 
0.00042481 0.000199984 3.29411e-05 
0.000568316 0.000395975 7.88825e-05 
0.000761317 0.000464161 2.00586e-05 
0.000706353 0.000378073 8.26852e-05 
0.000784781 0.000113943 0.000135644 
0.000411512 4.2872e-05 6.63842e-05 
0.000828 3.03113e-05 2.92556e-05 
0.000288509 8.24372e-05 0.000113275 
0.000725362 0.000259382 9.56684e-05 
9.01139e-05 0.00021052 2.47686e-05 
0.00067471 0.000193119 9.40725e-05 
0.000607025 0.00017499 3.72298e-05 
0.000398267 0.000272246 2.6951e-05 
0.000967874 0.000247009 8.8847e-05 
0.000640157 0.000274286 0.000119593 
0.000936123 0.000248181 3.02679e-05 
0.000607838 0.000130742 2.0736e-05 
8.68226e-05 0.0004147 3.90014e-05 
0.000153608 0.000432833 8.16958e-05 
0.000490178 0.000293179 9.6596e-05 
7.14597e-05 0.000151849 9.71726e-05 
0.000674703 0.000467696 5.11997e-05 
0.000650509 0.000378675 0.000100472 
0.000132115 0.000194941 5.41832e-05 
0.000308814 0.000272565 2.45221e-05 
0.000528444 0.000285295 5.14658e-05 
0.000754439 0.000186412 0.000105427 
0.00024773 0.000466168 0.000121437 
0.000972604 3.77794e-05 0.000104895 
0.00067829 0.000363306 2.10519e-05 
0.000239633 0.000241366 5.33158e-05 
0.000899258 0.0004017 3.67043e-05 
0.000414031 3.91213e-05 0.000110548 
0.000703561 4.94189e-05 8.32388e-05 
0.000756231 0.000472723 0.000112127 
0.000510517 0.000389756 8.77253e-05 
0.000455201 0.000162363 8.15407e-05 
0.000657177 0.000206592 3.29415e-05 
0.00043192 0.000106164 0.000111071 
0.000267927 0.000467588 5.40078e-05 
0.000977204 0.000381488 0.000106233 
0.000156814 0.000161956 9.17658e-05 
0.000901565 9.77173e-05 8.77924e-05 
0.000652712 0.000309453 2.30543e-05 
0.000355721 0.000413458 0.000129464 
0.000319192 0.000393277 9.0169e-05 
0.000869105 0.000125264 0.000147357 
0.000194637 0.000233762 1.80845e-05 
0.000704362 0.0004361 3.07164e-05 
6.3221e-05 2.89764e-05 4.56836e-05 
0.000540559 3.1772e-05 2.52996e-05 
0.000727059 0.000297017 3.72296e-05 
0.000892496 4.42007e-05 3.64698e-05 
0.000223077 0.000266308 1.83517e-05 
0.000909941 0.000145618 0.000120252 
0.000306719 0.000158719 5.82123e-05 
0.000786035 0.000347699 0.000114934 
0.000518 0.000266228 0.000122398 
0.000721008 0.000299222 8.04571e-05 
0.000204275 0.000317842 7.58842e-05 
0.000783913 0.000442069 8.90295e-05 
0.000828264 0.000224701 2.0763e-05 
0.000606485 0.000410363 2.86371e-05 
2.61559e-05 0.000112253 2.61572e-05 
0.000461081 0.000329604 0.000130396 
0.000466721 0.000468948 9.57787e-05 
3.02904e-05 0.000392182 0.0001128 
0.000376805 0.000327274 2.8018e-05 
0.000556475 0.000411335 2.8001e-05 
0.000283285 0.000114098 7.98822e-05 
0.000907186 6.29484e-05 0.00013768 
0.000597319 0.000239959 0.000142787 
0.000805467 0.000211226 6.08118e-05 
0.000423227 0.000389979 5.05173e-05 
0.000248893 0.00012556 4.56672e-05 
0.000747257 3.43585e-05 3.04457e-05 
0.000399119 0.000136982 3.8523e-05 
0.000345257 0.000256156 5.08003e-05 
0.000244055 0.000346938 7.81799e-05 
0.000725327 8.20686e-05 0.000117412 
0.000759063 0.000310602 1.85831e-05 
0.000886931 0.000408661 9.64143e-05 
0.000637716 0.000136017 5.52184e-05 
0.000610247 3.4766e-05 5.71456e-05 
0.000350112 0.000470893 7.39251e-05 
0.000580598 0.000123033 8.86255e-05 
0.000127036 0.000118726 5.54435e-05 
0.000208635 0.000471911 6.3519e-05 
0.000198136 4.92319e-05 7.88313e-05 
4.77871e-05 6.21526e-05 0.000132612 
7.78604e-05 0.000327238 2.33802e-05 
0.000665521 0.000246464 9.96726e-05 
3.01933e-05 0.000468566 6.92922e-05 
0.000749579 0.000423142 0.000108869 
0.000444559 0.000269431 6.13722e-05 
0.000614811 0.000459621 3.29896e-05 
0.000826378 7.88352e-05 8.41973e-05 
0.000304177 0.000124559 2.42972e-05 
0.000914705 0.000459798 2.46544e-05 
0.000644819 0.000467663 0.000119813 
0.000199723 0.000409153 0.00010886 
0.000950733 0.000479607 1.71391e-05 
0.000826385 0.000336519 3.29557e-05 
5.12854e-05 0.000437673 0.000110723 
0.000465261 0.000440842 2.55855e-05 
0.000774266 0.000115011 9.18691e-05 
0.000746047 0.000325301 6.063e-05 
0.000591899 0.000303917 0.000134825 
0.000107469 0.00045924 2.16554e-05 
0.000761054 0.000230214 0.000108653 
0.000808043 8.10667e-05 2.29185e-05 
0.000728778 0.000397158 5.27445e-05 
0.000474379 0.000403501 8.66982e-05 
0.00056132 0.000149907 0.000139026 
0.000337411 0.000149839 1.79673e-05 
0.000602159 0.000285496 3.39224e-05 
0.000201547 0.00026361 0.000116278 
0.000509952 0.000105349 0.000131933 
0.000563005 0.000190329 2.24251e-05 
0.000427853 0.000475867 2.5781e-05 
0.000491012 0.000178279 0.000121718 
0.000748847 0.000134482 2.04586e-05 
0.000213631 0.000176986 2.62621e-05 
0.000109578 0.000434269 0.000148445 
0.00048817 0.00032422 8.10918e-05 
4.65767e-05 0.000190627 8.10583e-05 
0.000671838 0.000266258 4.76195e-05 
0.00059002 3.51519e-05 9.81063e-05 
0.000129801 0.000372713 3.02724e-05 
3.03214e-05 0.000293743 7.66559e-05 
0.000367148 0.000426697 9.24662e-05 
0.000535871 0.00030102 1.72941e-05 
0.000847861 8.0915e-05 0.000147056 
0.000731049 9.56101e-05 1.97363e-05 
6.95866e-05 0.000162218 1.90537e-05 
7.5436e-05 0.000369503 1.99477e-05 
0.000270159 0.000213789 0.000133332 
0.000965366 0.000207497 2.01368e-05 
0.000275934 0.000231754 2.15276e-05 
0.000832211 0.000174913 0.000137508 
0.000884095 0.000336849 2.51062e-05 
0.000672652 0.000125084 4.4859e-05 
2.25586e-05 0.000250965 2.25683e-05 
0.000722396 0.000251213 2.65798e-05 
0.000116335 0.000245478 1.92054e-05 
0.000947706 0.000144494 1.7148e-05 
0.000882765 0.000456771 6.9654e-05 
0.000424155 0.000417066 2.19565e-05 
0.000117899 6.56989e-05 3.13139e-05 
0.000569834 0.000314526 7.26887e-05 
0.00086971 0.000214728 4.12341e-05 
0.000262254 0.000193453 9.50458e-05 
3.09506e-05 0.000344467 6.81135e-05 
0.000780065 0.000276492 9.08823e-05 
0.000246304 3.14978e-05 4.58956e-05 
0.000793014 6.67506e-05 7.1801e-05 
0.000271576 0.000273738 0.000143122 
0.000301998 0.000437967 0.000109012 
0.000705996 0.000174933 2.56862e-05 
0.000344026 0.000109689 1.80332e-05 
0.000971908 0.000421075 0.000136157 
0.00016584 0.000175243 2.18703e-05 
0.000153566 0.000328228 2.10047e-05 
0.000970394 0.000102642 9.61796e-05 
0.000217521 5.38506e-05 1.9778e-05 
0.000962254 0.000136013 6.24517e-05 
0.00080892 0.000265609 2.43535e-05 
0.000396503 0.000475149 0.000142435 
7.43288e-05 0.000124636 4.58689e-05 
0.00044512 0.00038229 0.000121315 
0.000136748 0.000311001 0.000138086 
0.00046834 2.379e-05 4.15169e-05 
0.000941849 0.000381186 0.000151661 
0.0009298 0.000353179 2.23077e-05 
0.000222813 0.000310213 2.62581e-05 
0.000365435 0.000218687 0.00013496 
0.000826651 0.000405952 0.000124274 
0.000959727 0.000470322 7.52976e-05 
0.000221562 0.000156486 6.2868e-05 
0.000418425 0.000187156 0.000138911 
0.000115543 0.000161957 2.08332e-05 
0.000274437 0.000317966 2.01103e-05 
0.000348725 2.62446e-05 0.000115938 
0.000656684 0.000446093 8.10998e-05 
2.60085e-05 0.000384738 4.00653e-05 
0.000504528 0.000479793 0.000119642 
0.00096928 0.000322781 6.22069e-05 
0.000622853 0.000419459 7.31014e-05 
0.000937107 0.000307032 2.40508e-05 
0.000368553 0.000177944 4.26702e-05 
0.000575813 7.25318e-05 0.000121012 
0.000880109 8.25358e-05 0.000118097 
0.000952493 2.23813e-05 2.1143e-05 
0.000447765 5.35222e-05 2.48129e-05 
0.000702693 0.000460641 9.95201e-05 
0.000689081 5.82284e-05 0.00013236 
0.000765184 0.000427651 5.57902e-05 
0.000339108 3.57372e-05 3.53008e-05 
0.000339565 0.000455903 0.000106793 
0.000661961 5.32004e-05 2.53852e-05 
0.00032167 0.000322671 2.72879e-05 
0.000499638 8.35392e-05 9.15413e-05 
0.000109502 0.000373137 0.000113346 
0.000233703 0.000403252 7.72026e-05 
0.000514514 0.000110882 2.66851e-05 
1.93613e-05 8.14076e-05 0.000109796 
0.000499806 2.28543e-05 1.71847e-05 
0.000859416 0.000380037 0.000132398 
0.000313377 8.0728e-05 1.85935e-05 
4.22012e-05 0.000204194 1.70879e-05 
0.000159705 0.000243131 0.000105374 
0.000562887 0.000322625 2.84625e-05 
0.000418624 0.000314224 0.000111246 
0.000474866 0.000214849 2.07082e-05 
0.000830763 0.000112028 0.000120053 
0.000845603 0.000257219 0.000126242 
0.000175651 0.000297032 4.12065e-05 
0.000626073 0.000328716 4.8818e-05 
0.000541358 3.46398e-05 9.26726e-05 
0.000649784 0.000429645 4.23163e-05 
0.000852954 2.38479e-05 0.000135656 
0.000309013 0.000440644 2.55351e-05 
0.000428574 0.000309036 1.87677e-05 
0.000972633 6.49694e-05 0.000150459 
0.000313405 0.000378356 2.90375e-05 
2.97517e-05 0.000208983 0.000127092 
0.000123205 0.000128434 0.000120526 
0.000166093 0.000345056 6.26077e-05 
0.000935242 0.000109006 0.000127533 
0.0004121 0.000451297 5.52168e-05 
0.000486719 0.000204641 8.61784e-05 
8.48032e-05 0.000472637 0.000105954 
0.000472765 0.000457432 0.000138345 
0.000869819 0.000363743 8.34189e-05 
0.000127131 0.000479178 7.7148e-05 
0.000158967 0.000222564 2.44123e-05 
0.000499307 0.000453698 7.12139e-05 
0.000766362 3.7776e-05 0.000136549 
0.000763958 0.000149756 7.41682e-05 
0.000254375 0.000156454 2.21469e-05 
0.000493865 0.000259334 4.37815e-05 
0.000593936 0.000102182 4.27766e-05 
0.000814169 2.16793e-05 0.000116633 
0.000599578 0.000227519 2.27442e-05 
0.000716131 0.000333541 2.0861e-05 
0.00087204 0.000105366 4.33674e-05 
0.000172124 3.06361e-05 3.06232e-05 
0.000597571 3.25264e-05 0.000147379 
0.000599926 0.000351183 0.000104696 
0.000709693 5.51813e-05 2.31986e-05 
0.000217723 0.000162495 0.000112736 
0.000555343 0.000458415 5.52423e-05 
0.00076565 0.000275361 4.38356e-05 
0.00073757 0.000473215 5.93908e-05 
0.000550968 0.00036959 2.32175e-05 
0.000623483 9.88083e-05 6.89318e-05 
0.00078201 0.000426169 0.000146565 
0.000538751 0.000303958 0.000109026 
0.000769109 0.000390074 0.000157029 
2.51981e-05 0.000344527 2.26355e-05 
0.000668664 0.000404508 1.84935e-05 
0.00054872 0.000470624 0.000131661 
0.000157257 0.000300327 0.000104274 
0.000385718 0.000138498 0.000111266 
0.000912069 0.000474249 9.7054e-05 
0.000730819 0.000379372 1.84422e-05 
5.88403e-05 7.56048e-05 2.30414e-05 
0.000669832 2.1596e-05 0.000117038 
0.000578186 0.000467587 1.91317e-05 
0.00057131 0.000205978 0.000116137 
0.000400941 0.000418564 9.10197e-05 
0.000172169 1.86148e-05 0.000110725 
0.000185161 0.000186889 6.92186e-05 
0.000409124 0.000355782 4.8407e-05 
0.000392538 9.04655e-05 7.94754e-05 
0.000494986 0.00035334 0.000160454 
0.00079094 6.62191e-05 0.000110823 
0.00081443 0.00025756 6.88669e-05 
0.000696095 0.000294801 0.00014076 
0.00082361 0.000143209 2.25283e-05 
0.000566975 0.000360807 6.12207e-05 
0.000974331 0.00016725 1.78722e-05 
0.000152523 0.000135537 2.01364e-05 
0.000479306 3.4927e-05 0.000156855 
0.00027282 4.57522e-05 8.32142e-05 
2.15979e-05 0.000212057 6.00607e-05 
0.000629045 0.00032569 9.39497e-05 
0.000284491 0.000200924 4.93913e-05 
0.000688835 0.000242881 0.00013974 
0.000553546 3.16395e-05 0.000133126 
0.000537294 0.000130579 0.000157153 
0.000267767 0.000239589 9.55472e-05 
0.000917796 0.000177351 8.4846e-05 
0.000903489 0.000267536 0.000130644 
0.000582529 6.65584e-05 2.3953e-05 
3.48553e-05 0.000230281 9.65675e-05 
0.000199167 0.000356539 0.000150267 
0.000837992 0.000177225 8.76296e-05 
6.57597e-05 7.59666e-05 8.18475e-05 
0.000244178 0.000414879 2.97923e-05 
0.000700946 0.00011108 0.000102931 
3.30621e-05 0.000362003 0.000140571 
0.0005479 0.000148565 2.19818e-05 
0.000744721 7.04792e-05 6.56091e-05 
0.000951845 0.000373814 7.0447e-05 
0.000489124 0.000479695 2.02963e-05 
0.000375201 3.58447e-05 8.95085e-05 
0.000966718 2.26734e-05 6.25832e-05 
0.000305725 3.53589e-05 0.000125901 
0.000442341 0.000340365 3.2941e-05 
0.000973908 0.000351485 2.18605e-05 
0.000346837 0.000122064 0.000120296 
0.000810875 0.000471565 0.000136953 
0.000466952 8.38211e-05 0.000141827 
0.000150834 0.00021894 0.000134674 
0.000917619 0.000269558 8.82019e-05 
0.000529997 0.000338306 5.2328e-05 
3.42794e-05 0.000106438 0.000139311 
0.000107253 0.000113315 1.70181e-05 
0.000150085 0.000476027 2.23281e-05 
0.000908337 0.000381338 0.000162739 
0.000524467 7.24435e-05 0.000118872 
0.000746746 0.000282123 0.000133838 
0.000952974 0.00034156 0.000141629 
0.000308893 0.000469406 0.000141471 
8.60523e-05 9.99131e-05 0.000113818 
0.00073939 0.000132065 0.000127271 
0.000355161 0.00021691 2.6326e-05 
0.000528056 0.000450908 9.34934e-05 
0.000230163 0.00047936 2.05437e-05 
8.74338e-05 0.000359935 5.93198e-05 
9.76748e-05 0.000287483 0.000129136 
0.000300946 0.000241851 6.28726e-05 
0.000228207 0.000218331 0.000141169 
0.000860211 0.000202703 0.000102355 
0.000117926 2.22849e-05 9.26995e-05 
0.000934842 0.000290129 6.30335e-05 
1.80679e-05 0.000100878 7.79618e-05 
0.000923168 0.000190468 4.31657e-05 
0.00089126 0.000232618 8.71207e-05 
0.000496545 0.000141999 0.000157172 
0.000861744 0.000470569 2.94262e-05 
0.000503322 0.000316157 0.000128789 
0.000104401 0.000445761 7.37484e-05 
0.00076096 0.00040839 1.96552e-05 
0.000288574 0.000479265 0.000106986 
0.000754541 0.000349017 2.6928e-05 
0.000692344 3.25566e-05 5.18827e-05 
0.000620942 4.72669e-05 1.92759e-05 
0.000190166 0.000372089 5.07648e-05 
0.000252512 0.000140013 0.000155237 
0.000343526 0.000179856 7.10673e-05 
0.00046338 0.00029591 0.000160539 
0.000567746 0.000257577 6.01072e-05 
0.000278296 2.2233e-05 1.75517e-05 
0.000459973 0.000250998 1.84459e-05 
0.000169786 0.000376768 0.000127695 
0.000857674 0.000237114 7.01341e-05 
0.000664871 2.7038e-05 7.32378e-05 
0.000260794 0.000312322 0.000160635 
0.000397947 0.000458267 0.000109323 
0.00071526 2.23824e-05 0.000113829 
0.000954918 0.000436767 4.18695e-05 
0.000853394 0.00025794 2.09145e-05 
0.000447596 6.68149e-05 7.90024e-05 
0.000194063 0.000140941 2.17757e-05 
0.000936837 8.5496e-05 0.000162814 
0.000362993 0.000290178 5.00158e-05 
0.000134377 0.000427038 1.91916e-05 
8.89004e-05 0.000280442 2.56076e-05 
0.000379054 0.000186773 9.94397e-05 
0.000770859 0.000238801 1.99026e-05 
0.000494766 7.80842e-05 5.53611e-05 
0.000766018 8.44666e-05 3.30494e-05 
0.000314693 0.000441316 7.00928e-05 
0.000907705 2.45281e-05 9.95316e-05 
0.000924499 0.000132931 4.39444e-05 
0.000474617 0.00035659 0.000102638 
0.000965413 0.000131278 0.000151573 
0.00071517 0.000400472 0.000125163 
2.30683e-05 0.000160274 3.39024e-05 
0.000500655 2.37284e-05 8.39866e-05 
0.000282708 0.000375627 8.05614e-05 
0.000114453 6.5619e-05 8.44816e-05 
0.000189819 0.00033905 2.75691e-05 
0.000789987 0.000439306 2.28261e-05 
0.000837083 0.000119762 6.0239e-05 
0.000311602 0.000347048 0.000140867 
0.000545107 0.000259503 9.71019e-05 
0.000782323 3.45157e-05 1.70466e-05 
0.000667405 0.000108381 8.24423e-05 
0.000646439 0.000155731 2.04617e-05 
7.17101e-05 0.000393826 0.000141235 
0.000196289 0.000477361 0.000127749 
0.000657446 0.000461319 1.70773e-05 
6.65794e-05 0.000469743 4.16447e-05 
0.000118702 0.000320477 8.19694e-05 
0.000871017 0.000164307 0.000152344 
0.000565371 0.000273532 0.000122991 
0.000604995 9.92406e-05 0.00014691 
3.49873e-05 0.000481278 1.87239e-05 
0.000759728 0.000312525 0.000108562 
6.74119e-05 4.31839e-05 0.000104003 
0.000468925 0.000219022 0.000145235 
0.000386719 0.000475822 2.34653e-05 
1.82062e-05 0.000426681 7.57817e-05 
0.00035677 0.000388072 6.98696e-05 
2.24858e-05 0.000297389 2.19519e-05 
0.000816441 2.08583e-05 0.000158907 
0.000242175 0.000279678 8.8078e-05 
0.000367823 0.000376107 2.06413e-05 
0.000913118 0.000101373 2.83571e-05 
0.000268637 0.000102935 1.78379e-05 
