0.000840301 0.000419482 3.10523e-05 
7.73458e-05 0.000298024 6.13973e-05 
0.000532463 0.000223223 9.07561e-05 
0.000319844 0.000246581 7.1065e-05 
0.000688294 0.000328621 6.49969e-05 
0.000369958 5.99045e-05 7.56158e-05 
0.000754722 0.000195358 3.09911e-05 
0.000885171 0.000288365 3.57918e-05 
0.000522493 4.56984e-05 9.70044e-05 
0.000781087 0.000234452 9.04722e-05 
0.000634057 0.000367169 2.42389e-05 
0.000180614 0.000382639 1.9744e-05 
0.000830433 0.000285793 7.34751e-05 
0.000199655 0.000214376 6.99065e-05 
0.000487964 0.00037945 3.62698e-05 
0.000810377 0.000154995 6.34151e-05 
0.000444471 0.000342035 5.72806e-05 
0.000233243 0.000361856 2.52281e-05 
0.000528849 0.000161002 4.37951e-05 
0.000884759 0.0002363 1.89332e-05 
0.000921175 0.000329883 6.21602e-05 
0.00041553 0.00030731 5.66196e-05 
0.000942628 5.18247e-05 5.41345e-05 
0.000842995 4.73156e-05 7.29757e-05 
0.000689416 9.06878e-05 2.14022e-05 
0.00027319 0.000300153 2.0611e-05 
8.56701e-05 0.000227756 8.57663e-05 
0.000565592 0.000236599 1.97555e-05 
0.000161934 9.08337e-05 2.98299e-05 
0.000966731 0.000459591 0.000103989 
0.000517776 0.000216035 3.31038e-05 
0.000963135 0.000216666 5.70074e-05 
0.000890576 0.000135189 2.57054e-05 
0.000772821 2.10006e-05 5.06475e-05 
6.61849e-05 0.000260201 2.19126e-05 
0.000748384 0.000346196 9.2055e-05 
0.000613951 0.000441252 0.000102553 
0.000309861 0.000172681 0.00010026 
0.000337765 0.000206068 6.78277e-05 
0.000326891 0.000185326 1.87158e-05 
0.000296717 0.000299511 7.75675e-05 
0.000478853 0.000307855 3.28572e-05 
0.000462893 2.31828e-05 6.83829e-05 
0.000340235 9.93121e-05 5.51782e-05 
0.000973508 0.000396807 2.18007e-05 
0.000597192 0.000474054 5.50362e-05 
0.000539354 0.000349395 8.49747e-05 
0.000716841 0.000165567 7.28482e-05 
0.000395625 0.000232343 6.29108e-05 
0.000395049 0.000280092 9.8049e-05 
0.000270201 0.000374416 8.82535e-05 
0.000574944 0.000157335 5.17949e-05 
0.000799401 5.05973e-05 0.000100233 
0.000839924 0.000458823 7.54039e-05 
9.19071e-05 6.29551e-05 8.85055e-05 
0.000187474 0.000106828 8.6957e-05 
0.000972463 8.52143e-05 2.75382e-05 
0.0005164 0.00041712 8.88599e-05 
0.00021497 0.000101412 2.4508e-05 
0.000369009 0.000420892 3.12543e-05 
0.000482166 0.000165201 2.60585e-05 
0.000283744 0.000411595 4.99945e-05 
0.000587562 0.000355462 2.37075e-05 
0.000800663 0.000190912 1.71767e-05 
0.000543857 7.75281e-05 5.58684e-05 
0.000240341 7.32662e-05 6.56265e-05 
0.000515723 0.000470225 1.73991e-05 
0.000395749 6.64729e-05 3.08126e-05 
0.000967082 0.00017074 6.28242e-05 
0.000891704 0.000186279 1.9395e-05 
0.00058695 0.000396727 8.11029e-05 
0.000623208 0.000133829 7.16073e-05 
0.000398994 0.000359502 6.63019e-05 
0.000690579 0.000385301 4.98216e-05 
0.000650107 6.80285e-05 6.22437e-05 
0.000149819 4.61493e-05 7.26618e-05 
0.000861394 0.000157768 6.40308e-05 
0.000445344 0.000111864 3.66405e-05 
0.000616519 0.000199859 8.06843e-05 
0.000711196 0.000126479 4.66411e-05 
0.000787238 0.000153 2.30069e-05 
5.9829e-05 0.000341506 5.95138e-05 
0.000171055 0.00038548 5.59017e-05 
0.000430374 0.000438681 6.79664e-05 
0.000583755 0.000239947 5.917e-05 
0.000789467 0.000383915 5.15643e-05 
2.99146e-05 0.000433962 2.99138e-05 
0.000344364 0.000280163 9.39833e-05 
0.000180297 0.000430364 2.88138e-05 
0.000149226 0.000275756 2.03582e-05 
0.000276397 5.72175e-05 2.32762e-05 
0.000817623 0.000474146 2.585e-05 
0.000686655 0.000135776 8.64093e-05 
0.000980863 0.000295175 1.74972e-05 
0.000130569 0.000257381 5.71664e-05 
0.000869684 0.000334754 8.44658e-05 
0.00021103 2.67869e-05 6.37843e-05 
0.000920904 0.000206431 8.29223e-05 
0.000355557 0.000324266 7.97747e-05 
0.000419079 0.000185858 3.29362e-05 
0.000560047 0.000413602 5.78523e-05 
0.000772287 0.000469846 2.0057e-05 
0.000724278 0.00036342 5.17023e-05 
0.000783037 0.00011648 8.61195e-05 
0.000421949 2.52292e-05 1.93722e-05 
0.000821132 2.92563e-05 2.92566e-05 
0.000294221 7.08474e-05 6.32633e-05 
0.000726675 0.000248575 7.37162e-05 
7.95936e-05 0.000215658 2.46856e-05 
0.000686246 0.000184862 6.39236e-05 
0.000613415 0.000175173 2.64946e-05 
0.000399281 0.0002726 2.69505e-05 
0.000971751 0.000261888 7.20189e-05 
0.000647698 0.000276401 7.66435e-05 
0.00093449 0.000244764 3.02679e-05 
0.000598572 0.0001307 2.07352e-05 
8.85159e-05 0.000419657 3.03971e-05 
0.000134827 0.000436389 6.88984e-05 
0.000488562 0.000279466 7.30359e-05 
8.10916e-05 0.000160882 7.47957e-05 
0.000687536 0.000482808 1.72096e-05 
0.000641998 0.000388277 8.09648e-05 
0.000127352 0.00020076 4.38442e-05 
0.000311067 0.000275912 2.45244e-05 
0.000517373 0.000270122 3.55796e-05 
0.000764147 0.000179549 8.42383e-05 
0.000243569 0.000457262 7.73384e-05 
0.000977359 2.91725e-05 7.66793e-05 
0.00067815 0.000357225 2.10512e-05 
0.000229149 0.000225494 2.76752e-05 
0.000911277 0.000404087 3.66549e-05 
0.000415017 2.49836e-05 6.31871e-05 
0.00068999 3.48411e-05 5.27814e-05 
0.000771995 0.000475774 7.49688e-05 
0.000532545 0.000388567 6.47401e-05 
0.000460047 0.000164692 8.36852e-05 
0.000659925 0.000214096 3.29422e-05 
0.000421998 0.000109064 0.000101098 
0.000268105 0.000468755 3.12445e-05 
0.000979277 0.000390054 8.45559e-05 
0.000162403 0.000159417 6.68995e-05 
0.000900294 9.73512e-05 4.37168e-05 
0.000650569 0.000322864 2.30559e-05 
0.00036009 0.000408557 8.86729e-05 
0.000316095 0.000399404 7.79149e-05 
0.000869377 0.000123615 9.16938e-05 
0.000188177 0.000243461 1.80798e-05 
0.000692624 0.00043335 3.07173e-05 
5.73005e-05 2.89864e-05 2.89708e-05 
0.000544163 2.52996e-05 2.53005e-05 
0.000718633 0.000297864 2.064e-05 
0.000884598 4.4771e-05 3.64801e-05 
0.000215587 0.000268481 1.83522e-05 
0.000916387 0.000127977 6.98083e-05 
0.000299509 0.000168662 4.68725e-05 
0.000805508 0.000336337 8.72929e-05 
0.00052389 0.000268422 8.01173e-05 
0.00072852 0.000287478 5.79265e-05 
0.000200537 0.000323785 7.00988e-05 
0.000796476 0.000440747 5.46804e-05 
0.000824035 0.00022191 2.0761e-05 
0.000598768 0.000406352 2.86321e-05 
2.61634e-05 0.000116696 2.61578e-05 
0.000468753 0.000321412 8.13261e-05 
0.00045505 0.000470322 4.93803e-05 
5.08575e-05 0.000392685 6.19851e-05 
0.000378486 0.000323477 2.80199e-05 
0.000553543 0.00041862 1.91482e-05 
0.000270074 0.000113115 5.26148e-05 
0.000911002 6.78279e-05 7.95896e-05 
0.000608148 0.000252706 9.40546e-05 
0.000803652 0.00020535 6.09654e-05 
0.000434586 0.000375721 4.06508e-05 
0.00024956 0.000124462 2.36347e-05 
0.000744735 2.03362e-05 2.03299e-05 
0.000398381 0.000138484 1.98852e-05 
0.000352856 0.000254019 2.0946e-05 
0.000257144 0.000335011 5.60075e-05 
0.000722615 8.3565e-05 6.3258e-05 
0.000769175 0.00031572 1.85825e-05 
0.000867662 0.000413533 7.91007e-05 
0.000639452 0.000125823 2.04334e-05 
0.00061678 2.20148e-05 3.95151e-05 
0.00033267 0.000475328 1.96287e-05 
0.000579023 0.000116876 5.09155e-05 
0.000124197 0.000123735 5.60098e-05 
0.000197421 0.000471918 6.37039e-05 
0.000194055 6.47264e-05 5.26304e-05 
3.7098e-05 4.38998e-05 7.48237e-05 
6.35117e-05 0.000311428 2.25152e-05 
0.000677335 0.000246481 7.01902e-05 
2.35591e-05 0.000476809 5.94657e-05 
0.000755182 0.000423458 7.11187e-05 
0.00044443 0.000263492 6.2755e-05 
0.000621759 0.000456747 2.08286e-05 
0.000833874 7.11307e-05 4.69071e-05 
0.000301445 0.000126123 2.42606e-05 
0.00092591 0.000462406 2.46556e-05 
0.000628776 0.000477948 8.11599e-05 
0.000194843 0.000413509 7.93339e-05 
0.000961574 0.00048286 1.714e-05 
0.000831505 0.000334872 3.29514e-05 
6.09181e-05 0.000437735 8.25021e-05 
0.000459042 0.000433101 2.56062e-05 
0.000781463 0.000116271 4.46942e-05 
0.000743294 0.000322615 4.68577e-05 
0.000606451 0.000298228 8.9311e-05 
0.000121337 0.000459569 2.16542e-05 
0.000761262 0.000234594 5.87123e-05 
0.000811893 9.517e-05 2.29183e-05 
0.000728013 0.000402681 5.08311e-05 
0.000476547 0.000423882 7.05183e-05 
0.000561009 0.000150408 8.86273e-05 
0.000336998 0.000148053 1.79684e-05 
0.000610438 0.000283361 3.39191e-05 
0.000189191 0.000268878 5.89768e-05 
0.000504565 0.000111478 7.18614e-05 
0.000566768 0.000190832 2.24172e-05 
0.000441473 0.000482273 1.77275e-05 
0.000513628 0.000181036 8.05429e-05 
0.000751091 0.00012752 2.04245e-05 
0.000220859 0.000179785 1.94786e-05 
0.000103707 0.000432007 0.000111176 
0.00049997 0.000337493 6.75979e-05 
4.86979e-05 0.000189193 5.17357e-05 
0.000673964 0.000275578 3.01829e-05 
0.000578004 2.50991e-05 5.54426e-05 
0.000131958 0.000377323 3.02611e-05 
3.04657e-05 0.000279718 7.07629e-05 
0.000378039 0.000442343 7.41517e-05 
0.000536366 0.000297954 1.72978e-05 
0.000844699 8.59334e-05 8.00854e-05 
0.000730453 9.3075e-05 1.97369e-05 
7.44008e-05 0.000172593 1.90541e-05 
6.0032e-05 0.000379475 1.99501e-05 
0.000270512 0.000208764 8.70262e-05 
0.000969471 0.000209948 2.0096e-05 
0.000274082 0.000244568 2.15248e-05 
0.00083047 0.000181528 9.65848e-05 
0.000887447 0.000348274 2.5105e-05 
0.000677187 0.000129415 1.75622e-05 
2.25709e-05 0.000251504 2.25667e-05 
0.000716584 0.000238258 2.65794e-05 
0.000113007 0.000243655 1.92054e-05 
0.000944928 0.000152289 1.71483e-05 
0.000891447 0.000446103 6.54681e-05 
0.000419503 0.000406923 2.1957e-05 
0.000109136 6.00264e-05 3.13142e-05 
0.00057147 0.000316272 6.20174e-05 
0.000860555 0.000207773 1.8459e-05 
0.00025306 0.000191574 5.04029e-05 
2.11352e-05 0.000367094 5.72917e-05 
0.000776264 0.000273343 6.82099e-05 
0.000240355 2.50569e-05 2.50552e-05 
0.000790167 6.37538e-05 3.67443e-05 
0.000259238 0.000265814 9.29549e-05 
0.000286712 0.000444459 7.57648e-05 
0.000702366 0.000174311 2.56845e-05 
0.000363513 0.000123687 1.80328e-05 
0.000967193 0.000421978 6.22677e-05 
0.000166328 0.000177097 2.17738e-05 
0.000138137 0.000319802 2.09977e-05 
0.000976799 0.000118844 6.27495e-05 
0.00021001 5.76491e-05 1.9778e-05 
0.000978445 0.00013368 2.24499e-05 
0.000800795 0.000287279 2.43351e-05 
0.000395849 0.000481553 9.18088e-05 
7.86445e-05 0.000127112 2.73605e-05 
0.000442894 0.000390527 8.03944e-05 
0.000128255 0.00031597 7.95711e-05 
0.00046372 2.27862e-05 2.26056e-05 
0.000940611 0.000387255 9.52453e-05 
0.000934643 0.000351875 2.23089e-05 
0.000227871 0.000310639 2.62424e-05 
0.00035692 0.000241402 8.83583e-05 
0.000822488 0.000415841 7.66154e-05 
0.000973257 0.000467967 5.67289e-05 
0.00022757 0.00014704 4.87238e-05 
0.000401687 0.000194755 0.000114364 
0.000114528 0.00015859 2.08388e-05 
0.000278649 0.000340513 2.01107e-05 
0.00036156 1.97724e-05 7.80267e-05 
0.000645487 0.000443373 5.61505e-05 
2.02824e-05 0.000385649 2.02783e-05 
0.000520938 0.000482669 5.65929e-05 
0.000972974 0.000324079 5.96198e-05 
0.000603265 0.000438089 6.46707e-05 
0.000941117 0.000306012 2.40374e-05 
0.000372015 0.00016563 1.8002e-05 
0.00059867 6.21744e-05 6.92008e-05 
0.000880659 8.65084e-05 6.97451e-05 
0.000934863 2.11463e-05 2.11447e-05 
0.00044501 5.7481e-05 1.71704e-05 
0.000684611 0.000472172 7.37994e-05 
0.000693297 5.56312e-05 9.34292e-05 
0.000759505 0.000438899 3.75333e-05 
0.000330614 3.55876e-05 3.53005e-05 
0.000353988 0.000469666 6.26249e-05 
0.000672167 5.23527e-05 2.06409e-05 
0.000323268 0.000326232 2.72731e-05 
0.000490407 7.98144e-05 4.52492e-05 
0.000113734 0.000365259 8.53011e-05 
0.000226434 0.00038292 6.46411e-05 
0.000507543 0.000118273 2.66794e-05 
1.92964e-05 6.63494e-05 4.39454e-05 
0.000502952 1.89336e-05 1.71847e-05 
0.000833647 0.000378614 8.5862e-05 
0.000309282 8.27061e-05 1.85935e-05 
4.49912e-05 0.000193517 1.70892e-05 
0.000162517 0.000229357 5.49278e-05 
0.000566139 0.000318741 1.90541e-05 
0.000426507 0.000326924 9.60289e-05 
0.000465903 0.000208977 2.06969e-05 
0.000820789 0.00011569 7.37021e-05 
0.000847931 0.000240033 8.37279e-05 
0.00017987 0.000305264 2.22277e-05 
0.000616807 0.000333589 4.27452e-05 
0.000538799 1.98717e-05 6.98235e-05 
0.000642277 0.000422804 1.88802e-05 
0.000852778 1.83634e-05 9.43611e-05 
0.00031487 0.000437065 2.5534e-05 
0.00042919 0.000308584 1.8768e-05 
0.000972525 6.57731e-05 9.20562e-05 
0.000319376 0.00038246 2.90361e-05 
2.69403e-05 0.000205768 7.82647e-05 
0.000125533 0.000148301 9.51573e-05 
0.000167273 0.00034208 4.09765e-05 
0.000943982 9.29494e-05 6.7534e-05 
0.000413583 0.000452195 2.37263e-05 
0.000474393 0.00020878 5.77041e-05 
7.95978e-05 0.0004826 8.03499e-05 
0.000487519 0.000468375 7.97804e-05 
0.000861598 0.000376176 5.24263e-05 
0.000134307 0.000482499 5.06182e-05 
0.000151146 0.000235691 1.97593e-05 
0.000496132 0.000451212 4.02203e-05 
0.000764984 4.19284e-05 8.23321e-05 
0.000757113 0.000150186 5.1948e-05 
0.000261206 0.000161881 2.21475e-05 
0.000481638 0.000255638 2.04018e-05 
0.00057594 9.63656e-05 1.79196e-05 
0.000805357 1.87209e-05 7.33263e-05 
0.000606029 0.000223716 2.27444e-05 
0.000716008 0.000339268 2.08474e-05 
0.000877449 9.48215e-05 1.75244e-05 
0.000168342 3.06271e-05 3.06231e-05 
0.000609189 2.10558e-05 8.19064e-05 
0.000599196 0.000350521 7.24139e-05 
0.000715922 5.28279e-05 2.3196e-05 
0.000208636 0.000168912 8.61513e-05 
0.00055369 0.000460316 3.22966e-05 
0.00075464 0.000271593 2.40606e-05 
0.00073194 0.000473252 4.35372e-05 
0.00054595 0.000377142 2.32143e-05 
0.000615058 9.15244e-05 2.16755e-05 
0.000786107 0.000426412 9.11583e-05 
0.000533273 0.000298084 5.76548e-05 
0.000769109 0.000390074 9.8529e-05 
2.34553e-05 0.00034045 2.26356e-05 
0.000665985 0.000394369 1.81447e-05 
0.000560358 0.00047062 8.48309e-05 
0.000152221 0.000298931 5.10544e-05 
0.000386347 0.000150943 5.60493e-05 
0.000923948 0.000474254 7.3603e-05 
0.000724533 0.000381063 1.84445e-05 
5.95213e-05 8.0638e-05 2.30421e-05 
0.000655892 1.8387e-05 5.9549e-05 
0.000589941 0.000480867 1.91337e-05 
0.000565054 0.000200846 6.43395e-05 
0.000405588 0.000404422 5.85203e-05 
0.000172466 1.83559e-05 7.78609e-05 
0.000196224 0.000179472 4.65381e-05 
0.000409031 0.000359071 1.96284e-05 
0.000391938 0.000110346 5.77299e-05 
0.00049837 0.000351947 0.000103678 
0.000796892 7.83926e-05 7.23546e-05 
0.000808063 0.000249737 4.62246e-05 
0.000697213 0.00027918 8.07341e-05 
0.000832591 0.000148999 2.2524e-05 
0.000569043 0.000372442 5.81776e-05 
0.000977106 0.000172821 1.78721e-05 
0.000150195 0.000138437 2.01373e-05 
0.00048131 3.63617e-05 0.000102008 
0.000273353 2.89e-05 5.95663e-05 
2.04104e-05 0.000211751 3.87543e-05 
0.000638246 0.000316596 6.71224e-05 
0.000279244 0.000200946 2.09026e-05 
0.000697776 0.000239856 9.97503e-05 
0.000565886 4.05377e-05 8.99139e-05 
0.000537005 0.000124502 9.24038e-05 
0.000277856 0.000247782 6.41561e-05 
0.000920413 0.000168219 4.36105e-05 
0.000880946 0.000271015 9.54043e-05 
0.000587884 5.42028e-05 2.3953e-05 
4.42273e-05 0.000237452 5.31866e-05 
0.000204616 0.000364793 9.27081e-05 
0.0008377 0.000186462 3.75602e-05 
6.29523e-05 7.30698e-05 6.37998e-05 
0.00023705 0.000416418 2.96324e-05 
0.000687005 9.79897e-05 7.62833e-05 
2.48732e-05 0.000342928 9.37239e-05 
0.00055522 0.000130226 2.19815e-05 
0.000752705 6.17e-05 4.58608e-05 
0.000956996 0.00037266 5.34522e-05 
0.000479341 0.000479667 2.02961e-05 
0.000382102 1.88499e-05 3.42889e-05 
0.000977325 2.34207e-05 3.17094e-05 
0.000309498 2.52989e-05 9.11589e-05 
0.000446398 0.000349074 1.82653e-05 
0.000978454 0.000353741 2.15489e-05 
0.000352447 0.000145698 8.22504e-05 
0.000805786 0.000478627 0.00010545 
0.00046642 8.71447e-05 8.52284e-05 
0.000155466 0.000205717 8.51238e-05 
0.000917432 0.000256432 7.42361e-05 
0.000529438 0.000334438 3.62277e-05 
5.4739e-05 0.000113954 7.03708e-05 
0.000116223 0.000105702 1.70138e-05 
0.000161921 0.000477667 2.23281e-05 
0.000908187 0.000381318 0.000105135 
0.000497428 7.02984e-05 8.04463e-05 
0.00074219 0.000291621 9.9384e-05 
0.000949617 0.000352149 8.86112e-05 
0.000321601 0.000465475 9.2308e-05 
8.88623e-05 9.74121e-05 5.90917e-05 
0.000743853 0.000127735 8.04524e-05 
0.000364725 0.000208556 2.63266e-05 
0.000525348 0.00044736 6.17316e-05 
0.000218551 0.000479393 2.05468e-05 
8.87036e-05 0.000348523 2.2307e-05 
0.000105847 0.000282607 8.19125e-05 
0.000316573 0.000226704 2.92772e-05 
0.000231897 0.000221884 9.64862e-05 
0.000874334 0.000200542 5.22101e-05 
0.000117818 2.2279e-05 6.83547e-05 
0.000933709 0.000286628 6.10856e-05 
1.80776e-05 9.79868e-05 6.54114e-05 
0.000932465 0.000197666 1.83536e-05 
0.000893301 0.000237818 5.47056e-05 
0.000503336 0.000136974 9.951e-05 
0.000872665 0.000470574 2.94267e-05 
0.000509227 0.000307813 9.56156e-05 
9.44876e-05 0.000463919 5.23837e-05 
0.000752563 0.000406842 1.9648e-05 
0.000289138 0.000482316 7.32913e-05 
0.000755584 0.000352801 2.09785e-05 
0.000692879 2.01234e-05 1.72492e-05 
0.000632328 5.44713e-05 1.9276e-05 
0.000197231 0.000364578 4.76681e-05 
0.000252512 0.000140013 9.29841e-05 
0.000347991 0.000169694 4.70235e-05 
0.000463126 0.000294676 0.000104194 
0.000561329 0.000273626 1.75971e-05 
0.000284192 1.75523e-05 1.75539e-05 
0.000445267 0.000242152 1.84385e-05 
0.000166877 0.000374319 9.01859e-05 
0.000856461 0.000234684 4.56616e-05 
0.00065472 1.80031e-05 1.79808e-05 
0.00025349 0.00031493 0.000104231 
0.000395549 0.000468849 5.77292e-05 
0.000729869 2.23846e-05 6.03231e-05 
0.000964199 0.000438315 2.07531e-05 
0.000837652 0.000261281 2.08961e-05 
0.000442072 6.22447e-05 6.60454e-05 
0.000191961 0.000141517 2.17787e-05 
0.000936837 8.5496e-05 0.000105834 
0.000349266 0.000289528 3.4532e-05 
0.00013581 0.000423313 1.75953e-05 
0.000105045 0.000287299 2.56092e-05 
0.00037748 0.000188077 6.45829e-05 
0.000781453 0.000237108 1.98266e-05 
0.000500891 5.80193e-05 1.74972e-05 
0.000769254 8.88062e-05 1.9303e-05 
0.000334761 0.000434908 6.55306e-05 
0.000920513 1.80155e-05 6.7502e-05 
0.000931653 0.000118629 1.90763e-05 
0.000470713 0.00035735 8.21859e-05 
0.000963308 0.000134847 9.59185e-05 
0.000699307 0.000415839 8.29697e-05 
2.3046e-05 0.000160591 1.8474e-05 
0.000502457 3.79283e-05 5.16147e-05 
0.000273271 0.000374171 3.8991e-05 
0.000129258 8.00506e-05 7.64777e-05 
0.000197202 0.000340537 1.73755e-05 
0.000786179 0.000425661 1.79415e-05 
0.000850338 0.000111782 4.3818e-05 
0.000315071 0.000353396 7.08324e-05 
0.000545812 0.000252264 5.40775e-05 
0.000777394 3.81732e-05 1.70275e-05 
0.000664897 0.000110714 4.63513e-05 
0.000658143 0.0001622 2.04637e-05 
6.90996e-05 0.000387103 9.78901e-05 
0.000181411 0.000481012 0.000107021 
0.000658744 0.000464188 1.70789e-05 
6.70103e-05 0.000469401 2.197e-05 
0.000109578 0.000324691 4.55798e-05 
0.000873074 0.000167254 0.000105997 
0.00056633 0.000275096 7.23894e-05 
0.000600599 9.33772e-05 9.91921e-05 
2.82174e-05 0.000481272 1.87239e-05 
0.000778867 0.00031261 5.2936e-05 
7.91289e-05 3.18015e-05 6.99966e-05 
0.000468617 0.000219583 8.98271e-05 
0.000373029 0.000476407 2.34649e-05 
1.81024e-05 0.000407461 6.81712e-05 
0.000357584 0.000379903 5.77772e-05 
2.18952e-05 0.000295953 2.18928e-05 
0.000818585 1.99657e-05 0.000108067 
0.00024682 0.000270032 4.35307e-05 
0.000366769 0.000370138 2.06435e-05 
0.000919483 8.29467e-05 1.79172e-05 
0.00027112 9.76319e-05 1.78377e-05 
