0.00083442 0.000413847 3.10549e-05 
8.26385e-05 0.000295552 6.91631e-05 
0.000525701 0.000211309 0.000104832 
0.000315774 0.000239138 0.000123023 
0.000685013 0.000330036 6.33224e-05 
0.000363893 7.64126e-05 0.000105189 
0.000750657 0.000200777 4.27897e-05 
0.000875603 0.00029118 5.91242e-05 
0.000525215 5.37246e-05 0.000145941 
0.000782773 0.000237932 0.000139684 
0.000638077 0.000371372 3.48417e-05 
0.000177534 0.000386997 1.97428e-05 
0.000824305 0.000306364 9.86093e-05 
0.000204916 0.000214855 8.36159e-05 
0.000489832 0.000379411 3.62693e-05 
0.000801017 0.000160601 9.74944e-05 
0.000445103 0.000365203 6.98517e-05 
0.000236412 0.000361638 2.53378e-05 
0.000524756 0.000148312 6.11321e-05 
0.000888895 0.000239515 1.89299e-05 
0.000919444 0.000333475 6.14044e-05 
0.000414389 0.00031211 5.5929e-05 
0.000942553 6.18833e-05 6.47202e-05 
0.000871198 4.23868e-05 8.79498e-05 
0.000689569 9.56137e-05 2.14204e-05 
0.000259692 0.000305407 5.47269e-05 
8.80555e-05 0.000224067 8.6478e-05 
0.000558807 0.000238531 1.97572e-05 
0.000172479 9.11589e-05 2.9831e-05 
0.000971079 0.000462443 0.000132968 
0.000520003 0.000213189 4.51845e-05 
0.000964057 0.000206884 5.80591e-05 
0.000881893 0.000142589 2.57076e-05 
0.000763509 2.74411e-05 7.05516e-05 
5.83736e-05 0.00025622 4.83579e-05 
0.000726806 0.000342024 0.000109216 
0.000610149 0.000437586 0.000133475 
0.000309366 0.000181733 0.000102592 
0.000341754 0.000218065 7.64505e-05 
0.000322345 0.000183514 1.87172e-05 
0.000307777 0.000296218 8.17219e-05 
0.000482102 0.00031069 3.28567e-05 
0.000454924 2.31978e-05 7.88959e-05 
0.000337204 0.000102193 6.67538e-05 
0.000963882 0.000398704 2.17998e-05 
0.00057739 0.000463473 8.56012e-05 
0.000542614 0.000353198 9.45051e-05 
0.000703023 0.000160468 0.000114874 
0.000386048 0.000237584 6.25203e-05 
0.000408897 0.000259849 0.00011268 
0.000254163 0.000375478 0.000112333 
0.000564745 0.00017259 6.45637e-05 
0.000799119 5.31054e-05 0.000152446 
0.000844603 0.000462337 8.62664e-05 
9.11744e-05 6.31499e-05 0.000119057 
0.000167414 8.96461e-05 9.41898e-05 
0.000966599 8.93049e-05 2.75381e-05 
0.000516957 0.000419797 0.000110092 
0.00022618 9.76229e-05 2.45097e-05 
0.000365024 0.000425748 3.12515e-05 
0.000492541 0.000164367 2.6155e-05 
0.000287101 0.000412473 5.54339e-05 
0.000597076 0.000349127 2.37092e-05 
0.00078941 0.00018536 1.86426e-05 
0.000549264 8.33279e-05 6.67491e-05 
0.000233494 8.62354e-05 7.87541e-05 
0.000521892 0.000462503 2.42396e-05 
0.000391266 7.33641e-05 3.08105e-05 
0.000965038 0.000176941 9.31916e-05 
0.000890576 0.000189875 1.93968e-05 
0.000575155 0.000396868 0.000124495 
0.000625181 0.000137664 0.000103482 
0.000395998 0.000373282 8.3488e-05 
0.00068365 0.000391733 5.09495e-05 
0.000648736 6.18968e-05 8.6435e-05 
0.000155451 4.2191e-05 7.4492e-05 
0.000871958 0.00015429 7.66445e-05 
0.000450541 0.000105086 3.66426e-05 
0.000630153 0.00020439 9.99232e-05 
0.00070916 0.000136696 6.24347e-05 
0.000796873 0.000162918 5.11339e-05 
6.63594e-05 0.000333622 9.18719e-05 
0.000149663 0.000378297 8.23182e-05 
0.000440102 0.000435312 8.87367e-05 
0.000601014 0.000238756 6.65556e-05 
0.000784931 0.000380619 5.7788e-05 
3.07687e-05 0.000433913 2.99155e-05 
0.00035137 0.000289286 0.000142068 
0.000185238 0.000434074 2.88149e-05 
0.000143385 0.000277329 2.0355e-05 
0.000275493 6.2271e-05 2.32754e-05 
0.000809167 0.000463532 4.53532e-05 
0.00068666 0.000131593 0.000145299 
0.000980862 0.000295175 2.25398e-05 
0.000124725 0.000264855 5.96213e-05 
0.000891785 0.000331142 0.000110419 
0.000216003 4.25563e-05 0.000107286 
0.000905941 0.000205787 0.000117471 
0.000368845 0.000319245 8.34793e-05 
0.000421639 0.000199269 3.29347e-05 
0.000568326 0.000396415 7.06638e-05 
0.000764613 0.000463881 2.00583e-05 
0.000709457 0.000377349 7.82518e-05 
0.000784781 0.000113943 0.000126369 
0.000413888 3.90488e-05 5.9664e-05 
0.000827881 2.94242e-05 2.92596e-05 
0.000288509 8.24372e-05 0.00010297 
0.000725499 0.00025763 8.58375e-05 
8.68896e-05 0.000211664 2.46937e-05 
0.000677326 0.00019235 8.74239e-05 
0.000609618 0.000174782 3.53357e-05 
0.000397569 0.00027671 2.6971e-05 
0.00097053 0.00024935 7.76402e-05 
0.00063966 0.000274831 0.000109087 
0.00093593 0.000248428 3.03398e-05 
0.000609245 0.000129864 2.07364e-05 
8.8562e-05 0.000416654 3.07375e-05 
0.000148603 0.000432131 7.74532e-05 
0.000489762 0.000292308 8.96117e-05 
7.2892e-05 0.000155541 9.19082e-05 
0.000674285 0.000470364 4.53849e-05 
0.000648063 0.000379296 9.47469e-05 
0.000132082 0.000195136 4.84063e-05 
0.000307429 0.00027404 2.45237e-05 
0.00052685 0.000281744 4.95316e-05 
0.000754877 0.000185044 9.67488e-05 
0.00024773 0.000466168 0.000111452 
0.000973315 4.01644e-05 0.00010089 
0.000680265 0.000362317 2.10523e-05 
0.000237536 0.000239595 5.04448e-05 
0.000900942 0.000402505 3.66568e-05 
0.000414338 3.87377e-05 0.000104044 
0.000703706 5.04511e-05 7.55239e-05 
0.000756887 0.000473419 0.000104023 
0.000512073 0.000388767 8.42085e-05 
0.000459195 0.000163753 7.80662e-05 
0.000657448 0.000210009 3.2937e-05 
0.000431847 0.000109361 0.000107449 
0.000268872 0.000468749 5.22993e-05 
0.000977204 0.000381488 9.75507e-05 
0.000156845 0.000157609 8.14397e-05 
0.000901565 9.77173e-05 8.17306e-05 
0.00065197 0.000311153 2.30551e-05 
0.00035492 0.000412503 0.000120962 
0.000319042 0.000393807 8.03406e-05 
0.000869105 0.000125264 0.000141397 
0.000195499 0.000234021 1.80799e-05 
0.000703327 0.000435107 3.07211e-05 
6.41899e-05 2.8974e-05 3.77426e-05 
0.000541419 3.19629e-05 2.52995e-05 
0.000725018 0.000296352 3.07079e-05 
0.000891708 4.34165e-05 3.64754e-05 
0.000220875 0.000268082 1.83542e-05 
0.000912493 0.000145346 0.000110239 
0.000307275 0.000161249 5.20929e-05 
0.000784867 0.000347507 0.000109698 
0.000517501 0.000266354 0.000114438 
0.000724082 0.000297843 7.37049e-05 
0.000200803 0.000319038 7.418e-05 
0.000785543 0.000442249 8.2585e-05 
0.000828193 0.000222458 2.07636e-05 
0.000602845 0.000410307 2.86388e-05 
2.6156e-05 0.000112641 2.61555e-05 
0.000461081 0.000329604 0.000123494 
0.000467095 0.00047029 8.68943e-05 
3.02362e-05 0.000392747 0.000105487 
0.000376527 0.00032774 2.8018e-05 
0.000555919 0.000414492 2.06366e-05 
0.000283285 0.000114098 7.18098e-05 
0.000907186 6.29484e-05 0.000130312 
0.000597319 0.000239959 0.000133436 
0.00080488 0.000211496 6.12791e-05 
0.000423215 0.000390216 4.97501e-05 
0.000250492 0.000125914 4.29468e-05 
0.000746803 3.22935e-05 2.34949e-05 
0.000399119 0.000136982 3.05271e-05 
0.000343744 0.000256618 4.57037e-05 
0.0002443 0.000346393 6.94804e-05 
0.000727429 8.14107e-05 0.000109444 
0.000758983 0.000311929 1.85915e-05 
0.00088444 0.000409973 9.51308e-05 
0.000637204 0.000134601 5.06326e-05 
0.000608201 3.18147e-05 5.36819e-05 
0.000350373 0.000471264 6.72675e-05 
0.00058011 0.000123842 8.21366e-05 
0.000128895 0.000117693 5.54505e-05 
0.000208952 0.000471901 6.40905e-05 
0.000197489 4.94541e-05 7.13489e-05 
4.80933e-05 6.21493e-05 0.00012456 
7.71032e-05 0.000327736 2.25125e-05 
0.000665885 0.000246065 9.17932e-05 
3.01215e-05 0.000473597 6.41884e-05 
0.000750016 0.000423429 0.00010099 
0.000443596 0.000268544 6.09423e-05 
0.000618082 0.000458854 2.51874e-05 
0.000826378 7.88352e-05 7.79794e-05 
0.00030443 0.000121983 2.42604e-05 
0.000914659 0.00046104 2.46533e-05 
0.000644239 0.000468734 0.000111895 
0.000196012 0.000409004 0.000102731 
0.000951226 0.000479869 1.71391e-05 
0.000827492 0.000334857 3.29666e-05 
5.72682e-05 0.000436026 0.00010232 
0.000465806 0.000439976 2.56005e-05 
0.000774266 0.000115011 8.37477e-05 
0.000745875 0.000325508 5.27421e-05 
0.000592357 0.000304443 0.000123774 
0.000109623 0.00046388 2.16619e-05 
0.000761054 0.000230214 0.000102466 
0.000809161 8.09869e-05 2.29185e-05 
0.000730927 0.000398267 5.26049e-05 
0.000475186 0.000405038 8.5317e-05 
0.000561361 0.00014994 0.000133082 
0.000337616 0.000149848 1.79661e-05 
0.000602379 0.000285287 3.39194e-05 
0.000198933 0.000265588 0.000104785 
0.000509952 0.000105349 0.000124549 
0.000564691 0.000189335 2.24062e-05 
0.000427946 0.000475983 1.9288e-05 
0.000494253 0.000178936 0.000119154 
0.000748847 0.000134482 2.04239e-05 
0.000213493 0.000177695 1.95233e-05 
0.000109578 0.000434269 0.000139882 
0.000488756 0.000325966 8.03323e-05 
4.57223e-05 0.000191886 7.39375e-05 
0.000674477 0.000269185 4.68638e-05 
0.000589436 3.52212e-05 9.11669e-05 
0.000130744 0.000372819 3.0268e-05 
3.15866e-05 0.000294095 7.30614e-05 
0.000366909 0.00042743 8.47949e-05 
0.000534744 0.000300933 1.72971e-05 
0.000847861 8.0915e-05 0.000138665 
0.000730701 9.5916e-05 1.97364e-05 
6.93407e-05 0.000163946 1.90541e-05 
7.17933e-05 0.000370376 1.99382e-05 
0.000270001 0.00021217 0.000126049 
0.000965369 0.000207498 2.00649e-05 
0.000276695 0.000232445 2.15272e-05 
0.000833482 0.000175488 0.000127905 
0.000885226 0.000340779 2.51035e-05 
0.000672324 0.000125962 3.87909e-05 
2.25676e-05 0.000250585 2.25747e-05 
0.000723504 0.000248966 2.65868e-05 
0.000116599 0.000245123 1.92054e-05 
0.000948184 0.000144672 1.71484e-05 
0.000885163 0.000452359 6.63772e-05 
0.000423717 0.000418125 2.19572e-05 
0.00011711 6.5176e-05 3.13185e-05 
0.00056904 0.000316157 7.03376e-05 
0.000867064 0.000214321 3.62126e-05 
0.000261987 0.000193249 8.66991e-05 
3.02618e-05 0.000346854 6.58196e-05 
0.000779835 0.000274527 8.7295e-05 
0.000245236 2.78109e-05 3.94748e-05 
0.00079308 6.67673e-05 6.42715e-05 
0.000271576 0.000273738 0.000137036 
0.000300037 0.000436923 0.000104572 
0.000703487 0.000174404 2.56823e-05 
0.000345409 0.000110837 1.80331e-05 
0.000971908 0.000421075 0.000128097 
0.000169992 0.000174618 2.17708e-05 
0.000152166 0.000326861 2.09963e-05 
0.000970394 0.000102642 8.69641e-05 
0.000215412 5.49058e-05 1.97891e-05 
0.000962254 0.000136013 5.30589e-05 
0.000808937 0.000267129 2.43529e-05 
0.000396503 0.000475149 0.000135768 
7.5583e-05 0.000124572 4.27922e-05 
0.000444506 0.000383725 0.000113445 
0.000135639 0.000311578 0.000129387 
0.000464766 2.26031e-05 3.41819e-05 
0.000941849 0.000381186 0.000145651 
0.000934225 0.000355975 2.2308e-05 
0.000223039 0.000311932 2.62424e-05 
0.000365435 0.000218687 0.000126825 
0.000826651 0.000405952 0.000117722 
0.000961864 0.000473235 6.38154e-05 
0.000222297 0.000154611 5.45593e-05 
0.000416398 0.000192471 0.000129061 
0.00011359 0.000158092 2.08343e-05 
0.000274571 0.00032083 2.01103e-05 
0.000348853 2.60575e-05 0.000108228 
0.000655986 0.000446733 7.34417e-05 
2.56553e-05 0.000384131 3.39099e-05 
0.00050443 0.000480366 0.000113067 
0.00097296 0.000322119 5.83153e-05 
0.000619975 0.000422552 7.20418e-05 
0.000938063 0.000307435 2.40386e-05 
0.000370473 0.00017482 3.63189e-05 
0.000578895 7.11969e-05 0.000115799 
0.000880109 8.25358e-05 0.000112223 
0.000950221 2.23403e-05 2.11436e-05 
0.00044699 5.43571e-05 1.8129e-05 
0.000700957 0.000459663 9.52518e-05 
0.000689924 5.83762e-05 0.000122326 
0.000763854 0.000429989 5.0285e-05 
0.000337375 3.53218e-05 3.53607e-05 
0.000339651 0.000455657 0.00010002 
0.00066412 5.35206e-05 2.06694e-05 
0.000321346 0.000323877 2.72759e-05 
0.000497841 8.35897e-05 8.51177e-05 
0.000107893 0.000373626 0.000101448 
0.000232297 0.000401288 7.48951e-05 
0.000512579 0.000113022 2.66841e-05 
1.92709e-05 8.09744e-05 0.000101886 
0.000500744 2.27501e-05 1.71845e-05 
0.000859416 0.000380037 0.000122682 
0.000313007 8.03759e-05 1.85954e-05 
4.22012e-05 0.000204194 1.70879e-05 
0.000157616 0.000242542 9.78077e-05 
0.000563771 0.000322375 2.17488e-05 
0.000418765 0.000314429 0.000101091 
0.000472085 0.000212917 2.06997e-05 
0.000830763 0.000112028 0.000113259 
0.000845603 0.000257219 0.000118669 
0.000178351 0.00029591 3.60279e-05 
0.000624989 0.000329707 4.69447e-05 
0.000540941 3.21392e-05 8.57483e-05 
0.000646938 0.000431481 3.46273e-05 
0.000852954 2.38479e-05 0.000128839 
0.000310446 0.000440663 2.55445e-05 
0.000430047 0.000308688 1.87637e-05 
0.000972633 6.49694e-05 0.000144374 
0.000315338 0.000379848 2.90475e-05 
2.96529e-05 0.000208571 0.000119516 
0.000123205 0.000128434 0.000112684 
0.000165409 0.00034553 5.59291e-05 
0.000935559 0.00010853 0.000120562 
0.000413518 0.000452021 5.08363e-05 
0.000487205 0.00020837 8.31297e-05 
8.66194e-05 0.00047472 9.9594e-05 
0.00047252 0.00045594 0.000128674 
0.000869817 0.000363747 7.38684e-05 
0.000127131 0.000479178 7.09559e-05 
0.000159084 0.000223772 1.97632e-05 
0.000498449 0.00045378 6.38879e-05 
0.000766362 3.7776e-05 0.000130165 
0.000761323 0.000148844 6.81978e-05 
0.000254765 0.000158882 2.21492e-05 
0.000493251 0.00025877 3.68562e-05 
0.000590296 0.000100818 3.78191e-05 
0.000814169 2.16793e-05 0.000109546 
0.00059931 0.00022593 2.27459e-05 
0.000716874 0.000335827 2.08483e-05 
0.000872068 0.0001023 3.7931e-05 
0.000172564 3.06234e-05 3.06232e-05 
0.000597571 3.25264e-05 0.000138414 
0.000598169 0.000350227 9.59185e-05 
0.0007104 5.62204e-05 2.31912e-05 
0.000217697 0.00016254 0.000101281 
0.000553471 0.000455543 5.10331e-05 
0.000764155 0.000275699 4.06717e-05 
0.000737362 0.000473266 5.69425e-05 
0.00055094 0.000372502 2.3215e-05 
0.0006219 9.68002e-05 6.13398e-05 
0.00078201 0.000426169 0.000140402 
0.000539262 0.000303771 0.000102227 
0.000769109 0.000390074 0.000150977 
2.43926e-05 0.000342744 2.26367e-05 
0.000666815 0.00040495 1.8144e-05 
0.000549288 0.000470616 0.000123234 
0.00015771 0.000300091 9.68496e-05 
0.000385861 0.000138554 0.000102962 
0.000915618 0.000474255 8.89255e-05 
0.000729088 0.000380143 1.84437e-05 
6.17364e-05 7.88071e-05 2.30441e-05 
0.000669604 2.11696e-05 0.000110038 
0.000579981 0.000469334 1.91336e-05 
0.000572841 0.000205843 0.000107635 
0.000400516 0.000418452 8.48503e-05 
0.000172169 1.86148e-05 0.000103912 
0.000184348 0.00018552 6.1431e-05 
0.000412551 0.000355509 4.23516e-05 
0.000390726 9.42362e-05 7.80176e-05 
0.000494986 0.00035334 0.000153967 
0.000790847 6.61953e-05 0.000103282 
0.00081565 0.000256918 6.66819e-05 
0.000696095 0.000294801 0.000132432 
0.000825909 0.000142624 2.25256e-05 
0.000570483 0.000359145 5.81089e-05 
0.000974691 0.000167559 1.78722e-05 
0.00015317 0.000136217 2.0136e-05 
0.000479306 3.4927e-05 0.000150763 
0.000273494 4.61434e-05 7.35626e-05 
2.15979e-05 0.000212057 5.16363e-05 
0.000629082 0.000325657 8.65091e-05 
0.000282023 0.00019781 4.54806e-05 
0.000688835 0.000242881 0.000133803 
0.000553546 3.16395e-05 0.000125321 
0.000537199 0.000130503 0.000150376 
0.000266089 0.000240774 9.04248e-05 
0.000918525 0.000175648 7.32657e-05 
0.000901018 0.000267356 0.000123884 
0.000584008 6.1778e-05 2.39754e-05 
3.49033e-05 0.000230794 8.96871e-05 
0.000199167 0.000356539 0.000142235 
0.000834459 0.000179899 8.14268e-05 
6.57597e-05 7.59666e-05 7.48884e-05 
0.00024327 0.000418361 2.96351e-05 
0.000698661 0.000108141 9.92008e-05 
3.3173e-05 0.000360794 0.000131178 
0.000549124 0.000147618 2.19844e-05 
0.000744488 7.0339e-05 5.70873e-05 
0.000951845 0.000373814 6.12742e-05 
0.0004885 0.000479651 2.03045e-05 
0.000375469 3.59449e-05 8.20467e-05 
0.00097209 2.26713e-05 5.91088e-05 
0.000305057 3.5501e-05 0.000113102 
0.000443279 0.000342883 2.41253e-05 
0.000978005 0.000353469 2.1558e-05 
0.000347329 0.00012429 0.0001162 
0.000810875 0.000471565 0.00012772 
0.000466952 8.38211e-05 0.000135411 
0.000150417 0.000217719 0.000127001 
0.000916948 0.000265026 8.22518e-05 
0.000531278 0.000336315 4.70846e-05 
3.46927e-05 0.000107133 0.000130138 
0.000109307 0.000111691 1.70141e-05 
0.000151742 0.000476575 2.23287e-05 
0.000908337 0.000381338 0.000156775 
0.000523883 7.294e-05 0.000112118 
0.000745667 0.000279753 0.000123565 
0.000952974 0.00034156 0.000133859 
0.000310218 0.000469234 0.00013262 
8.60523e-05 9.99131e-05 0.000107793 
0.00073939 0.000132065 0.000119389 
0.000353944 0.000214722 2.63272e-05 
0.000527942 0.000451315 8.52272e-05 
0.000229341 0.000479321 2.05529e-05 
8.80161e-05 0.000357591 5.68823e-05 
9.76748e-05 0.000287483 0.000122964 
0.000301686 0.000239971 6.03063e-05 
0.000228207 0.000218331 0.000135024 
0.000859893 0.00020284 9.51089e-05 
0.000117964 2.22835e-05 8.2804e-05 
0.000936521 0.00028872 6.21262e-05 
1.80676e-05 0.000101345 7.06176e-05 
0.000924459 0.00019086 3.60025e-05 
0.000890747 0.000234041 7.85594e-05 
0.000496545 0.000141999 0.000150494 
0.00086163 0.000470575 2.94254e-05 
0.000503296 0.000318121 0.000119408 
0.000100879 0.000448651 6.7225e-05 
0.000759455 0.000408995 1.96681e-05 
0.000287887 0.000479597 9.95534e-05 
0.000755893 0.000351345 2.10012e-05 
0.000691747 2.94489e-05 4.70937e-05 
0.000624638 4.76672e-05 1.9282e-05 
0.000193248 0.000370647 4.90212e-05 
0.000252512 0.000140013 0.000148797 
0.000346253 0.00017661 6.5486e-05 
0.00046338 0.00029591 0.000154595 
0.000565811 0.000256009 5.52361e-05 
0.000281233 2.1573e-05 1.75517e-05 
0.000460169 0.00025013 1.8437e-05 
0.000169504 0.000376431 0.000120529 
0.000856095 0.000238681 6.39107e-05 
0.0006634 2.18828e-05 6.66245e-05 
0.000260794 0.000312322 0.000154231 
0.000397947 0.000458267 0.000102617 
0.000716494 2.23834e-05 0.000104687 
0.000953316 0.00043852 3.25295e-05 
0.000852691 0.000256149 2.08964e-05 
0.000444778 6.63428e-05 7.91019e-05 
0.000195591 0.000139364 2.17741e-05 
0.000936837 8.5496e-05 0.00015692 
0.000361429 0.000290352 4.85804e-05 
0.000134377 0.000427038 1.75956e-05 
9.14351e-05 0.000281696 2.56425e-05 
0.000376943 0.000186645 9.01038e-05 
0.000775411 0.000238746 1.98203e-05 
0.000495607 7.74099e-05 4.88653e-05 
0.000767187 8.36207e-05 2.66509e-05 
0.000318113 0.000441745 6.96073e-05 
0.000907705 2.45281e-05 9.29745e-05 
0.000923003 0.000131693 3.97256e-05 
0.000474717 0.000356502 9.63639e-05 
0.000965413 0.000131278 0.000145116 
0.000714512 0.000400964 0.000115075 
2.30683e-05 0.000160274 2.70009e-05 
0.000500655 2.37284e-05 7.40748e-05 
0.000282742 0.000375093 7.19543e-05 
0.000116319 6.67281e-05 8.4574e-05 
0.000189484 0.000339813 2.15274e-05 
0.000789753 0.000435415 1.79669e-05 
0.000838099 0.000115099 5.78355e-05 
0.000311602 0.000347048 0.000131039 
0.000545389 0.000259146 9.0144e-05 
0.000783556 3.46974e-05 1.70285e-05 
0.000667136 0.000108362 7.5047e-05 
0.000651271 0.000158417 2.04655e-05 
7.16039e-05 0.000393575 0.000131653 
0.000196289 0.000477361 0.000120458 
0.000657202 0.000461195 1.70888e-05 
6.84648e-05 0.000469207 3.50957e-05 
0.000118702 0.000320477 7.61237e-05 
0.000871017 0.000164307 0.000146449 
0.000565224 0.00027321 0.000116347 
0.000604995 9.92406e-05 0.000138758 
3.32173e-05 0.00048127 1.87282e-05 
0.000761973 0.000310534 0.000100784 
6.78775e-05 4.23691e-05 9.66251e-05 
0.000468925 0.000219022 0.000139317 
0.000383844 0.000476535 2.34872e-05 
1.80986e-05 0.000423512 7.50432e-05 
0.00035626 0.000387416 6.22541e-05 
2.19009e-05 0.000297827 2.18952e-05 
0.000816441 2.08583e-05 0.000152006 
0.000244227 0.000277203 8.23426e-05 
0.000367788 0.000375044 2.06617e-05 
0.000912984 0.00010099 2.16731e-05 
0.000267737 0.000102293 1.78372e-05 
