0.000828057 0.000412078 3.10788e-05 
8.2531e-05 0.00029539 0.000101005 
0.000522322 0.000207901 0.000141357 
0.000315774 0.000239138 0.000156263 
0.000678244 0.000334365 6.68987e-05 
0.00036391 7.91507e-05 0.000134169 
0.000730477 0.000209873 6.06648e-05 
0.00085699 0.00029457 7.20238e-05 
0.000525124 5.59465e-05 0.000174154 
0.000782773 0.000237932 0.000169147 
0.000633905 0.000369712 6.16533e-05 
0.000174522 0.000392488 2.15668e-05 
0.000830088 0.000305317 0.000133189 
0.000211539 0.000221358 0.000104228 
0.000490942 0.00037903 3.6286e-05 
0.00080486 0.000162102 0.000124816 
0.000438993 0.000374026 9.63329e-05 
0.0002363 0.000360497 3.6358e-05 
0.000524075 0.00014108 9.10473e-05 
0.000887642 0.000241362 2.22827e-05 
0.000916279 0.000332643 8.03653e-05 
0.000418919 0.000308859 6.95911e-05 
0.00093877 6.16389e-05 9.05352e-05 
0.000871985 4.24315e-05 0.000112465 
0.000695978 8.81835e-05 4.77723e-05 
0.00025951 0.000304438 8.06021e-05 
9.01049e-05 0.000236323 0.00011491 
0.000556311 0.00023667 1.97083e-05 
0.00017542 9.36861e-05 4.94227e-05 
0.000971079 0.000462443 0.000167863 
0.000525872 0.000212731 5.93108e-05 
0.000964136 0.000205492 8.64927e-05 
0.00088017 0.000145214 2.57019e-05 
0.000763509 2.74411e-05 0.000103253 
6.06797e-05 0.000264807 6.58385e-05 
0.000718699 0.000339011 0.000139045 
0.000610149 0.000437586 0.000162799 
0.000306339 0.000173885 0.000145329 
0.000346929 0.000223025 0.000102837 
0.000322277 0.000180749 4.47543e-05 
0.000310541 0.000307664 0.000103229 
0.000486237 0.000309458 3.28579e-05 
0.000452973 3.73825e-05 0.000106238 
0.000345675 0.000106987 7.56007e-05 
0.000963408 0.000400681 4.70393e-05 
0.000572812 0.000464432 0.000115561 
0.000548742 0.000348029 0.000129651 
0.000703023 0.000160468 0.000144886 
0.000394598 0.000224183 7.76607e-05 
0.00041563 0.000255016 0.000130419 
0.000252966 0.000379552 0.000146449 
0.000564727 0.000173344 0.000101385 
0.000799119 5.31054e-05 0.000176625 
0.000849009 0.000459964 0.000120591 
9.16339e-05 6.23753e-05 0.000147154 
0.000163856 9.17077e-05 0.000113162 
0.000961999 8.45838e-05 3.02426e-05 
0.000516368 0.000415472 0.0001397 
0.000223724 9.5207e-05 2.45336e-05 
0.000356052 0.000429376 3.25072e-05 
0.000493075 0.000165068 3.23061e-05 
0.000291905 0.000402671 6.60809e-05 
0.000608133 0.00034835 2.37082e-05 
0.000790409 0.000182923 4.4039e-05 
0.000551125 8.57604e-05 7.57763e-05 
0.000229199 9.61416e-05 9.2334e-05 
0.000519578 0.000465729 4.64383e-05 
0.000396844 7.64212e-05 3.08111e-05 
0.000955107 0.000181555 0.000138348 
0.000890299 0.000191036 3.06872e-05 
0.000575155 0.000396868 0.000151097 
0.000622461 0.000141811 0.000130098 
0.000390271 0.000366642 0.000121397 
0.000677484 0.000388045 7.41615e-05 
0.00064606 6.94044e-05 0.000126008 
0.000157309 4.30153e-05 9.4155e-05 
0.000881598 0.000154733 7.80034e-05 
0.000455546 0.00010927 3.66392e-05 
0.000635791 0.000205662 0.000145327 
0.000705739 0.000155603 7.62222e-05 
0.000806841 0.000158559 7.14458e-05 
6.87372e-05 0.000341593 0.000122395 
0.000144605 0.000377683 0.000108935 
0.00044092 0.000429611 0.000126006 
0.000606421 0.000244418 9.28581e-05 
0.000788868 0.000372187 8.10781e-05 
3.38013e-05 0.000432942 2.99138e-05 
0.00035137 0.000289286 0.000168008 
0.000181302 0.000436535 4.08622e-05 
0.00014262 0.00027779 3.54004e-05 
0.000274543 6.37411e-05 3.84905e-05 
0.000826009 0.000451361 7.23482e-05 
0.00068666 0.000131593 0.000171214 
0.000979885 0.000297383 4.88006e-05 
0.000115527 0.000270087 7.09639e-05 
0.000887174 0.000326679 0.000148145 
0.000212214 4.43993e-05 0.000138162 
0.000900404 0.000208215 0.000154629 
0.000374047 0.00032503 8.59633e-05 
0.000424756 0.000197462 3.29594e-05 
0.000568031 0.00039391 9.9936e-05 
0.000761407 0.000463451 3.5853e-05 
0.000707091 0.000374167 0.000105357 
0.000784781 0.000113943 0.000160376 
0.000411162 4.34177e-05 8.9903e-05 
0.000828 3.03113e-05 3.0136e-05 
0.000288509 8.24372e-05 0.000140754 
0.000725362 0.000259382 0.000123497 
9.42386e-05 0.000215046 5.09315e-05 
0.00067137 0.000194255 0.000111656 
0.00060007 0.00018118 5.09354e-05 
0.00040189 0.000269027 2.75837e-05 
0.000967818 0.000246401 0.000131528 
0.000641586 0.000272563 0.000147146 
0.000934224 0.000247954 3.67771e-05 
0.000606093 0.000128776 2.0733e-05 
7.83818e-05 0.000411095 6.42283e-05 
0.000158412 0.000434619 0.000106701 
0.00049114 0.000297317 0.000114006 
6.8026e-05 0.000147589 0.000118404 
0.000675417 0.000464578 6.81973e-05 
0.000656124 0.000382448 0.000127613 
0.000137108 0.00020457 8.24987e-05 
0.000309417 0.0002741 2.4544e-05 
0.000526693 0.000287258 7.20351e-05 
0.000754439 0.000186412 0.000140064 
0.00024773 0.000466168 0.000148066 
0.000971377 3.5544e-05 0.000125454 
0.000675842 0.000362025 2.12621e-05 
0.000238553 0.000240346 6.31559e-05 
0.000894611 0.000400668 3.82036e-05 
0.000411893 3.96634e-05 0.0001353 
0.000702433 4.63265e-05 9.9098e-05 
0.000760369 0.000468796 0.000139412 
0.000510343 0.000392322 0.00010677 
0.000448952 0.000161546 8.60922e-05 
0.00065364 0.00021045 3.30336e-05 
0.000424599 0.000104009 0.000140678 
0.000266823 0.00045699 6.8737e-05 
0.000977204 0.000381488 0.000129387 
0.000162608 0.00016958 0.000121104 
0.000901565 9.77173e-05 0.000103957 
0.000660978 0.000305229 2.29583e-05 
0.000356766 0.000414566 0.000155452 
0.000318906 0.000393141 0.000118119 
0.000869105 0.000125264 0.000163251 
0.000188099 0.000231339 1.80869e-05 
0.000707881 0.000439841 3.07182e-05 
5.91349e-05 2.94483e-05 5.85589e-05 
0.000534895 3.06234e-05 4.1769e-05 
0.000731475 0.000291915 5.35476e-05 
0.000899014 4.67842e-05 3.64727e-05 
0.000226194 0.000262641 2.48309e-05 
0.000910446 0.000145429 0.00015581 
0.000307913 0.000159004 9.28983e-05 
0.000787444 0.000346339 0.000137047 
0.000518719 0.000266057 0.000144132 
0.000720154 0.000303209 0.000103273 
0.000202049 0.000318819 0.000107128 
0.000785579 0.000444383 0.000107435 
0.000829664 0.000228178 2.09546e-05 
0.000611874 0.000404626 2.86178e-05 
3.24748e-05 0.000111243 2.61645e-05 
0.000461081 0.000329604 0.0001488 
0.000465842 0.000465599 0.000119783 
3.08536e-05 0.000391728 0.000132668 
0.000374982 0.000331624 2.80381e-05 
0.000556225 0.000409031 4.72496e-05 
0.000283285 0.000114098 0.000101409 
0.000907186 6.29484e-05 0.000157329 
0.000598296 0.000239069 0.000167075 
0.000812341 0.000211526 8.41378e-05 
0.000422133 0.000385751 6.33609e-05 
0.000248705 0.000127097 5.99605e-05 
0.000742809 3.81178e-05 4.7025e-05 
0.000399119 0.000136982 5.98453e-05 
0.000352077 0.000247979 6.4134e-05 
0.00024225 0.000347148 0.000106471 
0.000721299 8.18103e-05 0.000139732 
0.000755987 0.000318416 2.21858e-05 
0.000887808 0.00040809 0.000124047 
0.000638634 0.000137759 7.84317e-05 
0.000612142 4.03817e-05 5.98542e-05 
0.000349964 0.000470683 9.00472e-05 
0.000581645 0.000121752 0.000105553 
0.000120448 0.000124428 6.76664e-05 
0.000206165 0.000471846 7.81171e-05 
0.00019972 4.86885e-05 9.93704e-05 
4.73015e-05 6.24211e-05 0.000157468 
8.00965e-05 0.000319829 4.82874e-05 
0.000662183 0.000244788 0.000122256 
3.2085e-05 0.00046461 0.000100993 
0.000748605 0.0004225 0.000130069 
0.000445993 0.000264156 7.58061e-05 
0.000607589 0.000460993 5.16934e-05 
0.000826378 7.88352e-05 0.000100778 
0.000300284 0.000124717 4.71867e-05 
0.000914321 0.000458727 3.92362e-05 
0.000645282 0.000467032 0.000144746 
0.000203147 0.000409222 0.000139101 
0.000948511 0.000478337 2.50183e-05 
0.000823634 0.000340594 3.29568e-05 
4.93531e-05 0.000444347 0.000147708 
0.000462794 0.000446376 4.28861e-05 
0.000774266 0.000115011 0.000113526 
0.00074602 0.000326376 7.83164e-05 
0.000590258 0.00030205 0.000163617 
0.000104982 0.000454153 2.90979e-05 
0.000761054 0.000230214 0.000125153 
0.000808043 8.10667e-05 2.29185e-05 
0.000726235 0.000399191 6.3054e-05 
0.000473651 0.00040353 0.000105844 
0.00056132 0.000149907 0.000154798 
0.000331831 0.000146955 2.39125e-05 
0.000596038 0.000286453 3.39198e-05 
0.000201339 0.000256544 0.000149106 
0.000509952 0.000105349 0.000151623 
0.000561883 0.000192127 2.24175e-05 
0.000423931 0.000473845 4.46294e-05 
0.000484826 0.000175952 0.000135999 
0.000748847 0.000134482 3.97835e-05 
0.000212836 0.000174195 4.80624e-05 
0.000109578 0.000434269 0.000171281 
0.00048773 0.000319396 8.74033e-05 
4.80201e-05 0.000188041 9.96855e-05 
0.000672534 0.000265915 5.6798e-05 
0.00059002 3.51519e-05 0.000119717 
0.00012689 0.000379318 3.04571e-05 
3.16098e-05 0.000286177 0.000103783 
0.000368784 0.000425599 0.000110989 
0.000536384 0.00030121 2.60799e-05 
0.000847861 8.0915e-05 0.00016943 
0.00073034 9.54737e-05 1.97358e-05 
6.96585e-05 0.000156454 2.51094e-05 
7.73515e-05 0.000371963 2.33568e-05 
0.000269732 0.00021442 0.000162146 
0.000964986 0.000207998 3.87113e-05 
0.000267122 0.000233265 2.15248e-05 
0.000831076 0.000174398 0.000165365 
0.000880235 0.000326446 2.51312e-05 
0.000670839 0.000125704 6.22707e-05 
2.35627e-05 0.000251939 4.22487e-05 
0.000719379 0.000255044 2.65959e-05 
0.000113834 0.000245087 2.36237e-05 
0.000947792 0.000144567 2.92438e-05 
0.000878901 0.000461144 8.52952e-05 
0.000431277 0.000416974 2.20698e-05 
0.000119743 6.65333e-05 3.13214e-05 
0.000576843 0.00030866 9.18785e-05 
0.000869294 0.00021578 6.08815e-05 
0.000263219 0.000193613 0.000117068 
3.19617e-05 0.000339052 9.38784e-05 
0.000783971 0.00027635 0.00012068 
0.000242261 3.63689e-05 7.18507e-05 
0.000792861 6.67114e-05 9.18839e-05 
0.000271576 0.000273738 0.000159352 
0.000301998 0.000437967 0.000131299 
0.000706931 0.00017168 2.57887e-05 
0.00034454 0.000108916 2.54894e-05 
0.000971908 0.000421075 0.000157651 
0.000162792 0.000173943 4.62468e-05 
0.000154017 0.000328102 2.10615e-05 
0.000970394 0.000102642 0.000120754 
0.000221626 5.22527e-05 3.53558e-05 
0.000962254 0.000136013 8.7499e-05 
0.000804144 0.00026684 2.51414e-05 
0.000396503 0.000475149 0.000160213 
6.70153e-05 0.000129411 6.27491e-05 
0.000447303 0.000378835 0.000148338 
0.000139466 0.000309587 0.000160722 
0.000478549 2.39974e-05 5.68253e-05 
0.000941849 0.000381186 0.000167687 
0.000921683 0.000349634 2.23083e-05 
0.000223085 0.000307101 2.65436e-05 
0.000365435 0.000218687 0.000156654 
0.000826651 0.000405952 0.000141747 
0.000956657 0.000465815 0.000108759 
0.000220542 0.000158673 8.70879e-05 
0.000427713 0.000176105 0.000154924 
0.000117403 0.000165678 3.76387e-05 
0.000275958 0.000318028 2.73523e-05 
0.00034754 2.68135e-05 0.000137184 
0.00066198 0.000451044 0.000104472 
2.64554e-05 0.00039016 6.00798e-05 
0.000504443 0.000478034 0.000138145 
0.000971691 0.000315806 8.94483e-05 
0.00062482 0.000414764 9.35093e-05 
0.000935386 0.000301157 2.40378e-05 
0.000365194 0.000187462 5.55393e-05 
0.000569518 7.56636e-05 0.00013452 
0.000880109 8.25358e-05 0.000133762 
0.00095457 2.24542e-05 3.23031e-05 
0.000448311 5.60068e-05 4.11059e-05 
0.000707355 0.000462785 0.000127836 
0.000687719 5.746e-05 0.000159507 
0.000770979 0.000420889 7.74269e-05 
0.000344268 3.64545e-05 3.60974e-05 
0.000339764 0.000456186 0.000129026 
0.000661961 5.32004e-05 4.83589e-05 
0.000323026 0.000320435 4.32874e-05 
0.000503015 8.34998e-05 0.000108958 
0.000119158 0.000374712 0.000147352 
0.000232852 0.000402472 0.000102827 
0.000517814 0.000103416 2.66771e-05 
2.03434e-05 8.25494e-05 0.000129826 
0.000497961 2.3298e-05 2.20914e-05 
0.000859416 0.000380037 0.00015831 
0.000313377 8.07281e-05 2.3949e-05 
4.22012e-05 0.000204194 2.45865e-05 
0.000162162 0.00024311 0.000125193 
0.00055863 0.000321348 4.77486e-05 
0.000418448 0.000312518 0.000141804 
0.00048123 0.00021621 2.93369e-05 
0.000830763 0.000112028 0.000138169 
0.000845603 0.000257219 0.000146438 
0.000171347 0.000298159 6.4113e-05 
0.000622696 0.000329287 6.05391e-05 
0.000542185 3.92889e-05 0.000111359 
0.000650055 0.000430213 6.28473e-05 
0.000852954 2.38479e-05 0.000153835 
0.000301691 0.000444458 2.55277e-05 
0.000427177 0.000309441 3.01838e-05 
0.000972633 6.49694e-05 0.000166686 
0.000310124 0.000373424 2.90545e-05 
2.97884e-05 0.000209136 0.000148608 
0.000123205 0.000128434 0.000141438 
0.000168331 0.000345244 8.58096e-05 
0.000935017 0.000109337 0.000146499 
0.000414146 0.000454795 8.01215e-05 
0.000483311 0.000199192 0.000101354 
8.23442e-05 0.000470373 0.000123109 
0.000474007 0.000460668 0.000163259 
0.000871117 0.000361025 0.000111268 
0.000127131 0.000479178 9.36601e-05 
0.000163722 0.000221441 4.53236e-05 
0.000501189 0.000453549 9.06662e-05 
0.000766362 3.7776e-05 0.000153572 
0.000766671 0.000150504 9.20802e-05 
0.000254068 0.000154728 2.21479e-05 
0.000495377 0.000256505 6.46757e-05 
0.00060101 0.000104586 6.0206e-05 
0.000814169 2.16793e-05 0.000135532 
0.000599579 0.0002274 3.39673e-05 
0.000714238 0.000332861 2.71247e-05 
0.000871293 0.000111897 5.71255e-05 
0.000172181 3.23444e-05 3.06542e-05 
0.000597571 3.25264e-05 0.000171287 
0.000600334 0.000351169 0.00012829 
0.00070935 5.3357e-05 2.32551e-05 
0.000217723 0.000162495 0.00014402 
0.000556794 0.000462159 6.551e-05 
0.000768795 0.000275514 7.1954e-05 
0.00072501 0.000469881 7.66439e-05 
0.000553432 0.000368465 2.3214e-05 
0.000621588 9.9793e-05 9.36927e-05 
0.00078201 0.000426169 0.000162998 
0.000537554 0.000304301 0.000127195 
0.000769109 0.000390074 0.000173167 
2.51981e-05 0.000344527 2.26563e-05 
0.000673493 0.000406236 3.96868e-05 
0.000547265 0.000470411 0.000155157 
0.000156129 0.000300914 0.000124324 
0.000385166 0.000138261 0.000133481 
0.000907276 0.000473837 0.000124688 
0.000735419 0.000374136 1.84543e-05 
5.40592e-05 6.71173e-05 2.30481e-05 
0.000670917 2.37549e-05 0.00013649 
0.000576737 0.000466159 2.68269e-05 
0.000569771 0.000206064 0.000139015 
0.000403077 0.000420225 0.000108536 
0.000172169 1.86148e-05 0.000128894 
0.00018671 0.00019015 9.0638e-05 
0.000401427 0.000355107 6.00201e-05 
0.000395861 9.11308e-05 9.80918e-05 
0.000494986 0.00035334 0.000177754 
0.000791157 6.62746e-05 0.000130926 
0.000812881 0.000258487 9.11711e-05 
0.000696095 0.000294801 0.000162967 
0.000818848 0.000146774 2.73265e-05 
0.000562474 0.000363054 7.39331e-05 
0.000974317 0.000167238 2.08411e-05 
0.000147676 0.000130562 3.01894e-05 
0.000479306 3.4927e-05 0.0001731 
0.00027282 4.57522e-05 0.00011136 
2.15979e-05 0.000212057 8.25258e-05 
0.000628824 0.000325886 0.000113848 
0.0002837 0.000204671 6.98276e-05 
0.000688835 0.000242881 0.000155572 
0.000553546 3.16395e-05 0.000153939 
0.000537294 0.000130579 0.00017541 
0.000269474 0.000238136 0.000121142 
0.000911529 0.000174465 0.000112773 
0.000907505 0.000268754 0.000153976 
0.000576505 7.26811e-05 2.39518e-05 
3.6668e-05 0.000230285 0.000113282 
0.000199167 0.000356539 0.000171687 
0.000844004 0.000172911 0.000102517 
6.57597e-05 7.59666e-05 0.000100405 
0.000249527 0.000413459 2.96375e-05 
0.000703136 0.0001152 0.000119681 
3.27928e-05 0.000365472 0.000164794 
0.00054846 0.000150273 2.98845e-05 
0.000744721 7.04792e-05 8.9191e-05 
0.000951845 0.000373814 9.49079e-05 
0.000486287 0.00047968 2.1621e-05 
0.000376175 3.58024e-05 0.000110189 
0.000961374 2.26977e-05 7.62656e-05 
0.000308915 3.4703e-05 0.000159024 
0.000444987 0.000337634 5.02005e-05 
0.000969542 0.000351579 4.63841e-05 
0.000347842 0.000122488 0.00014837 
0.000810875 0.000471565 0.000161577 
0.000466952 8.38211e-05 0.000158938 
0.000151836 0.000221332 0.000155871 
0.000917556 0.000271997 0.000110612 
0.000524666 0.000340988 7.0383e-05 
3.37093e-05 0.000105457 0.000164628 
0.0001074 0.000113372 2.21135e-05 
0.000151762 0.000473961 2.23384e-05 
0.000908337 0.000381338 0.000178642 
0.000524515 7.12517e-05 0.000138496 
0.000748884 0.000287802 0.000160458 
0.000952974 0.00034156 0.000162349 
0.00030583 0.000470892 0.000164967 
8.60523e-05 9.99131e-05 0.000129882 
0.00073939 0.000132065 0.000148288 
0.000360061 0.000220684 2.63287e-05 
0.000528072 0.000452427 0.000115401 
0.000234131 0.000477457 3.25653e-05 
8.27615e-05 0.000356833 7.95141e-05 
9.76748e-05 0.000287483 0.000145596 
0.00030859 0.000252125 7.91198e-05 
0.000228313 0.000218322 0.000157565 
0.000861134 0.000202726 0.00012189 
0.000117758 2.23609e-05 0.000118089 
0.000933177 0.000293426 7.16353e-05 
1.80698e-05 0.000100091 9.6943e-05 
0.000923168 0.000190468 6.13259e-05 
0.000891403 0.000229706 0.000109882 
0.000496545 0.000141999 0.000174978 
0.000855695 0.000469913 2.94142e-05 
0.00050271 0.00031159 0.000151416 
0.000109748 0.000440985 9.11349e-05 
0.00076096 0.00040839 2.9231e-05 
0.000290351 0.000478403 0.000127507 
0.000752358 0.00035062 4.52252e-05 
0.000697301 3.96883e-05 6.27347e-05 
0.000611969 4.82246e-05 1.92833e-05 
0.000188977 0.000371562 6.65454e-05 
0.000252512 0.000140013 0.00017241 
0.000344603 0.00018253 8.8204e-05 
0.00046338 0.00029591 0.000176391 
0.000571985 0.000261388 7.18996e-05 
0.000278296 2.2233e-05 2.71717e-05 
0.000455477 0.000254739 2.83687e-05 
0.000169786 0.000376768 0.000147302 
0.000861445 0.000241222 8.88685e-05 
0.000662461 3.56719e-05 9.55767e-05 
0.000260794 0.000312322 0.000177712 
0.000397947 0.000458267 0.000127205 
0.000713423 2.29472e-05 0.000138005 
0.000955507 0.000439485 6.92472e-05 
0.000854882 0.00026966 2.10216e-05 
0.000451124 7.50998e-05 8.30147e-05 
0.000188451 0.000145748 2.27852e-05 
0.000936837 8.5496e-05 0.000178533 
0.00036118 0.000284862 6.80258e-05 
0.000134377 0.000427038 3.58873e-05 
8.26177e-05 0.000277353 2.56047e-05 
0.00038294 0.00018632 0.000122218 
0.000764606 0.000232519 2.59239e-05 
0.000494886 7.84508e-05 7.3327e-05 
0.000765001 8.47897e-05 5.26838e-05 
0.000314693 0.000441316 8.99351e-05 
0.000907705 2.45281e-05 0.000117017 
0.000924317 0.000132427 6.32923e-05 
0.000473092 0.000357834 0.000120579 
0.000965413 0.000131278 0.000168792 
0.000718564 0.000402707 0.000155934 
2.30683e-05 0.000160274 5.23066e-05 
0.000500655 2.37284e-05 0.000110418 
0.000279268 0.000376331 0.000104848 
0.00011633 6.28503e-05 0.000100303 
0.000189756 0.000338894 4.37965e-05 
0.000792805 0.00044341 4.4842e-05 
0.000839156 0.000124641 7.99165e-05 
0.000311602 0.000347048 0.000167075 
0.000544748 0.000260017 0.000114593 
0.000777551 3.47546e-05 3.3708e-05 
0.000667702 0.000108415 0.000101871 
0.000638705 0.000157374 2.22628e-05 
7.24278e-05 0.000393479 0.000167628 
0.000196289 0.000477361 0.00014719 
0.000657446 0.000461319 2.97934e-05 
5.83393e-05 0.000472831 5.82212e-05 
0.000118702 0.000320477 9.75577e-05 
0.000871017 0.000164307 0.000168064 
0.000566492 0.000275035 0.000141877 
0.000604995 9.92406e-05 0.000168649 
3.68073e-05 0.000481275 2.47344e-05 
0.000758269 0.000313787 0.000129253 
6.83623e-05 4.44798e-05 0.000122372 
0.000468925 0.000219022 0.000161017 
0.000388596 0.00047287 2.34705e-05 
1.80998e-05 0.000428818 8.78329e-05 
0.000360069 0.000386495 9.14129e-05 
2.24858e-05 0.000297389 4.34024e-05 
0.000816441 2.08583e-05 0.00017731 
0.000237078 0.00027715 0.000117662 
0.000367295 0.000379266 2.07064e-05 
0.000913248 0.000101733 4.58601e-05 
0.000273521 0.000106731 2.01153e-05 
