0.000831419 0.000409538 3.10585e-05 
8.2531e-05 0.00029539 8.04338e-05 
0.000523979 0.00020889 0.000110673 
0.000315774 0.000239138 0.00013511 
0.000684224 0.000331541 6.33512e-05 
0.00036391 7.91507e-05 0.000112765 
0.000745637 0.000205857 5.11818e-05 
0.000869856 0.000291224 6.43321e-05 
0.000525171 5.47514e-05 0.000155917 
0.000782773 0.000237932 0.000150398 
0.000638708 0.000369653 4.3171e-05 
0.000176145 0.000387331 1.97479e-05 
0.000825369 0.000304802 0.000112043 
0.000208729 0.000217585 8.95751e-05 
0.00048844 0.000381519 3.627e-05 
0.000802953 0.000161684 0.000105587 
0.000443309 0.000370314 7.84145e-05 
0.000236165 0.00035988 2.52283e-05 
0.000524384 0.000142209 6.52129e-05 
0.00088837 0.00024018 1.89334e-05 
0.000916573 0.000330574 6.29543e-05 
0.000414873 0.00031174 5.66365e-05 
0.000941195 6.40234e-05 6.96858e-05 
0.000871985 4.24315e-05 9.55539e-05 
0.000691277 9.4659e-05 3.03165e-05 
0.000257397 0.000304342 5.97244e-05 
8.85466e-05 0.000229016 9.05897e-05 
0.000556311 0.00023667 1.97555e-05 
0.000173644 9.12803e-05 2.98296e-05 
0.000971079 0.000462443 0.000145657 
0.000520142 0.000212795 5.09705e-05 
0.000964185 0.000206416 6.97347e-05 
0.000880782 0.000143816 2.57048e-05 
0.000763509 2.74411e-05 8.24429e-05 
5.58978e-05 0.000256841 5.14618e-05 
0.000719926 0.000340127 0.000114961 
0.000610149 0.000437586 0.000144138 
0.000307442 0.000177163 0.000113358 
0.000342322 0.000222803 8.23627e-05 
0.000321972 0.000181489 2.85201e-05 
0.000307439 0.000300675 8.44527e-05 
0.000484445 0.000310088 3.28545e-05 
0.000453693 2.49349e-05 8.68427e-05 
0.000343892 0.000105349 6.8009e-05 
0.000963465 0.000400426 2.44705e-05 
0.000575469 0.000463775 9.60844e-05 
0.000545288 0.000349289 0.000101521 
0.000703023 0.000160468 0.000125788 
0.000388446 0.000234007 6.5471e-05 
0.000412197 0.000258107 0.000114171 
0.000250732 0.000381199 0.000120842 
0.000564727 0.000173344 7.66798e-05 
0.000799119 5.31054e-05 0.000161238 
0.000846924 0.000461515 0.000100586 
9.26392e-05 6.31485e-05 0.00012764 
0.000164711 9.13643e-05 9.37896e-05 
0.000962958 8.55404e-05 2.75503e-05 
0.000516871 0.000417925 0.000119097 
0.000227537 9.66053e-05 2.45122e-05 
0.00036289 0.000426926 3.12558e-05 
0.000493075 0.000165068 2.60585e-05 
0.000288145 0.000411675 5.6894e-05 
0.000600726 0.000347714 2.37087e-05 
0.000789592 0.000184177 2.87092e-05 
0.000549756 8.4533e-05 7.10266e-05 
0.000231154 8.9518e-05 7.98605e-05 
0.000521075 0.000463637 3.31611e-05 
0.000394123 7.36857e-05 3.08137e-05 
0.000963824 0.000181008 0.000108304 
0.000890299 0.000191036 1.9395e-05 
0.000575155 0.000396868 0.000134168 
0.000625359 0.000141902 0.000108941 
0.000395727 0.000372219 9.41958e-05 
0.000681939 0.000388718 5.45746e-05 
0.000647974 6.51068e-05 9.97233e-05 
0.00015712 4.14174e-05 7.87378e-05 
0.000875533 0.000152625 7.79064e-05 
0.000452834 0.000106498 3.66367e-05 
0.00062812 0.00020885 0.000109685 
0.000706153 0.000144624 6.93956e-05 
0.000801805 0.000160753 5.90038e-05 
6.82661e-05 0.000339129 9.9124e-05 
0.000147927 0.000378077 9.12889e-05 
0.000440951 0.000432454 0.000101019 
0.000605009 0.000241406 7.01374e-05 
0.000784581 0.000378928 6.47863e-05 
2.99271e-05 0.000434112 2.99004e-05 
0.00035137 0.000289286 0.000151501 
0.000183464 0.000434558 2.88127e-05 
0.000143995 0.000277746 2.03584e-05 
0.000274895 6.28012e-05 2.33545e-05 
0.000815368 0.000457927 5.68045e-05 
0.00068666 0.000131593 0.000154723 
0.000980599 0.000295779 3.15536e-05 
0.000123652 0.000268729 5.97021e-05 
0.000893644 0.000326346 0.000116164 
0.000214628 4.35705e-05 0.000118566 
0.00090323 0.000207667 0.000132462 
0.000371117 0.000321506 8.40351e-05 
0.000425782 0.000199963 3.29445e-05 
0.00056829 0.000395621 8.14912e-05 
0.0007607 0.00046423 2.00591e-05 
0.000706118 0.000378072 8.49164e-05 
0.000784781 0.000113943 0.000138735 
0.000411011 4.37496e-05 6.85563e-05 
0.000828 3.03113e-05 2.92556e-05 
0.000288509 8.24372e-05 0.00011671 
0.000725362 0.000259382 9.9147e-05 
9.05191e-05 0.000210513 2.48255e-05 
0.000674042 0.000193341 9.62423e-05 
0.00060599 0.000174875 3.79066e-05 
0.000399004 0.000270543 2.69701e-05 
0.000967818 0.000246401 9.38733e-05 
0.000640333 0.000274092 0.000123072 
0.000935871 0.000248137 3.02679e-05 
0.000607383 0.000130803 2.07366e-05 
8.56384e-05 0.000414014 4.13131e-05 
0.000155208 0.000432861 8.27511e-05 
0.000490309 0.000293591 9.88716e-05 
7.09841e-05 0.000151446 0.000100414 
0.000675168 0.000467016 5.29387e-05 
0.000651123 0.000378031 0.000102434 
0.000131968 0.000194584 5.65809e-05 
0.000308631 0.000271768 2.45337e-05 
0.000528766 0.000286188 5.24048e-05 
0.000754439 0.000186412 0.000109756 
0.00024773 0.000466168 0.000124766 
0.000972186 3.6905e-05 0.000105727 
0.00067779 0.000363583 2.1057e-05 
0.000239136 0.000241604 5.38558e-05 
0.000898528 0.000401063 3.68573e-05 
0.000413763 3.93168e-05 0.000112596 
0.000703463 4.89633e-05 8.56477e-05 
0.000756626 0.000472302 0.000115729 
0.000510587 0.00039007 9.00911e-05 
0.000454196 0.000162212 8.26225e-05 
0.000656655 0.000205612 3.29356e-05 
0.000431069 0.000106309 0.000112756 
0.000267084 0.00046658 5.52743e-05 
0.000977204 0.000381488 0.000109128 
0.000157232 0.000163072 9.54074e-05 
0.000901565 9.77173e-05 8.9813e-05 
0.000653887 0.000308625 2.30508e-05 
0.000355992 0.000413761 0.000132258 
0.000318991 0.000393182 9.3617e-05 
0.000869105 0.000125264 0.000149343 
0.000194173 0.000233613 1.80814e-05 
0.000704545 0.000436357 3.07169e-05 
6.27514e-05 2.89712e-05 4.75599e-05 
0.000540331 3.17231e-05 2.53144e-05 
0.000728491 0.000297151 3.8982e-05 
0.000893791 4.47254e-05 3.64697e-05 
0.000223501 0.000266379 1.83559e-05 
0.000909965 0.000145719 0.000124658 
0.00030713 0.000158804 6.20196e-05 
0.000786274 0.000347369 0.000117637 
0.000518166 0.000266188 0.000125046 
0.000720323 0.000299828 8.26241e-05 
0.000204687 0.000317149 7.6413e-05 
0.000784173 0.000442614 9.12647e-05 
0.000828407 0.000225316 2.07615e-05 
0.00060772 0.000410038 2.86541e-05 
2.61609e-05 0.000112177 2.61699e-05 
0.000461081 0.000329604 0.000132696 
0.000466575 0.000468473 9.87568e-05 
3.0344e-05 0.000392073 0.000115258 
0.000376704 0.000327502 2.802e-05 
0.00055637 0.000410525 3.03382e-05 
0.000283285 0.000114098 8.2573e-05 
0.000907186 6.29484e-05 0.000140136 
0.000597319 0.000239959 0.000145904 
0.000807421 0.000210673 6.13893e-05 
0.000423165 0.000389597 5.13743e-05 
0.000249028 0.000126319 4.70102e-05 
0.000746999 3.48625e-05 3.27041e-05 
0.000399119 0.000136982 4.11883e-05 
0.000346089 0.000255621 5.27265e-05 
0.000243695 0.000346823 8.16247e-05 
0.000724461 8.24725e-05 0.000119955 
0.000758737 0.000311621 1.85859e-05 
0.000887591 0.000408235 9.68331e-05 
0.000637721 0.00013661 5.62544e-05 
0.000610786 3.55156e-05 5.79498e-05 
0.000350022 0.000470765 7.61666e-05 
0.000580619 0.000122921 9.07326e-05 
0.000126061 0.00012011 5.58132e-05 
0.000208561 0.000471914 6.36235e-05 
0.000198356 4.91565e-05 8.13747e-05 
4.7766e-05 6.21137e-05 0.00013538 
7.83102e-05 0.00032733 2.63584e-05 
0.000665389 0.000246602 0.000102316 
3.03271e-05 0.000467799 7.23479e-05 
0.00074948 0.000423077 0.000111485 
0.0004451 0.000269224 6.17253e-05 
0.000613678 0.000459856 3.54019e-05 
0.000826378 7.88352e-05 8.62699e-05 
0.000303394 0.000125081 2.77254e-05 
0.000914836 0.000459047 2.46526e-05 
0.00064492 0.000467498 0.000122783 
0.000200906 0.000409312 0.000110754 
0.000950541 0.000479498 1.71393e-05 
0.000826305 0.000336918 3.29513e-05 
4.91359e-05 0.000437937 0.000112967 
0.000464739 0.000441062 2.6044e-05 
0.000774266 0.000115011 9.45762e-05 
0.000745965 0.000325169 6.33072e-05 
0.000591704 0.000303695 0.000138471 
0.000106608 0.000457439 2.16631e-05 
0.000761054 0.000230214 0.000110716 
0.000808043 8.10667e-05 2.29185e-05 
0.000728336 0.00039704 5.2757e-05 
0.000474302 0.0004031 8.73743e-05 
0.00056132 0.000149907 0.000140998 
0.00033645 0.000149481 1.79665e-05 
0.000602952 0.000285268 3.39953e-05 
0.000201839 0.000262566 0.000120645 
0.000509952 0.000105349 0.000134394 
0.00056239 0.000190831 2.24188e-05 
0.000427603 0.000475614 2.82066e-05 
0.000490084 0.000178121 0.000122712 
0.000748847 0.000134482 2.04887e-05 
0.000213537 0.00017661 2.89972e-05 
0.000109578 0.000434269 0.000151299 
0.000488026 0.000323493 8.1219e-05 
4.67972e-05 0.000190274 8.34011e-05 
0.000670917 0.000265151 4.86535e-05 
0.00059002 3.51519e-05 0.000100808 
0.000129268 0.000373218 3.03255e-05 
3.03183e-05 0.000292625 7.96243e-05 
0.000367309 0.000426451 9.50333e-05 
0.000535771 0.000300687 1.72969e-05 
0.000847861 8.0915e-05 0.000149853 
0.000731067 9.55744e-05 1.97369e-05 
6.96582e-05 0.000161504 1.90552e-05 
7.60847e-05 0.000369273 1.9954e-05 
0.000270058 0.000213937 0.000136327 
0.000965366 0.000207497 2.02144e-05 
0.000274885 0.000231646 2.15254e-05 
0.000831602 0.000174637 0.000140427 
0.000883876 0.000335657 2.51102e-05 
0.000672683 0.000124939 4.69409e-05 
2.25499e-05 0.000251156 2.25665e-05 
0.000721572 0.0002521 2.6588e-05 
0.000116137 0.000245703 1.92054e-05 
0.000947706 0.000144494 1.71539e-05 
0.000881911 0.000458168 7.05288e-05 
0.000424707 0.000415719 2.19548e-05 
0.000118052 6.57784e-05 3.13161e-05 
0.000571544 0.000313205 7.43419e-05 
0.000869684 0.000214778 4.35962e-05 
0.000262461 0.000193552 9.79853e-05 
3.09397e-05 0.000343407 7.1299e-05 
0.000780539 0.000276782 9.40245e-05 
0.000246077 3.30571e-05 4.83753e-05 
0.000792993 6.67452e-05 7.43112e-05 
0.000271576 0.000273738 0.000145151 
0.000301998 0.000437967 0.000111798 
0.000705846 0.000174528 2.56849e-05 
0.000344015 0.000109606 1.80328e-05 
0.000971908 0.000421075 0.000138844 
0.000163985 0.000175733 2.17173e-05 
0.000153438 0.000328962 2.10708e-05 
0.000970394 0.000102642 9.92514e-05 
0.000218252 5.35392e-05 1.97781e-05 
0.000962254 0.000136013 6.55826e-05 
0.00080848 0.000265824 2.43325e-05 
0.000396503 0.000475149 0.000144657 
7.29693e-05 0.000125658 4.83364e-05 
0.000445094 0.000381865 0.000124191 
0.000137105 0.000310815 0.000140963 
0.000469822 2.43432e-05 4.39879e-05 
0.000941849 0.000381186 0.000153664 
0.000928246 0.00035223 2.23044e-05 
0.000222505 0.00031026 2.62431e-05 
0.000365435 0.000218687 0.000137672 
0.000826651 0.000405952 0.000126458 
0.000959017 0.000469433 7.93704e-05 
0.000221449 0.000156769 6.59721e-05 
0.000419321 0.00018556 0.000141823 
0.000116427 0.000163715 2.08725e-05 
0.000274437 0.000317966 2.01103e-05 
0.000348657 2.6329e-05 0.000118502 
0.000657714 0.00044654 8.39702e-05 
2.60898e-05 0.000385706 4.25963e-05 
0.000504527 0.000479587 0.000121874 
0.000968999 0.000321857 6.57277e-05 
0.000622901 0.000417663 7.40058e-05 
0.000936417 0.000306654 2.40414e-05 
0.000368034 0.00017908 4.45201e-05 
0.000574965 7.29225e-05 0.000122896 
0.000880109 8.25358e-05 0.000120055 
0.000953151 2.23972e-05 2.11587e-05 
0.000448049 5.37562e-05 2.70952e-05 
0.000704009 0.00046116 0.000101456 
0.000688827 5.82153e-05 0.000135611 
0.000765756 0.00042695 5.84199e-05 
0.000340248 3.56013e-05 3.5301e-05 
0.000339692 0.000456082 0.000109248 
0.000661961 5.32004e-05 2.82569e-05 
0.000321676 0.000321836 2.72758e-05 
0.000500023 8.35219e-05 9.37023e-05 
0.000110662 0.000373341 0.000118109 
0.000233985 0.000403477 7.87763e-05 
0.000515247 0.000110504 2.66883e-05 
1.96203e-05 8.15725e-05 0.000112389 
0.000499189 2.29091e-05 1.71838e-05 
0.000859416 0.000380037 0.000135637 
0.000313377 8.0728e-05 1.85935e-05 
4.22012e-05 0.000204194 1.70879e-05 
0.000160055 0.000243149 0.000107837 
0.000561941 0.000322091 3.06548e-05 
0.00041858 0.000313836 0.000115082 
0.000475724 0.000215168 2.06921e-05 
0.000830763 0.000112028 0.000122317 
0.000845603 0.000257219 0.000128766 
0.000173868 0.000297841 4.30966e-05 
0.000625511 0.000328449 5.03767e-05 
0.00054148 3.53591e-05 9.49854e-05 
0.000649921 0.00042994 4.54031e-05 
0.000852954 2.38479e-05 0.000137929 
0.000307957 0.000440663 2.55382e-05 
0.000428314 0.000309265 1.87679e-05 
0.000972633 6.49694e-05 0.000152488 
0.0003129 0.00037744 2.90418e-05 
2.97817e-05 0.000209108 0.000129627 
0.000123205 0.000128434 0.00012314 
0.000166412 0.000345419 6.53393e-05 
0.000935242 0.000109006 0.000129897 
0.000412372 0.000451724 5.84677e-05 
0.000486353 0.000203881 8.78192e-05 
8.38329e-05 0.00047168 0.000108131 
0.000472874 0.000457893 0.000141529 
0.000869836 0.000363713 8.66236e-05 
0.000127131 0.000479178 7.9212e-05 
0.000159274 0.000222307 2.73811e-05 
0.00049958 0.000453672 7.36603e-05 
0.000766362 3.7776e-05 0.000138677 
0.000765078 0.000150086 7.60471e-05 
0.000254325 0.000156175 2.21469e-05 
0.000494395 0.000259464 4.63007e-05 
0.000595146 0.000102664 4.42567e-05 
0.000814169 2.16793e-05 0.000118996 
0.000599578 0.000227519 2.27442e-05 
0.000716196 0.000332432 2.08421e-05 
0.000871991 0.000106223 4.51537e-05 
0.000172124 3.06361e-05 3.06232e-05 
0.000597571 3.25264e-05 0.000150368 
0.000600196 0.000351293 0.000107623 
0.000709336 5.45093e-05 2.31876e-05 
0.000217723 0.000162495 0.000116646 
0.000555984 0.000459119 5.60326e-05 
0.000766656 0.000275245 4.68417e-05 
0.000737759 0.000473242 6.0036e-05 
0.000550991 0.00036909 2.32194e-05 
0.000624021 9.97009e-05 7.12904e-05 
0.00078201 0.000426169 0.000148619 
0.000538572 0.000304017 0.000111306 
0.000769109 0.000390074 0.000159046 
2.51981e-05 0.000344527 2.26355e-05 
0.000668696 0.000404535 2.07217e-05 
0.000548561 0.000470624 0.000134625 
0.000157105 0.000300406 0.000106767 
0.000385661 0.000138474 0.000114034 
0.00091064 0.000474209 9.93788e-05 
0.000731045 0.000379366 1.8443e-05 
5.78855e-05 7.46022e-05 2.3049e-05 
0.000669924 2.17716e-05 0.000119394 
0.000577938 0.000467258 1.91317e-05 
0.000570835 0.000206008 0.000118948 
0.000401231 0.000418828 9.31482e-05 
0.000172169 1.86148e-05 0.000112996 
0.000185368 0.000187303 7.1882e-05 
0.000407534 0.000356017 5.05294e-05 
0.000393234 8.99828e-05 7.97846e-05 
0.000494986 0.00035334 0.000162617 
0.000790969 6.62266e-05 0.000113336 
0.000814338 0.000257612 7.15518e-05 
0.000696095 0.000294801 0.000143536 
0.00082293 0.000143468 2.25568e-05 
0.00056585 0.000361452 6.1929e-05 
0.000974331 0.00016725 1.78722e-05 
0.000151986 0.000135429 2.01412e-05 
0.000479306 3.4927e-05 0.000158885 
0.00027282 4.57522e-05 8.67325e-05 
2.15979e-05 0.000212057 6.28688e-05 
0.000629016 0.000325715 9.64367e-05 
0.00028436 0.000202878 5.12528e-05 
0.000688835 0.000242881 0.000141719 
0.000553546 3.16395e-05 0.000135728 
0.000537294 0.000130579 0.000159435 
0.000269167 0.000239267 9.79867e-05 
0.000917286 0.00017733 8.9012e-05 
0.000904396 0.000267761 0.00013255 
0.000581794 6.84382e-05 2.3955e-05 
3.48188e-05 0.000230129 9.88506e-05 
0.000199167 0.000356539 0.000152945 
0.000838703 0.000176899 8.97103e-05 
6.57597e-05 7.59666e-05 8.41672e-05 
0.000244897 0.000413885 2.96331e-05 
0.000701786 0.00011211 0.000104025 
3.30227e-05 0.000362446 0.000143633 
0.000547988 0.000148817 2.19817e-05 
0.000744721 7.04792e-05 6.85569e-05 
0.000951845 0.000373814 7.35046e-05 
0.000489374 0.000479565 2.02961e-05 
0.000375182 3.58105e-05 9.20798e-05 
0.000965414 2.26914e-05 6.32221e-05 
0.000306047 3.52912e-05 0.000130123 
0.000442632 0.000339439 3.48843e-05 
0.000972076 0.000351533 2.49239e-05 
0.000346935 0.000122105 0.000123822 
0.000810875 0.000471565 0.000140031 
0.000466952 8.38211e-05 0.000143966 
0.000150963 0.000219281 0.0001373 
0.000918344 0.000271205 9.02939e-05 
0.000528981 0.00033959 5.34288e-05 
3.41629e-05 0.00010624 0.000142394 
0.000107305 0.000113332 1.70138e-05 
0.000150085 0.000476027 2.23281e-05 
0.000908337 0.000381338 0.000164727 
0.000524473 7.22909e-05 0.000121306 
0.000747034 0.000282835 0.000137272 
0.000952974 0.00034156 0.000144219 
0.000308481 0.000469606 0.000144471 
8.60523e-05 9.99131e-05 0.000115826 
0.00073939 0.000132065 0.000129898 
0.000355819 0.00021763 2.63311e-05 
0.000527984 0.000450953 9.63888e-05 
0.000230695 0.000478962 2.05568e-05 
8.57739e-05 0.000360053 6.00828e-05 
9.76748e-05 0.000287483 0.000131194 
0.000301869 0.000243569 6.49607e-05 
0.000228207 0.000218331 0.000143217 
0.000860363 0.00020265 0.000104807 
0.000117886 2.22829e-05 9.58424e-05 
0.000934034 0.000290636 6.33164e-05 
1.80678e-05 0.000100744 8.03839e-05 
0.000923168 0.000190468 4.54357e-05 
0.000891401 0.000232179 9.00043e-05 
0.000496545 0.000141999 0.000159398 
0.000861707 0.000470551 2.94271e-05 
0.000503341 0.000315534 0.000131825 
0.00010551 0.000444349 7.54292e-05 
0.00076096 0.00040839 1.96552e-05 
0.000288816 0.000479147 0.00010952 
0.000753418 0.000349094 3.01868e-05 
0.0006925 3.35394e-05 5.34743e-05 
0.0006192 4.72756e-05 1.92759e-05 
0.000189671 0.000372396 5.19281e-05 
0.000252512 0.000140013 0.000157383 
0.000343463 0.000180637 7.33436e-05 
0.00046338 0.00029591 0.000162521 
0.000568711 0.000258341 6.14146e-05 
0.000278296 2.2233e-05 1.75517e-05 
0.00045974 0.000250917 1.84409e-05 
0.000169786 0.000376768 0.000130146 
0.00085796 0.000236961 7.27869e-05 
0.000665342 2.88022e-05 7.54705e-05 
0.000260794 0.000312322 0.000162769 
0.000397947 0.000458267 0.000111558 
0.000714867 2.23902e-05 0.000116721 
0.000955209 0.000436741 4.5129e-05 
0.000853188 0.000258805 2.09123e-05 
0.000447927 6.82995e-05 7.97288e-05 
0.000193477 0.000141261 2.17773e-05 
0.000936837 8.5496e-05 0.000164779 
0.000362741 0.000289971 5.13081e-05 
0.000134377 0.000427038 2.12786e-05 
8.82622e-05 0.000280206 2.56311e-05 
0.000379765 0.000186756 0.000102553 
0.000769657 0.000237836 1.98331e-05 
0.000494603 7.8266e-05 5.76303e-05 
0.000765317 8.46892e-05 3.52542e-05 
0.000314693 0.000441316 7.25731e-05 
0.000907705 2.45281e-05 0.000101717 
0.000924476 0.000132869 4.63656e-05 
0.000474581 0.000356621 0.000104732 
0.000965413 0.000131278 0.000153725 
0.000715534 0.000400711 0.000129117 
2.30683e-05 0.000160274 3.62029e-05 
0.000500655 2.37284e-05 8.72905e-05 
0.000282529 0.000375792 8.34685e-05 
0.000114721 6.49439e-05 8.44907e-05 
0.000189756 0.000338894 2.95527e-05 
0.000790011 0.000440258 2.5666e-05 
0.000836714 0.000121173 6.08447e-05 
0.000311602 0.000347048 0.000144143 
0.000545032 0.000259633 9.94505e-05 
0.000781516 3.45197e-05 1.84131e-05 
0.000667565 0.000108398 8.49408e-05 
0.000644909 0.000155038 2.04555e-05 
7.1782e-05 0.000393789 0.000144539 
0.000196289 0.000477361 0.000130179 
0.000657446 0.000461319 1.71084e-05 
6.52349e-05 0.000470235 4.37759e-05 
0.000118702 0.000320477 8.39179e-05 
0.000871017 0.000164307 0.000154309 
0.00056544 0.000273667 0.000125227 
0.000604995 9.92406e-05 0.000149627 
3.51077e-05 0.000481258 1.87348e-05 
0.000759243 0.000312784 0.000111082 
6.73107e-05 4.34646e-05 0.000106481 
0.000468925 0.000219022 0.000147208 
0.000386677 0.000475607 2.34653e-05 
1.81031e-05 0.000427897 7.59917e-05 
0.000357164 0.000387912 7.24823e-05 
2.24858e-05 0.000297389 2.22352e-05 
0.000816441 2.08583e-05 0.000161207 
0.000241415 0.000279483 9.16905e-05 
0.0003678 0.000376346 2.06414e-05 
0.000913134 0.000101416 3.05423e-05 
0.000268851 0.00010314 1.78385e-05 
