0.000841135 0.000416276 3.10552e-05 
8.01777e-05 0.000294332 6.65527e-05 
0.000528718 0.000220089 9.19448e-05 
0.000316087 0.000239584 8.74546e-05 
0.000687913 0.000325975 6.431e-05 
0.000373694 6.47018e-05 8.02609e-05 
0.000753474 0.000195605 3.09921e-05 
0.000884413 0.000288905 4.14526e-05 
0.000525374 4.74081e-05 0.000116373 
0.000782922 0.000237986 0.000102386 
0.000636408 0.000368128 2.42412e-05 
0.000178917 0.000385548 1.97486e-05 
0.000829085 0.000290938 7.87261e-05 
0.000200436 0.000216091 7.65476e-05 
0.000487508 0.000378889 3.62702e-05 
0.000799841 0.000156449 6.80637e-05 
0.000443911 0.000347148 5.79214e-05 
0.000234033 0.000362504 2.52287e-05 
0.000526837 0.000152714 5.48134e-05 
0.000886297 0.000239051 1.89332e-05 
0.000921748 0.000332061 6.29481e-05 
0.000414198 0.000309496 5.66174e-05 
0.000944071 5.30114e-05 5.30706e-05 
0.000855093 4.8195e-05 8.22131e-05 
0.000689408 9.07043e-05 2.14051e-05 
0.000272101 0.00030261 3.77424e-05 
8.52998e-05 0.000225447 8.43156e-05 
0.000564833 0.000236833 1.97556e-05 
0.000168963 9.10398e-05 2.983e-05 
0.000970277 0.000464012 0.000103355 
0.00051798 0.000216301 3.31029e-05 
0.000960081 0.000215252 5.66313e-05 
0.000885337 0.000135977 2.57034e-05 
0.000770295 2.44811e-05 5.22185e-05 
6.57278e-05 0.000257065 3.17693e-05 
0.000738465 0.000343484 9.80101e-05 
0.000609875 0.000438601 0.000104856 
0.000307944 0.000176947 0.000101789 
0.000343603 0.000204781 7.26395e-05 
0.000323682 0.000185298 1.87224e-05 
0.000307906 0.000295048 8.07914e-05 
0.000477507 0.000310547 3.28604e-05 
0.000458897 2.31845e-05 6.8092e-05 
0.000338162 9.82195e-05 5.86036e-05 
0.000968367 0.000397043 2.18008e-05 
0.00059032 0.000467022 5.50512e-05 
0.000534577 0.000349377 8.74088e-05 
0.000704575 0.000159384 7.94316e-05 
0.000389632 0.000235586 6.33133e-05 
0.000401191 0.000273576 0.000107375 
0.000267008 0.000372116 9.42431e-05 
0.00057484 0.000162212 5.64418e-05 
0.000799119 5.31054e-05 0.000121672 
0.000842656 0.000452376 7.80548e-05 
8.86124e-05 6.43449e-05 9.6353e-05 
0.000176663 0.000101158 9.31407e-05 
0.000972433 8.84604e-05 2.75412e-05 
0.000522852 0.0004227 9.75463e-05 
0.00022199 0.000101729 2.45096e-05 
0.0003703 0.000422533 3.12544e-05 
0.00048795 0.000165814 2.60585e-05 
0.000284574 0.00041227 5.192e-05 
0.000590449 0.000354448 2.3707e-05 
0.000799363 0.000190301 1.71766e-05 
0.00054627 8.04623e-05 5.68106e-05 
0.000237806 8.33132e-05 7.49036e-05 
0.000516298 0.000465545 1.73955e-05 
0.000390135 6.54522e-05 3.08116e-05 
0.000965561 0.00017135 6.98959e-05 
0.000890874 0.00018718 1.93963e-05 
0.000575204 0.00039685 9.07427e-05 
0.000623789 0.000128684 7.67682e-05 
0.000395805 0.000363738 6.51638e-05 
0.000687666 0.000387195 4.8593e-05 
0.000647823 6.85903e-05 6.19589e-05 
0.000149928 4.62273e-05 7.13313e-05 
0.000867416 0.000152882 7.28606e-05 
0.000443682 0.000107724 3.66387e-05 
0.000619924 0.000195293 8.27602e-05 
0.000711679 0.000125831 4.67066e-05 
0.000788773 0.000151924 2.30217e-05 
5.60587e-05 0.00033292 7.46544e-05 
0.000162398 0.000379619 6.56493e-05 
0.000441661 0.000432495 7.18332e-05 
0.000584582 0.000241151 5.94644e-05 
0.000789236 0.000383913 5.39881e-05 
2.99225e-05 0.000433952 2.99145e-05 
0.000350047 0.000285979 0.000113437 
0.000182556 0.000433137 2.88144e-05 
0.00014592 0.000277793 2.03586e-05 
0.000277942 5.74863e-05 2.32756e-05 
0.000812677 0.000474138 2.585e-05 
0.00068666 0.000131593 0.000112316 
0.000980862 0.000295175 1.74972e-05 
0.00012804 0.000259776 5.77244e-05 
0.000871702 0.00033467 8.8693e-05 
0.000220237 2.96926e-05 6.97683e-05 
0.000913354 0.0002001 8.19428e-05 
0.000367484 0.000318025 8.33179e-05 
0.000416637 0.000191338 3.29354e-05 
0.000558586 0.000402892 5.55865e-05 
0.000768126 0.000464678 2.00592e-05 
0.000720495 0.000365199 5.66043e-05 
0.000785901 0.000113931 8.74508e-05 
0.00042243 2.72498e-05 2.67777e-05 
0.000822383 2.92544e-05 2.92579e-05 
0.000291082 7.45302e-05 7.324e-05 
0.000722318 0.000252929 7.43956e-05 
8.22346e-05 0.000214013 2.46816e-05 
0.000683828 0.000188003 6.76759e-05 
0.000612185 0.000174655 2.65236e-05 
0.000398139 0.000274727 2.69506e-05 
0.000971751 0.000256702 7.33815e-05 
0.000645879 0.000279668 7.80557e-05 
0.000933702 0.000245822 3.02679e-05 
0.000600007 0.000129385 2.07338e-05 
8.83665e-05 0.000419068 3.04001e-05 
0.000135795 0.00043509 6.78233e-05 
0.000486687 0.000285827 7.55093e-05 
7.08807e-05 0.000160109 8.36791e-05 
0.000683841 0.000482763 2.97258e-05 
0.000639775 0.000390875 8.07338e-05 
0.00012876 0.000196249 4.44141e-05 
0.000305265 0.00027497 2.45227e-05 
0.000523446 0.000272608 4.22267e-05 
0.000758852 0.00018142 8.52508e-05 
0.000248908 0.000463849 8.47688e-05 
0.000977354 3.52931e-05 8.14461e-05 
0.000680074 0.000356302 2.1051e-05 
0.000229805 0.000223886 3.3065e-05 
0.000909211 0.000404213 3.66558e-05 
0.000414157 3.26712e-05 8.31984e-05 
0.0006906 4.51137e-05 5.69412e-05 
0.000770626 0.00047384 8.50925e-05 
0.0005251 0.000390477 7.27797e-05 
0.000458118 0.0001637 7.99934e-05 
0.000659006 0.000214169 3.29424e-05 
0.000426254 0.000108439 0.000102993 
0.000270204 0.000468756 3.59743e-05 
0.000979269 0.000384372 8.75123e-05 
0.000164629 0.000155352 6.64657e-05 
0.000901565 9.77173e-05 5.34424e-05 
0.000651028 0.000323167 2.30572e-05 
0.0003581 0.00040187 9.6803e-05 
0.00031595 0.000395752 7.85712e-05 
0.000869105 0.000125264 0.000113582 
0.000189103 0.00023858 1.80873e-05 
0.000695058 0.000435185 3.07173e-05 
6.38477e-05 2.89697e-05 2.8969e-05 
0.000544625 2.88194e-05 2.53e-05 
0.000719834 0.000295596 2.06406e-05 
0.00088607 4.38461e-05 3.64783e-05 
0.000219127 0.00026834 1.8352e-05 
0.0009179 0.000136005 7.7597e-05 
0.000300978 0.000165498 4.89296e-05 
0.000796451 0.00033675 9.29038e-05 
0.000516171 0.000265371 8.70163e-05 
0.000726772 0.000292095 5.98276e-05 
0.000201073 0.000323996 7.08487e-05 
0.000795643 0.000441821 5.84127e-05 
0.000823311 0.00021968 2.07613e-05 
0.000599491 0.000405766 2.86355e-05 
2.62072e-05 0.000115097 2.61563e-05 
0.000464448 0.000329318 9.2097e-05 
0.000463732 0.000471425 5.40455e-05 
3.92505e-05 0.000387583 8.38555e-05 
0.000377067 0.000325496 2.80224e-05 
0.000554155 0.000417658 1.91496e-05 
0.000277174 0.000112366 5.91727e-05 
0.000907731 6.25482e-05 9.619e-05 
0.000598287 0.000241877 0.000101738 
0.000801597 0.000207097 6.17266e-05 
0.000433356 0.000379646 3.94278e-05 
0.00025514 0.00012561 3.24773e-05 
0.000744115 2.18186e-05 2.03289e-05 
0.000398543 0.000137353 1.9885e-05 
0.000346486 0.000256112 2.09484e-05 
0.000254323 0.000335435 5.85568e-05 
0.00072641 8.40205e-05 7.66398e-05 
0.000764635 0.00031498 1.85828e-05 
0.000878636 0.000415201 8.85484e-05 
0.00064071 0.000125094 2.53044e-05 
0.000615165 2.20152e-05 4.15618e-05 
0.000338819 0.000471363 4.17557e-05 
0.000578922 0.000121957 5.21048e-05 
0.000126902 0.000118876 5.66617e-05 
0.000203406 0.000471909 6.48683e-05 
0.000199118 6.14093e-05 5.46982e-05 
4.61386e-05 5.11134e-05 0.000101268 
6.40317e-05 0.000318479 2.25117e-05 
0.000672791 0.000247334 7.10226e-05 
2.75193e-05 0.000477173 5.95888e-05 
0.000751013 0.000422328 7.70417e-05 
0.000443371 0.000265126 6.14802e-05 
0.000620891 0.000460594 2.08411e-05 
0.000827601 7.33403e-05 5.87415e-05 
0.000301686 0.000124093 2.42596e-05 
0.000921079 0.00046316 2.46546e-05 
0.000638339 0.00047795 8.86615e-05 
0.000191628 0.000409552 7.79056e-05 
0.000957168 0.000482859 1.71403e-05 
0.000830475 0.000335158 3.29519e-05 
6.18107e-05 0.000434857 8.37415e-05 
0.000463067 0.000436375 2.56022e-05 
0.000776794 0.000113432 4.70077e-05 
0.000744927 0.000327333 4.98256e-05 
0.000603924 0.000298535 8.94906e-05 
0.000117344 0.000461535 2.16544e-05 
0.000760574 0.000229421 7.35651e-05 
0.000813673 8.597e-05 2.29202e-05 
0.000729686 0.000402928 4.96612e-05 
0.000482554 0.000412838 8.20877e-05 
0.000561803 0.000150296 0.000105201 
0.000335544 0.000149129 1.79701e-05 
0.000609982 0.000285136 3.39159e-05 
0.000191454 0.000267229 5.8103e-05 
0.000508925 0.000109093 9.09414e-05 
0.000566262 0.00019106 2.24173e-05 
0.000438088 0.000482271 1.77264e-05 
0.000509104 0.000177576 9.88486e-05 
0.000751262 0.000130136 2.0426e-05 
0.00021415 0.000181572 1.94762e-05 
0.000105804 0.00043455 0.000111133 
0.000494499 0.000336586 7.24114e-05 
4.92356e-05 0.000189258 5.10571e-05 
0.000673649 0.000275506 3.01972e-05 
0.000580983 3.48933e-05 6.24164e-05 
0.00013099 0.000375902 3.02616e-05 
3.03355e-05 0.000283682 7.19345e-05 
0.000374108 0.000434719 7.83558e-05 
0.000536083 0.000298854 1.72968e-05 
0.000846553 8.18346e-05 0.000100651 
0.000733343 9.39798e-05 1.97483e-05 
6.85035e-05 0.000169705 1.90553e-05 
6.14908e-05 0.000377753 1.99494e-05 
0.000264499 0.000209197 9.18883e-05 
0.000967576 0.000207732 2.00959e-05 
0.000274707 0.000240469 2.15249e-05 
0.000831034 0.000181465 9.38636e-05 
0.000887615 0.000347479 2.5107e-05 
0.000677722 0.000128804 1.75622e-05 
2.25698e-05 0.000251471 2.25665e-05 
0.000718904 0.000241433 2.65798e-05 
0.000114686 0.00024307 1.92208e-05 
0.000947713 0.000148794 1.71465e-05 
0.000890913 0.000447885 6.40339e-05 
0.000421818 0.00041299 2.19566e-05 
0.000114924 6.19726e-05 3.13144e-05 
0.000568985 0.000316617 6.21612e-05 
0.000861503 0.000211046 1.8459e-05 
0.00025949 0.000191857 5.16085e-05 
2.1134e-05 0.000360561 6.14625e-05 
0.000778554 0.000267748 6.86053e-05 
0.000240627 2.50649e-05 2.50557e-05 
0.000787638 6.02517e-05 4.05582e-05 
0.000270055 0.000272869 0.000109857 
0.000289619 0.00043913 8.37248e-05 
0.000701493 0.000173633 2.56954e-05 
0.000357443 0.000120541 1.8034e-05 
0.000970455 0.000423797 9.24648e-05 
0.000168391 0.000174124 2.1777e-05 
0.000139339 0.000318676 2.09987e-05 
0.000971824 0.000110126 7.13546e-05 
0.000211701 5.89163e-05 1.97791e-05 
0.000978447 0.000136241 3.70382e-05 
0.000806015 0.000283941 2.43335e-05 
0.000396304 0.000477261 0.000108775 
7.73456e-05 0.000127335 3.60996e-05 
0.000438875 0.000384591 9.00063e-05 
0.000129043 0.000314916 8.87583e-05 
0.000464084 2.28409e-05 2.26025e-05 
0.000941849 0.000381186 0.000117606 
0.000934634 0.000352972 2.2311e-05 
0.000227493 0.000311436 2.62791e-05 
0.000357324 0.00023276 0.000102682 
0.000821454 0.000411415 8.65875e-05 
0.000973257 0.00046802 5.51752e-05 
0.000226953 0.000150878 4.63417e-05 
0.000404463 0.000198926 0.000113623 
0.000113592 0.000155182 2.08444e-05 
0.00027552 0.000339162 2.01109e-05 
0.000350943 1.97799e-05 8.42338e-05 
0.000647988 0.000449137 5.43632e-05 
2.18516e-05 0.000384632 2.02777e-05 
0.000514395 0.000482666 8.23147e-05 
0.000972977 0.000323357 5.81592e-05 
0.000608327 0.000435567 6.55151e-05 
0.000938771 0.000306837 2.40371e-05 
0.000372649 0.000168622 1.80015e-05 
0.000595256 6.80897e-05 8.62243e-05 
0.000880412 8.29167e-05 8.41718e-05 
0.000936806 2.11454e-05 2.11434e-05 
0.000445007 5.75764e-05 1.71706e-05 
0.000689291 0.000464535 8.11858e-05 
0.000685872 5.92397e-05 0.000100232 
0.000758005 0.000436839 4.34848e-05 
0.000331028 3.53405e-05 3.53007e-05 
0.000351721 0.000465555 7.66247e-05 
0.000672184 5.22907e-05 2.06425e-05 
0.000321748 0.000324319 2.72739e-05 
0.000491741 8.21927e-05 5.4458e-05 
0.000115018 0.000376198 8.72838e-05 
0.000227734 0.000383606 6.47282e-05 
0.000505643 0.00011613 2.66775e-05 
1.92759e-05 6.85353e-05 7.53062e-05 
0.00050349 2.19312e-05 1.71845e-05 
0.000846934 0.000381705 9.44556e-05 
0.000311113 8.26635e-05 1.85965e-05 
4.48486e-05 0.000196982 1.70869e-05 
0.000159383 0.000233726 7.00004e-05 
0.000565661 0.000319916 1.90482e-05 
0.000422373 0.000328767 9.68775e-05 
0.000466453 0.000206991 2.06972e-05 
0.000830143 0.000112096 8.29982e-05 
0.000849756 0.000246125 8.72631e-05 
0.000179837 0.000303493 2.22244e-05 
0.000619132 0.000334388 4.54065e-05 
0.000542084 2.14406e-05 6.97927e-05 
0.000641123 0.000426483 1.88804e-05 
0.0008504 1.83634e-05 0.000104105 
0.000315448 0.000436081 2.55358e-05 
0.000427883 0.000308483 1.87697e-05 
0.000972633 6.49694e-05 0.000115977 
0.000316478 0.000380355 2.90368e-05 
2.8992e-05 0.00020538 8.452e-05 
0.000120621 0.000137201 9.86469e-05 
0.000166898 0.000341725 4.2388e-05 
0.000939145 9.94918e-05 9.19917e-05 
0.000414107 0.000455118 3.78742e-05 
0.000479723 0.000210161 6.52984e-05 
8.36811e-05 0.000482598 8.39036e-05 
0.000480562 0.000458227 9.31142e-05 
0.000862456 0.000373998 5.43873e-05 
0.000131564 0.000482497 5.15149e-05 
0.000151925 0.000231231 1.976e-05 
0.000497144 0.000455273 4.55801e-05 
0.000766362 3.7776e-05 0.000100374 
0.000755299 0.000150667 5.36885e-05 
0.000263574 0.000162486 2.21461e-05 
0.000490406 0.000260398 2.04017e-05 
0.000578578 9.69437e-05 1.792e-05 
0.000814169 2.16793e-05 7.64728e-05 
0.000605012 0.000223239 2.27451e-05 
0.000717269 0.000337012 2.0846e-05 
0.000874727 9.48267e-05 1.75231e-05 
0.000171167 3.06265e-05 3.06242e-05 
0.000600833 2.60388e-05 9.92677e-05 
0.000599223 0.000347697 7.54823e-05 
0.000715883 5.48173e-05 2.32009e-05 
0.000209553 0.00016883 8.65129e-05 
0.000553216 0.000458032 3.58901e-05 
0.000758379 0.000273143 2.40624e-05 
0.000733413 0.000473252 5.02635e-05 
0.000546912 0.000376072 2.32075e-05 
0.000617272 9.019e-05 2.29306e-05 
0.00078201 0.000426169 0.000111644 
0.000533825 0.000297642 7.61021e-05 
0.000769109 0.000390074 0.000122736 
2.28983e-05 0.000340437 2.26356e-05 
0.000665351 0.000398484 1.8143e-05 
0.000561851 0.000470609 9.29061e-05 
0.000157549 0.000301473 6.25758e-05 
0.000390664 0.000145095 7.08884e-05 
0.000924513 0.000474241 7.37031e-05 
0.00072572 0.000380402 1.84416e-05 
6.2249e-05 8.10482e-05 2.30416e-05 
0.000669325 2.06619e-05 7.79956e-05 
0.000586498 0.000480869 1.91362e-05 
0.00056778 0.000202615 7.12355e-05 
0.00040374 0.000413927 6.53091e-05 
0.000173168 1.83594e-05 7.79997e-05 
0.000193536 0.000184424 4.96e-05 
0.000409444 0.000359432 1.9627e-05 
0.000390387 0.000104581 6.44629e-05 
0.000494986 0.00035334 0.000123693 
0.000791444 6.78018e-05 7.8714e-05 
0.000816242 0.000250541 5.14051e-05 
0.00069771 0.000288914 0.000100398 
0.000834302 0.000148958 2.25276e-05 
0.000567167 0.00036397 5.81585e-05 
0.000975432 0.000170645 1.78725e-05 
0.000150039 0.000136474 2.01371e-05 
0.000479306 3.4927e-05 0.000122334 
0.00026648 3.76448e-05 6.33711e-05 
2.04173e-05 0.000212618 4.08592e-05 
0.000637456 0.000321001 7.41745e-05 
0.000286575 0.000199421 2.12711e-05 
0.000688835 0.000242881 0.000106097 
0.000560955 3.36422e-05 0.000102309 
0.000536312 0.000129789 0.000118989 
0.00027291 0.000244772 6.42057e-05 
0.000920236 0.000165746 3.97682e-05 
0.000884702 0.000272005 0.000101233 
0.000588326 5.49198e-05 2.39514e-05 
3.64978e-05 0.000236759 6.52558e-05 
0.000202661 0.000354513 0.000106579 
0.000834427 0.000177354 5.16824e-05 
6.77794e-05 7.40189e-05 6.3664e-05 
0.000238735 0.000417018 2.96368e-05 
0.000689832 0.000101074 8.11416e-05 
2.44603e-05 0.000353272 0.000104603 
0.000556519 0.00014008 2.19843e-05 
0.000750347 6.71502e-05 4.78253e-05 
0.000954734 0.000373409 5.51745e-05 
0.000481483 0.000479704 2.02943e-05 
0.000379245 2.51683e-05 5.77621e-05 
0.000977326 2.27047e-05 3.77744e-05 
0.00030568 2.90161e-05 8.99803e-05 
0.000445453 0.000347616 1.82642e-05 
0.000978442 0.00035487 2.15511e-05 
0.000351954 0.000141539 8.9737e-05 
0.000810962 0.000478607 0.000105816 
0.000469006 8.24758e-05 0.000106301 
0.000147622 0.000207095 9.60234e-05 
0.000917105 0.000256757 7.45977e-05 
0.000529289 0.000334395 3.79866e-05 
4.39991e-05 0.000110541 9.88468e-05 
0.000112456 0.000108074 1.7014e-05 
0.000158257 0.000477669 2.23345e-05 
0.000908337 0.000381338 0.000128944 
0.000507685 7.21061e-05 9.22068e-05 
0.00074476 0.000287024 9.9488e-05 
0.000952974 0.00034156 9.76003e-05 
0.0003172 0.000466486 0.000104108 
8.6212e-05 0.000100135 7.98309e-05 
0.000739867 0.000132001 8.3854e-05 
0.000360365 0.000210398 2.6328e-05 
0.000525634 0.000451977 6.81338e-05 
0.000221935 0.000479454 2.05479e-05 
8.59156e-05 0.000351923 4.27985e-05 
9.99005e-05 0.00028661 9.85234e-05 
0.000315195 0.000229532 4.21703e-05 
0.000227579 0.000218991 0.000109087 
0.000860586 0.000198373 6.829e-05 
0.000117974 2.22789e-05 6.71907e-05 
0.000936588 0.000284305 5.99597e-05 
1.80681e-05 0.000105238 6.84926e-05 
0.000930187 0.000198815 1.83535e-05 
0.00089323 0.000237732 5.506e-05 
0.000496545 0.000141999 0.000119333 
0.000867721 0.000470572 2.94243e-05 
0.000504476 0.00031075 0.000103792 
9.36702e-05 0.000461918 5.51751e-05 
0.000755469 0.000408173 1.96579e-05 
0.000287996 0.000482216 7.95899e-05 
0.000755725 0.000354927 2.09856e-05 
0.000693054 2.06595e-05 2.11598e-05 
0.000632289 5.22633e-05 1.92761e-05 
0.000196636 0.000365404 4.53049e-05 
0.000252512 0.000140013 0.000118744 
0.00034781 0.00017071 4.65554e-05 
0.00046338 0.00029591 0.000126854 
0.000561712 0.000268166 3.97645e-05 
0.000284462 1.75925e-05 1.75663e-05 
0.000455076 0.000244371 1.84396e-05 
0.000170699 0.000376188 0.000100791 
0.000855937 0.000232559 5.06757e-05 
0.000660828 1.79777e-05 3.67325e-05 
0.000260794 0.000312322 0.000124346 
0.000398338 0.000460972 7.63167e-05 
0.000724878 2.2511e-05 6.78491e-05 
0.000959051 0.000438547 2.07515e-05 
0.000842257 0.000257061 2.08945e-05 
0.000446186 6.5002e-05 7.54431e-05 
0.000191918 0.000136815 2.17912e-05 
0.000936837 8.5496e-05 0.000129412 
0.00035719 0.000286905 4.08537e-05 
0.000134628 0.000426531 1.75956e-05 
0.00010129 0.000287998 2.5606e-05 
0.000378717 0.000182148 6.70622e-05 
0.000783497 0.000235358 1.98252e-05 
0.00049409 7.27777e-05 1.83991e-05 
0.000771605 8.59345e-05 1.92989e-05 
0.000327791 0.000434813 6.84956e-05 
0.000913835 1.82595e-05 7.5864e-05 
0.000927611 0.00012273 3.22781e-05 
0.000476225 0.000362929 8.63977e-05 
0.000965413 0.000131278 0.000114984 
0.000702959 0.000410104 8.52148e-05 
2.30683e-05 0.000160274 1.84739e-05 
0.000502578 2.61384e-05 5.62724e-05 
0.000272726 0.000369543 4.53122e-05 
0.000126554 7.69753e-05 8.10984e-05 
0.000195642 0.000340001 1.73771e-05 
0.000789981 0.000432407 1.79403e-05 
0.00084737 0.000110226 4.45167e-05 
0.000315066 0.000351629 8.68451e-05 
0.00054544 0.000252945 6.66855e-05 
0.000778329 3.64573e-05 1.70289e-05 
0.000668041 0.000110185 4.94833e-05 
0.00065707 0.000162261 2.04637e-05 
7.05626e-05 0.000388279 0.00010978 
0.000189684 0.000480906 0.000108988 
0.000658534 0.000463391 1.70778e-05 
6.97134e-05 0.000467755 2.19695e-05 
0.000116553 0.000320656 5.13602e-05 
0.000871017 0.000164307 0.000118938 
0.000566437 0.000273806 8.67318e-05 
0.000605356 9.72381e-05 0.000116819 
3.14467e-05 0.000481266 1.87241e-05 
0.000769556 0.000308917 7.11754e-05 
7.16106e-05 3.81829e-05 7.39376e-05 
0.000468925 0.000219022 0.000111699 
0.000374595 0.000476527 2.3467e-05 
1.80983e-05 0.000414979 7.23991e-05 
0.000353862 0.000383997 5.87638e-05 
2.18969e-05 0.000295923 2.18925e-05 
0.000816441 2.08583e-05 0.000119801 
0.000243065 0.000272833 5.03208e-05 
0.000364805 0.000372018 2.06492e-05 
0.000910141 9.34493e-05 1.79176e-05 
0.000269748 9.74228e-05 1.78423e-05 
