0.000838842 0.000418396 3.1062e-05 
7.95828e-05 0.000295567 6.5057e-05 
0.000530275 0.000220259 9.17802e-05 
0.000316205 0.000240974 8.22229e-05 
0.000688086 0.000326305 6.41831e-05 
0.000372213 6.25773e-05 7.90942e-05 
0.000753669 0.000195709 3.0991e-05 
0.000884508 0.000289031 3.87589e-05 
0.000525564 4.67469e-05 0.000105412 
0.000783844 0.000232921 9.67532e-05 
0.000635458 0.000367998 2.42386e-05 
0.000179839 0.000384427 1.97447e-05 
0.000829265 0.00028888 7.5828e-05 
0.000202422 0.0002165 7.23319e-05 
0.000487826 0.000378715 3.62684e-05 
0.00080349 0.000155281 6.68546e-05 
0.000443177 0.000344847 5.76839e-05 
0.000232501 0.000362272 2.52276e-05 
0.000527574 0.000154468 5.32163e-05 
0.00088532 0.00023803 1.89368e-05 
0.000921118 0.000331491 6.26716e-05 
0.000414095 0.000308459 5.68027e-05 
0.000943451 5.23126e-05 5.36925e-05 
0.00084862 4.90137e-05 7.77096e-05 
0.000689789 9.06981e-05 2.14024e-05 
0.000273322 0.000302743 3.34091e-05 
8.57986e-05 0.000225948 8.42467e-05 
0.000565526 0.000237054 1.97555e-05 
0.000166927 9.09866e-05 2.98305e-05 
0.000969369 0.000462889 0.000103873 
0.000518486 0.000216784 3.31005e-05 
0.000961391 0.000216453 5.66873e-05 
0.000887595 0.000135215 2.57046e-05 
0.000770666 2.15749e-05 5.16402e-05 
6.65074e-05 0.000258434 2.18909e-05 
0.000741699 0.000346985 9.47635e-05 
0.000610619 0.000439381 0.00010462 
0.000308439 0.000176196 0.000100251 
0.000343094 0.000205541 7.13477e-05 
0.000325161 0.000187014 1.87295e-05 
0.000303609 0.0002968 8.00698e-05 
0.000476943 0.000310011 3.28577e-05 
0.000459477 2.31899e-05 6.81193e-05 
0.000339856 9.88566e-05 5.69211e-05 
0.000969761 0.000396745 2.17998e-05 
0.000591885 0.000468957 5.41369e-05 
0.000536462 0.000348281 8.70686e-05 
0.000708443 0.000160378 7.8976e-05 
0.00039329 0.000234322 6.34099e-05 
0.000398175 0.000276433 0.000105097 
0.000268982 0.000373092 9.12485e-05 
0.000574184 0.000160316 5.48978e-05 
0.000799074 5.31902e-05 0.000112884 
0.000842691 0.000454537 7.79054e-05 
8.85399e-05 6.46076e-05 9.44566e-05 
0.000179655 0.00010192 9.21884e-05 
0.000972433 8.67891e-05 2.75343e-05 
0.000521729 0.000420477 9.58702e-05 
0.00022017 0.000101783 2.45169e-05 
0.000370328 0.000422466 3.12565e-05 
0.000487105 0.000166078 2.60589e-05 
0.000283839 0.000411492 5.13118e-05 
0.00058931 0.000354737 2.37093e-05 
0.000799536 0.000190558 1.71818e-05 
0.000544776 7.83271e-05 5.59292e-05 
0.000239092 7.98829e-05 7.23717e-05 
0.000515586 0.000466674 1.73982e-05 
0.000391776 6.39217e-05 3.08142e-05 
0.000964618 0.000171119 6.48953e-05 
0.000890855 0.000187055 1.93931e-05 
0.000579168 0.000395294 8.83918e-05 
0.000623543 0.000130835 7.16522e-05 
0.000397448 0.000362299 6.55688e-05 
0.000689422 0.000386685 4.92963e-05 
0.000648826 6.99609e-05 6.10726e-05 
0.000150104 4.56431e-05 7.18383e-05 
0.000865464 0.00015223 7.0991e-05 
0.000444247 0.000108526 3.66377e-05 
0.000617891 0.000196926 8.1221e-05 
0.000712012 0.000125976 4.65652e-05 
0.000787941 0.000152527 2.30043e-05 
5.35619e-05 0.000333726 6.54377e-05 
0.000167457 0.000379159 6.12296e-05 
0.00043899 0.00043648 7.0829e-05 
0.000583679 0.000241292 5.82705e-05 
0.000788438 0.000383707 5.39666e-05 
2.99142e-05 0.000433936 2.99128e-05 
0.000347909 0.000283602 0.000107955 
0.000181403 0.000432113 2.88139e-05 
0.00014745 0.000277443 2.03558e-05 
0.00027773 5.73735e-05 2.32591e-05 
0.000814446 0.000474148 2.58491e-05 
0.00068666 0.000131593 0.000102892 
0.000980863 0.000295175 1.74972e-05 
0.000129174 0.000259355 5.74943e-05 
0.00086951 0.000334948 8.51227e-05 
0.000215517 2.92564e-05 6.65813e-05 
0.000915296 0.000202623 8.23782e-05 
0.000363021 0.000320532 8.25388e-05 
0.000418224 0.000188921 3.29421e-05 
0.000558481 0.00040517 5.63983e-05 
0.000769726 0.000465536 2.00577e-05 
0.000721985 0.000363083 5.16493e-05 
0.000786742 0.000113848 8.4545e-05 
0.000422654 2.58212e-05 1.93712e-05 
0.000821933 2.92672e-05 2.92618e-05 
0.000291993 7.33056e-05 6.38705e-05 
0.000722934 0.000252529 7.43374e-05 
8.17361e-05 0.000214489 2.46829e-05 
0.000685907 0.000186821 6.55063e-05 
0.000612205 0.000173938 2.64936e-05 
0.000397467 0.000274097 2.6951e-05 
0.00097175 0.000258436 7.29961e-05 
0.000647435 0.000279226 7.65242e-05 
0.000933787 0.000245867 3.02676e-05 
0.000599307 0.00012886 2.07347e-05 
8.83612e-05 0.000419073 3.03991e-05 
0.000135159 0.000435815 6.82898e-05 
0.000485451 0.00028259 7.39686e-05 
7.4056e-05 0.000160011 8.22531e-05 
0.000685909 0.000482776 2.27267e-05 
0.000640283 0.000392505 7.98805e-05 
0.000128512 0.000197375 4.44008e-05 
0.000307819 0.000275025 2.4525e-05 
0.000521559 0.000272553 4.14726e-05 
0.00076067 0.00018053 8.47883e-05 
0.000247933 0.000462652 7.96696e-05 
0.000977357 3.16391e-05 7.92141e-05 
0.000679335 0.000357174 2.10511e-05 
0.000229419 0.000224488 2.76828e-05 
0.000910516 0.000404505 3.66603e-05 
0.000412822 3.32047e-05 7.47601e-05 
0.000689703 4.26164e-05 5.5824e-05 
0.000774038 0.000475758 7.87568e-05 
0.000527571 0.000388885 7.0872e-05 
0.000459629 0.000163281 8.12004e-05 
0.000659547 0.000214246 3.29397e-05 
0.000424504 0.000109072 0.000102346 
0.000269782 0.000468694 3.12476e-05 
0.00097925 0.000386336 8.67759e-05 
0.000163955 0.000155694 6.65407e-05 
0.000899474 9.76799e-05 4.98203e-05 
0.00065107 0.000323371 2.30557e-05 
0.000359511 0.000403255 9.39439e-05 
0.000316507 0.00039778 7.80033e-05 
0.000869146 0.000124896 0.000106124 
0.000187949 0.000241289 1.808e-05 
0.00069438 0.000434725 3.07188e-05 
6.26271e-05 2.89747e-05 2.89689e-05 
0.000545391 2.61374e-05 2.53011e-05 
0.000718998 0.00029663 2.06418e-05 
0.000885408 4.47172e-05 3.64923e-05 
0.000218124 0.00026814 1.83519e-05 
0.000915452 0.000130781 7.26053e-05 
0.000300509 0.00016685 4.71151e-05 
0.000799176 0.000335977 9.13616e-05 
0.000517481 0.000264835 8.28663e-05 
0.000726849 0.000291652 5.94923e-05 
0.000200287 0.000323136 7.02978e-05 
0.000796802 0.000440348 5.71784e-05 
0.000822906 0.000220238 2.07609e-05 
0.000598908 0.000405953 2.86311e-05 
2.61537e-05 0.000114866 2.61557e-05 
0.000465862 0.00032753 8.55708e-05 
0.00045709 0.000471414 5.06061e-05 
4.48974e-05 0.00038968 7.89205e-05 
0.000377505 0.000325319 2.80215e-05 
0.000553502 0.000417553 1.91492e-05 
0.000276045 0.000112764 5.83986e-05 
0.00090798 6.23626e-05 8.64682e-05 
0.000600257 0.000245389 9.92984e-05 
0.0008021 0.000205863 6.17131e-05 
0.000434269 0.000378293 4.00338e-05 
0.000253841 0.000125171 3.14394e-05 
0.000743702 2.05556e-05 2.03301e-05 
0.0003984 0.000137447 1.98847e-05 
0.000349107 0.000255522 2.09441e-05 
0.000256413 0.000335766 5.62988e-05 
0.000723955 8.67422e-05 7.03854e-05 
0.000767271 0.000314844 1.85855e-05 
0.000875431 0.000413902 8.59464e-05 
0.00064059 0.000125031 2.04352e-05 
0.000615476 2.20155e-05 4.20357e-05 
0.00033485 0.00047196 3.44713e-05 
0.000577454 0.000119783 5.11531e-05 
0.000126059 0.000119368 5.68229e-05 
0.000200868 0.000471915 6.45069e-05 
0.000196999 6.35285e-05 5.38047e-05 
4.47529e-05 5.16375e-05 9.28825e-05 
6.22924e-05 0.000314245 2.25126e-05 
0.000674833 0.00024713 7.06928e-05 
2.62546e-05 0.000476999 5.96053e-05 
0.000752374 0.000421952 7.5558e-05 
0.000442451 0.000264875 6.19299e-05 
0.000620855 0.000459164 2.08284e-05 
0.000829777 7.13913e-05 5.58346e-05 
0.000301658 0.000124419 2.42612e-05 
0.000922886 0.00046334 2.46534e-05 
0.000635832 0.000477947 8.68784e-05 
0.000192279 0.000410614 7.84874e-05 
0.000959077 0.000482861 1.71475e-05 
0.000830777 0.000335909 3.29509e-05 
6.03865e-05 0.000437196 8.2839e-05 
0.000462667 0.00043455 2.5601e-05 
0.000782412 0.00011498 4.3313e-05 
0.000744532 0.00032539 4.8399e-05 
0.000604572 0.000299146 8.95108e-05 
0.000118509 0.000460608 2.16543e-05 
0.000759898 0.000228376 6.62736e-05 
0.000812904 8.7773e-05 2.29197e-05 
0.000728842 0.000402529 5.00416e-05 
0.000480897 0.000415766 7.93464e-05 
0.000561919 0.000150388 9.72554e-05 
0.000336027 0.00014813 1.79726e-05 
0.000609918 0.000285468 3.39201e-05 
0.000190165 0.000268256 5.79275e-05 
0.000508382 0.000109555 8.14975e-05 
0.000566588 0.000191183 2.24221e-05 
0.000442477 0.000482273 1.77323e-05 
0.000513612 0.000176021 8.96269e-05 
0.000751866 0.000128445 2.04244e-05 
0.000215636 0.000180135 1.94795e-05 
0.000103971 0.000434226 0.000110719 
0.000496577 0.000337778 6.99338e-05 
4.95887e-05 0.000188608 5.11748e-05 
0.000673678 0.000275703 3.01828e-05 
0.000577622 3.02556e-05 5.8934e-05 
0.000131589 0.000376521 3.02611e-05 
3.03112e-05 0.000283487 7.19186e-05 
0.000374961 0.000437393 7.74939e-05 
0.000536129 0.000298495 1.72985e-05 
0.000847009 8.49403e-05 9.36187e-05 
0.000732502 9.32305e-05 1.9738e-05 
7.05808e-05 0.000170152 1.90544e-05 
6.0003e-05 0.000378803 1.99541e-05 
0.000266758 0.000210411 8.93022e-05 
0.000968101 0.000208473 2.00964e-05 
0.000274824 0.000242436 2.15279e-05 
0.000831108 0.000181048 9.48721e-05 
0.000887458 0.000348303 2.51038e-05 
0.000678141 0.000130683 1.7561e-05 
2.25926e-05 0.00025136 2.25665e-05 
0.000718549 0.000241122 2.65797e-05 
0.000113813 0.000243942 1.92054e-05 
0.000946699 0.000150232 1.71479e-05 
0.000891135 0.000447288 6.46474e-05 
0.000421569 0.000410885 2.19603e-05 
0.000113618 6.10612e-05 3.13139e-05 
0.000569749 0.000317671 6.22308e-05 
0.000860675 0.00020989 1.8459e-05 
0.000256684 0.00019298 5.01075e-05 
2.11346e-05 0.000366154 5.79084e-05 
0.000776278 0.000267634 6.90253e-05 
0.000240432 2.50571e-05 2.50553e-05 
0.000788041 6.01438e-05 3.94252e-05 
0.000265638 0.00027011 0.000104893 
0.000288111 0.000443454 7.80165e-05 
0.000701769 0.000173571 2.56912e-05 
0.000361127 0.000122322 1.80311e-05 
0.000970015 0.00042566 8.17836e-05 
0.000167539 0.000174312 2.17738e-05 
0.000138671 0.000318296 2.09986e-05 
0.000973403 0.000112224 6.92797e-05 
0.000211232 5.86672e-05 1.97792e-05 
0.000978446 0.000135161 3.33579e-05 
0.000804335 0.000285746 2.43417e-05 
0.000396123 0.000478565 0.00010255 
7.75836e-05 0.000126979 3.45517e-05 
0.000441881 0.000386869 8.36569e-05 
0.000129327 0.000314752 8.33068e-05 
0.00046444 2.27908e-05 2.26031e-05 
0.000941849 0.000381186 0.000109593 
0.000934596 0.000352606 2.23067e-05 
0.000227757 0.000311 2.62433e-05 
0.000359421 0.000237192 9.61559e-05 
0.000822339 0.000413109 8.0758e-05 
0.000973255 0.000467758 5.58338e-05 
0.000226038 0.00014955 4.74219e-05 
0.000403866 0.000196258 0.000113784 
0.000113223 0.000156352 2.08348e-05 
0.000277482 0.000341027 2.011e-05 
0.000354518 1.97815e-05 8.24971e-05 
0.000647135 0.000447208 5.48243e-05 
2.02795e-05 0.000385171 2.02802e-05 
0.000517088 0.000482651 7.49325e-05 
0.000972976 0.000323663 5.88752e-05 
0.000606573 0.000436113 6.54785e-05 
0.000939783 0.00030657 2.40385e-05 
0.000373198 0.000167384 1.80001e-05 
0.00059869 6.68243e-05 7.53749e-05 
0.000880196 8.30799e-05 7.62484e-05 
0.000935703 2.11607e-05 2.11512e-05 
0.00044501 5.74812e-05 1.71704e-05 
0.000687878 0.00046844 7.83181e-05 
0.000687222 5.90266e-05 9.84834e-05 
0.000758262 0.000437052 4.20548e-05 
0.000330951 3.56063e-05 3.53031e-05 
0.000354683 0.000467702 6.61928e-05 
0.000671841 5.26803e-05 2.0643e-05 
0.000322216 0.000324711 2.72738e-05 
0.000490414 8.11371e-05 5.24892e-05 
0.000115972 0.000373399 8.73023e-05 
0.000227246 0.000383392 6.48414e-05 
0.000506208 0.000116898 2.66786e-05 
1.92748e-05 6.68354e-05 6.42632e-05 
0.000503843 2.15572e-05 1.71848e-05 
0.000843159 0.0003809 9.18777e-05 
0.000310771 8.27523e-05 1.85988e-05 
4.51683e-05 0.000195779 1.70879e-05 
0.000160533 0.000230912 6.18123e-05 
0.000565935 0.000319228 1.90596e-05 
0.000424075 0.000329432 9.57857e-05 
0.000466873 0.000207889 2.0696e-05 
0.000826174 0.000114416 7.96042e-05 
0.000849362 0.000244227 8.61999e-05 
0.000179814 0.000305058 2.22239e-05 
0.000618766 0.000334955 4.46153e-05 
0.00054063 1.98722e-05 6.97821e-05 
0.000641344 0.000424979 1.8881e-05 
0.000850459 1.83697e-05 9.89118e-05 
0.000315286 0.000435216 2.5538e-05 
0.000427296 0.00030848 1.87684e-05 
0.000972633 6.49694e-05 0.000107864 
0.000317292 0.000380783 2.90372e-05 
2.88915e-05 0.000204598 7.88848e-05 
0.000119265 0.000141363 9.69197e-05 
0.000166962 0.000341415 4.12455e-05 
0.000940237 9.56029e-05 8.44641e-05 
0.000414701 0.000454945 3.18823e-05 
0.000476248 0.000209592 5.98416e-05 
8.15734e-05 0.000482595 8.25808e-05 
0.000481161 0.000461992 8.68395e-05 
0.00086201 0.000376236 5.27866e-05 
0.000132013 0.000482501 5.1174e-05 
0.000151136 0.00023269 1.976e-05 
0.00049634 0.000454848 4.49318e-05 
0.000766362 3.7776e-05 9.18619e-05 
0.000757956 0.000150771 5.2172e-05 
0.000262018 0.000162382 2.21468e-05 
0.000488392 0.000259401 2.03993e-05 
0.000577676 9.69363e-05 1.79197e-05 
0.000812326 1.9995e-05 7.53578e-05 
0.000605442 0.000222566 2.27437e-05 
0.00071662 0.000338056 2.08486e-05 
0.000875983 9.43828e-05 1.75248e-05 
0.000170766 3.06251e-05 3.06231e-05 
0.000603493 2.51944e-05 9.04495e-05 
0.000599478 0.000349545 7.44847e-05 
0.00071579 5.38358e-05 2.31933e-05 
0.000208639 0.000169869 8.64389e-05 
0.000553054 0.000458503 3.44513e-05 
0.000757276 0.000273709 2.40612e-05 
0.000733219 0.000473252 4.83172e-05 
0.000545823 0.00037609 2.32138e-05 
0.000616859 9.02628e-05 2.16732e-05 
0.00078201 0.000426169 0.000103427 
0.000532792 0.000298145 6.86869e-05 
0.000769109 0.000390074 0.000114666 
2.31905e-05 0.000340318 2.26357e-05 
0.00066576 0.000397148 1.81425e-05 
0.000560809 0.000470614 9.00261e-05 
0.00015579 0.000302296 5.46329e-05 
0.000392325 0.000147028 6.08843e-05 
0.000924377 0.000474234 7.38484e-05 
0.000725414 0.000380467 1.84422e-05 
6.13941e-05 8.06738e-05 2.30417e-05 
0.000665129 1.83854e-05 7.27807e-05 
0.000587338 0.000480865 1.91309e-05 
0.000564656 0.00020241 6.40316e-05 
0.000406138 0.000410699 6.17671e-05 
0.000173455 1.83579e-05 7.79642e-05 
0.00019411 0.000182426 4.89863e-05 
0.00041 0.00035914 1.9626e-05 
0.000392161 0.000105997 6.07039e-05 
0.000495269 0.000353196 0.000115518 
0.000792528 7.02269e-05 7.69165e-05 
0.000812168 0.000249896 4.87763e-05 
0.000698982 0.000283982 9.35359e-05 
0.000833301 0.000148632 2.2526e-05 
0.000567382 0.000366826 5.82431e-05 
0.000975524 0.0001713 1.78724e-05 
0.000149164 0.000136679 2.01373e-05 
0.000479306 3.4927e-05 0.000114211 
0.000268419 3.44385e-05 6.27813e-05 
2.04128e-05 0.000212143 4.0015e-05 
0.000637587 0.000320219 7.23871e-05 
0.000284074 0.000199329 2.09003e-05 
0.000691097 0.000242222 0.000103039 
0.00056425 3.60214e-05 9.70449e-05 
0.000536092 0.000129612 0.000109975 
0.00027761 0.000247099 6.41038e-05 
0.000920175 0.000166898 4.10771e-05 
0.00088333 0.000272171 9.85414e-05 
0.00058853 5.45678e-05 2.39517e-05 
3.93237e-05 0.000238018 6.02525e-05 
0.000204537 0.000358459 0.00010102 
0.00083684 0.000179774 4.84741e-05 
6.53121e-05 7.22683e-05 6.35873e-05 
0.000237782 0.000416711 2.96364e-05 
0.00068677 0.000100676 7.86512e-05 
2.44195e-05 0.000351901 9.92811e-05 
0.000555862 0.000135977 2.19686e-05 
0.000750679 6.5614e-05 4.7478e-05 
0.000955554 0.000372818 5.47737e-05 
0.000480323 0.000479709 2.03014e-05 
0.000380693 1.88567e-05 4.86237e-05 
0.000977323 2.29468e-05 3.47343e-05 
0.000307082 2.57148e-05 9.01129e-05 
0.000446318 0.000348263 1.82661e-05 
0.000978444 0.000354272 2.15489e-05 
0.000353625 0.000146678 8.05235e-05 
0.000810121 0.000478628 0.000106522 
0.000470229 8.34251e-05 9.91235e-05 
0.000148426 0.000206063 8.96057e-05 
0.00091756 0.000255897 7.49473e-05 
0.000528857 0.000334068 3.77839e-05 
4.99574e-05 0.000111839 9.15292e-05 
0.00011322 0.000107225 1.7014e-05 
0.000159047 0.000477664 2.23293e-05 
0.000908337 0.000381338 0.000120992 
0.000502362 7.18952e-05 8.71005e-05 
0.000743872 0.000289319 9.98289e-05 
0.000950429 0.000344852 9.37632e-05 
0.000320883 0.000467519 9.47436e-05 
8.63867e-05 0.000100382 7.1944e-05 
0.000742804 0.000131001 8.17438e-05 
0.000363278 0.000210165 2.6327e-05 
0.000525591 0.0004492 6.60251e-05 
0.000220254 0.000479431 2.05476e-05 
8.66252e-05 0.000349707 3.51295e-05 
0.000102516 0.000285547 9.41321e-05 
0.000316204 0.000227808 3.77406e-05 
0.000229138 0.000219694 0.00010518 
0.000865406 0.00019779 6.32701e-05 
0.000117673 2.22775e-05 6.80767e-05 
0.000935227 0.000284449 5.99982e-05 
1.80673e-05 0.000103944 6.82391e-05 
0.000930884 0.000198821 1.83505e-05 
0.000892892 0.000238535 5.49554e-05 
0.000498036 0.000141153 0.00011169 
0.00086949 0.000470561 2.94284e-05 
0.000505033 0.000309233 9.93487e-05 
9.35036e-05 0.000462558 5.41347e-05 
0.000754257 0.000407412 1.96563e-05 
0.000288155 0.000482301 7.45067e-05 
0.000755096 0.000354493 2.09856e-05 
0.000693149 2.05145e-05 1.72491e-05 
0.00063195 5.22718e-05 1.92755e-05 
0.000196075 0.000365264 4.69631e-05 
0.000252512 0.000140013 0.000110157 
0.000347662 0.000171084 4.57786e-05 
0.00046338 0.00029591 0.000118929 
0.000560325 0.000271563 3.29432e-05 
0.000284568 1.75224e-05 1.7554e-05 
0.000452666 0.000244282 1.84392e-05 
0.000169793 0.000375774 9.72847e-05 
0.000855905 0.000232608 4.91514e-05 
0.000658654 1.79781e-05 3.13305e-05 
0.000260794 0.000312322 0.000115807 
0.000398512 0.000463158 6.96846e-05 
0.000726879 2.24125e-05 5.95543e-05 
0.000960607 0.000438328 2.07525e-05 
0.000840595 0.000257952 2.08957e-05 
0.000446253 6.49979e-05 7.45686e-05 
0.000191039 0.000137645 2.17755e-05 
0.000936837 8.5496e-05 0.000121553 
0.000355548 0.000287726 4.04288e-05 
0.00013522 0.000425314 1.75967e-05 
0.00010314 0.00028849 2.56093e-05 
0.000378549 0.000183315 6.58241e-05 
0.000783544 0.000235421 1.98252e-05 
0.000494892 7.06836e-05 1.7484e-05 
0.000770873 8.60292e-05 1.93e-05 
0.000330589 0.000435996 6.7546e-05 
0.000917185 1.80376e-05 7.18062e-05 
0.000929743 0.000120398 2.87405e-05 
0.000477261 0.000361933 8.62735e-05 
0.000965413 0.000131278 0.000106375 
0.000700765 0.000416094 8.26373e-05 
2.30683e-05 0.000160274 1.84739e-05 
0.000502465 3.01904e-05 5.55245e-05 
0.00027189 0.000372764 4.20048e-05 
0.000127023 7.69634e-05 8.0368e-05 
0.000196699 0.000340559 1.73739e-05 
0.000788785 0.000430946 1.79443e-05 
0.00084824 0.000110226 4.38567e-05 
0.000316137 0.00035257 7.50573e-05 
0.000544401 0.000249266 6.15842e-05 
0.000777737 3.56528e-05 1.70285e-05 
0.000666771 0.000112029 4.67555e-05 
0.000657312 0.000162366 2.04743e-05 
7.26879e-05 0.000390877 0.000108572 
0.000186971 0.000481003 0.000108557 
0.000658386 0.000463106 1.70778e-05 
6.8122e-05 0.000468152 2.19712e-05 
0.000112657 0.000323322 4.82471e-05 
0.000871259 0.000164966 0.000113322 
0.000566558 0.000273928 7.76572e-05 
0.000604456 9.56722e-05 0.000107811 
2.97305e-05 0.00048127 1.87242e-05 
0.000772799 0.000309658 6.72436e-05 
7.50834e-05 3.54599e-05 7.33538e-05 
0.000468925 0.000219022 0.000103808 
0.000373568 0.000476537 2.34652e-05 
1.81058e-05 0.000413301 7.16239e-05 
0.000355774 0.000382333 5.74723e-05 
2.18939e-05 0.000295811 2.18934e-05 
0.000816016 2.07739e-05 0.000112363 
0.000247168 0.00027168 4.58407e-05 
0.000365461 0.000371887 2.06404e-05 
0.00091213 8.97195e-05 1.79168e-05 
0.000270021 9.73937e-05 1.78483e-05 
