0.000843565 0.000421646 3.10529e-05 
7.9621e-05 0.000292495 6.12702e-05 
0.000533076 0.000221132 9.01423e-05 
0.00031953 0.000247902 6.1088e-05 
0.000690899 0.000330805 6.73956e-05 
0.00036783 6.27138e-05 7.37808e-05 
0.000755016 0.000194357 3.09943e-05 
0.000885767 0.000288404 3.57914e-05 
0.000515623 3.94517e-05 9.44443e-05 
0.000774626 0.000235866 8.56998e-05 
0.000633962 0.00036589 2.42391e-05 
0.000186308 0.000382009 1.97441e-05 
0.000829921 0.00028668 7.64518e-05 
0.000204015 0.000214215 7.29904e-05 
0.000489518 0.000388117 3.62693e-05 
0.000808865 0.00015864 6.25515e-05 
0.00044159 0.000340187 5.40969e-05 
0.000232768 0.000362848 2.52297e-05 
0.000524669 0.000161294 3.29186e-05 
0.0008921 0.000234506 1.89333e-05 
0.000918571 0.000332816 6.16176e-05 
0.000419703 0.000299896 5.37803e-05 
0.00094308 5.27738e-05 5.34951e-05 
0.000839565 5.50212e-05 6.51847e-05 
0.000688077 9.16277e-05 2.14042e-05 
0.000276192 0.000303865 2.06131e-05 
8.38287e-05 0.000230941 8.62664e-05 
0.000563603 0.000233645 1.97564e-05 
0.000159429 9.07466e-05 2.98301e-05 
0.000951044 0.000441629 8.89633e-05 
0.000515032 0.00021762 3.31044e-05 
0.000971546 0.000221389 5.67483e-05 
0.000897194 0.000134628 2.57048e-05 
0.000775231 2.10007e-05 4.96809e-05 
6.67449e-05 0.000260206 2.19101e-05 
0.000742744 0.000353194 9.57897e-05 
0.000617068 0.000433898 9.10929e-05 
0.000313569 0.000152204 9.38832e-05 
0.000330515 0.000200295 6.70783e-05 
0.00033159 0.000177731 1.87156e-05 
0.000295123 0.000298537 7.73416e-05 
0.000475768 0.000303752 3.28582e-05 
0.000462329 2.31842e-05 6.83837e-05 
0.000336436 0.000102595 5.7081e-05 
0.000978199 0.000404217 2.18058e-05 
0.000598356 0.000481877 5.60928e-05 
0.00053988 0.000352052 7.26227e-05 
0.000723896 0.000173711 6.58855e-05 
0.000394983 0.000228324 6.50945e-05 
0.000386347 0.000280845 9.12185e-05 
0.000265527 0.000383609 7.9195e-05 
0.000574326 0.000156534 4.94568e-05 
0.000795823 5.30451e-05 8.16618e-05 
0.000845311 0.000463012 7.34907e-05 
9.20862e-05 5.92786e-05 8.04674e-05 
0.000192765 0.000109996 8.16777e-05 
0.000972465 8.72526e-05 2.75356e-05 
0.000513239 0.000425523 7.61015e-05 
0.000212498 0.000101145 2.45084e-05 
0.000366661 0.000415542 3.12559e-05 
0.000475603 0.000168751 2.60585e-05 
0.000283804 0.000413628 4.08563e-05 
0.000586969 0.000355995 2.37098e-05 
0.000802105 0.000190764 1.71766e-05 
0.000542168 7.4973e-05 5.98662e-05 
0.00024035 6.90353e-05 6.08376e-05 
0.000514253 0.000479726 1.73976e-05 
0.00039698 6.71129e-05 3.08113e-05 
0.000970199 0.000171327 6.22814e-05 
0.000890487 0.000178778 1.93964e-05 
0.000595083 0.000405708 7.59195e-05 
0.000620108 0.000131509 7.17591e-05 
0.000397963 0.000360041 6.65844e-05 
0.000694442 0.000382831 4.62129e-05 
0.000652377 6.45864e-05 6.36548e-05 
0.000158659 5.59633e-05 7.136e-05 
0.000865486 0.000165134 5.66447e-05 
0.000444909 0.000115113 3.66386e-05 
0.000617353 0.00019767 8.18472e-05 
0.000708353 0.000127289 4.76235e-05 
0.000785569 0.00015056 2.30042e-05 
6.01826e-05 0.000341631 5.42005e-05 
0.000177161 0.000390367 5.4548e-05 
0.000424366 0.00044056 6.90525e-05 
0.000580076 0.000236496 5.90359e-05 
0.000792136 0.000385009 4.77648e-05 
2.99142e-05 0.000435034 2.99131e-05 
0.000344501 0.000277164 5.05714e-05 
0.000176675 0.000428735 2.8815e-05 
0.000152558 0.000272303 2.03545e-05 
0.000278057 5.64784e-05 2.32759e-05 
0.000822252 0.000474149 2.58517e-05 
0.000667559 0.000147029 5.53619e-05 
0.000980947 0.00029515 1.74972e-05 
0.000132549 0.000251609 5.60864e-05 
0.000867905 0.000334527 8.61781e-05 
0.000209499 2.35553e-05 6.17221e-05 
0.00092826 0.000210719 8.18912e-05 
0.000351851 0.000328188 7.51721e-05 
0.000418917 0.000183575 3.29377e-05 
0.000564141 0.00042207 5.78813e-05 
0.000777071 0.000479848 2.00581e-05 
0.00073088 0.000364973 4.85976e-05 
0.000792969 0.000123072 8.51237e-05 
0.000420807 2.44623e-05 1.93649e-05 
0.000820402 2.9256e-05 2.92555e-05 
0.00029421 6.86122e-05 6.44346e-05 
0.000730284 0.000249583 7.07029e-05 
7.54932e-05 0.000214517 2.46831e-05 
0.00068041 0.000179732 6.23731e-05 
0.000613548 0.00017583 2.64946e-05 
0.000396847 0.000266654 2.69511e-05 
0.00097175 0.00026707 7.32834e-05 
0.000652114 0.000276479 7.86629e-05 
0.000938833 0.000244923 3.02682e-05 
0.000596383 0.000132208 2.07351e-05 
8.7012e-05 0.000414956 3.03964e-05 
0.000131429 0.000436143 6.89215e-05 
0.000495037 0.000261384 5.15512e-05 
7.91052e-05 0.00016658 6.86623e-05 
0.000689258 0.000482769 1.72096e-05 
0.000648302 0.000383497 8.09834e-05 
0.000123075 0.000200018 4.45605e-05 
0.000309151 0.000273273 2.45238e-05 
0.000516407 0.000270382 2.10392e-05 
0.000767805 0.000178822 8.36258e-05 
0.000237311 0.000448697 7.09698e-05 
0.000977359 2.26412e-05 6.54766e-05 
0.000677463 0.000353687 2.10525e-05 
0.00022945 0.00022361 2.76749e-05 
0.000908986 0.000405122 3.66556e-05 
0.000414005 2.49825e-05 6.31865e-05 
0.000686259 2.76109e-05 5.06775e-05 
0.000767023 0.000475434 6.29581e-05 
0.000537223 0.000395571 5.97007e-05 
0.000456277 0.000165224 8.74309e-05 
0.000658702 0.00021394 3.29487e-05 
0.000412307 8.70655e-05 9.01e-05 
0.000266949 0.000468749 3.12444e-05 
0.000979278 0.000403353 7.60567e-05 
0.000165965 0.000161064 6.00654e-05 
0.000914162 9.68004e-05 3.71829e-05 
0.000648154 0.000320788 2.30545e-05 
0.000360334 0.000410749 8.53071e-05 
0.000316066 0.000406885 7.26685e-05 
0.000872637 0.000121892 6.524e-05 
0.000187084 0.000237986 1.80806e-05 
0.000691301 0.0004321 3.0716e-05 
5.53178e-05 2.89675e-05 2.89689e-05 
0.000542557 2.53005e-05 2.52997e-05 
0.00071859 0.000298219 2.0641e-05 
0.000884726 4.06668e-05 3.64736e-05 
0.00021258 0.000269346 1.83522e-05 
0.000912768 0.000134182 7.49016e-05 
0.000298827 0.000172759 4.55804e-05 
0.00079501 0.000332859 8.03685e-05 
0.000525647 0.000264627 7.33057e-05 
0.000732607 0.000289227 5.69522e-05 
0.000197687 0.000319368 6.76752e-05 
0.00080021 0.000442466 5.59211e-05 
0.000824346 0.000228013 2.07611e-05 
0.000600256 0.000406386 2.86331e-05 
2.61558e-05 0.00012028 2.61556e-05 
0.000466566 0.00032254 7.9735e-05 
0.000443005 0.000477213 5.28143e-05 
4.70091e-05 0.000394042 4.88202e-05 
0.000382322 0.00031966 2.80198e-05 
0.000556071 0.0004219 1.91485e-05 
0.000265518 0.000116142 4.94619e-05 
0.000911259 7.85537e-05 6.8555e-05 
0.000614708 0.000252243 8.20294e-05 
0.000803511 0.000209129 5.96768e-05 
0.000437735 0.00037396 3.53024e-05 
0.000248208 0.00012109 1.7066e-05 
0.000746141 2.03301e-05 2.03299e-05 
0.000395941 0.00013784 1.98846e-05 
0.000348717 0.000251151 2.09448e-05 
0.0002592 0.000337339 5.50616e-05 
0.000717724 8.15338e-05 5.57948e-05 
0.000757664 0.000311413 1.85847e-05 
0.000866144 0.000411294 8.08768e-05 
0.000637198 0.000126821 2.04343e-05 
0.000617548 2.20137e-05 2.86618e-05 
0.00032915 0.000482966 1.70349e-05 
0.000579186 0.00011097 4.78873e-05 
0.000124787 0.000126455 5.63369e-05 
0.000193546 0.000471918 6.22396e-05 
0.000192442 6.47144e-05 5.14002e-05 
2.19492e-05 4.60331e-05 6.34386e-05 
6.57865e-05 0.000306257 2.25122e-05 
0.000681467 0.000243634 6.95464e-05 
2.25209e-05 0.000477478 5.97986e-05 
0.00075966 0.000430107 5.17555e-05 
0.000446016 0.000255455 6.16742e-05 
0.000623587 0.000454291 2.08291e-05 
0.000837334 7.26767e-05 1.7535e-05 
0.000299331 0.000129528 2.4261e-05 
0.000934492 0.000459577 2.4653e-05 
0.000631742 0.00047795 7.80878e-05 
0.000195633 0.00042049 8.00817e-05 
0.000968374 0.000482861 1.71404e-05 
0.000832193 0.000333093 3.29514e-05 
6.10538e-05 0.000439 8.24001e-05 
0.000456043 0.000439044 2.56004e-05 
0.000773888 0.000118032 4.86666e-05 
0.000742374 0.000327178 5.0779e-05 
0.000611861 0.000298287 8.82192e-05 
0.00012129 0.000464645 2.16538e-05 
0.000762945 0.000238155 5.02154e-05 
0.000806962 0.000108617 2.2919e-05 
0.000728992 0.0004048 5.14922e-05 
0.00046971 0.00043047 6.92908e-05 
0.000541622 0.000160505 7.21149e-05 
0.000339263 0.00014174 1.79661e-05 
0.000610496 0.000279435 3.39196e-05 
0.000185931 0.000264196 5.84699e-05 
0.0004956 0.000102751 6.94547e-05 
0.00056465 0.000191566 2.24172e-05 
0.000434517 0.000482273 1.77269e-05 
0.000507677 0.000179356 6.99133e-05 
0.000747454 0.000129905 2.04237e-05 
0.000225822 0.000177316 1.94793e-05 
9.98032e-05 0.000411513 0.000103107 
0.000499232 0.000340162 5.84468e-05 
4.59128e-05 0.000197213 5.01687e-05 
0.000674391 0.000275018 3.01825e-05 
0.000578045 2.00194e-05 5.29881e-05 
0.000137425 0.000381216 3.02614e-05 
3.16773e-05 0.000276757 6.99356e-05 
0.000381286 0.000454992 5.59846e-05 
0.000538866 0.000301224 1.72968e-05 
0.000849266 9.28356e-05 6.97872e-05 
0.000729104 9.41885e-05 1.97364e-05 
7.96856e-05 0.000171345 1.90543e-05 
5.7335e-05 0.000371079 1.99487e-05 
0.000278819 0.000202747 7.78188e-05 
0.000975601 0.000212025 2.00957e-05 
0.000274515 0.000242372 2.1525e-05 
0.000834488 0.000185099 9.15888e-05 
0.000887663 0.000348325 2.51102e-05 
0.00067507 0.000128155 1.75643e-05 
2.25667e-05 0.000255093 2.25665e-05 
0.000714138 0.000234657 2.65799e-05 
0.000111368 0.000239201 1.92057e-05 
0.000944226 0.00015315 1.71485e-05 
0.000889241 0.000444876 6.85827e-05 
0.000420927 0.000406971 2.19554e-05 
0.000109179 5.59418e-05 3.1314e-05 
0.000576521 0.000317376 6.21582e-05 
0.000866054 0.000207676 1.84601e-05 
0.000248818 0.0001854 5.0078e-05 
2.11343e-05 0.000366425 6.01081e-05 
0.000774081 0.00027693 6.71228e-05 
0.000241375 2.50547e-05 2.50548e-05 
0.000797769 6.8748e-05 1.76986e-05 
0.000250766 0.000270307 7.9628e-05 
0.000296068 0.000444556 6.62686e-05 
0.000701987 0.000175078 2.56834e-05 
0.000364768 0.000116331 1.80328e-05 
0.000959019 0.000427708 5.05217e-05 
0.000167407 0.000190985 2.17746e-05 
0.000128822 0.000324885 2.09967e-05 
0.000978652 0.000122462 6.23879e-05 
0.00021051 5.71396e-05 1.97781e-05 
0.000978444 0.000135606 2.15522e-05 
0.000794831 0.000290533 2.43312e-05 
0.000381218 0.000481843 7.96331e-05 
7.93684e-05 0.000125694 2.73447e-05 
0.000442651 0.000393047 7.66735e-05 
0.000130415 0.000328214 6.98291e-05 
0.000462609 2.26041e-05 2.26025e-05 
0.000941945 0.000396873 7.8489e-05 
0.000934653 0.000354015 2.23091e-05 
0.000230297 0.000311446 2.62438e-05 
0.000351757 0.000234477 8.30226e-05 
0.000824111 0.000415516 7.56665e-05 
0.000973167 0.000473245 5.96872e-05 
0.000229202 0.000139456 4.75539e-05 
0.000395667 0.000191355 0.000117331 
0.000116778 0.000156784 2.08333e-05 
0.000281842 0.000344195 2.01106e-05 
0.000370477 1.97722e-05 7.21989e-05 
0.000644266 0.000439062 5.73315e-05 
2.02783e-05 0.000386727 2.02777e-05 
0.000525207 0.000482671 5.02194e-05 
0.000972974 0.000323683 6.07146e-05 
0.000597478 0.000444234 5.84037e-05 
0.000941024 0.00030814 2.4039e-05 
0.000368084 0.000163638 1.80001e-05 
0.000601257 7.51695e-05 6.14469e-05 
0.000882096 9.18532e-05 5.18712e-05 
0.000936718 2.11446e-05 2.11434e-05 
0.000444955 5.78311e-05 1.71702e-05 
0.000680983 0.000472174 7.21255e-05 
0.000700505 5.22178e-05 8.65474e-05 
0.000763906 0.000444512 1.77049e-05 
0.000334126 3.84871e-05 3.5301e-05 
0.000336718 0.000479396 5.37231e-05 
0.000673771 5.20986e-05 2.0642e-05 
0.000323583 0.000322946 2.72737e-05 
0.000481639 7.65984e-05 1.93223e-05 
0.000100962 0.000370311 7.56292e-05 
0.000217976 0.000383931 6.23698e-05 
0.000507431 0.000113996 2.66773e-05 
1.92736e-05 5.95282e-05 1.92707e-05 
0.000501652 1.71875e-05 1.71849e-05 
0.000832799 0.000374406 8.50623e-05 
0.000308774 8.4541e-05 1.85937e-05 
4.64687e-05 0.000185453 1.70888e-05 
0.000168772 0.000219289 4.93198e-05 
0.000571927 0.000316235 1.90542e-05 
0.000424205 0.000323314 9.23803e-05 
0.000461748 0.000213443 2.06967e-05 
0.000823016 0.000119299 5.9383e-05 
0.000838264 0.000237498 7.22976e-05 
0.000182894 0.000302134 2.22256e-05 
0.000613447 0.000330138 4.17778e-05 
0.000542031 1.98717e-05 7.01403e-05 
0.000644529 0.000420607 1.88797e-05 
0.000845819 1.83605e-05 6.80183e-05 
0.000317258 0.000442985 2.55336e-05 
0.000428151 0.000317884 1.8768e-05 
0.000982653 6.22887e-05 6.34158e-05 
0.000318738 0.000379021 2.90379e-05 
2.00785e-05 0.000218993 6.77777e-05 
0.000126707 0.000162701 8.49951e-05 
0.000165042 0.000338758 3.64887e-05 
0.000942521 0.000105829 5.75102e-05 
0.000408175 0.000450802 2.37261e-05 
0.000472119 0.000204849 5.61968e-05 
6.20941e-05 0.000482603 6.08235e-05 
0.000485661 0.00047422 6.51547e-05 
0.000860578 0.00037602 5.14292e-05 
0.000137654 0.000482501 5.24159e-05 
0.000149712 0.000232293 1.97606e-05 
0.000498275 0.000447929 1.81863e-05 
0.000761238 4.51245e-05 7.66239e-05 
0.000752433 0.000150082 5.37613e-05 
0.00026225 0.000157353 2.21469e-05 
0.000476034 0.000251974 2.03987e-05 
0.000572862 9.26112e-05 1.79196e-05 
0.000806578 1.87217e-05 7.39733e-05 
0.000604924 0.000224164 2.27439e-05 
0.00071695 0.000339675 2.08484e-05 
0.000885947 9.12123e-05 1.75239e-05 
0.000165702 3.06243e-05 3.0623e-05 
0.000614407 2.41522e-05 7.16395e-05 
0.000599619 0.000356067 6.65484e-05 
0.00071752 5.29953e-05 2.31934e-05 
0.000211557 0.000166552 8.20824e-05 
0.000553359 0.000465198 2.45708e-05 
0.000751772 0.000268451 2.40605e-05 
0.000731214 0.000473252 2.6749e-05 
0.00054708 0.000380702 2.32142e-05 
0.000612278 9.28986e-05 2.16732e-05 
0.000778284 0.000420994 8.24053e-05 
0.000538235 0.000294516 5.19123e-05 
0.000753144 0.000397204 7.92221e-05 
2.41742e-05 0.000344011 2.26358e-05 
0.000667315 0.000391433 1.81428e-05 
0.00055908 0.000467163 7.839e-05 
0.000149492 0.000301796 4.50169e-05 
0.000379797 0.000153691 5.29893e-05 
0.00092158 0.000474255 7.11085e-05 
0.000722336 0.000385814 1.84425e-05 
5.6619e-05 8.09358e-05 2.30417e-05 
0.000649053 1.83877e-05 5.36925e-05 
0.000593793 0.000480868 1.91318e-05 
0.000564923 0.000196041 6.53188e-05 
0.000405502 0.000403894 5.78546e-05 
0.000171115 1.83601e-05 7.77337e-05 
0.000199106 0.000184636 4.33894e-05 
0.000406339 0.000362086 1.96257e-05 
0.000387917 0.00011352 5.14964e-05 
0.000499157 0.000351213 9.20411e-05 
0.000791936 8.11705e-05 5.42886e-05 
0.000806396 0.000254006 4.60884e-05 
0.000698483 0.000279173 7.43499e-05 
0.000831043 0.000152817 2.25278e-05 
0.000571134 0.00038261 5.77945e-05 
0.000982121 0.000174685 1.78725e-05 
0.000153897 0.00013945 2.01366e-05 
0.000481461 5.45046e-05 8.56013e-05 
0.000277992 2.38853e-05 5.59142e-05 
2.04106e-05 0.000212219 2.04106e-05 
0.000640817 0.000319046 6.46011e-05 
0.000272915 0.000199961 2.09015e-05 
0.000706817 0.000217437 6.70349e-05 
0.000581096 4.46955e-05 8.39035e-05 
0.000536242 0.000128258 5.8276e-05 
0.000277097 0.000246445 6.41715e-05 
0.00092241 0.000170653 4.49269e-05 
0.000880326 0.000266248 9.35662e-05 
0.000583542 5.25769e-05 2.39514e-05 
4.7041e-05 0.000235606 4.75726e-05 
0.000193405 0.00036265 8.55106e-05 
0.000835473 0.00019227 3.14554e-05 
5.81804e-05 6.3968e-05 6.09844e-05 
0.000234036 0.000417556 2.96341e-05 
0.000687115 9.68463e-05 7.75876e-05 
2.27435e-05 0.00032787 8.09956e-05 
0.000553944 0.000127507 2.19819e-05 
0.000756761 6.10432e-05 4.16548e-05 
0.000958957 0.000377645 4.9748e-05 
0.000476669 0.000479704 2.02962e-05 
0.000383002 1.88847e-05 1.8848e-05 
0.000977329 3.75189e-05 2.26711e-05 
0.000311865 2.52933e-05 9.00917e-05 
0.000456362 0.000348742 1.82649e-05 
0.000978453 0.000351909 2.15492e-05 
0.000365086 0.000136453 8.97351e-05 
0.000802024 0.000478629 9.20013e-05 
0.000464601 8.40985e-05 7.6829e-05 
0.000156092 0.000202606 8.22013e-05 
0.000918852 0.000259721 7.20044e-05 
0.000523553 0.000339338 2.43864e-05 
5.2754e-05 0.000104298 6.3248e-05 
0.000116079 0.000103028 1.70141e-05 
0.000163296 0.00047767 2.23281e-05 
0.000900429 0.000368566 7.52282e-05 
0.000489689 6.93803e-05 5.48317e-05 
0.000742137 0.00029788 9.88634e-05 
0.00094937 0.000356765 8.35787e-05 
0.000324495 0.000468047 9.45819e-05 
8.98982e-05 9.31147e-05 5.59317e-05 
0.000743391 0.000107449 7.19201e-05 
0.000364914 0.000207069 2.63269e-05 
0.000526168 0.000434747 3.76597e-05 
0.000217416 0.000479447 2.0547e-05 
9.47457e-05 0.000351574 2.23075e-05 
0.000118343 0.000289962 6.6921e-05 
0.000314754 0.000218877 2.52161e-05 
0.000244753 0.000225784 7.00507e-05 
0.000889853 0.000203511 4.83718e-05 
0.000129134 2.22771e-05 6.79315e-05 
0.000933741 0.000291968 6.26203e-05 
1.80679e-05 8.29026e-05 4.83639e-05 
0.000937585 0.000197556 1.83511e-05 
0.000894139 0.000239153 5.53972e-05 
0.000496067 0.000143559 5.84314e-05 
0.000881713 0.000470575 2.94246e-05 
0.00050838 0.000305429 7.99158e-05 
8.91164e-05 0.000461847 4.69753e-05 
0.000752726 0.000408766 1.96557e-05 
0.000300113 0.000482315 6.45638e-05 
0.000756969 0.000351863 2.09862e-05 
0.000699202 1.72499e-05 1.7249e-05 
0.000634398 5.85211e-05 1.92759e-05 
0.00019617 0.000358279 4.64122e-05 
0.000266289 0.000151969 6.15712e-05 
0.000340105 0.000159244 5.15279e-05 
0.000471289 0.00028785 8.63015e-05 
0.000561898 0.00027508 1.75456e-05 
0.000288959 1.75519e-05 1.75516e-05 
0.000429568 0.000236197 1.84385e-05 
0.00015788 0.000359744 6.96839e-05 
0.000859019 0.000239515 3.88959e-05 
0.000655873 1.79801e-05 1.79764e-05 
0.000243132 0.000302349 6.73772e-05 
0.000404577 0.000481789 5.17548e-05 
0.000727604 2.23921e-05 5.87528e-05 
0.000979232 0.000446741 2.07495e-05 
0.000834873 0.000268344 2.08999e-05 
0.000442336 6.0498e-05 5.52875e-05 
0.000194166 0.00015096 2.17753e-05 
0.000945711 8.14566e-05 8.35426e-05 
0.000350716 0.000289105 1.72419e-05 
0.000131673 0.00042701 1.75962e-05 
0.000108036 0.00028343 2.5607e-05 
0.000371101 0.000189023 6.73345e-05 
0.000784272 0.000234377 1.98258e-05 
0.0005097 5.15642e-05 1.7484e-05 
0.000768109 9.24895e-05 1.93048e-05 
0.000338884 0.000441198 6.46353e-05 
0.000923127 1.80069e-05 6.77735e-05 
0.000938036 0.000117509 1.90748e-05 
0.000468472 0.000358272 7.57753e-05 
0.000954067 0.000137422 8.90312e-05 
0.000699784 0.000417135 8.34974e-05 
1.84737e-05 0.000163567 1.84742e-05 
0.000504402 3.22795e-05 5.33952e-05 
0.000272015 0.000381877 1.88525e-05 
0.000128151 8.14348e-05 7.40805e-05 
0.000198043 0.000339439 1.73746e-05 
0.000795361 0.000427741 1.79437e-05 
0.000852976 0.000112689 3.03914e-05 
0.00030842 0.000354076 7.24083e-05 
0.000545363 0.000256818 4.216e-05 
0.000777262 4.07295e-05 1.70284e-05 
0.000661119 0.000108811 4.59493e-05 
0.000658024 0.000162021 2.04644e-05 
5.20905e-05 0.000380851 8.69419e-05 
0.000153502 0.000481011 8.52469e-05 
0.000659586 0.00046558 1.70773e-05 
5.97409e-05 0.000476742 2.19685e-05 
0.000100018 0.00032026 4.54766e-05 
0.000893742 0.00017586 8.94007e-05 
0.000567257 0.000275633 6.32429e-05 
0.000580807 9.97876e-05 9.06695e-05 
1.94324e-05 0.000481277 1.87239e-05 
0.000782714 0.000327723 3.80339e-05 
9.09853e-05 1.85101e-05 5.69986e-05 
0.000476071 0.000225296 8.35512e-05 
0.000368618 0.000476535 2.34663e-05 
1.80976e-05 0.000406864 6.69515e-05 
0.000354545 0.000376899 6.07438e-05 
2.18949e-05 0.000299546 2.18936e-05 
0.000830965 3.0662e-05 9.94006e-05 
0.0002458 0.0002684 4.08581e-05 
0.000365585 0.000364753 2.06418e-05 
0.000930338 7.21355e-05 1.7917e-05 
0.000273425 9.69703e-05 1.78372e-05 
