0.00084369 0.000421664 3.10538e-05 
7.94775e-05 0.000293374 6.12992e-05 
0.000533293 0.000221437 9.00094e-05 
0.000318872 0.000248497 6.17276e-05 
0.000691758 0.000331735 6.75768e-05 
0.000367844 6.27177e-05 7.37952e-05 
0.000755269 0.000194758 3.09911e-05 
0.000885673 0.000288307 3.57908e-05 
0.000515878 3.90913e-05 9.45001e-05 
0.000775164 0.000235886 8.57662e-05 
0.000633889 0.000365946 2.42386e-05 
0.00018557 0.000381868 1.97444e-05 
0.000830471 0.000286668 7.6343e-05 
0.000203201 0.000214478 7.26364e-05 
0.000489366 0.000387774 3.62701e-05 
0.000809043 0.000158286 6.26434e-05 
0.000442376 0.000340706 5.47682e-05 
0.000232992 0.000362826 2.52288e-05 
0.000524798 0.000161014 3.4427e-05 
0.00089113 0.000235387 1.89338e-05 
0.000918547 0.000332683 6.15906e-05 
0.000418377 0.000300079 5.53586e-05 
0.000943118 5.2653e-05 5.35351e-05 
0.000839147 5.49473e-05 6.54263e-05 
0.000688063 9.14405e-05 2.14024e-05 
0.000276239 0.000303474 2.06131e-05 
8.35844e-05 0.000231199 8.57819e-05 
0.00056381 0.000233545 1.97569e-05 
0.000159662 9.07908e-05 2.98322e-05 
0.000950964 0.000441516 8.90571e-05 
0.000514967 0.000217291 3.31049e-05 
0.000970597 0.00022081 5.67683e-05 
0.000897272 0.00013448 2.57053e-05 
0.00077511 2.10009e-05 4.95734e-05 
6.67441e-05 0.000260193 2.191e-05 
0.00074446 0.000353016 9.52379e-05 
0.000617036 0.000435105 9.13689e-05 
0.000313497 0.000157345 9.63244e-05 
0.000330635 0.000200554 6.68444e-05 
0.000331142 0.000178751 1.8716e-05 
0.000295141 0.00029824 7.70735e-05 
0.00047636 0.000304489 3.28578e-05 
0.000462463 2.31838e-05 6.83833e-05 
0.000336675 0.000102643 5.6807e-05 
0.000978194 0.000404317 2.18007e-05 
0.000598072 0.000481877 5.61221e-05 
0.000540441 0.00035211 7.41155e-05 
0.000724353 0.000173707 6.58249e-05 
0.000395193 0.000228668 6.50619e-05 
0.000385584 0.000280159 9.28372e-05 
0.000266057 0.000383521 7.9444e-05 
0.000574559 0.000156522 4.95572e-05 
0.000796466 5.3223e-05 8.19182e-05 
0.000844998 0.000462882 7.36431e-05 
9.21472e-05 6.00094e-05 8.04739e-05 
0.000192947 0.000110294 8.16194e-05 
0.000972462 8.69402e-05 2.75345e-05 
0.000513081 0.00042504 7.62413e-05 
0.000212711 0.000101291 2.45085e-05 
0.000366939 0.000415929 3.12556e-05 
0.000475971 0.000168496 2.60596e-05 
0.000283998 0.000413678 4.10588e-05 
0.000586939 0.00035597 2.37081e-05 
0.000802105 0.000190764 1.71766e-05 
0.000542181 7.48822e-05 5.99959e-05 
0.000240264 6.89721e-05 6.08849e-05 
0.000514532 0.000479878 1.73979e-05 
0.000396949 6.72693e-05 3.08113e-05 
0.000970165 0.000171558 6.23084e-05 
0.000890454 0.000178613 1.93948e-05 
0.00059494 0.000405734 7.59183e-05 
0.000620354 0.000131491 7.18014e-05 
0.00039801 0.000359303 6.65639e-05 
0.000694064 0.000382887 4.62803e-05 
0.000652254 6.46289e-05 6.36072e-05 
0.00015707 5.41173e-05 7.2195e-05 
0.000865854 0.00016439 5.66927e-05 
0.00044507 0.000114978 3.66395e-05 
0.000617546 0.000197702 8.18051e-05 
0.000708606 0.000127296 4.7455e-05 
0.000785684 0.000150862 2.30049e-05 
6.01912e-05 0.000342084 5.46243e-05 
0.000176302 0.000390556 5.44371e-05 
0.000424218 0.000439906 6.90366e-05 
0.000580306 0.000236448 5.90243e-05 
0.000792233 0.000385173 4.80157e-05 
2.99248e-05 0.000434984 2.99133e-05 
0.0003457 0.000277162 5.07501e-05 
0.000176927 0.000428786 2.88141e-05 
0.000152254 0.000273041 2.03555e-05 
0.000277935 5.64556e-05 2.32757e-05 
0.000822327 0.000474148 2.58493e-05 
0.000667806 0.000146954 5.53597e-05 
0.000980947 0.00029515 1.74972e-05 
0.000132427 0.000252228 5.6048e-05 
0.000867913 0.000335449 8.60972e-05 
0.000209318 2.35551e-05 6.16916e-05 
0.00092784 0.000210495 8.20027e-05 
0.000351871 0.000327522 7.526e-05 
0.000419493 0.000184094 3.29354e-05 
0.000563993 0.000422074 5.78676e-05 
0.000777057 0.00047923 2.0057e-05 
0.000730173 0.000365002 4.87857e-05 
0.000792283 0.000123463 8.57268e-05 
0.000421011 2.47144e-05 1.9365e-05 
0.000820327 2.9263e-05 2.92558e-05 
0.00029414 6.90719e-05 6.427e-05 
0.000730395 0.000249932 7.06889e-05 
7.58553e-05 0.000214579 2.4683e-05 
0.000680624 0.000179688 6.23047e-05 
0.000613901 0.000175724 2.64958e-05 
0.00039727 0.000267001 2.69507e-05 
0.000971751 0.000266945 7.2628e-05 
0.00065224 0.000276499 7.87461e-05 
0.000938108 0.000244627 3.02684e-05 
0.000596478 0.000132205 2.07351e-05 
8.70194e-05 0.000415548 3.03965e-05 
0.000131695 0.000436152 6.89437e-05 
0.00049486 0.000262083 5.21975e-05 
8.05091e-05 0.0001666 6.86579e-05 
0.000689085 0.000482777 1.72096e-05 
0.00064797 0.000383457 8.11139e-05 
0.000123507 0.000200506 4.46976e-05 
0.000309663 0.000273387 2.45248e-05 
0.000516105 0.000270059 2.10386e-05 
0.000767541 0.000179116 8.37017e-05 
0.000237401 0.000448692 7.09422e-05 
0.000977358 2.26407e-05 6.59213e-05 
0.000677363 0.000353643 2.10513e-05 
0.000229501 0.000223758 2.76751e-05 
0.000909104 0.000405109 3.66547e-05 
0.000413737 2.49843e-05 6.31114e-05 
0.000686259 2.81366e-05 5.1141e-05 
0.000766895 0.000475437 6.29905e-05 
0.000537064 0.000395579 5.96107e-05 
0.000457522 0.000165438 8.68305e-05 
0.00065894 0.000213966 3.29391e-05 
0.000412323 8.70839e-05 9.00857e-05 
0.000267068 0.000468756 3.12443e-05 
0.000979278 0.000403326 7.60165e-05 
0.000165629 0.000161226 6.00702e-05 
0.000914146 9.65991e-05 3.71456e-05 
0.000647975 0.000320814 2.30547e-05 
0.000360614 0.000410948 8.52908e-05 
0.00031591 0.000406991 7.27467e-05 
0.00087256 0.000121549 6.7388e-05 
0.000187195 0.000238315 1.80805e-05 
0.000691157 0.00043215 3.07161e-05 
5.55051e-05 2.8969e-05 2.89692e-05 
0.000542752 2.53011e-05 2.53003e-05 
0.000718632 0.000298143 2.06421e-05 
0.000884508 4.14605e-05 3.64697e-05 
0.000212848 0.000269148 1.83514e-05 
0.000913097 0.000134049 7.48271e-05 
0.000298957 0.000172499 4.60077e-05 
0.000798118 0.000334394 8.26849e-05 
0.000525958 0.000264982 7.32827e-05 
0.000732983 0.000289558 5.6922e-05 
0.000198104 0.000319769 6.78469e-05 
0.000800149 0.000442516 5.58759e-05 
0.000824199 0.00022777 2.07608e-05 
0.000600117 0.000406387 2.86319e-05 
2.61561e-05 0.000120206 2.61555e-05 
0.000467465 0.000322687 8.00259e-05 
0.000444037 0.000475793 5.24897e-05 
4.72976e-05 0.000394111 4.88268e-05 
0.000382127 0.000319834 2.80228e-05 
0.000555863 0.000421717 1.91489e-05 
0.000265429 0.00011609 4.95001e-05 
0.000911112 7.82854e-05 6.84606e-05 
0.000614828 0.000252276 8.21015e-05 
0.000803848 0.000208796 5.98885e-05 
0.000437372 0.000374142 3.56381e-05 
0.000248332 0.0001214 1.7066e-05 
0.000745913 2.03297e-05 2.03294e-05 
0.000396433 0.000138402 1.98846e-05 
0.000349221 0.000251253 2.09456e-05 
0.000259204 0.000337272 5.52235e-05 
0.000717866 8.15578e-05 5.58483e-05 
0.000759447 0.000312989 1.85829e-05 
0.000866255 0.000411274 8.09051e-05 
0.000637315 0.000126993 2.04334e-05 
0.000617295 2.20129e-05 2.92179e-05 
0.000329396 0.000482965 1.70346e-05 
0.000579169 0.00011119 4.79907e-05 
0.000124971 0.000126678 5.60323e-05 
0.000193637 0.000471911 6.22218e-05 
0.000192433 6.45125e-05 5.14694e-05 
2.19494e-05 4.58955e-05 6.33232e-05 
6.56465e-05 0.000307071 2.25123e-05 
0.000680918 0.000244811 6.90623e-05 
2.25209e-05 0.000477479 5.97216e-05 
0.0007598 0.000429493 5.17578e-05 
0.000446017 0.000256105 6.10083e-05 
0.000623455 0.000454178 2.08292e-05 
0.000837334 7.26768e-05 1.7535e-05 
0.000299226 0.000129432 2.42606e-05 
0.000933983 0.000459843 2.46532e-05 
0.000631584 0.00047795 7.79246e-05 
0.000195992 0.000420451 7.9953e-05 
0.000968048 0.000482861 1.7139e-05 
0.00083212 0.000333212 3.29517e-05 
6.12228e-05 0.000438983 8.23041e-05 
0.000456379 0.000439017 2.56006e-05 
0.000774415 0.000118205 4.86863e-05 
0.000742664 0.000327506 5.06019e-05 
0.000612106 0.000298631 8.80464e-05 
0.000121516 0.00046415 2.16538e-05 
0.000763171 0.000238476 5.04076e-05 
0.000807276 0.000108127 2.29182e-05 
0.000728742 0.00040467 5.14505e-05 
0.000469626 0.000430111 6.93518e-05 
0.00054466 0.000158075 7.606e-05 
0.000338764 0.000142871 1.79663e-05 
0.000610474 0.000279321 3.39188e-05 
0.000185826 0.000264767 5.83078e-05 
0.000495828 0.000102536 6.94363e-05 
0.000564853 0.000191469 2.24188e-05 
0.000435182 0.000482268 1.77269e-05 
0.000509409 0.000180312 7.14999e-05 
0.000747837 0.000129721 2.04239e-05 
0.000225921 0.000177455 1.94784e-05 
9.9961e-05 0.000411439 0.000102964 
0.000500097 0.000340309 5.90258e-05 
4.67499e-05 0.000196711 5.03259e-05 
0.00067434 0.000275117 3.01828e-05 
0.000578409 2.00188e-05 5.27736e-05 
0.000136683 0.000380624 3.02612e-05 
3.14692e-05 0.000277582 6.95627e-05 
0.000379483 0.000455448 5.70022e-05 
0.000538603 0.000300872 1.7297e-05 
0.000848814 9.26679e-05 7.07494e-05 
0.000729074 9.42186e-05 1.97365e-05 
7.97147e-05 0.000171377 1.90548e-05 
5.73399e-05 0.000371028 1.99501e-05 
0.00027871 0.000202655 7.7939e-05 
0.000974692 0.000211541 2.00958e-05 
0.000274575 0.00024252 2.15245e-05 
0.000834954 0.000184618 9.15652e-05 
0.000887649 0.000348223 2.51048e-05 
0.000675187 0.000128019 1.75623e-05 
2.25707e-05 0.000255035 2.25682e-05 
0.000714277 0.00023494 2.65795e-05 
0.000111393 0.000239744 1.92054e-05 
0.000944251 0.000152869 1.7148e-05 
0.000889249 0.000444881 6.84796e-05 
0.000420506 0.000406983 2.19554e-05 
0.00010916 5.63503e-05 3.13141e-05 
0.000576395 0.000317211 6.21237e-05 
0.000866116 0.000207592 1.84591e-05 
0.000249193 0.000186139 4.97026e-05 
2.11339e-05 0.000366672 5.98797e-05 
0.000774347 0.000276913 6.71135e-05 
0.00024123 2.50619e-05 2.50545e-05 
0.00079754 6.8692e-05 1.76985e-05 
0.00025048 0.000270533 7.98862e-05 
0.00029577 0.000444641 6.66671e-05 
0.000702343 0.000175173 2.56844e-05 
0.000364632 0.000117833 1.80324e-05 
0.000959075 0.000427814 5.05628e-05 
0.000167715 0.000191206 2.17747e-05 
0.000129201 0.000325055 2.09979e-05 
0.000978652 0.000121793 6.22722e-05 
0.00021053 5.73065e-05 1.97781e-05 
0.000978448 0.000135292 2.1552e-05 
0.000795378 0.000290114 2.43336e-05 
0.000384816 0.000481843 8.31574e-05 
7.93589e-05 0.000125727 2.73446e-05 
0.000442607 0.000392662 7.67841e-05 
0.000131294 0.000327508 7.18344e-05 
0.000462804 2.26371e-05 2.26025e-05 
0.000941934 0.000396955 7.86101e-05 
0.000934632 0.000353929 2.23084e-05 
0.000230406 0.000311427 2.6243e-05 
0.000351785 0.00023491 8.25135e-05 
0.000824257 0.000415813 7.57147e-05 
0.000972815 0.000473245 5.96977e-05 
0.000229175 0.00013983 4.73445e-05 
0.000396908 0.000191288 0.000116974 
0.000117022 0.000157375 2.0834e-05 
0.00028163 0.000344031 2.01107e-05 
0.000370226 1.97759e-05 7.22071e-05 
0.0006441 0.000438978 5.73274e-05 
2.02771e-05 0.000386676 2.02777e-05 
0.000525392 0.000482671 5.02647e-05 
0.000972974 0.000323784 6.05961e-05 
0.00059731 0.000444231 5.84007e-05 
0.000940977 0.000308051 2.40378e-05 
0.000368188 0.000163639 1.80001e-05 
0.000600995 7.55834e-05 6.14519e-05 
0.000882371 9.26521e-05 5.19231e-05 
0.000936198 2.11449e-05 2.11437e-05 
0.000444959 5.77654e-05 1.71707e-05 
0.000680793 0.000472173 7.21633e-05 
0.000700286 5.2885e-05 8.70017e-05 
0.000763414 0.000444066 1.77057e-05 
0.000333999 3.87128e-05 3.53009e-05 
0.000336964 0.000479402 5.37254e-05 
0.000673625 5.19552e-05 2.06402e-05 
0.000323593 0.000323201 2.72736e-05 
0.000481816 7.64884e-05 1.93224e-05 
0.000101529 0.000369523 7.66091e-05 
0.000218537 0.000383875 6.25326e-05 
0.000507588 0.000113922 2.66772e-05 
1.92791e-05 5.93134e-05 1.92709e-05 
0.000501844 1.71869e-05 1.71845e-05 
0.000833151 0.000375557 8.52964e-05 
0.00030875 8.44125e-05 1.85935e-05 
4.64594e-05 0.000185394 1.70883e-05 
0.00016723 0.000219506 5.00768e-05 
0.00057143 0.000316389 1.90543e-05 
0.0004253 0.000324029 9.32742e-05 
0.000461993 0.000214431 2.06965e-05 
0.000822141 0.000118548 5.99562e-05 
0.000838198 0.000237311 7.32686e-05 
0.000182921 0.000302527 2.22255e-05 
0.00061327 0.000330022 4.18585e-05 
0.0005425 1.98728e-05 7.0145e-05 
0.00064442 0.000420511 1.88803e-05 
0.000845956 1.83605e-05 6.7879e-05 
0.000317361 0.000443027 2.55336e-05 
0.000427631 0.000314095 1.87685e-05 
0.000982651 6.22094e-05 6.35757e-05 
0.000319093 0.000379305 2.9038e-05 
2.00791e-05 0.000217378 6.80301e-05 
0.000127394 0.000161289 8.65918e-05 
0.000165259 0.000338872 3.69118e-05 
0.000942486 0.000105143 5.77071e-05 
0.000408576 0.000451043 2.37269e-05 
0.000471708 0.000206382 5.65071e-05 
6.20946e-05 0.000482603 6.07838e-05 
0.000486342 0.000473653 6.61448e-05 
0.000860678 0.000376029 5.14225e-05 
0.00013757 0.000482501 5.22896e-05 
0.000149767 0.000233002 1.97598e-05 
0.000498597 0.000447962 1.81851e-05 
0.000761873 4.56268e-05 7.64322e-05 
0.000752993 0.000150324 5.34781e-05 
0.00026243 0.00015764 2.2147e-05 
0.000476937 0.000252714 2.03989e-05 
0.000573115 9.29055e-05 1.79197e-05 
0.000806402 1.8722e-05 7.39403e-05 
0.000605126 0.000224029 2.27446e-05 
0.000716836 0.000339592 2.08494e-05 
0.000885727 9.20093e-05 1.75243e-05 
0.0001655 3.06249e-05 3.06234e-05 
0.000614514 2.23375e-05 7.22207e-05 
0.000599339 0.000355973 6.66184e-05 
0.000717369 5.30608e-05 2.31927e-05 
0.000211344 0.000166925 8.17763e-05 
0.000553394 0.000465028 2.45708e-05 
0.00075202 0.000268613 2.40605e-05 
0.000731119 0.000473252 2.67484e-05 
0.000546944 0.000380504 2.32141e-05 
0.000612532 9.2964e-05 2.16737e-05 
0.000778433 0.000421102 8.25822e-05 
0.000537927 0.000295917 5.22085e-05 
0.000753063 0.000397593 7.91715e-05 
2.4527e-05 0.00034393 2.26354e-05 
0.000667296 0.00039141 1.81432e-05 
0.000558997 0.000467033 7.86812e-05 
0.000149785 0.000302262 4.54041e-05 
0.000380368 0.000154243 5.3032e-05 
0.000921559 0.000474255 7.13214e-05 
0.000721902 0.000385678 1.84415e-05 
5.68117e-05 8.08539e-05 2.30417e-05 
0.000649159 1.83859e-05 5.37875e-05 
0.000593761 0.000480868 1.91316e-05 
0.000565029 0.000196044 6.53095e-05 
0.000405393 0.000403199 5.79197e-05 
0.000170944 1.83569e-05 7.77294e-05 
0.000199199 0.000184282 4.35292e-05 
0.000406228 0.000362061 1.96261e-05 
0.000388098 0.000113836 5.1224e-05 
0.000499524 0.000350021 9.3023e-05 
0.000791763 8.10168e-05 5.43363e-05 
0.000806712 0.000253727 4.64465e-05 
0.000698646 0.000279957 7.41572e-05 
0.000831165 0.000152929 2.25254e-05 
0.000570978 0.000382631 5.77934e-05 
0.000982125 0.000174373 1.78724e-05 
0.000153864 0.000139463 2.01361e-05 
0.000481785 5.43324e-05 8.57019e-05 
0.000277864 2.38465e-05 5.58927e-05 
2.0413e-05 0.000212166 2.04106e-05 
0.000642107 0.000318262 6.47874e-05 
0.00027408 0.0002001 2.09009e-05 
0.000705885 0.000218764 7.48201e-05 
0.000579755 4.34629e-05 8.47401e-05 
0.000536827 0.00012821 5.85207e-05 
0.000276433 0.000246312 6.42343e-05 
0.000922461 0.000170559 4.48283e-05 
0.000881637 0.000269686 9.49047e-05 
0.000583591 5.2818e-05 2.39507e-05 
4.63745e-05 0.000234458 4.73467e-05 
0.000192713 0.000363249 8.48874e-05 
0.000835675 0.000192273 3.18759e-05 
5.81272e-05 6.39545e-05 6.10242e-05 
0.000234268 0.000417496 2.96328e-05 
0.000687049 9.69399e-05 7.72741e-05 
2.27447e-05 0.000328532 8.15142e-05 
0.000554017 0.000127705 2.19816e-05 
0.000756696 6.1219e-05 4.14137e-05 
0.000958749 0.000377818 4.96821e-05 
0.000476943 0.000479705 2.02971e-05 
0.000383254 1.88591e-05 1.88478e-05 
0.000977326 3.61839e-05 2.2671e-05 
0.000311767 2.52932e-05 9.0049e-05 
0.000455636 0.000348888 1.8264e-05 
0.000978446 0.000352179 2.1548e-05 
0.000363088 0.00013843 8.92888e-05 
0.000801773 0.00047863 9.21809e-05 
0.000464842 8.37988e-05 7.66657e-05 
0.000155705 0.000202265 8.3097e-05 
0.000918727 0.000259574 7.22339e-05 
0.000523524 0.00033908 2.43855e-05 
5.27863e-05 0.000104295 6.32545e-05 
0.000116538 0.000103848 1.70138e-05 
0.000163364 0.000477671 2.2329e-05 
0.000902055 0.000368952 7.59026e-05 
0.000489724 6.91906e-05 5.48474e-05 
0.000742432 0.000297779 9.89387e-05 
0.000949259 0.000356805 8.34648e-05 
0.000324662 0.000468194 9.45982e-05 
9.01172e-05 9.34632e-05 5.6204e-05 
0.000744112 0.000110455 7.32768e-05 
0.00036529 0.000207121 2.63265e-05 
0.000526223 0.000434709 3.79802e-05 
0.000217534 0.000479449 2.0547e-05 
9.42609e-05 0.000350605 2.2308e-05 
0.000117243 0.000290104 6.71696e-05 
0.000315415 0.000220089 2.52167e-05 
0.000244059 0.000225759 7.03214e-05 
0.00088854 0.000203689 4.80153e-05 
0.000128748 2.22775e-05 6.77475e-05 
0.000933534 0.000291767 6.25398e-05 
1.80714e-05 8.27811e-05 4.82875e-05 
0.000937421 0.000197494 1.8351e-05 
0.000894076 0.000239079 5.54405e-05 
0.000498003 0.000141599 6.06415e-05 
0.000881186 0.000470575 2.94245e-05 
0.000507947 0.000305334 8.06193e-05 
8.96746e-05 0.000462235 4.74711e-05 
0.00075259 0.000408242 1.96554e-05 
0.000300334 0.000482316 6.44635e-05 
0.000756525 0.000352817 2.09863e-05 
0.000697448 1.72503e-05 1.72494e-05 
0.000634243 5.83266e-05 1.92763e-05 
0.000196383 0.000358596 4.64463e-05 
0.000266015 0.000151934 6.15676e-05 
0.000340797 0.000160565 5.13788e-05 
0.000470767 0.000287896 8.69159e-05 
0.000561881 0.000274947 1.75455e-05 
0.000288935 1.7553e-05 1.75523e-05 
0.000429545 0.000236222 1.84385e-05 
0.000156324 0.000361001 7.10367e-05 
0.000858357 0.000239775 3.95343e-05 
0.000655465 1.79778e-05 1.7977e-05 
0.000243116 0.000302586 6.74697e-05 
0.00040309 0.00048179 5.17135e-05 
0.0007276 2.23826e-05 5.88598e-05 
0.00097925 0.000446841 2.07509e-05 
0.000834865 0.000268054 2.08963e-05 
0.000442242 6.03758e-05 5.52858e-05 
0.000194004 0.000151414 2.17756e-05 
0.000945048 8.09613e-05 8.39819e-05 
0.000350564 0.000289236 1.72426e-05 
0.00013195 0.000426531 1.75956e-05 
0.000107733 0.000283947 2.56071e-05 
0.000371253 0.000189415 6.75136e-05 
0.000784266 0.000234967 1.98251e-05 
0.000509805 5.14806e-05 1.7484e-05 
0.000768093 9.28174e-05 1.93027e-05 
0.000338877 0.000441206 6.46901e-05 
0.000922698 1.80079e-05 6.74414e-05 
0.000938063 0.000117232 1.90733e-05 
0.000469241 0.000358492 7.6665e-05 
0.000954416 0.000137344 8.88942e-05 
0.000699531 0.000416996 8.34597e-05 
1.84747e-05 0.000163493 1.8474e-05 
0.000504492 3.2109e-05 5.34711e-05 
0.000272277 0.000381836 1.88566e-05 
0.00012844 8.17539e-05 7.3999e-05 
0.000198027 0.00033977 1.7376e-05 
0.00079511 0.00042775 1.79406e-05 
0.000852982 0.000113014 3.16822e-05 
0.000308655 0.000353716 7.2e-05 
0.000545216 0.000256589 4.2002e-05 
0.000777143 4.0565e-05 1.70277e-05 
0.000661371 0.000109101 4.59005e-05 
0.000658413 0.000162038 2.0464e-05 
5.24475e-05 0.000380298 8.67204e-05 
0.000153508 0.000481013 8.50791e-05 
0.000659417 0.000465571 1.70773e-05 
6.03119e-05 0.000476287 2.19696e-05 
0.00010142 0.000320509 4.65603e-05 
0.000891103 0.00017564 9.16541e-05 
0.000567094 0.000275473 6.30328e-05 
0.000580563 0.000100325 9.06064e-05 
2.00088e-05 0.000481268 1.87241e-05 
0.000783411 0.000325797 4.16696e-05 
8.97189e-05 2.15509e-05 5.96593e-05 
0.000473247 0.000225114 8.52967e-05 
0.00036886 0.00047653 2.34649e-05 
1.8098e-05 0.000406561 6.67536e-05 
0.000354999 0.000377149 6.06295e-05 
2.18978e-05 0.000299485 2.18929e-05 
0.000831094 2.77485e-05 0.000100252 
0.000245928 0.000268463 4.1073e-05 
0.000365972 0.000365137 2.06425e-05 
0.000930436 7.19812e-05 1.79168e-05 
0.000273233 9.69368e-05 1.78373e-05 
