0.000840851 0.00042062 3.10548e-05 
7.67729e-05 0.000296195 6.08433e-05 
0.00053592 0.000223805 8.95082e-05 
0.000321666 0.000251052 6.25529e-05 
0.000691102 0.00033271 6.74695e-05 
0.000369271 6.07791e-05 7.50404e-05 
0.000755836 0.00019557 3.09898e-05 
0.000885998 0.000288148 3.57905e-05 
0.000519585 4.37676e-05 9.68772e-05 
0.000776267 0.000235808 8.48406e-05 
0.000632982 0.00036606 2.42407e-05 
0.00018197 0.000381474 1.9744e-05 
0.000831786 0.000285975 7.44614e-05 
0.000200029 0.000211263 6.90517e-05 
0.000487735 0.000382211 3.62768e-05 
0.000810159 0.00015593 6.27691e-05 
0.000444086 0.000341776 5.70366e-05 
0.000231929 0.000362066 2.52289e-05 
0.000529661 0.000159891 4.33456e-05 
0.000887411 0.00023577 1.89333e-05 
0.000920956 0.000330607 6.20613e-05 
0.000416703 0.000305517 5.72952e-05 
0.000941611 5.28663e-05 5.30861e-05 
0.000838663 4.88742e-05 6.89801e-05 
0.000687751 9.0716e-05 2.14037e-05 
0.000273778 0.000299247 2.06131e-05 
8.47661e-05 0.000230599 8.59708e-05 
0.000564784 0.000234971 1.97554e-05 
0.000160286 9.08698e-05 2.98305e-05 
0.000962525 0.000454009 0.000102374 
0.00051776 0.000214843 3.31014e-05 
0.000965318 0.000217844 5.69681e-05 
0.000893269 0.000135136 2.57051e-05 
0.00077442 2.10015e-05 4.94342e-05 
6.62652e-05 0.000260753 2.19109e-05 
0.000748572 0.000347909 9.24951e-05 
0.000617714 0.000440597 9.30138e-05 
0.000310757 0.000171428 0.000100269 
0.000334477 0.000205471 6.56814e-05 
0.000327985 0.000182576 1.87164e-05 
0.000296476 0.000299816 7.64891e-05 
0.000477432 0.000306416 3.28597e-05 
0.000461768 2.31829e-05 6.83635e-05 
0.000339177 0.000100398 5.55734e-05 
0.000977419 0.000398209 2.17994e-05 
0.000599027 0.000481874 5.57404e-05 
0.000541011 0.000351302 7.87399e-05 
0.000724314 0.000168544 6.57005e-05 
0.000395017 0.000231173 6.35164e-05 
0.000393258 0.000279447 9.78888e-05 
0.000269967 0.000377817 8.52189e-05 
0.000575971 0.000156296 5.00124e-05 
0.000798246 5.0294e-05 9.12673e-05 
0.000840003 0.000461133 7.4327e-05 
9.2546e-05 6.23209e-05 8.10989e-05 
0.00019262 0.000110078 8.23231e-05 
0.000972463 8.61503e-05 2.75339e-05 
0.000513907 0.000418147 8.26932e-05 
0.000213261 0.000101751 2.45085e-05 
0.00036782 0.000418564 3.12577e-05 
0.000482166 0.000165201 2.60585e-05 
0.000283227 0.000411654 4.80134e-05 
0.000586322 0.00035496 2.37136e-05 
0.000801741 0.000190801 1.71776e-05 
0.000542959 7.6489e-05 5.75783e-05 
0.000240516 6.91933e-05 6.20608e-05 
0.00051388 0.00047787 1.73975e-05 
0.000396151 6.68725e-05 3.08133e-05 
0.000968591 0.000172082 6.25068e-05 
0.000892337 0.000185033 1.93955e-05 
0.000592461 0.000403092 7.57795e-05 
0.000623003 0.00013342 7.20522e-05 
0.000398711 0.000359171 6.6631e-05 
0.000692144 0.000383518 4.80025e-05 
0.000650792 6.71882e-05 6.27234e-05 
0.000151154 4.8291e-05 7.30072e-05 
0.000862785 0.00016332 5.89704e-05 
0.000445586 0.000113439 3.66385e-05 
0.000617152 0.00019951 8.12573e-05 
0.000710586 0.000127291 4.65116e-05 
0.000786202 0.000151634 2.30084e-05 
6.0225e-05 0.000342677 5.88604e-05 
0.000172016 0.000391117 5.39931e-05 
0.000428009 0.000439207 6.81321e-05 
0.000581027 0.000236292 5.92119e-05 
0.000790358 0.000383958 5.13952e-05 
2.99171e-05 0.00043414 2.99129e-05 
0.000346728 0.000278281 7.74137e-05 
0.000178627 0.000429057 2.88127e-05 
0.000149998 0.000275992 2.03549e-05 
0.000276993 5.6726e-05 2.32756e-05 
0.000819874 0.000474151 2.58483e-05 
0.000678653 0.000138701 7.75615e-05 
0.000980946 0.000295151 1.74972e-05 
0.000131822 0.000255239 5.61227e-05 
0.000869619 0.000335986 8.45946e-05 
0.000209824 2.35663e-05 6.27133e-05 
0.000923174 0.000208051 8.30387e-05 
0.000355313 0.000324771 7.87821e-05 
0.000419492 0.000185615 3.29366e-05 
0.000561098 0.000418845 5.7971e-05 
0.00077434 0.000474995 2.00576e-05 
0.000727861 0.000364348 4.99941e-05 
0.000784804 0.000119112 8.80514e-05 
0.0004214 2.50289e-05 1.93648e-05 
0.000819701 2.92598e-05 2.92582e-05 
0.000294536 6.98139e-05 6.35639e-05 
0.000729295 0.000248236 7.26456e-05 
7.73678e-05 0.000215587 2.46834e-05 
0.00068448 0.00018315 6.34538e-05 
0.000614647 0.000176044 2.64941e-05 
0.000400673 0.000270637 2.69521e-05 
0.000971749 0.000263672 7.12132e-05 
0.00065009 0.000276726 7.76086e-05 
0.000934856 0.000244009 3.02679e-05 
0.000597689 0.00013234 2.07356e-05 
8.80117e-05 0.000417915 3.03983e-05 
0.000133491 0.000436499 6.90461e-05 
0.000489812 0.000275763 7.05673e-05 
8.5193e-05 0.000165668 6.99032e-05 
0.000689969 0.000482755 1.72096e-05 
0.000644845 0.000384381 8.11928e-05 
0.000125392 0.000200762 4.32084e-05 
0.000311031 0.00027405 2.45242e-05 
0.000513308 0.000267585 2.13835e-05 
0.000765978 0.000178808 8.38119e-05 
0.0002383 0.000448365 7.12827e-05 
0.000977319 2.52709e-05 6.79859e-05 
0.000676932 0.000354997 2.10525e-05 
0.000229114 0.000226048 2.76746e-05 
0.000910173 0.000404388 3.66608e-05 
0.000413921 2.49838e-05 6.31048e-05 
0.000689014 3.12795e-05 5.15049e-05 
0.00076851 0.000475776 7.10531e-05 
0.000534914 0.000391601 6.008e-05 
0.000459026 0.000165289 8.51284e-05 
0.000659752 0.000214214 3.29394e-05 
0.000416121 0.000105222 9.80503e-05 
0.000267281 0.000468755 3.12443e-05 
0.000979279 0.000393371 8.28712e-05 
0.000163509 0.000161895 6.61859e-05 
0.000906271 9.69515e-05 4.06755e-05 
0.000648457 0.00032137 2.30553e-05 
0.000362994 0.000411412 8.52028e-05 
0.000317262 0.000401034 7.72921e-05 
0.000870235 0.000123467 7.77078e-05 
0.000187005 0.000241185 1.80799e-05 
0.000690891 0.000432294 3.07174e-05 
5.58898e-05 2.89713e-05 2.8969e-05 
0.000543129 2.52999e-05 2.53005e-05 
0.000718998 0.000298243 2.06403e-05 
0.000883291 4.42289e-05 3.64776e-05 
0.000215119 0.000268942 1.8352e-05 
0.000915179 0.000130111 7.21593e-05 
0.00029866 0.000170172 4.71125e-05 
0.000805242 0.000335986 8.70825e-05 
0.000526407 0.000267186 7.34279e-05 
0.000731215 0.000287215 5.70406e-05 
0.000200938 0.000322179 7.02968e-05 
0.000796728 0.000441729 5.42553e-05 
0.000823804 0.000224057 2.07609e-05 
0.000598268 0.000405726 2.86321e-05 
2.61566e-05 0.000117926 2.61556e-05 
0.000469634 0.000322605 8.09488e-05 
0.000451937 0.000471677 4.98971e-05 
5.00439e-05 0.000396215 5.19728e-05 
0.000380175 0.000321654 2.80195e-05 
0.000553515 0.000419792 1.91511e-05 
0.000266449 0.000116935 4.95031e-05 
0.000910348 7.46577e-05 7.43388e-05 
0.000612488 0.000253806 8.52654e-05 
0.000804521 0.000206437 6.10559e-05 
0.000434589 0.000375156 3.92084e-05 
0.000248593 0.000122372 1.70688e-05 
0.000745084 2.03281e-05 2.03291e-05 
0.000398097 0.000139111 1.98863e-05 
0.000353079 0.00025339 2.09454e-05 
0.000257317 0.000336212 5.56766e-05 
0.000719229 8.02625e-05 5.62222e-05 
0.000768049 0.000316836 1.85839e-05 
0.000867167 0.000412818 7.94269e-05 
0.0006385 0.000126946 2.04333e-05 
0.000617327 2.20131e-05 3.55213e-05 
0.000330643 0.000476909 1.70346e-05 
0.000580079 0.000113406 4.92902e-05 
0.00012495 0.000126589 5.53961e-05 
0.000194632 0.000471909 6.26653e-05 
0.000192955 6.48229e-05 5.18967e-05 
2.57366e-05 4.79225e-05 6.53608e-05 
6.37339e-05 0.000311802 2.25121e-05 
0.000678688 0.000246093 6.98813e-05 
2.25262e-05 0.000476724 5.96029e-05 
0.000758274 0.000426129 6.38295e-05 
0.000445281 0.000259882 6.19704e-05 
0.000623575 0.000456124 2.08337e-05 
0.000837183 7.23531e-05 3.47314e-05 
0.000301119 0.000127798 2.42612e-05 
0.000928069 0.000461784 2.46531e-05 
0.000631276 0.000477948 7.94073e-05 
0.000196425 0.00041699 7.96601e-05 
0.000963368 0.000482859 1.71391e-05 
0.000831659 0.000334237 3.29546e-05 
6.09994e-05 0.000436749 8.25207e-05 
0.000457217 0.000434972 2.56007e-05 
0.000779252 0.000116598 4.70341e-05 
0.000743037 0.000323889 4.75916e-05 
0.00061019 0.000298732 8.81668e-05 
0.000121904 0.000460781 2.16539e-05 
0.000761745 0.000239542 5.05486e-05 
0.000811361 0.000101314 2.29192e-05 
0.000727996 0.00040379 5.09785e-05 
0.00047282 0.000426951 6.87405e-05 
0.00055911 0.000152974 8.61148e-05 
0.000338044 0.000147305 1.79663e-05 
0.000610691 0.000279688 3.39225e-05 
0.000187451 0.000267986 5.80944e-05 
0.000499179 0.000106144 7.02313e-05 
0.000566784 0.000191061 2.24172e-05 
0.000438445 0.000482273 1.77333e-05 
0.000511301 0.000183674 7.62254e-05 
0.000750549 0.000126948 2.04367e-05 
0.000225233 0.000179205 1.94786e-05 
0.0001032 0.000427996 0.000111299 
0.00050091 0.00033815 6.40517e-05 
4.68491e-05 0.000190111 5.21734e-05 
0.000674551 0.000275514 3.01802e-05 
0.000578968 2.08463e-05 5.26804e-05 
0.00013324 0.000377489 3.02609e-05 
3.03159e-05 0.00027634 6.91196e-05 
0.000380797 0.000448704 6.73851e-05 
0.000537005 0.000297441 1.72972e-05 
0.000843722 8.69283e-05 7.74129e-05 
0.000728786 9.3199e-05 1.97365e-05 
7.79967e-05 0.000172212 1.90553e-05 
5.97572e-05 0.00037757 1.99498e-05 
0.000271834 0.000205998 8.25224e-05 
0.000971303 0.000210623 2.00958e-05 
0.000273984 0.000245271 2.15249e-05 
0.000832291 0.000181602 9.52469e-05 
0.00088749 0.000348081 2.51035e-05 
0.000676358 0.00012848 1.75611e-05 
2.25662e-05 0.000252486 2.25671e-05 
0.000715942 0.000236841 2.65787e-05 
0.000111196 0.000243012 1.92054e-05 
0.000944337 0.000152254 1.71497e-05 
0.000890833 0.000445817 6.66366e-05 
0.000418985 0.000406927 2.19549e-05 
0.00010781 5.95187e-05 3.13138e-05 
0.000573494 0.000314947 6.20314e-05 
0.000862264 0.000208073 1.8459e-05 
0.000249303 0.000188817 4.87815e-05 
2.11351e-05 0.000367729 5.75139e-05 
0.000776748 0.000277258 6.71459e-05 
0.000240523 2.50582e-05 2.50549e-05 
0.000792134 6.70589e-05 3.32538e-05 
0.000253625 0.00026968 8.25107e-05 
0.000287423 0.000444518 7.36158e-05 
0.000703115 0.000175435 2.56862e-05 
0.000364084 0.000122448 1.80326e-05 
0.000963076 0.000418622 5.53666e-05 
0.00016699 0.00018136 2.17743e-05 
0.000137002 0.000321232 2.09976e-05 
0.000978653 0.000120242 6.2014e-05 
0.000210362 5.78058e-05 1.97789e-05 
0.000978448 0.000134505 2.15525e-05 
0.000799173 0.000287848 2.4333e-05 
0.000395511 0.000481842 9.03076e-05 
7.89412e-05 0.00012657 2.73446e-05 
0.000440641 0.000390723 7.90594e-05 
0.000129261 0.000316593 8.00895e-05 
0.000463201 2.2767e-05 2.26025e-05 
0.000939539 0.000391112 8.19429e-05 
0.000934596 0.000352672 2.2308e-05 
0.000228692 0.000310705 2.62433e-05 
0.000354116 0.000239885 8.54068e-05 
0.000821768 0.000417614 7.6148e-05 
0.000973257 0.000469021 5.7591e-05 
0.000229793 0.000139755 4.81767e-05 
0.000400362 0.000194711 0.00011588 
0.000115282 0.000157527 2.08338e-05 
0.00027979 0.00033954 2.01103e-05 
0.000369898 1.97724e-05 7.27345e-05 
0.000643835 0.000439926 5.71187e-05 
2.02778e-05 0.000385833 2.02781e-05 
0.000525411 0.000482672 4.98026e-05 
0.000972972 0.000324365 6.03266e-05 
0.000600568 0.000444205 5.7623e-05 
0.000941598 0.000306867 2.40376e-05 
0.000370191 0.000164668 1.80015e-05 
0.000598996 6.32122e-05 6.8216e-05 
0.000879752 9.03994e-05 6.33123e-05 
0.000933805 2.11437e-05 2.11457e-05 
0.000444905 5.7677e-05 1.71704e-05 
0.000681112 0.000472167 7.24508e-05 
0.000699428 5.51978e-05 8.91158e-05 
0.000760416 0.000441099 2.91819e-05 
0.000333073 3.63799e-05 3.53009e-05 
0.000350413 0.000473709 6.25052e-05 
0.000672071 5.17089e-05 2.06406e-05 
0.000324685 0.00032618 2.72757e-05 
0.000487856 7.67674e-05 3.55167e-05 
0.000107367 0.000363413 8.1635e-05 
0.000224322 0.000383239 6.44273e-05 
0.000508002 0.000117167 2.66768e-05 
1.92724e-05 6.48427e-05 2.48634e-05 
0.000502221 1.71882e-05 1.71849e-05 
0.000834282 0.000377797 8.5897e-05 
0.000308837 8.35183e-05 1.85951e-05 
4.60482e-05 0.000189003 1.70878e-05 
0.000163428 0.000226875 5.34023e-05 
0.000567944 0.000316592 1.90544e-05 
0.000426729 0.000326792 9.61067e-05 
0.000465616 0.000210097 2.06985e-05 
0.000819057 0.000115299 6.80797e-05 
0.000844516 0.000237992 8.10596e-05 
0.000180675 0.000305463 2.22251e-05 
0.00061379 0.000330344 4.20363e-05 
0.000538967 1.9876e-05 6.99527e-05 
0.000642182 0.00042108 1.88807e-05 
0.000856186 1.83606e-05 8.13422e-05 
0.000314861 0.000438296 2.5535e-05 
0.000427804 0.000309148 1.87674e-05 
0.000973453 6.64476e-05 7.66936e-05 
0.000319741 0.000382251 2.90381e-05 
2.20534e-05 0.000209278 7.38463e-05 
0.000127456 0.000152047 9.39091e-05 
0.00016669 0.000341017 4.27114e-05 
0.00094066 9.56315e-05 5.97715e-05 
0.000410912 0.00045187 2.37302e-05 
0.000474294 0.000207779 5.75907e-05 
7.62734e-05 0.000482604 7.70059e-05 
0.000490598 0.000470082 7.1895e-05 
0.00086114 0.000376392 5.15109e-05 
0.000136556 0.000482501 5.07495e-05 
0.000149531 0.000235884 1.97597e-05 
0.00049882 0.000448039 2.96238e-05 
0.000763529 4.6226e-05 7.6788e-05 
0.000755725 0.000150196 5.16812e-05 
0.000261553 0.000159034 2.21469e-05 
0.000474584 0.00025283 2.03988e-05 
0.000574129 9.32177e-05 1.79223e-05 
0.00080563 1.87231e-05 7.38986e-05 
0.000605824 0.00022434 2.2745e-05 
0.000715913 0.000339622 2.08471e-05 
0.000880325 9.4704e-05 1.75264e-05 
0.000166745 3.06362e-05 3.0623e-05 
0.000611206 2.10595e-05 7.81435e-05 
0.000598477 0.000351852 6.99676e-05 
0.000715825 5.24192e-05 2.31993e-05 
0.000211658 0.000165737 8.33114e-05 
0.000552593 0.000463164 2.45743e-05 
0.000753959 0.000270599 2.40618e-05 
0.000730716 0.000473252 3.69345e-05 
0.000545651 0.000378355 2.32145e-05 
0.00061355 9.30222e-05 2.16747e-05 
0.00078627 0.000421378 8.77147e-05 
0.000535211 0.000298488 5.25014e-05 
0.000763603 0.000393623 9.44017e-05 
2.38153e-05 0.000341419 2.26361e-05 
0.000665607 0.00039242 1.81469e-05 
0.000559479 0.000468517 7.84446e-05 
0.000152129 0.000300119 5.03693e-05 
0.000382702 0.000153535 5.39865e-05 
0.000923437 0.000474253 7.32675e-05 
0.000721507 0.000383883 1.84419e-05 
5.84485e-05 8.07392e-05 2.30417e-05 
0.000652898 1.83918e-05 5.43363e-05 
0.00059221 0.000480854 1.91299e-05 
0.000565774 0.000195846 6.5274e-05 
0.000405012 0.000403319 5.83948e-05 
0.000171088 1.83608e-05 7.78418e-05 
0.000198419 0.000177201 4.42981e-05 
0.000406947 0.000360167 1.96263e-05 
0.000390427 0.000113277 5.26642e-05 
0.000499943 0.000349988 9.7414e-05 
0.000796436 8.267e-05 6.88187e-05 
0.000808316 0.000251008 4.67053e-05 
0.000696738 0.000280991 7.55215e-05 
0.000831671 0.000148967 2.25285e-05 
0.000571474 0.000378008 5.6551e-05 
0.00098002 0.000173733 1.78722e-05 
0.000152373 0.000140139 2.0136e-05 
0.000481345 4.13212e-05 9.88804e-05 
0.000276993 2.43275e-05 5.61048e-05 
2.04109e-05 0.00021096 3.34228e-05 
0.000641184 0.000315948 6.42896e-05 
0.000276549 0.000199965 2.09014e-05 
0.000700567 0.000235654 9.72458e-05 
0.000569416 3.84562e-05 8.69708e-05 
0.000537637 0.00012622 7.69052e-05 
0.000279285 0.000247265 6.40682e-05 
0.000921493 0.000169068 4.45248e-05 
0.000883088 0.000273764 9.61406e-05 
0.000585858 5.34531e-05 2.39506e-05 
4.71314e-05 0.000233576 4.79322e-05 
0.000198294 0.000365321 8.87851e-05 
0.000834548 0.000188408 3.21157e-05 
5.85075e-05 7.16897e-05 6.36383e-05 
0.000235747 0.000416705 2.96314e-05 
0.000687366 9.77051e-05 7.58525e-05 
2.27438e-05 0.00033564 8.80929e-05 
0.000555181 0.000128103 2.19811e-05 
0.000755034 6.03532e-05 4.17975e-05 
0.000957574 0.000374785 5.20481e-05 
0.000476299 0.000479612 2.02998e-05 
0.000383269 1.88614e-05 1.88527e-05 
0.000977323 2.59954e-05 2.26712e-05 
0.000310663 2.52941e-05 9.04964e-05 
0.000447731 0.000349431 1.82638e-05 
0.000978453 0.000353105 2.15476e-05 
0.000354368 0.000144272 8.52043e-05 
0.000802375 0.000478615 0.000101508 
0.00046476 8.75738e-05 8.0555e-05 
0.000153643 0.000205308 8.43767e-05 
0.000918283 0.000257828 7.37964e-05 
0.00052678 0.000335381 3.12137e-05 
5.22561e-05 0.000111866 6.64192e-05 
0.000116594 0.000105492 1.70138e-05 
0.000164037 0.000477609 2.23204e-05 
0.000907444 0.00038112 8.94412e-05 
0.00049267 6.73279e-05 7.16382e-05 
0.000742209 0.000293264 9.90528e-05 
0.000949446 0.000354733 8.67667e-05 
0.000320973 0.000464885 9.41803e-05 
8.80913e-05 9.52064e-05 5.77146e-05 
0.000745135 0.000124249 7.82693e-05 
0.0003645 0.000207833 2.63276e-05 
0.000526445 0.000444912 5.32846e-05 
0.000217743 0.000479452 2.05507e-05 
9.02043e-05 0.000348363 2.23074e-05 
0.000108104 0.000282442 7.81612e-05 
0.000315549 0.00022421 2.52164e-05 
0.000235552 0.000226473 8.66232e-05 
0.000881383 0.000204681 5.01473e-05 
0.000121083 2.22775e-05 6.74928e-05 
0.000933663 0.000288917 6.16914e-05 
1.80682e-05 8.92581e-05 5.88438e-05 
0.000935376 0.000196873 1.83511e-05 
0.000893928 0.000238691 5.50588e-05 
0.000505124 0.000137852 8.89515e-05 
0.00087492 0.000470574 2.94248e-05 
0.000511365 0.000306338 8.91549e-05 
9.32219e-05 0.000462971 5.09236e-05 
0.000752641 0.000405816 1.9656e-05 
0.000291065 0.000482315 7.17969e-05 
0.000755142 0.000354164 2.09884e-05 
0.000693717 1.72517e-05 1.72491e-05 
0.000632506 5.68045e-05 1.92757e-05 
0.000196578 0.000363777 4.88122e-05 
0.000255575 0.000139977 8.01361e-05 
0.000345161 0.000166933 4.95544e-05 
0.00046296 0.000290323 9.44765e-05 
0.000562299 0.000273478 1.75454e-05 
0.00028698 1.7554e-05 1.75517e-05 
0.000438322 0.000238053 1.84374e-05 
0.000160359 0.0003698 8.09169e-05 
0.00085754 0.000236531 4.39293e-05 
0.00065346 1.79774e-05 1.79776e-05 
0.000247969 0.000316881 8.97278e-05 
0.000398699 0.000477911 5.4268e-05 
0.000729622 2.23883e-05 6.00949e-05 
0.000967507 0.000439595 2.07515e-05 
0.000837152 0.000263521 2.08984e-05 
0.000441302 6.20882e-05 6.2755e-05 
0.000193866 0.00014582 2.17765e-05 
0.000938524 8.57028e-05 9.41321e-05 
0.000348922 0.000289318 3.32209e-05 
0.000133911 0.000423634 1.75963e-05 
0.000105683 0.00028703 2.56074e-05 
0.000375009 0.000189799 6.64526e-05 
0.000782799 0.000237179 1.98285e-05 
0.000507599 5.14443e-05 1.74843e-05 
0.00076777 9.11654e-05 1.93018e-05 
0.000335384 0.000436954 6.52451e-05 
0.000920867 1.80072e-05 6.59456e-05 
0.000933954 0.000117602 1.90732e-05 
0.000469672 0.00035864 8.11361e-05 
0.000957433 0.000137082 9.03757e-05 
0.000698259 0.000414942 8.29433e-05 
2.29597e-05 0.000161791 1.84739e-05 
0.000503142 3.36627e-05 5.28793e-05 
0.000272901 0.000374665 3.55077e-05 
0.000130162 8.21241e-05 7.40699e-05 
0.000195184 0.00034199 1.73743e-05 
0.000789621 0.000424028 1.79406e-05 
0.000852417 0.000112518 4.23792e-05 
0.000314612 0.000353945 7.12533e-05 
0.00054468 0.00025643 4.22805e-05 
0.000776159 4.08308e-05 1.70279e-05 
0.000663075 0.000110507 4.63823e-05 
0.000659173 0.000162279 2.04667e-05 
6.05841e-05 0.00038303 8.89614e-05 
0.000174883 0.000481012 0.000104412 
0.000659967 0.000466092 1.70785e-05 
6.49755e-05 0.000471562 2.197e-05 
0.000109088 0.000323934 4.66376e-05 
0.000876352 0.000169146 0.000101028 
0.000564368 0.000273431 6.68079e-05 
0.000593158 9.56359e-05 9.63478e-05 
2.55941e-05 0.000481275 1.87238e-05 
0.000784185 0.000316342 5.03785e-05 
8.16309e-05 2.7991e-05 6.77459e-05 
0.000466168 0.000224446 8.65454e-05 
0.000370655 0.00047653 2.34666e-05 
1.81041e-05 0.00040573 6.67762e-05 
0.000356616 0.000378627 5.93553e-05 
2.18933e-05 0.000296936 2.18938e-05 
0.000825993 2.0663e-05 0.000104968 
0.000246033 0.000269574 4.39732e-05 
0.000366527 0.000367778 2.06432e-05 
0.000925342 7.79907e-05 1.79168e-05 
0.000272843 9.72704e-05 1.78376e-05 
