0.000843792 0.000421701 3.10528e-05 
7.89602e-05 0.000293406 6.11513e-05 
0.000533554 0.000222068 8.98135e-05 
0.000318726 0.000248782 6.20409e-05 
0.0006923 0.000332007 6.75188e-05 
0.000367819 6.28578e-05 7.38331e-05 
0.000755477 0.000195093 3.09908e-05 
0.000885806 0.000288065 3.57906e-05 
0.000516014 3.88132e-05 9.45533e-05 
0.000775328 0.000235833 8.58384e-05 
0.000633803 0.000365972 2.4239e-05 
0.000185141 0.000381762 1.97434e-05 
0.000830735 0.000286698 7.63049e-05 
0.000202529 0.000214719 7.23071e-05 
0.000489259 0.00038751 3.62704e-05 
0.000809119 0.000158051 6.2695e-05 
0.000442698 0.000341004 5.50979e-05 
0.000232487 0.000362707 2.52289e-05 
0.000524803 0.00016083 3.53024e-05 
0.000890443 0.000235889 1.89346e-05 
0.000918696 0.000332467 6.15172e-05 
0.000418004 0.000300268 5.59535e-05 
0.00094315 5.24934e-05 5.3554e-05 
0.000838812 5.48912e-05 6.5554e-05 
0.000688059 9.12823e-05 2.14029e-05 
0.000276041 0.000302447 2.06131e-05 
8.35886e-05 0.000231277 8.53465e-05 
0.000564085 0.000233658 1.97553e-05 
0.000159782 9.08107e-05 2.98307e-05 
0.000951209 0.000441506 8.91946e-05 
0.000514831 0.000217054 3.31036e-05 
0.000969798 0.000220499 5.6785e-05 
0.000897167 0.000134313 2.57045e-05 
0.000774954 2.10018e-05 4.95749e-05 
6.67401e-05 0.000260189 2.191e-05 
0.000745355 0.000352871 9.48275e-05 
0.00061697 0.000436483 9.16515e-05 
0.000312843 0.000159994 9.75643e-05 
0.000330762 0.00020054 6.66186e-05 
0.000330711 0.000179322 1.87162e-05 
0.000295079 0.000298433 7.68193e-05 
0.000476516 0.00030482 3.28586e-05 
0.000462566 2.31828e-05 6.83843e-05 
0.000336691 0.000102757 5.67012e-05 
0.000978158 0.00040437 2.1803e-05 
0.000598009 0.000481877 5.61239e-05 
0.000540668 0.000352086 7.48595e-05 
0.000724734 0.00017371 6.57857e-05 
0.000395302 0.000228812 6.49392e-05 
0.000385427 0.000279889 9.33777e-05 
0.000266327 0.000383397 7.97782e-05 
0.000574666 0.0001566 4.95668e-05 
0.000796816 5.33182e-05 8.21191e-05 
0.000844658 0.000462771 7.37969e-05 
9.17794e-05 6.05864e-05 8.04401e-05 
0.000193003 0.000110404 8.16273e-05 
0.000972409 8.68522e-05 2.75349e-05 
0.000513114 0.000424603 7.63283e-05 
0.000212817 0.000101385 2.45085e-05 
0.000367119 0.00041613 3.12562e-05 
0.000476136 0.000168321 2.60587e-05 
0.000284176 0.000413854 4.15795e-05 
0.000586864 0.000355896 2.37082e-05 
0.000802105 0.000190764 1.71766e-05 
0.000542098 7.48017e-05 6.0118e-05 
0.000240219 6.89394e-05 6.08859e-05 
0.000514529 0.000479931 1.73978e-05 
0.000396873 6.73873e-05 3.08108e-05 
0.000970264 0.00017226 6.24005e-05 
0.000890219 0.000178427 1.93949e-05 
0.000594759 0.00040575 7.59201e-05 
0.000620626 0.000131906 7.1854e-05 
0.000398083 0.000359195 6.65798e-05 
0.000693692 0.000382939 4.63382e-05 
0.00065216 6.49005e-05 6.35212e-05 
0.000156146 5.30185e-05 7.26248e-05 
0.000865871 0.000164054 5.68e-05 
0.000445134 0.000114858 3.6641e-05 
0.000617398 0.000198114 8.16285e-05 
0.00070876 0.000127287 4.73406e-05 
0.000785711 0.000151068 2.30055e-05 
6.0355e-05 0.000342456 5.51147e-05 
0.00017579 0.000390543 5.43913e-05 
0.000424324 0.000439829 6.90289e-05 
0.000580561 0.000236338 5.90505e-05 
0.000792261 0.000385317 4.79973e-05 
2.99131e-05 0.00043488 2.99143e-05 
0.000346588 0.000277233 5.08175e-05 
0.00017724 0.000428812 2.88212e-05 
0.000152091 0.000273613 2.03553e-05 
0.000277889 5.64123e-05 2.32763e-05 
0.000822347 0.000474151 2.58491e-05 
0.000668146 0.000147231 5.54858e-05 
0.000980947 0.000295151 1.74972e-05 
0.000132477 0.000252801 5.60442e-05 
0.000868055 0.000335722 8.59532e-05 
0.000209218 2.35548e-05 6.16812e-05 
0.000927112 0.000210215 8.21981e-05 
0.00035203 0.000327316 7.5372e-05 
0.000419742 0.000184221 3.29443e-05 
0.00056385 0.000422125 5.78606e-05 
0.000777043 0.000478839 2.00574e-05 
0.000729815 0.000365078 4.88356e-05 
0.000791668 0.000123814 8.61422e-05 
0.00042108 2.4709e-05 1.93649e-05 
0.000820172 2.92582e-05 2.92564e-05 
0.000294104 6.92502e-05 6.4197e-05 
0.000730403 0.000250023 7.0787e-05 
7.60938e-05 0.000214624 2.46863e-05 
0.000681122 0.000179915 6.23934e-05 
0.000614196 0.000175627 2.64953e-05 
0.000397568 0.000267266 2.69603e-05 
0.00097175 0.000266759 7.22484e-05 
0.000652287 0.000276571 7.87977e-05 
0.000937519 0.000244615 3.02692e-05 
0.000596502 0.000132218 2.07348e-05 
8.71651e-05 0.00041592 3.03962e-05 
0.000132001 0.000436166 6.89468e-05 
0.000493693 0.000262263 5.30697e-05 
8.13599e-05 0.000166524 6.87229e-05 
0.000688908 0.000482763 1.72096e-05 
0.000647633 0.00038333 8.12216e-05 
0.000123908 0.000200445 4.42405e-05 
0.00031049 0.000273544 2.45259e-05 
0.000515765 0.000269826 2.1038e-05 
0.000767285 0.000179303 8.37623e-05 
0.00023752 0.000448586 7.09346e-05 
0.000977357 2.26409e-05 6.64138e-05 
0.000677253 0.000353597 2.10512e-05 
0.000229447 0.000223904 2.76755e-05 
0.000909221 0.000405211 3.66546e-05 
0.000413472 2.49854e-05 6.30542e-05 
0.000686152 2.83569e-05 5.13586e-05 
0.00076672 0.000475664 6.30023e-05 
0.000536933 0.000395612 5.95464e-05 
0.000458319 0.000165493 8.64672e-05 
0.000659171 0.000213943 3.29395e-05 
0.000412365 8.70868e-05 9.0144e-05 
0.000267125 0.000468755 3.12446e-05 
0.000979278 0.000403292 7.60964e-05 
0.000165253 0.000161254 6.01849e-05 
0.000914201 9.64803e-05 3.70682e-05 
0.000647812 0.000320815 2.30547e-05 
0.000360777 0.000411024 8.52859e-05 
0.000315422 0.000407332 7.26671e-05 
0.000872089 0.000121369 6.83904e-05 
0.000187249 0.000238767 1.80803e-05 
0.00069096 0.0004322 3.07159e-05 
5.55422e-05 2.89706e-05 2.8969e-05 
0.000542818 2.53038e-05 2.52997e-05 
0.000718594 0.000298136 2.0643e-05 
0.000884243 4.22574e-05 3.64714e-05 
0.000213102 0.000269052 1.83525e-05 
0.000913233 0.000133834 7.47427e-05 
0.000298936 0.00017228 4.62941e-05 
0.000799605 0.000335083 8.36865e-05 
0.000525606 0.000265431 7.28891e-05 
0.000732978 0.000289619 5.69248e-05 
0.000198572 0.000320183 6.81044e-05 
0.000799909 0.000442708 5.58772e-05 
0.000824013 0.000227419 2.07612e-05 
0.000599938 0.000406338 2.86319e-05 
2.61557e-05 0.000120111 2.61562e-05 
0.000467848 0.00032279 8.01547e-05 
0.000445652 0.000474554 5.18922e-05 
4.7618e-05 0.00039413 4.87863e-05 
0.000382205 0.000320037 2.80208e-05 
0.000555678 0.000421648 1.91491e-05 
0.000265305 0.000115965 4.95493e-05 
0.000911604 7.85949e-05 6.86665e-05 
0.000614682 0.000252681 8.23791e-05 
0.000804051 0.000208589 6.01579e-05 
0.000437186 0.000374281 3.57792e-05 
0.000248395 0.00012157 1.70662e-05 
0.000745758 2.03298e-05 2.0329e-05 
0.000396631 0.000138555 1.98853e-05 
0.000350169 0.000251404 2.0947e-05 
0.000258881 0.000337389 5.52686e-05 
0.000717873 8.15261e-05 5.58526e-05 
0.000760732 0.000313867 1.85839e-05 
0.000866473 0.000411282 8.07471e-05 
0.00063736 0.000127149 2.04338e-05 
0.000617031 2.20128e-05 2.95216e-05 
0.00032953 0.000482963 1.70362e-05 
0.000579109 0.000111363 4.80767e-05 
0.000124923 0.000126498 5.60801e-05 
0.000193782 0.00047191 6.22825e-05 
0.000192447 6.44243e-05 5.15053e-05 
2.195e-05 4.58756e-05 6.32973e-05 
6.54938e-05 0.000307851 2.25129e-05 
0.000680644 0.000245107 6.90957e-05 
2.26823e-05 0.000477424 5.97314e-05 
0.000759731 0.000429162 5.1741e-05 
0.000446016 0.000256423 6.0702e-05 
0.000623307 0.000454075 2.08291e-05 
0.000837334 7.26769e-05 1.7535e-05 
0.000299034 0.000129386 2.42616e-05 
0.000933536 0.000460206 2.46532e-05 
0.000631603 0.000477948 7.78017e-05 
0.00019612 0.00042046 8.00297e-05 
0.000967852 0.000482858 1.7139e-05 
0.000832065 0.000333285 3.29519e-05 
6.15318e-05 0.00043889 8.21121e-05 
0.00045655 0.000438932 2.56013e-05 
0.000774735 0.000118271 4.87055e-05 
0.000742805 0.000327498 5.03955e-05 
0.000612223 0.000298903 8.79091e-05 
0.000121897 0.000463684 2.16532e-05 
0.00076327 0.000238782 5.05293e-05 
0.000807456 0.000107791 2.29188e-05 
0.00072846 0.000404604 5.14471e-05 
0.000469716 0.000429934 6.93572e-05 
0.00054705 0.000156771 7.84815e-05 
0.000338353 0.000143447 1.79671e-05 
0.000610408 0.000279236 3.39193e-05 
0.000185883 0.000265326 5.82415e-05 
0.000495938 0.00010236 6.94167e-05 
0.000565113 0.000191581 2.24173e-05 
0.000435559 0.000482275 1.77268e-05 
0.000510439 0.000180857 7.24055e-05 
0.000748081 0.000129543 2.04239e-05 
0.000225896 0.000177605 1.94784e-05 
0.000100223 0.000411354 0.000102857 
0.000500512 0.000340284 5.92739e-05 
4.73226e-05 0.000196342 5.04165e-05 
0.000674271 0.000275172 3.01818e-05 
0.000578608 2.00195e-05 5.25957e-05 
0.000136276 0.000380077 3.02615e-05 
3.07761e-05 0.000278188 6.9366e-05 
0.000378659 0.000455674 5.74309e-05 
0.000538336 0.000300588 1.72973e-05 
0.000848248 9.25541e-05 7.16407e-05 
0.000729066 9.41761e-05 1.97358e-05 
7.97374e-05 0.000171402 1.90542e-05 
5.76517e-05 0.000370993 1.99489e-05 
0.000278811 0.000202821 7.79344e-05 
0.000973915 0.000211308 2.00958e-05 
0.000274615 0.000242603 2.15254e-05 
0.000835022 0.000184176 9.17822e-05 
0.000887681 0.000347984 2.51037e-05 
0.000675241 0.00012788 1.75613e-05 
2.25672e-05 0.000254983 2.25669e-05 
0.000714403 0.000235192 2.65804e-05 
0.000111396 0.000240122 1.92054e-05 
0.000944311 0.000152891 1.71484e-05 
0.000889342 0.000445011 6.84318e-05 
0.000420124 0.00040696 2.1955e-05 
0.00010889 5.69528e-05 3.13138e-05 
0.000576173 0.000317001 6.21071e-05 
0.000866048 0.000207554 1.8459e-05 
0.000249316 0.000186634 4.94851e-05 
2.1135e-05 0.000366917 5.9639e-05 
0.000774598 0.000276836 6.71085e-05 
0.000241146 2.50542e-05 2.50549e-05 
0.000797341 6.86954e-05 1.76985e-05 
0.000250476 0.000270648 8.01261e-05 
0.000294773 0.00044486 6.76396e-05 
0.000702657 0.000175237 2.5684e-05 
0.000364433 0.000118604 1.80329e-05 
0.000959187 0.000427871 5.06471e-05 
0.000168297 0.000190903 2.17752e-05 
0.000129662 0.000325058 2.09965e-05 
0.000978653 0.000121112 6.20734e-05 
0.000210559 5.7408e-05 1.97782e-05 
0.000978447 0.000135197 2.1553e-05 
0.000795803 0.000289778 2.43338e-05 
0.000387339 0.000481843 8.47725e-05 
7.93436e-05 0.000125752 2.73439e-05 
0.00044261 0.000392568 7.68897e-05 
0.000132206 0.000327023 7.34243e-05 
0.000462878 2.2661e-05 2.26027e-05 
0.000941935 0.000396965 7.86881e-05 
0.000934632 0.000353964 2.23091e-05 
0.000230372 0.000311289 2.6244e-05 
0.000351851 0.000234959 8.23268e-05 
0.000824168 0.000416112 7.56678e-05 
0.000972964 0.000473256 5.97572e-05 
0.000229209 0.000139962 4.73409e-05 
0.00039773 0.000191259 0.000116736 
0.000116945 0.000157134 2.08336e-05 
0.00028145 0.000343374 2.011e-05 
0.000369997 1.97744e-05 7.23568e-05 
0.000643887 0.000438823 5.7349e-05 
2.02925e-05 0.000386464 2.02777e-05 
0.000525398 0.000482671 5.02657e-05 
0.000972975 0.000323985 6.06117e-05 
0.000597212 0.000444228 5.83501e-05 
0.000941079 0.000308095 2.40379e-05 
0.000368195 0.000163524 1.80001e-05 
0.000601003 7.53699e-05 6.16761e-05 
0.000883188 9.3461e-05 5.20029e-05 
0.000935614 2.11477e-05 2.11438e-05 
0.000444948 5.77478e-05 1.71713e-05 
0.000680834 0.000472174 7.22718e-05 
0.000700109 5.31775e-05 8.71987e-05 
0.000763054 0.000443841 1.77048e-05 
0.000334007 3.8869e-05 3.5301e-05 
0.000337105 0.000479404 5.37234e-05 
0.00067347 5.18597e-05 2.06399e-05 
0.000323874 0.000323508 2.7273e-05 
0.000481937 7.64212e-05 1.93225e-05 
0.000102173 0.000368923 7.73714e-05 
0.000218854 0.000383921 6.27449e-05 
0.000507655 0.000113873 2.66782e-05 
1.94942e-05 5.99979e-05 1.92706e-05 
0.000501914 1.71857e-05 1.71848e-05 
0.000833302 0.000375856 8.51821e-05 
0.000308743 8.43289e-05 1.85936e-05 
4.64401e-05 0.000185326 1.70881e-05 
0.00016583 0.000221474 5.14331e-05 
0.000571 0.000316456 1.90557e-05 
0.00042563 0.000324375 9.36256e-05 
0.000462272 0.000214779 2.06967e-05 
0.000821375 0.000118021 6.0376e-05 
0.000838107 0.000237245 7.39867e-05 
0.000182764 0.000303133 2.22261e-05 
0.000613126 0.00032993 4.1937e-05 
0.000542784 1.98718e-05 7.01446e-05 
0.000644264 0.000420403 1.888e-05 
0.000846045 1.83611e-05 6.77168e-05 
0.000317435 0.000443044 2.5534e-05 
0.000427446 0.000312482 1.87677e-05 
0.00098265 6.21809e-05 6.36023e-05 
0.000319206 0.000379597 2.90383e-05 
2.00783e-05 0.000216377 6.79732e-05 
0.000127713 0.000160154 8.76602e-05 
0.00016501 0.000338724 3.85503e-05 
0.000942413 0.000104494 5.80159e-05 
0.000408806 0.000451182 2.37259e-05 
0.000471456 0.000207223 5.67572e-05 
6.22857e-05 0.000482599 6.07213e-05 
0.000487178 0.000473275 6.78525e-05 
0.000860822 0.000376023 5.12935e-05 
0.000137648 0.000482501 5.21702e-05 
0.000149805 0.000233561 1.97596e-05 
0.000498732 0.000448055 1.81855e-05 
0.000762225 4.59744e-05 7.63602e-05 
0.000753433 0.000150514 5.32102e-05 
0.000262431 0.000157835 2.2147e-05 
0.000477336 0.000253041 2.03982e-05 
0.000573283 9.31514e-05 1.79204e-05 
0.000806244 1.87214e-05 7.3941e-05 
0.000605346 0.000223918 2.27442e-05 
0.000716741 0.000339583 2.08487e-05 
0.000885597 9.2801e-05 1.75251e-05 
0.000165393 3.06235e-05 3.06235e-05 
0.000614495 2.13846e-05 7.25313e-05 
0.000599041 0.0003558 6.66827e-05 
0.000717213 5.30585e-05 2.31928e-05 
0.000211121 0.000167248 8.14891e-05 
0.000553362 0.00046497 2.45707e-05 
0.000752177 0.000268832 2.40608e-05 
0.000730972 0.000473253 2.67478e-05 
0.000546857 0.000380414 2.32139e-05 
0.000612697 9.3033e-05 2.16738e-05 
0.000778406 0.000421151 8.26388e-05 
0.00053706 0.000297092 5.2366e-05 
0.000752992 0.000397719 7.90316e-05 
2.49444e-05 0.000343852 2.26356e-05 
0.000667239 0.000391378 1.81425e-05 
0.000558961 0.00046706 7.8748e-05 
0.000149936 0.000302487 4.58332e-05 
0.000380567 0.000154433 5.30158e-05 
0.000921742 0.000474253 7.1595e-05 
0.00072148 0.000385654 1.84418e-05 
5.70327e-05 8.07667e-05 2.30418e-05 
0.000649099 1.83873e-05 5.3838e-05 
0.000593706 0.000480867 1.9132e-05 
0.00056492 0.000196069 6.53179e-05 
0.000405382 0.000403136 5.80714e-05 
0.000170844 1.83577e-05 7.77271e-05 
0.000199402 0.000183688 4.39765e-05 
0.000406175 0.000362048 1.9626e-05 
0.000388114 0.000113992 5.11809e-05 
0.00049963 0.000349391 9.34346e-05 
0.000791699 8.09079e-05 5.44048e-05 
0.000807026 0.00025349 4.66674e-05 
0.000698591 0.000280149 7.41315e-05 
0.000831206 0.000152849 2.25255e-05 
0.000570827 0.000382599 5.78347e-05 
0.00098204 0.000174284 1.78717e-05 
0.00015391 0.000139476 2.01361e-05 
0.00048198 5.42162e-05 8.58106e-05 
0.000277803 2.37708e-05 5.5862e-05 
2.04112e-05 0.000212114 2.04118e-05 
0.000642833 0.000317846 6.48744e-05 
0.000274685 0.000200181 2.09044e-05 
0.000705303 0.000220526 8.0188e-05 
0.000577634 4.17725e-05 8.57549e-05 
0.000538319 0.000128278 5.91806e-05 
0.000276277 0.000246472 6.42377e-05 
0.000922318 0.000170463 4.47446e-05 
0.000882144 0.000271164 9.54563e-05 
0.00058355 5.30101e-05 2.39508e-05 
4.60405e-05 0.000233833 4.71781e-05 
0.000192365 0.000363722 8.47036e-05 
0.000835795 0.000192115 3.21607e-05 
5.74931e-05 6.52178e-05 6.16173e-05 
0.000234546 0.000417353 2.9633e-05 
0.000687088 9.70612e-05 7.7208e-05 
2.27456e-05 0.000329115 8.18844e-05 
0.000554026 0.000127864 2.19816e-05 
0.000756558 6.13485e-05 4.13171e-05 
0.000958693 0.000377895 4.96905e-05 
0.000476945 0.000479705 2.02962e-05 
0.000383269 1.88615e-05 1.88478e-05 
0.000977328 3.44649e-05 2.26712e-05 
0.000311728 2.53006e-05 8.99926e-05 
0.000455177 0.000348931 1.82639e-05 
0.000978452 0.000352333 2.1549e-05 
0.00036166 0.00013978 8.8947e-05 
0.000801482 0.00047863 9.23547e-05 
0.000464962 8.35743e-05 7.65555e-05 
0.000155047 0.000202072 8.35015e-05 
0.00091855 0.000259403 7.24776e-05 
0.000523562 0.000338914 2.43854e-05 
5.26597e-05 0.000105627 6.39232e-05 
0.000116806 0.000104362 1.70139e-05 
0.00016359 0.000477671 2.23286e-05 
0.000904082 0.000369297 7.64213e-05 
0.000489662 6.90263e-05 5.48681e-05 
0.000742659 0.000297693 9.89195e-05 
0.00094912 0.000356896 8.34564e-05 
0.000324719 0.000468235 9.46055e-05 
8.95419e-05 9.36468e-05 5.6585e-05 
0.000744647 0.000113125 7.42233e-05 
0.00036543 0.000206989 2.63273e-05 
0.00052619 0.000434724 3.81622e-05 
0.000217585 0.000479427 2.05471e-05 
9.40886e-05 0.000349725 2.23066e-05 
0.000116723 0.000290415 6.72442e-05 
0.000315753 0.000220722 2.52179e-05 
0.000242949 0.00022758 7.05579e-05 
0.00088833 0.000203469 4.80476e-05 
0.000128213 2.22779e-05 6.73181e-05 
0.000933397 0.000291441 6.2338e-05 
1.80757e-05 8.29329e-05 4.87006e-05 
0.000937278 0.000197479 1.83512e-05 
0.000894138 0.000238822 5.54411e-05 
0.000499001 0.000140435 6.17673e-05 
0.000880634 0.000470575 2.94247e-05 
0.000507391 0.000305457 8.14272e-05 
9.02165e-05 0.000462496 4.77127e-05 
0.00075236 0.000407946 1.96558e-05 
0.000300457 0.00048231 6.43995e-05 
0.000756279 0.000353251 2.09855e-05 
0.000696427 1.72532e-05 1.72491e-05 
0.000634083 5.81935e-05 1.92757e-05 
0.000196079 0.000359064 4.68849e-05 
0.000265854 0.000151824 6.15745e-05 
0.000341089 0.000161295 5.12426e-05 
0.000470179 0.000287994 8.74205e-05 
0.000561815 0.000274846 1.75455e-05 
0.000289018 1.75505e-05 1.75521e-05 
0.000429691 0.000236343 1.84423e-05 
0.000155662 0.000361595 7.16899e-05 
0.000857879 0.000239515 4.00088e-05 
0.000655123 1.79791e-05 1.79787e-05 
0.000241534 0.000303585 6.81413e-05 
0.000402397 0.00048179 5.16691e-05 
0.000727496 2.23859e-05 5.88841e-05 
0.000979243 0.000446902 2.07505e-05 
0.000835078 0.000267608 2.08975e-05 
0.000442134 6.02621e-05 5.52858e-05 
0.000194026 0.000151509 2.17819e-05 
0.000944663 8.03993e-05 8.43975e-05 
0.000350672 0.000289407 1.72415e-05 
0.000132293 0.000426055 1.75955e-05 
0.000107512 0.000284313 2.56067e-05 
0.000371408 0.000189543 6.76251e-05 
0.000784233 0.000235477 1.9826e-05 
0.00050982 5.1469e-05 1.7484e-05 
0.000768088 9.29657e-05 1.93028e-05 
0.000338913 0.000441208 6.47162e-05 
0.000922219 1.80076e-05 6.70937e-05 
0.000938078 0.000117248 1.90733e-05 
0.00046954 0.000358628 7.71495e-05 
0.000954656 0.000137529 8.8391e-05 
0.000699216 0.000416896 8.34349e-05 
1.8473e-05 0.000163398 1.84738e-05 
0.000504511 3.19736e-05 5.35291e-05 
0.000272014 0.000381171 1.88523e-05 
0.000128515 8.16642e-05 7.42486e-05 
0.000196661 0.000340864 1.73747e-05 
0.000794945 0.000427916 1.79406e-05 
0.000852897 0.000113123 3.27443e-05 
0.000309021 0.000353823 7.19562e-05 
0.00054501 0.000256436 4.18682e-05 
0.000776988 4.0564e-05 1.70274e-05 
0.000661511 0.000109267 4.58213e-05 
0.000658743 0.000162019 2.04658e-05 
5.28738e-05 0.000379658 8.64156e-05 
0.000155343 0.000481004 8.78855e-05 
0.000659244 0.000465565 1.70773e-05 
6.07383e-05 0.000475848 2.19693e-05 
0.00010264 0.000320638 4.73535e-05 
0.000888585 0.000174492 9.3707e-05 
0.000566944 0.000275243 6.29212e-05 
0.00058047 0.000100921 9.0175e-05 
2.05238e-05 0.000481272 1.87241e-05 
0.00078394 0.000324532 4.34655e-05 
8.88736e-05 2.36683e-05 6.10332e-05 
0.000471523 0.000224959 8.62126e-05 
0.000369002 0.000476532 2.34641e-05 
1.80992e-05 0.000406123 6.65036e-05 
0.000355181 0.000377264 6.05448e-05 
2.18945e-05 0.000299432 2.18941e-05 
0.000831195 2.5982e-05 0.000100552 
0.000246048 0.00026846 4.13052e-05 
0.000366048 0.000365342 2.0642e-05 
0.000930531 7.18275e-05 1.79167e-05 
0.000273065 9.68778e-05 1.78377e-05 
