0.000840667 0.000420371 3.10528e-05 
7.68294e-05 0.000296361 6.09583e-05 
0.000535067 0.000224153 8.97387e-05 
0.000322004 0.000251517 6.25302e-05 
0.000690469 0.000331521 6.68326e-05 
0.000369746 6.07807e-05 7.53199e-05 
0.000755788 0.000195729 3.09901e-05 
0.000885741 0.000287913 3.57923e-05 
0.000519902 4.39961e-05 9.67992e-05 
0.00077658 0.000235729 8.50177e-05 
0.000633316 0.000366399 2.42399e-05 
0.000181508 0.000381696 1.97444e-05 
0.000831645 0.000285984 7.44237e-05 
0.000199769 0.000211309 6.90233e-05 
0.000487939 0.000381646 3.62689e-05 
0.000810456 0.000155691 6.27756e-05 
0.000444154 0.000342123 5.71741e-05 
0.000232164 0.000362099 2.52287e-05 
0.000529891 0.000159758 4.39479e-05 
0.000886751 0.000235789 1.89321e-05 
0.000920858 0.000330243 6.20605e-05 
0.000416395 0.000306102 5.71642e-05 
0.000941456 5.28333e-05 5.31585e-05 
0.000838842 4.81392e-05 6.9294e-05 
0.000688083 9.07962e-05 2.14049e-05 
0.000273494 0.000299267 2.06136e-05 
8.49381e-05 0.000230042 8.6315e-05 
0.000564782 0.000235157 1.9755e-05 
0.000160337 9.0976e-05 2.98336e-05 
0.000963761 0.000455697 0.000102998 
0.000517956 0.000214582 3.31027e-05 
0.000964808 0.000217342 5.70086e-05 
0.000892627 0.000135162 2.5705e-05 
0.000774356 2.10002e-05 4.94975e-05 
6.62227e-05 0.000260804 2.19109e-05 
0.000748757 0.000347331 9.22304e-05 
0.000617169 0.000441625 9.60403e-05 
0.00031055 0.000172329 0.000100545 
0.00033435 0.000205572 6.5554e-05 
0.000327858 0.00018305 1.87164e-05 
0.000296613 0.000299918 7.66583e-05 
0.000477799 0.00030714 3.28575e-05 
0.000461773 2.31837e-05 6.83582e-05 
0.000339533 0.000100075 5.53923e-05 
0.000976139 0.000397485 2.18068e-05 
0.00059828 0.000479793 5.57613e-05 
0.000540846 0.000350562 8.05929e-05 
0.000722239 0.000168852 6.67443e-05 
0.000395343 0.000231456 6.3246e-05 
0.000393625 0.000279575 9.78448e-05 
0.000270427 0.000377131 8.57157e-05 
0.000576228 0.000155943 5.03076e-05 
0.000798803 4.97343e-05 9.24266e-05 
0.000839445 0.000460918 7.42838e-05 
9.29044e-05 6.22261e-05 8.12153e-05 
0.000192331 0.000109839 8.26968e-05 
0.000972466 8.59118e-05 2.7535e-05 
0.000514259 0.000416406 8.34703e-05 
0.000213333 0.000101776 2.45085e-05 
0.00036798 0.000419203 3.12577e-05 
0.000482166 0.000165201 2.60585e-05 
0.000283141 0.000411459 4.87655e-05 
0.000586722 0.000355099 2.3713e-05 
0.000801704 0.000190805 1.7178e-05 
0.000543097 7.66464e-05 5.73311e-05 
0.00024058 6.94748e-05 6.22169e-05 
0.000514441 0.000476695 1.73981e-05 
0.000396152 6.68772e-05 3.08113e-05 
0.000968256 0.000171569 6.25988e-05 
0.000892303 0.000185601 1.93941e-05 
0.000591285 0.00040189 7.64609e-05 
0.00062372 0.00013381 7.20636e-05 
0.000398566 0.000359074 6.65422e-05 
0.000691904 0.00038403 4.85082e-05 
0.000650516 6.75869e-05 6.25698e-05 
0.000150653 4.78187e-05 7.28736e-05 
0.000862277 0.000162904 5.94638e-05 
0.000445622 0.000113057 3.66397e-05 
0.000616604 0.000199814 8.10342e-05 
0.000711123 0.000127482 4.63643e-05 
0.000786438 0.000151999 2.30055e-05 
6.00523e-05 0.000342245 5.90802e-05 
0.000171699 0.000389891 5.44073e-05 
0.000428874 0.000438827 6.78371e-05 
0.000581012 0.000237228 5.91857e-05 
0.000790215 0.000383892 5.15316e-05 
2.99335e-05 0.000434032 2.99144e-05 
0.000345769 0.000277965 8.07339e-05 
0.000178905 0.000429348 2.88161e-05 
0.000149798 0.000275706 2.03559e-05 
0.000276831 5.68336e-05 2.32748e-05 
0.000819327 0.000474145 2.58501e-05 
0.000681118 0.000137839 7.96534e-05 
0.000980863 0.000295175 1.74972e-05 
0.000131434 0.000255704 5.6454e-05 
0.000869536 0.000335744 8.45958e-05 
0.000210036 2.36886e-05 6.29552e-05 
0.000922665 0.000207626 8.30944e-05 
0.000355583 0.000324334 7.91947e-05 
0.0004195 0.000185551 3.29354e-05 
0.000560415 0.000417974 5.80878e-05 
0.000773787 0.000473955 2.00589e-05 
0.000726848 0.000364189 5.04989e-05 
0.000784114 0.000118035 8.78373e-05 
0.000421568 2.51111e-05 1.93648e-05 
0.0008198 2.92546e-05 2.92536e-05 
0.000294596 6.99472e-05 6.34607e-05 
0.000729394 0.000247721 7.28557e-05 
7.77413e-05 0.000215735 2.46843e-05 
0.000684875 0.000183704 6.3572e-05 
0.000614663 0.000175785 2.64937e-05 
0.000400436 0.000271239 2.69513e-05 
0.00097175 0.000263762 7.13891e-05 
0.000648902 0.000276088 7.71047e-05 
0.000934982 0.000244224 3.02691e-05 
0.000597736 0.000132071 2.0739e-05 
8.82427e-05 0.000418625 3.04073e-05 
0.000133888 0.000436504 6.92281e-05 
0.000489625 0.000276731 7.09321e-05 
8.51579e-05 0.000164986 7.06826e-05 
0.00068929 0.00048273 1.72096e-05 
0.000644251 0.00038533 8.11799e-05 
0.00012558 0.000200644 4.35047e-05 
0.000310925 0.000274348 2.45243e-05 
0.000514639 0.000268257 2.68337e-05 
0.000765757 0.000178877 8.38146e-05 
0.000239681 0.000450969 7.33574e-05 
0.000977356 2.60997e-05 6.82196e-05 
0.000677326 0.000355671 2.10512e-05 
0.000228876 0.000226143 2.76748e-05 
0.000910417 0.000404086 3.66546e-05 
0.000413888 2.49826e-05 6.311e-05 
0.000689396 3.17333e-05 5.13791e-05 
0.000769675 0.000475776 7.25962e-05 
0.000535081 0.000389995 6.05444e-05 
0.000459459 0.000165164 8.477e-05 
0.000659571 0.000214178 3.29397e-05 
0.000418084 0.00010663 9.915e-05 
0.00026741 0.000468754 3.12455e-05 
0.000979276 0.000392632 8.31452e-05 
0.000163519 0.000161784 6.63806e-05 
0.000904657 9.69566e-05 4.14043e-05 
0.000649106 0.000321832 2.30539e-05 
0.000363413 0.000411711 8.5181e-05 
0.000317625 0.000400521 7.76519e-05 
0.000869482 0.000123164 8.01217e-05 
0.000187068 0.000242235 1.80812e-05 
0.00069142 0.000432621 3.07158e-05 
5.59968e-05 2.8969e-05 2.89689e-05 
0.000543324 2.53007e-05 2.52995e-05 
0.000718833 0.000298163 2.06423e-05 
0.000883342 4.44257e-05 3.64712e-05 
0.000214903 0.000269007 1.83545e-05 
0.000915829 0.000129455 7.14457e-05 
0.000299119 0.000169743 4.72956e-05 
0.000805638 0.000336209 8.73079e-05 
0.000526103 0.000267781 7.40568e-05 
0.000730949 0.000286588 5.69065e-05 
0.000200912 0.000322727 7.03239e-05 
0.000796454 0.000441421 5.41469e-05 
0.000824261 0.000223221 2.07606e-05 
0.000598372 0.000405891 2.86328e-05 
2.61607e-05 0.000117867 2.61624e-05 
0.000469295 0.000322452 8.11159e-05 
0.00045275 0.000471342 4.97318e-05 
5.04258e-05 0.000396486 5.23234e-05 
0.000379726 0.000322147 2.80197e-05 
0.0005536 0.000419634 1.91485e-05 
0.000266494 0.000117055 4.95682e-05 
0.000910308 7.43162e-05 7.48929e-05 
0.000611366 0.000253933 8.70129e-05 
0.000804544 0.000206192 6.10942e-05 
0.000434713 0.000375352 3.93433e-05 
0.000248498 0.000122722 1.70646e-05 
0.000745079 2.03287e-05 2.03299e-05 
0.000398266 0.000138978 1.98845e-05 
0.000353216 0.000253637 2.09447e-05 
0.000257229 0.000336013 5.57324e-05 
0.000719699 8.01415e-05 5.62313e-05 
0.000768231 0.000316519 1.85835e-05 
0.000867354 0.000412874 7.92621e-05 
0.000638941 0.000126724 2.04338e-05 
0.000617113 2.20135e-05 3.6344e-05 
0.000331182 0.000475947 1.70383e-05 
0.00057992 0.000114012 4.97284e-05 
0.000124898 0.000126587 5.54116e-05 
0.000195131 0.000471918 6.29045e-05 
0.000193056 6.49966e-05 5.19386e-05 
2.86482e-05 4.64651e-05 6.81946e-05 
6.37359e-05 0.000311646 2.25123e-05 
0.000678316 0.000246117 6.99251e-05 
2.25495e-05 0.00047685 5.95668e-05 
0.0007581 0.000425254 6.56413e-05 
0.000445005 0.000261204 6.22053e-05 
0.000623033 0.00045629 2.08288e-05 
0.000836869 7.19169e-05 3.82207e-05 
0.000301278 0.000127428 2.42619e-05 
0.000927514 0.000461726 2.46534e-05 
0.000630416 0.000477949 7.97996e-05 
0.000195891 0.000415983 7.96235e-05 
0.000962779 0.000482861 1.71391e-05 
0.000831577 0.000334272 3.29513e-05 
6.09311e-05 0.000436981 8.2554e-05 
0.000457546 0.000434469 2.56007e-05 
0.000780276 0.000116509 4.65708e-05 
0.000742928 0.0003232 4.74262e-05 
0.000609771 0.000299044 8.84627e-05 
0.000121681 0.000460537 2.16544e-05 
0.000761989 0.000239554 5.07696e-05 
0.000812128 0.000100031 2.29189e-05 
0.000728158 0.00040363 5.09002e-05 
0.000473901 0.000426805 6.85329e-05 
0.000559466 0.000151853 8.63863e-05 
0.000337774 0.000147717 1.79676e-05 
0.000610403 0.000279408 3.39185e-05 
0.000187898 0.000268324 5.85612e-05 
0.000500409 0.000107466 7.07271e-05 
0.000566817 0.000190384 2.24183e-05 
0.00043913 0.000482276 1.77289e-05 
0.000511697 0.000183943 7.66294e-05 
0.000751151 0.000126807 2.04239e-05 
0.000225058 0.000179525 1.94791e-05 
0.000103253 0.000429179 0.000111459 
0.000500835 0.000338169 6.50699e-05 
4.74201e-05 0.000189776 5.21482e-05 
0.000674345 0.000275498 3.01828e-05 
0.0005787 2.19272e-05 5.34223e-05 
0.000132786 0.000377399 3.02633e-05 
3.04767e-05 0.000276201 6.91017e-05 
0.000380105 0.000447106 6.94481e-05 
0.000537003 0.000297896 1.72966e-05 
0.000843529 8.62021e-05 7.80046e-05 
0.000729119 9.31585e-05 1.97365e-05 
7.68936e-05 0.000172364 1.90591e-05 
5.98869e-05 0.000378321 1.99518e-05 
0.000271219 0.000206389 8.27184e-05 
0.000971026 0.000210513 2.0096e-05 
0.000273762 0.000245337 2.15257e-05 
0.000831829 0.000181372 9.56966e-05 
0.000887475 0.000347838 2.51028e-05 
0.000676778 0.000128636 1.75594e-05 
2.25685e-05 0.000252317 2.25678e-05 
0.000716043 0.000237151 2.6585e-05 
0.000111541 0.000243202 1.92077e-05 
0.000944493 0.000152311 1.7148e-05 
0.000891115 0.000445794 6.62635e-05 
0.000418926 0.00040695 2.19542e-05 
0.000107841 5.9654e-05 3.13146e-05 
0.000573149 0.000314969 6.20503e-05 
0.000861761 0.000207964 1.8459e-05 
0.000249346 0.000188992 4.86536e-05 
2.11373e-05 0.000367564 5.75516e-05 
0.000777006 0.0002771 6.71281e-05 
0.000240447 2.5055e-05 2.50545e-05 
0.000791838 6.66651e-05 3.41074e-05 
0.000255229 0.000268526 8.53545e-05 
0.000287195 0.000444459 7.42094e-05 
0.000703086 0.000175573 2.56832e-05 
0.000363936 0.000122985 1.80342e-05 
0.000964707 0.000419895 5.66865e-05 
0.000166829 0.000180834 2.17741e-05 
0.00013737 0.000320942 2.09965e-05 
0.00097865 0.000120013 6.20152e-05 
0.000210329 5.78428e-05 1.97784e-05 
0.000978449 0.000134263 2.15542e-05 
0.000799451 0.000287632 2.43328e-05 
0.000395706 0.000481841 9.13985e-05 
7.89002e-05 0.000126745 2.7342e-05 
0.000440585 0.000390268 7.94724e-05 
0.000128953 0.000316283 7.99584e-05 
0.000463377 2.2786e-05 2.26025e-05 
0.000940145 0.000389331 8.34764e-05 
0.000934606 0.00035225 2.23112e-05 
0.000228419 0.000310774 2.6243e-05 
0.000354547 0.000240352 8.52538e-05 
0.000821663 0.000417584 7.61907e-05 
0.000973258 0.000468549 5.72746e-05 
0.000230059 0.00014029 4.83009e-05 
0.00040104 0.000195034 0.000115563 
0.000115339 0.000157597 2.08325e-05 
0.000279636 0.000339526 2.01135e-05 
0.000367494 1.97719e-05 7.46711e-05 
0.00064433 0.00044078 5.68897e-05 
2.03104e-05 0.000385669 2.02817e-05 
0.000524007 0.000482669 5.02445e-05 
0.000972975 0.000324235 6.00246e-05 
0.00060096 0.000442406 6.00422e-05 
0.000941418 0.00030644 2.4037e-05 
0.000370761 0.000164967 1.80001e-05 
0.000598862 6.25977e-05 6.85559e-05 
0.000879592 9.00606e-05 6.42007e-05 
0.000933765 2.11476e-05 2.11412e-05 
0.000444938 5.76143e-05 1.71704e-05 
0.000682188 0.000472172 7.28792e-05 
0.000698549 5.52145e-05 8.95889e-05 
0.000760415 0.000440656 3.1839e-05 
0.0003326 3.60824e-05 3.53023e-05 
0.000351654 0.000472737 6.27884e-05 
0.000671985 5.19591e-05 2.06426e-05 
0.000324591 0.000326341 2.72731e-05 
0.000488699 7.73933e-05 3.86791e-05 
0.000109412 0.000364052 8.30165e-05 
0.000225022 0.00038319 6.45737e-05 
0.000508005 0.000117387 2.66774e-05 
1.92727e-05 6.61691e-05 2.90653e-05 
0.000502404 1.72298e-05 1.7185e-05 
0.000834338 0.000378025 8.58221e-05 
0.000308902 8.33451e-05 1.85931e-05 
4.55309e-05 0.000190245 1.70894e-05 
0.00016327 0.000227591 5.38116e-05 
0.00056789 0.00031699 1.90541e-05 
0.000426731 0.000326913 9.61278e-05 
0.000465836 0.000209641 2.06967e-05 
0.000819374 0.000115307 6.9691e-05 
0.000845613 0.000238504 8.1914e-05 
0.000180438 0.000305217 2.22273e-05 
0.000614066 0.000330084 4.16765e-05 
0.000539095 1.98753e-05 6.9944e-05 
0.000642162 0.000421545 1.8882e-05 
0.000855145 1.83627e-05 8.47371e-05 
0.000314583 0.000437675 2.55341e-05 
0.000428165 0.000308932 1.87681e-05 
0.00097249 6.60365e-05 7.99916e-05 
0.00031973 0.000382648 2.90385e-05 
2.35746e-05 0.000208139 7.55474e-05 
0.000127691 0.000151508 9.42835e-05 
0.000166892 0.000341402 4.23104e-05 
0.000942798 9.52273e-05 6.17971e-05 
0.000411473 0.000451988 2.37264e-05 
0.000474453 0.000208009 5.76398e-05 
7.7316e-05 0.000482603 7.83062e-05 
0.000490128 0.000470355 7.38866e-05 
0.000861266 0.000376287 5.1513e-05 
0.000135959 0.000482501 5.07524e-05 
0.000149759 0.000235594 1.97601e-05 
0.000498017 0.000449364 3.32117e-05 
0.000763436 4.6032e-05 7.70148e-05 
0.000755815 0.000150319 5.1554e-05 
0.000261934 0.000159239 2.21468e-05 
0.000476432 0.00025354 2.03988e-05 
0.000574499 9.35076e-05 1.79195e-05 
0.00080564 1.87228e-05 7.38665e-05 
0.000605698 0.000224058 2.27447e-05 
0.000716001 0.000339554 2.08495e-05 
0.000879366 9.48339e-05 1.75246e-05 
0.000167115 3.06284e-05 3.06229e-05 
0.000610871 2.10559e-05 7.89516e-05 
0.000599027 0.00035126 7.0009e-05 
0.000715746 5.23599e-05 2.31934e-05 
0.000211342 0.00016582 8.34504e-05 
0.000552716 0.000462585 2.72654e-05 
0.000754175 0.000270407 2.40558e-05 
0.000731132 0.000473252 3.93295e-05 
0.000545869 0.000378181 2.3215e-05 
0.00061391 9.28798e-05 2.1673e-05 
0.000786768 0.000422911 8.8888e-05 
0.000535377 0.000298224 5.25251e-05 
0.000765017 0.000392539 9.56814e-05 
2.36951e-05 0.000341258 2.26422e-05 
0.000665738 0.000393004 1.81424e-05 
0.000558655 0.000470604 8.02964e-05 
0.00015205 0.000299676 5.04908e-05 
0.000383541 0.000152885 5.44902e-05 
0.000923602 0.000474253 7.33135e-05 
0.000722322 0.000383386 1.84416e-05 
5.84893e-05 8.08812e-05 2.30415e-05 
0.000653431 1.84155e-05 5.43391e-05 
0.000591568 0.000480868 1.91318e-05 
0.000565233 0.000196947 6.50219e-05 
0.000404889 0.000403224 5.83586e-05 
0.000171232 1.83582e-05 7.78613e-05 
0.000198297 0.0001772 4.43322e-05 
0.000407314 0.000360085 1.96283e-05 
0.000390952 0.00011255 5.42722e-05 
0.000499637 0.000350436 9.8971e-05 
0.000797944 8.18758e-05 6.95863e-05 
0.000808294 0.000250803 4.68543e-05 
0.000697304 0.000280285 7.6816e-05 
0.000831822 0.000148409 2.25249e-05 
0.000570935 0.000376483 5.70736e-05 
0.000979272 0.000173508 1.78725e-05 
0.000152356 0.000140036 2.01364e-05 
0.000481865 3.97339e-05 9.94372e-05 
0.000276837 2.4518e-05 5.62046e-05 
2.04125e-05 0.000211319 3.52868e-05 
0.000640658 0.000315493 6.39305e-05 
0.000276686 0.000200272 2.09121e-05 
0.00070017 0.000236988 9.77431e-05 
0.000568731 3.89447e-05 8.78521e-05 
0.000537454 0.000124596 8.065e-05 
0.000279655 0.000247341 6.39981e-05 
0.000921233 0.000168894 4.43141e-05 
0.000882772 0.00027325 9.62158e-05 
0.000586245 5.37369e-05 2.39515e-05 
4.78093e-05 0.00023428 4.78982e-05 
0.000200179 0.000365327 9.01823e-05 
0.000834786 0.000187699 3.27029e-05 
5.91594e-05 7.27768e-05 6.38352e-05 
0.000235958 0.000416653 2.96347e-05 
0.000687602 9.76794e-05 7.52398e-05 
2.27452e-05 0.000336348 8.87917e-05 
0.000555211 0.000128217 2.19841e-05 
0.000754581 6.07651e-05 4.23476e-05 
0.000957289 0.000373931 5.25912e-05 
0.000476979 0.000479675 2.02971e-05 
0.000383269 1.88614e-05 2.02449e-05 
0.000977325 2.56035e-05 2.28161e-05 
0.000310436 2.52934e-05 9.06737e-05 
0.000447128 0.000349374 1.82661e-05 
0.000978454 0.00035338 2.1547e-05 
0.000353505 0.000144759 8.44071e-05 
0.000803298 0.000478628 0.000103272 
0.000465493 8.74938e-05 8.04214e-05 
0.000154103 0.000205335 8.4494e-05 
0.000918001 0.000257427 7.38389e-05 
0.000527629 0.00033533 3.30536e-05 
5.21843e-05 0.000112832 6.66902e-05 
0.000116486 0.000105553 1.70138e-05 
0.000163435 0.000477665 2.23286e-05 
0.00090812 0.000381304 9.32283e-05 
0.000493767 6.67931e-05 7.40627e-05 
0.000742129 0.000292731 9.88531e-05 
0.000949361 0.000353775 8.73105e-05 
0.000321121 0.000465246 9.37718e-05 
8.85094e-05 9.55419e-05 5.77327e-05 
0.000744619 0.00012595 7.93338e-05 
0.000364541 0.000208059 2.63262e-05 
0.000526093 0.000445483 5.61823e-05 
0.000217877 0.000479448 2.05481e-05 
8.96692e-05 0.000348394 2.23072e-05 
0.000107525 0.00028223 7.91028e-05 
0.000315553 0.000224721 2.52163e-05 
0.000234368 0.000225106 8.93844e-05 
0.000880481 0.000204383 5.03629e-05 
0.000120096 2.22775e-05 6.77134e-05 
0.000933379 0.000288494 6.16696e-05 
1.80685e-05 9.13175e-05 6.05969e-05 
0.000934756 0.000197084 1.83516e-05 
0.000893933 0.000238089 5.49596e-05 
0.000505249 0.000137845 9.18195e-05 
0.000874374 0.00047056 2.94266e-05 
0.000511055 0.000306606 9.05729e-05 
9.37127e-05 0.000463424 5.15464e-05 
0.000752852 0.000406157 1.96557e-05 
0.000290355 0.000482315 7.22825e-05 
0.000755329 0.000353848 2.09881e-05 
0.000693607 1.72492e-05 1.72503e-05 
0.000632337 5.63892e-05 1.92768e-05 
0.000196713 0.000364226 4.86478e-05 
0.000253708 0.000139987 8.18934e-05 
0.000346769 0.000167844 4.87463e-05 
0.000462419 0.000290676 9.5714e-05 
0.000561841 0.000273429 1.75454e-05 
0.000286392 1.75527e-05 1.75518e-05 
0.000440324 0.000239234 1.84385e-05 
0.000162123 0.000371098 8.39158e-05 
0.000857256 0.000236048 4.43793e-05 
0.000653829 1.79777e-05 1.79789e-05 
0.000249061 0.000316499 9.36414e-05 
0.00039761 0.000475379 5.5658e-05 
0.000729855 2.23848e-05 6.01866e-05 
0.000966589 0.000438937 2.07501e-05 
0.00083713 0.000262847 2.08952e-05 
0.0004412 6.21407e-05 6.35676e-05 
0.000193983 0.00014467 2.17754e-05 
0.000937518 8.55968e-05 9.58846e-05 
0.000348838 0.000289494 3.33267e-05 
0.000134241 0.000423573 1.75966e-05 
0.000105595 0.000287157 2.56098e-05 
0.000376305 0.000189592 6.58986e-05 
0.000782749 0.000237337 1.98251e-05 
0.000505835 5.26579e-05 1.74846e-05 
0.000768101 9.08904e-05 1.93065e-05 
0.000335078 0.000436647 6.52714e-05 
0.000920673 1.80139e-05 6.60849e-05 
0.000933405 0.000117881 1.90736e-05 
0.000469944 0.000358469 8.13624e-05 
0.00095923 0.000136895 9.16123e-05 
0.000698331 0.000414683 8.27979e-05 
2.29624e-05 0.000161754 1.84739e-05 
0.000502853 3.43642e-05 5.25769e-05 
0.00027307 0.000374464 3.60685e-05 
0.000130453 8.21311e-05 7.40124e-05 
0.000195757 0.000341414 1.73762e-05 
0.000788592 0.00042382 1.79394e-05 
0.000852306 0.000112418 4.34559e-05 
0.00031521 0.000353847 7.09912e-05 
0.000545926 0.000255108 4.46248e-05 
0.000776348 4.06991e-05 1.70285e-05 
0.000663744 0.000110775 4.6565e-05 
0.000659219 0.000162241 2.04635e-05 
6.24596e-05 0.000383733 8.90117e-05 
0.000176611 0.000481002 0.000105219 
0.000659601 0.000465579 1.70804e-05 
6.57697e-05 0.000470862 2.197e-05 
0.000109239 0.000324208 4.63473e-05 
0.000875326 0.000168701 0.000101689 
0.000564186 0.000273739 6.90642e-05 
0.000595667 9.50898e-05 9.70318e-05 
2.65495e-05 0.000481251 1.87456e-05 
0.000783323 0.000315539 5.08759e-05 
8.06675e-05 2.81032e-05 6.84381e-05 
0.000466654 0.000223398 8.73815e-05 
0.000371165 0.00047654 2.3467e-05 
1.81021e-05 0.000405573 6.67983e-05 
0.000356769 0.000379128 5.91689e-05 
2.18934e-05 0.000296767 2.18929e-05 
0.000823979 2.04709e-05 0.000106179 
0.000245821 0.000269665 4.39703e-05 
0.000366593 0.000368418 2.06421e-05 
0.000924031 7.92304e-05 1.79169e-05 
0.000272465 9.73591e-05 1.78377e-05 
