0.000839661 0.000417384 3.10545e-05 
7.98919e-05 0.000294793 6.57769e-05 
0.000529498 0.000220451 9.18642e-05 
0.000316188 0.000239966 8.44827e-05 
0.000688188 0.000326286 6.41464e-05 
0.000373176 6.34973e-05 7.98817e-05 
0.000753678 0.00019572 3.09911e-05 
0.000884411 0.000288982 4.01569e-05 
0.000525361 4.69986e-05 0.000111144 
0.000783347 0.000235444 9.97803e-05 
0.000635941 0.000368098 2.42385e-05 
0.00017929 0.000384848 1.97457e-05 
0.000829315 0.000289993 7.74e-05 
0.000201038 0.000216494 7.42427e-05 
0.000487747 0.000378355 3.6269e-05 
0.00080148 0.000155848 6.7607e-05 
0.000443999 0.000346014 5.78583e-05 
0.000232803 0.000362186 2.52318e-05 
0.000527469 0.000153386 5.36542e-05 
0.000885924 0.000238563 1.89341e-05 
0.00092159 0.000331674 6.27448e-05 
0.000414155 0.000308989 5.67329e-05 
0.000943691 5.2751e-05 5.32355e-05 
0.000851692 4.87341e-05 8.01433e-05 
0.000689694 9.06078e-05 2.14024e-05 
0.000272558 0.000302368 3.56986e-05 
8.5796e-05 0.000225469 8.4266e-05 
0.000565306 0.000236934 1.97556e-05 
0.000168033 9.10206e-05 2.98306e-05 
0.000969855 0.000463515 0.000103593 
0.000518451 0.000216423 3.31029e-05 
0.000960518 0.000215872 5.65904e-05 
0.000886626 0.000135147 2.57053e-05 
0.00077004 2.29277e-05 5.19932e-05 
6.64355e-05 0.0002578 2.59369e-05 
0.000739247 0.000346725 9.58743e-05 
0.000610158 0.000438979 0.000104676 
0.000308118 0.000176488 0.000101038 
0.000343269 0.00020504 7.19875e-05 
0.000324554 0.0001862 1.87166e-05 
0.000306201 0.000295636 8.06064e-05 
0.000477188 0.00031006 3.28588e-05 
0.000459362 2.3199e-05 6.81221e-05 
0.000339595 9.85356e-05 5.74801e-05 
0.00096902 0.000397063 2.18003e-05 
0.000590914 0.000468145 5.39166e-05 
0.000535165 0.000349044 8.72909e-05 
0.000706432 0.000159773 7.9296e-05 
0.00039145 0.000234949 6.3351e-05 
0.000399557 0.000274886 0.00010642 
0.000268058 0.000372221 9.25565e-05 
0.000574592 0.000161276 5.55568e-05 
0.000799102 5.31367e-05 0.000117277 
0.00084269 0.000453417 7.80783e-05 
8.85421e-05 6.47346e-05 9.54098e-05 
0.000178386 0.000101266 9.27467e-05 
0.000972446 8.7754e-05 2.75367e-05 
0.00052245 0.000421501 9.66622e-05 
0.000221031 0.00010177 2.4509e-05 
0.000370497 0.000422465 3.1255e-05 
0.000487599 0.000165988 2.60586e-05 
0.000284225 0.000411894 5.1453e-05 
0.000589939 0.000354534 2.3708e-05 
0.000799534 0.000190275 1.7178e-05 
0.000545097 7.9224e-05 5.63418e-05 
0.000238642 8.13851e-05 7.35112e-05 
0.000515699 0.000466308 1.7398e-05 
0.000390709 6.39432e-05 3.0812e-05 
0.000965131 0.000171322 6.78526e-05 
0.000890692 0.000187221 1.9395e-05 
0.000577086 0.000396167 8.96483e-05 
0.000624203 0.000128981 7.23932e-05 
0.000396887 0.000363402 6.53541e-05 
0.000688725 0.000386987 4.90049e-05 
0.000647924 7.02777e-05 6.11561e-05 
0.000149966 4.60622e-05 7.14665e-05 
0.000866954 0.000152121 7.21297e-05 
0.000443541 0.000107683 3.66443e-05 
0.0006192 0.000195133 8.1871e-05 
0.000711883 0.000125761 4.67353e-05 
0.0007885 0.000152076 2.30045e-05 
5.51144e-05 0.00033345 7.09242e-05 
0.000164813 0.000379375 6.3577e-05 
0.00044057 0.00043455 7.15816e-05 
0.000583384 0.000241388 5.81955e-05 
0.000788627 0.00038381 5.41834e-05 
2.99274e-05 0.000433888 2.99161e-05 
0.000349722 0.000284525 0.00011061 
0.000181941 0.000432555 2.88153e-05 
0.000146804 0.000277703 2.036e-05 
0.000278073 5.74517e-05 2.32809e-05 
0.000813395 0.000474147 2.58487e-05 
0.00068666 0.000131593 0.000107604 
0.000980862 0.000295175 1.74972e-05 
0.00012855 0.000259697 5.75489e-05 
0.000870712 0.000335028 8.68061e-05 
0.000217915 2.98807e-05 6.7816e-05 
0.000914094 0.000201126 8.21159e-05 
0.000365443 0.000319608 8.30593e-05 
0.000417614 0.000190185 3.29348e-05 
0.000558334 0.000403517 5.58321e-05 
0.00076875 0.000465149 2.00595e-05 
0.000721475 0.000363859 5.22631e-05 
0.000786804 0.000113958 8.56133e-05 
0.000422461 2.61664e-05 2.16216e-05 
0.000822071 2.92595e-05 2.92618e-05 
0.000291956 7.41936e-05 6.88966e-05 
0.00072264 0.000253169 7.42381e-05 
8.21923e-05 0.000213958 2.46834e-05 
0.000684895 0.000187476 6.67765e-05 
0.000612403 0.000174086 2.64968e-05 
0.000397795 0.000274459 2.69506e-05 
0.000971745 0.000257562 7.30908e-05 
0.000647525 0.000279727 7.65715e-05 
0.000933581 0.000245982 3.02682e-05 
0.000599484 0.000129022 2.07342e-05 
8.83867e-05 0.000419074 3.0395e-05 
0.000135464 0.000435476 6.81104e-05 
0.000485012 0.000283699 7.4793e-05 
7.20372e-05 0.00016002 8.30288e-05 
0.000685102 0.000482768 2.64096e-05 
0.000640206 0.000392798 7.98438e-05 
0.000128649 0.00019654 4.4883e-05 
0.000306569 0.000274871 2.45253e-05 
0.000522252 0.000272756 4.19315e-05 
0.000759728 0.000181145 8.50734e-05 
0.000249073 0.000463479 8.04411e-05 
0.000977355 3.27555e-05 7.95837e-05 
0.000679702 0.000356856 2.10525e-05 
0.000229389 0.000224404 2.93141e-05 
0.000909812 0.000404366 3.6654e-05 
0.000413537 3.31766e-05 7.91886e-05 
0.000689969 4.34165e-05 5.59887e-05 
0.000772962 0.000473631 8.13117e-05 
0.000526666 0.000389878 7.13813e-05 
0.000458785 0.000163017 8.05423e-05 
0.000659352 0.000214116 3.29393e-05 
0.000424978 0.000108693 0.000102731 
0.000269792 0.000468738 3.13032e-05 
0.000979279 0.000385194 8.72269e-05 
0.00016448 0.000155265 6.64671e-05 
0.000901087 9.79925e-05 5.11305e-05 
0.000651143 0.000323303 2.30552e-05 
0.000358985 0.000402237 9.51645e-05 
0.000316329 0.000396875 7.81619e-05 
0.000869105 0.000125264 0.000109609 
0.000187978 0.000240311 1.80817e-05 
0.000694557 0.000435043 3.07206e-05 
6.34285e-05 2.897e-05 2.89689e-05 
0.000545054 2.72713e-05 2.52989e-05 
0.000719123 0.000296162 2.064e-05 
0.000885577 4.45915e-05 3.65046e-05 
0.000219138 0.000267917 1.83507e-05 
0.000916737 0.000132984 7.48334e-05 
0.000300776 0.000166235 4.79686e-05 
0.000797815 0.00033636 9.23262e-05 
0.000516389 0.000265221 8.44982e-05 
0.000727067 0.000292353 5.96067e-05 
0.000200076 0.000322991 7.03769e-05 
0.000796943 0.000440462 5.73773e-05 
0.000822878 0.000219979 2.07609e-05 
0.000599098 0.000405834 2.8631e-05 
2.61559e-05 0.000114989 2.61554e-05 
0.000464821 0.000329039 8.77844e-05 
0.000460404 0.000470858 5.25261e-05 
4.22212e-05 0.00038829 8.18088e-05 
0.00037732 0.000325464 2.80199e-05 
0.000553734 0.000417614 1.91484e-05 
0.000276675 0.000112603 5.86455e-05 
0.000907861 6.24517e-05 9.13334e-05 
0.000599239 0.000242845 9.96856e-05 
0.000801922 0.000206373 6.18393e-05 
0.000434164 0.000378874 3.95448e-05 
0.000254505 0.000125319 3.18201e-05 
0.000743546 2.10398e-05 2.03293e-05 
0.0003984 0.000137447 1.98847e-05 
0.000347985 0.000255817 2.09469e-05 
0.000255677 0.000335464 5.70014e-05 
0.000724868 8.51933e-05 7.31307e-05 
0.000766131 0.000314955 1.85833e-05 
0.000877293 0.00041468 8.74788e-05 
0.000640537 0.000124877 2.04263e-05 
0.000615141 2.20147e-05 4.16875e-05 
0.000336835 0.000471213 3.80216e-05 
0.000577718 0.000120809 5.14342e-05 
0.000126249 0.000119282 5.67692e-05 
0.000201828 0.000471729 6.49625e-05 
0.000197822 6.28665e-05 5.4136e-05 
4.53063e-05 5.14162e-05 9.75047e-05 
6.24657e-05 0.000316172 2.25123e-05 
0.000674456 0.00024703 7.07259e-05 
2.68582e-05 0.000477208 5.96803e-05 
0.000751511 0.000421999 7.63478e-05 
0.000442777 0.000264843 6.18102e-05 
0.000620883 0.000459898 2.08325e-05 
0.000828786 7.22552e-05 5.7522e-05 
0.000301972 0.000124249 2.42661e-05 
0.000921809 0.000463279 2.46538e-05 
0.000637156 0.000477943 8.77746e-05 
0.000192002 0.000410145 7.82904e-05 
0.000957957 0.000482861 1.71424e-05 
0.000830339 0.000335546 3.29519e-05 
6.07832e-05 0.000436025 8.28465e-05 
0.000462829 0.000435678 2.56048e-05 
0.000780262 0.000114541 4.4679e-05 
0.000744718 0.000326291 4.90957e-05 
0.000604506 0.000299176 8.9469e-05 
0.000117999 0.000460982 2.16547e-05 
0.000760152 0.000228515 6.95171e-05 
0.000813514 8.66323e-05 2.29212e-05 
0.00072915 0.000402724 4.96453e-05 
0.000481866 0.000414142 8.05617e-05 
0.000561862 0.000150343 0.000101227 
0.000335781 0.000148757 1.79669e-05 
0.00060996 0.000285401 3.39177e-05 
0.000190798 0.000268034 5.7661e-05 
0.000508925 0.000109096 8.60189e-05 
0.000566763 0.000191227 2.24185e-05 
0.000440627 0.000482259 1.77288e-05 
0.000511381 0.000176805 9.44027e-05 
0.000751507 0.000129453 2.0425e-05 
0.000214651 0.000180705 1.94812e-05 
0.000104468 0.00043446 0.000110718 
0.000495233 0.00033783 7.07345e-05 
4.92653e-05 0.0001891 5.1122e-05 
0.000673612 0.000275569 3.01824e-05 
0.000579061 3.2643e-05 6.08991e-05 
0.000131161 0.000376065 3.02716e-05 
3.03113e-05 0.000283665 7.19997e-05 
0.000374556 0.000435955 7.79806e-05 
0.00053611 0.000298654 1.72978e-05 
0.00084661 8.36199e-05 9.75279e-05 
0.000733214 9.36885e-05 1.9748e-05 
6.92321e-05 0.000169863 1.90558e-05 
6.05263e-05 0.000378421 1.99497e-05 
0.00026528 0.000209451 9.04135e-05 
0.000967854 0.00020801 2.00954e-05 
0.000274803 0.000241652 2.15257e-05 
0.000831402 0.000180986 9.41128e-05 
0.000887564 0.000347902 2.51054e-05 
0.000678093 0.000129985 1.75601e-05 
2.25706e-05 0.000251222 2.2566e-05 
0.000718651 0.000241201 2.65796e-05 
0.000114106 0.000243586 1.92099e-05 
0.000947283 0.000149425 1.71485e-05 
0.000891027 0.000447643 6.4284e-05 
0.000421813 0.000411862 2.19546e-05 
0.000114416 6.15249e-05 3.13148e-05 
0.000569468 0.000317139 6.22028e-05 
0.000860882 0.000210532 1.84599e-05 
0.000258251 0.000193166 5.00738e-05 
2.11353e-05 0.000363125 5.98601e-05 
0.000777331 0.00026752 6.87004e-05 
0.000240578 2.5062e-05 2.50564e-05 
0.000788035 5.98421e-05 3.98075e-05 
0.000267856 0.000271559 0.000107435 
0.000288404 0.000441123 8.11478e-05 
0.000701884 0.00017332 2.56848e-05 
0.000359864 0.000121988 1.80328e-05 
0.000970198 0.000424864 8.71836e-05 
0.000167774 0.000174147 2.17743e-05 
0.000138442 0.00031824 2.09975e-05 
0.000972707 0.000111312 7.03678e-05 
0.000211481 5.87698e-05 1.97784e-05 
0.000978445 0.000135798 3.56122e-05 
0.000805109 0.000284762 2.43335e-05 
0.00039621 0.000477976 0.000105769 
7.74247e-05 0.000127207 3.53525e-05 
0.000440244 0.00038598 8.80565e-05 
0.00012929 0.000314829 8.56213e-05 
0.000464308 2.28045e-05 2.2605e-05 
0.000941849 0.000381186 0.0001136 
0.00093464 0.000352844 2.23092e-05 
0.000227479 0.000311005 2.62439e-05 
0.000358389 0.000234893 9.94433e-05 
0.000821679 0.000412505 8.27637e-05 
0.000973258 0.000467981 5.54833e-05 
0.000226561 0.00015016 4.68311e-05 
0.000404429 0.000197718 0.000113763 
0.000113437 0.00015577 2.08384e-05 
0.000275844 0.000339864 2.0115e-05 
0.000352676 1.97732e-05 8.34629e-05 
0.000647346 0.000447911 5.46955e-05 
2.08105e-05 0.000384809 2.02777e-05 
0.000515717 0.00048267 7.8855e-05 
0.000972975 0.000323625 5.84353e-05 
0.000607021 0.000436015 6.54208e-05 
0.000939217 0.000306756 2.40373e-05 
0.000373031 0.000167739 1.80002e-05 
0.000597362 6.78214e-05 8.01525e-05 
0.000880302 8.30007e-05 8.02061e-05 
0.000935913 2.11445e-05 2.11494e-05 
0.00044501 5.74812e-05 1.71704e-05 
0.000688446 0.000466356 7.98705e-05 
0.000685741 5.86592e-05 9.89417e-05 
0.000758192 0.000437034 4.2961e-05 
0.000331022 3.54144e-05 3.53006e-05 
0.000353235 0.000466979 7.16252e-05 
0.000671942 5.25002e-05 2.06418e-05 
0.000322026 0.000324247 2.72731e-05 
0.000490672 8.15366e-05 5.28659e-05 
0.000115701 0.00037498 8.7432e-05 
0.000227306 0.00038325 6.48629e-05 
0.000505462 0.000116372 2.66771e-05 
1.928e-05 6.74638e-05 6.98605e-05 
0.000503713 2.17904e-05 1.71848e-05 
0.000844958 0.000381729 9.30241e-05 
0.000311143 8.27008e-05 1.85967e-05 
4.49767e-05 0.000196581 1.70791e-05 
0.000160055 0.000232322 6.58536e-05 
0.000565816 0.000319532 1.90545e-05 
0.000423232 0.00033043 9.56935e-05 
0.000466852 0.000207565 2.06964e-05 
0.000828008 0.000113332 8.11224e-05 
0.000849546 0.000245117 8.6488e-05 
0.000179561 0.000304852 2.22277e-05 
0.00061908 0.000334746 4.50448e-05 
0.000541776 1.98932e-05 6.97485e-05 
0.000641206 0.000425574 1.88802e-05 
0.000850298 1.83717e-05 0.000101759 
0.000315554 0.000435623 2.55312e-05 
0.000427546 0.000308502 1.87687e-05 
0.000972633 6.49694e-05 0.000111921 
0.000316731 0.000380291 2.90379e-05 
2.8864e-05 0.000204781 7.95099e-05 
0.00011993 0.000139261 9.7989e-05 
0.000166929 0.000341338 4.11615e-05 
0.000939755 9.72398e-05 8.84132e-05 
0.000414631 0.000455027 3.50757e-05 
0.000478103 0.000209901 6.25809e-05 
8.26567e-05 0.000482603 8.33223e-05 
0.000481011 0.000459862 9.04274e-05 
0.00086205 0.00037513 5.34053e-05 
0.000131729 0.0004825 5.13468e-05 
0.000151191 0.000231582 1.97626e-05 
0.000496646 0.000455279 4.53569e-05 
0.000766362 3.7776e-05 9.61178e-05 
0.000756469 0.000151007 5.28926e-05 
0.00026277 0.000162409 2.21463e-05 
0.000489331 0.000259714 2.03985e-05 
0.000577806 9.71268e-05 1.79196e-05 
0.000813459 2.10104e-05 7.57313e-05 
0.000605283 0.00022267 2.27435e-05 
0.000716939 0.000337638 2.08493e-05 
0.000875602 9.41534e-05 1.75279e-05 
0.000171056 3.06261e-05 3.06248e-05 
0.000601932 2.56182e-05 9.42936e-05 
0.000599335 0.00034878 7.48831e-05 
0.000715887 5.45462e-05 2.31933e-05 
0.000209153 0.000169573 8.63007e-05 
0.000552972 0.000458364 3.49752e-05 
0.000757551 0.000273541 2.40605e-05 
0.000733197 0.000473252 4.94059e-05 
0.000546071 0.000376146 2.32162e-05 
0.000616708 9.01818e-05 2.17024e-05 
0.00078201 0.000426169 0.000107536 
0.000533184 0.000297676 7.18582e-05 
0.000769109 0.000390074 0.000118701 
2.30165e-05 0.000340176 2.26374e-05 
0.000665612 0.000397743 1.81435e-05 
0.0005615 0.000470625 9.11393e-05 
0.000156811 0.000302394 5.79111e-05 
0.000391819 0.000146144 6.62346e-05 
0.000924444 0.000474255 7.37749e-05 
0.00072534 0.000380068 1.84396e-05 
6.19376e-05 8.08677e-05 2.30418e-05 
0.000667574 1.8667e-05 7.51011e-05 
0.00058691 0.00048089 1.91429e-05 
0.000565885 0.000202402 6.7139e-05 
0.000404947 0.00041228 6.38355e-05 
0.000173304 1.83555e-05 7.79891e-05 
0.000193636 0.000183342 4.93202e-05 
0.000409901 0.000359209 1.96235e-05 
0.00039191 0.000105336 6.17096e-05 
0.000494986 0.00035334 0.000119368 
0.000791942 6.88857e-05 7.76442e-05 
0.000814382 0.000250174 5.02961e-05 
0.000698339 0.000286495 9.70859e-05 
0.000833887 0.000148408 2.25256e-05 
0.000567068 0.000365202 5.8103e-05 
0.000975481 0.000170882 1.78725e-05 
0.000149567 0.000136425 2.01354e-05 
0.000479306 3.4927e-05 0.000118272 
0.000267504 3.63705e-05 6.30265e-05 
2.0396e-05 0.000212284 4.06153e-05 
0.00063775 0.000320826 7.33393e-05 
0.000285858 0.00019872 2.09013e-05 
0.000689542 0.000242678 0.000103716 
0.000562528 3.4802e-05 9.98931e-05 
0.0005362 0.000129699 0.000114485 
0.000275314 0.000245694 6.42506e-05 
0.000920112 0.000166298 4.02001e-05 
0.000883835 0.000272269 9.99717e-05 
0.000588112 5.46977e-05 2.39513e-05 
3.79942e-05 0.000237346 6.30534e-05 
0.0002036 0.000356051 0.000103624 
0.000835622 0.00017826 5.01278e-05 
6.68602e-05 7.29902e-05 6.35838e-05 
0.000238166 0.000416609 2.96354e-05 
0.000687715 0.000100346 7.91061e-05 
2.42548e-05 0.000352815 0.000102395 
0.000556787 0.000137419 2.19814e-05 
0.000750743 6.61036e-05 4.76174e-05 
0.000955231 0.000373175 5.49329e-05 
0.000480571 0.000479681 2.02954e-05 
0.000379915 2.12005e-05 5.37292e-05 
0.000977329 2.29203e-05 3.53373e-05 
0.000306336 2.74634e-05 9.00681e-05 
0.000446036 0.000347879 1.82642e-05 
0.00097845 0.000354751 2.15491e-05 
0.000352752 0.000144563 8.47939e-05 
0.000810711 0.000478622 0.000106399 
0.000469085 8.25379e-05 0.000102118 
0.000147 0.000205734 9.12508e-05 
0.00091716 0.000256524 7.47658e-05 
0.000529315 0.000334142 3.80764e-05 
4.70719e-05 0.000111183 9.56131e-05 
0.000112773 0.000107668 1.70132e-05 
0.000158723 0.00047767 2.23325e-05 
0.000908337 0.000381338 0.000124968 
0.000504645 7.2015e-05 8.98975e-05 
0.00074435 0.000288033 9.96671e-05 
0.000951521 0.000342869 9.50948e-05 
0.000318427 0.000467869 9.87403e-05 
8.63799e-05 0.000100373 7.59554e-05 
0.000741562 0.000131707 8.28264e-05 
0.00036211 0.000209884 2.63318e-05 
0.000525606 0.000450549 6.7041e-05 
0.000220064 0.000479446 2.05472e-05 
8.60005e-05 0.000350587 3.89754e-05 
0.000101215 0.000286089 9.64468e-05 
0.00031585 0.00022837 3.95607e-05 
0.000228068 0.000219325 0.000106862 
0.0008627 0.000197704 6.58898e-05 
0.000117848 2.22807e-05 6.76505e-05 
0.000935913 0.000284467 6.00281e-05 
1.80715e-05 0.000104763 6.84179e-05 
0.000930469 0.000198946 1.83547e-05 
0.000893048 0.000238106 5.50447e-05 
0.000496545 0.000141999 0.000114881 
0.000868436 0.000470562 2.94242e-05 
0.000504345 0.000309919 0.000100794 
9.36127e-05 0.000462347 5.46351e-05 
0.000755008 0.000408007 1.96572e-05 
0.000287781 0.000482313 7.52118e-05 
0.000755409 0.000354675 2.09893e-05 
0.000693149 2.05145e-05 1.72325e-05 
0.000632049 5.22917e-05 1.92771e-05 
0.000196041 0.000365303 4.6372e-05 
0.000252512 0.000140013 0.00011445 
0.000347968 0.000170686 4.63324e-05 
0.00046338 0.00029591 0.000122891 
0.000560859 0.00027006 3.63521e-05 
0.000284552 1.75516e-05 1.75521e-05 
0.000453694 0.000244357 1.84373e-05 
0.000170367 0.000376036 9.92848e-05 
0.000855952 0.000232291 4.98151e-05 
0.00066021 1.79788e-05 3.33981e-05 
0.000260794 0.000312322 0.000120077 
0.000398469 0.00046209 7.31238e-05 
0.000726498 2.25323e-05 6.16315e-05 
0.0009597 0.000438566 2.07495e-05 
0.000841481 0.000257366 2.08976e-05 
0.000446684 6.50188e-05 7.5465e-05 
0.000191442 0.000137267 2.17754e-05 
0.000936837 8.5496e-05 0.000125483 
0.00035655 0.000287311 4.07738e-05 
0.000134986 0.000425801 1.75956e-05 
0.000102496 0.000288747 2.56093e-05 
0.000378747 0.000183007 6.64736e-05 
0.000783497 0.000235358 1.98252e-05 
0.000494329 7.2078e-05 1.7484e-05 
0.000771444 8.57951e-05 1.93028e-05 
0.000328875 0.000435686 6.82102e-05 
0.000915311 1.80107e-05 7.36581e-05 
0.000928959 0.000121403 3.09768e-05 
0.000477011 0.000363105 8.67535e-05 
0.000965413 0.000131278 0.000110679 
0.000702062 0.000413363 8.4115e-05 
2.30683e-05 0.000160274 1.84739e-05 
0.000502828 2.76779e-05 5.60566e-05 
0.000272013 0.000370898 4.33875e-05 
0.000126804 7.71123e-05 8.07429e-05 
0.00019676 0.000340671 1.73752e-05 
0.000789513 0.000431787 1.79495e-05 
0.000848108 0.000109909 4.417e-05 
0.000315846 0.000352137 8.14185e-05 
0.00054484 0.000251196 6.41432e-05 
0.000777867 3.56684e-05 1.70276e-05 
0.000667399 0.00011192 4.73741e-05 
0.000657417 0.000162131 2.04653e-05 
7.18417e-05 0.000389563 0.000109639 
0.000188231 0.00048099 0.000109065 
0.000658457 0.000463277 1.70776e-05 
6.8843e-05 0.000467765 2.19718e-05 
0.000113831 0.000322009 4.9711e-05 
0.000871017 0.000164307 0.000115008 
0.000566558 0.000273927 8.22522e-05 
0.000605189 9.69576e-05 0.000111776 
3.0541e-05 0.00048124 1.87426e-05 
0.000770994 0.000309242 6.96324e-05 
7.33629e-05 3.68529e-05 7.37625e-05 
0.000468925 0.000219022 0.000107754 
0.000374254 0.000476525 2.34653e-05 
1.80983e-05 0.000413799 7.19522e-05 
0.000354886 0.000382973 5.7831e-05 
2.1892e-05 0.000295669 2.18919e-05 
0.000816142 2.08303e-05 0.000115336 
0.000245093 0.000272343 4.86457e-05 
0.000365 0.000371966 2.06457e-05 
0.000911071 9.17753e-05 1.7918e-05 
0.000270149 9.74266e-05 1.78378e-05 
