0.000840546 0.000419759 3.10541e-05 
7.71245e-05 0.000297513 6.12999e-05 
0.00053341 0.000223921 9.0285e-05 
0.000320513 0.000248182 6.59327e-05 
0.000688743 0.000329258 6.55644e-05 
0.000370202 6.02388e-05 7.55345e-05 
0.000755021 0.000195543 3.09905e-05 
0.000885246 0.000288062 3.57932e-05 
0.000520389 4.4997e-05 9.63469e-05 
0.00077965 0.000235132 8.90153e-05 
0.000633674 0.000366849 2.42393e-05 
0.000180835 0.000382304 1.97446e-05 
0.000830787 0.000285708 7.38768e-05 
0.000199658 0.000213324 6.96595e-05 
0.000487835 0.000380061 3.62742e-05 
0.000810162 0.000155103 6.33841e-05 
0.000444376 0.000342073 5.72568e-05 
0.000233101 0.000361797 2.52287e-05 
0.00052934 0.000160555 4.43242e-05 
0.000885564 0.000235999 1.89335e-05 
0.000921086 0.000329781 6.20866e-05 
0.000415843 0.000306951 5.67968e-05 
0.000942451 5.20202e-05 5.39643e-05 
0.00084031 4.68176e-05 7.03169e-05 
0.000688991 9.07162e-05 2.14063e-05 
0.000273233 0.000299916 2.06138e-05 
8.57475e-05 0.000228132 8.60691e-05 
0.000565231 0.000236619 1.97555e-05 
0.000161126 9.08236e-05 2.98294e-05 
0.000965845 0.000458453 0.000103828 
0.000517659 0.000215358 3.31028e-05 
0.000963625 0.000216803 5.7015e-05 
0.000891111 0.000135271 2.57042e-05 
0.000773468 2.10014e-05 5.02839e-05 
6.61965e-05 0.000260412 2.19107e-05 
0.000748687 0.00034626 9.20268e-05 
0.000615068 0.000441541 0.000100965 
0.000309658 0.000172368 0.000100739 
0.000334749 0.000205879 6.55994e-05 
0.000327605 0.000184068 1.87171e-05 
0.000296834 0.000299549 7.74743e-05 
0.000478602 0.00030772 3.28579e-05 
0.000462512 2.31851e-05 6.83719e-05 
0.000340275 9.93787e-05 5.48784e-05 
0.000974661 0.000396805 2.1801e-05 
0.000597217 0.000475678 5.53898e-05 
0.000539943 0.00035002 8.37857e-05 
0.000718473 0.000167624 6.94916e-05 
0.000395788 0.000231962 6.2996e-05 
0.000395362 0.000279678 9.81917e-05 
0.000269951 0.000374982 8.76253e-05 
0.000575618 0.000156716 5.11275e-05 
0.000799437 5.0097e-05 9.63175e-05 
0.000839305 0.000459843 7.47139e-05 
9.23316e-05 6.26857e-05 8.61442e-05 
0.000190321 0.00010823 8.47421e-05 
0.000972258 8.56054e-05 2.75642e-05 
0.000515335 0.000415252 8.51913e-05 
0.000214121 0.000101843 2.45085e-05 
0.000368577 0.000420371 3.12559e-05 
0.000482166 0.000165201 2.60585e-05 
0.000283514 0.000411555 4.97116e-05 
0.000587105 0.000355433 2.37082e-05 
0.000800946 0.000190884 1.71765e-05 
0.000543553 7.71748e-05 5.6471e-05 
0.000240797 7.13613e-05 6.30775e-05 
0.000515417 0.000472693 1.73988e-05 
0.000396133 6.68192e-05 3.08111e-05 
0.000967405 0.000170397 6.27047e-05 
0.000891845 0.000186168 1.93962e-05 
0.000588045 0.000398514 8.01774e-05 
0.000623238 0.000133741 7.17013e-05 
0.0003987 0.000358918 6.63793e-05 
0.000690928 0.000384714 4.94305e-05 
0.000650165 6.78128e-05 6.23147e-05 
0.000149939 4.67987e-05 7.26662e-05 
0.000861113 0.000159032 6.2664e-05 
0.000445676 0.00011225 3.66385e-05 
0.000616549 0.000199743 8.10068e-05 
0.000711346 0.000126834 4.63976e-05 
0.000787007 0.000152781 2.30055e-05 
5.9819e-05 0.000341658 5.94288e-05 
0.000171344 0.00038702 5.51368e-05 
0.000429854 0.00043864 6.79018e-05 
0.000583181 0.000239302 5.9418e-05 
0.000789748 0.000383871 5.10892e-05 
2.9912e-05 0.000433984 2.99135e-05 
0.00034519 0.000279052 8.99389e-05 
0.000179867 0.000430014 2.88139e-05 
0.000149336 0.000275886 2.03553e-05 
0.000276161 5.71525e-05 2.32764e-05 
0.000818289 0.000474141 2.5849e-05 
0.000685603 0.000136265 8.33089e-05 
0.000980863 0.000295175 1.74972e-05 
0.000130857 0.000256934 5.69582e-05 
0.000869682 0.000335096 8.44851e-05 
0.000210543 2.54699e-05 6.36676e-05 
0.000921497 0.000206835 8.30453e-05 
0.000355551 0.000324588 7.95844e-05 
0.000419146 0.000185485 3.29398e-05 
0.000560417 0.000415614 5.79663e-05 
0.000772814 0.000471569 2.0058e-05 
0.000725037 0.000363437 5.13802e-05 
0.000782968 0.000116762 8.6908e-05 
0.000421894 2.51187e-05 1.93652e-05 
0.00082067 2.92686e-05 2.92566e-05 
0.000294769 7.01685e-05 6.31341e-05 
0.000727547 0.000247748 7.35631e-05 
7.9087e-05 0.000215714 2.46868e-05 
0.000685735 0.000184502 6.38414e-05 
0.000613965 0.000175712 2.64956e-05 
0.000399739 0.000272128 2.69505e-05 
0.000971751 0.000263327 7.15721e-05 
0.000647549 0.000275674 7.66304e-05 
0.000934741 0.000244657 3.02687e-05 
0.00059848 0.000131365 2.07349e-05 
8.84808e-05 0.000419527 3.03968e-05 
0.000134585 0.000436448 6.90497e-05 
0.000489108 0.00027862 7.23203e-05 
8.33362e-05 0.000162543 7.31166e-05 
0.000687992 0.000482781 1.72096e-05 
0.000642607 0.000387368 8.10043e-05 
0.000126925 0.000200727 4.35756e-05 
0.000311145 0.000275723 2.45245e-05 
0.000516587 0.000269489 3.333e-05 
0.000764277 0.000179301 8.41334e-05 
0.000242332 0.000455386 7.6357e-05 
0.000977337 2.83269e-05 7.51563e-05 
0.000677685 0.00035661 2.10517e-05 
0.000229057 0.000225588 2.76765e-05 
0.000910882 0.000403936 3.66546e-05 
0.000414142 2.49832e-05 6.3034e-05 
0.000689921 3.30172e-05 5.18378e-05 
0.000771359 0.000475774 7.39096e-05 
0.000534513 0.000388289 6.14708e-05 
0.000460037 0.000164917 8.39716e-05 
0.000659588 0.000213996 3.29401e-05 
0.00042088 0.000108533 0.000100501 
0.000267724 0.000468755 3.12445e-05 
0.000979264 0.000392062 8.331e-05 
0.000162841 0.0001604 6.69127e-05 
0.000901749 9.72745e-05 4.28824e-05 
0.000649886 0.000322427 2.30556e-05 
0.000360887 0.000409895 8.73485e-05 
0.000316144 0.000399717 7.78676e-05 
0.000869473 0.000123202 8.80412e-05 
0.00018789 0.000243194 1.808e-05 
0.000692247 0.000432936 3.0717e-05 
5.65792e-05 2.89775e-05 2.89691e-05 
0.000543961 2.53045e-05 2.52994e-05 
0.000718472 0.000297823 2.06357e-05 
0.000884151 4.47033e-05 3.64702e-05 
0.000215359 0.000268533 1.83539e-05 
0.000916923 0.000128067 6.98125e-05 
0.000299742 0.000168875 4.72298e-05 
0.000805812 0.000336334 8.74029e-05 
0.000525053 0.000268669 7.77245e-05 
0.00073052 0.000286327 5.69518e-05 
0.000200676 0.000323578 7.01822e-05 
0.000796332 0.0004408 5.41438e-05 
0.000824047 0.000221813 2.07609e-05 
0.000598659 0.000406246 2.86339e-05 
2.61554e-05 0.000117466 2.61557e-05 
0.000468754 0.000321554 8.13027e-05 
0.000454237 0.000470612 4.94885e-05 
5.1052e-05 0.000393085 5.69831e-05 
0.000378876 0.000322977 2.80194e-05 
0.00055365 0.000419193 1.91476e-05 
0.000268815 0.000114408 5.16404e-05 
0.000910837 6.99353e-05 7.82252e-05 
0.000610603 0.000253997 9.11531e-05 
0.000803749 0.000205508 6.12989e-05 
0.000434488 0.00037561 4.03363e-05 
0.00024879 0.000124218 1.94081e-05 
0.000744976 2.032e-05 2.03298e-05 
0.00039857 0.000138622 1.98874e-05 
0.000353348 0.000253871 2.09448e-05 
0.000257251 0.000335044 5.58948e-05 
0.00072177 8.24446e-05 5.93986e-05 
0.000768839 0.000315679 1.85829e-05 
0.000867744 0.000413118 7.91025e-05 
0.000639294 0.000125969 2.04337e-05 
0.000616875 2.20143e-05 3.84277e-05 
0.000332451 0.000475418 1.7043e-05 
0.000579291 0.000115914 5.03499e-05 
0.000124509 0.000124937 5.57775e-05 
0.000196602 0.000471919 6.34697e-05 
0.000193573 6.49438e-05 5.2415e-05 
3.46665e-05 4.43093e-05 7.22988e-05 
6.3599e-05 0.000311497 2.25126e-05 
0.000677601 0.000246196 7.00623e-05 
2.27159e-05 0.000476749 5.93891e-05 
0.000756098 0.000424247 6.92492e-05 
0.00044473 0.000262898 6.27035e-05 
0.00062209 0.000456577 2.08298e-05 
0.000835658 7.12292e-05 4.35746e-05 
0.000301423 0.000126517 2.42653e-05 
0.000926539 0.00046217 2.46532e-05 
0.000628607 0.000477949 8.03578e-05 
0.000195125 0.000414269 7.94818e-05 
0.00096207 0.000482852 1.71393e-05 
0.000831547 0.000334452 3.29507e-05 
6.0915e-05 0.000437537 8.25109e-05 
0.000458489 0.000433482 2.55976e-05 
0.000781371 0.000116502 4.54799e-05 
0.000743051 0.000322616 4.69364e-05 
0.000607719 0.000298968 8.88941e-05 
0.000121454 0.000459845 2.16537e-05 
0.000761955 0.000236483 5.60251e-05 
0.000812287 9.69897e-05 2.29188e-05 
0.000728004 0.000402787 5.10308e-05 
0.000475799 0.000426038 6.81915e-05 
0.000560252 0.000150282 8.7482e-05 
0.000336961 0.000148503 1.7971e-05 
0.000610221 0.000282331 3.39186e-05 
0.000188822 0.000268803 5.88722e-05 
0.000503117 0.000110191 7.15177e-05 
0.000566787 0.000190625 2.24184e-05 
0.00044064 0.000482273 1.77266e-05 
0.000513128 0.000182543 7.94965e-05 
0.000751368 0.000127054 2.0424e-05 
0.000222443 0.000179554 1.94785e-05 
0.000103543 0.000431191 0.000111289 
0.000500511 0.000337708 6.6798e-05 
4.84518e-05 0.000189262 5.18695e-05 
0.000673854 0.000275429 3.01865e-05 
0.000578256 2.40887e-05 5.48991e-05 
0.000132105 0.000377313 3.02631e-05 
3.06018e-05 0.00027797 7.00049e-05 
0.000378742 0.000443756 7.28719e-05 
0.000536478 0.000298072 1.72977e-05 
0.00084433 8.51002e-05 7.82883e-05 
0.000730045 9.29182e-05 1.97395e-05 
7.49997e-05 0.000172516 1.9055e-05 
6.00014e-05 0.000379347 1.9949e-05 
0.000270605 0.000208095 8.57946e-05 
0.000970176 0.000210335 2.00989e-05 
0.00027386 0.000244976 2.15247e-05 
0.000830515 0.000181196 9.66246e-05 
0.00088746 0.000347972 2.51033e-05 
0.000677078 0.000129025 1.75613e-05 
2.25669e-05 0.0002518 2.25667e-05 
0.000716308 0.000237924 2.65795e-05 
0.000112545 0.000243621 1.92054e-05 
0.000944666 0.000152367 1.71484e-05 
0.000891364 0.000445924 6.5729e-05 
0.000419213 0.0004069 2.19546e-05 
0.00010837 5.99509e-05 3.13126e-05 
0.000571838 0.000315872 6.20633e-05 
0.000860873 0.000207915 1.84592e-05 
0.000251776 0.00019059 5.00019e-05 
2.11366e-05 0.00036728 5.73708e-05 
0.000776327 0.000274869 6.79831e-05 
0.000240069 2.50559e-05 2.50554e-05 
0.00079084 6.49536e-05 3.5712e-05 
0.000257702 0.000267021 9.09984e-05 
0.000286786 0.000444466 7.53874e-05 
0.000702554 0.000174781 2.56852e-05 
0.000363538 0.000124221 1.80334e-05 
0.000967083 0.00042136 5.77224e-05 
0.000166655 0.000178074 2.17794e-05 
0.000137951 0.00032016 2.09965e-05 
0.000978238 0.000119718 6.20571e-05 
0.000209973 5.78859e-05 1.97784e-05 
0.000978434 0.000133952 2.15611e-05 
0.00080039 0.00028716 2.43379e-05 
0.000395855 0.000481831 9.19774e-05 
7.87846e-05 0.000127008 2.73422e-05 
0.000442129 0.000390397 8.02121e-05 
0.000128251 0.000315969 7.96872e-05 
0.000463676 2.27955e-05 2.26028e-05 
0.000940398 0.000388303 9.14032e-05 
0.000934632 0.00035186 2.23092e-05 
0.000227946 0.000310585 2.62431e-05 
0.000355875 0.000241856 8.61792e-05 
0.000821918 0.000416437 7.63126e-05 
0.000973235 0.000468133 5.69402e-05 
0.000229095 0.000144037 4.84849e-05 
0.000401719 0.000194862 0.00011485 
0.000115015 0.000158144 2.08404e-05 
0.00027903 0.000340224 2.01117e-05 
0.000363431 1.97771e-05 7.75229e-05 
0.000645145 0.000442587 5.63549e-05 
2.02786e-05 0.000385676 2.02789e-05 
0.000521762 0.000482668 5.19763e-05 
0.000972975 0.000323991 5.96897e-05 
0.000602456 0.000439237 6.36173e-05 
0.00094119 0.000305934 2.40378e-05 
0.000371782 0.000165352 1.79983e-05 
0.000598664 6.22191e-05 6.89993e-05 
0.000880304 8.782e-05 6.80141e-05 
0.000934484 2.12028e-05 2.11511e-05 
0.000445001 5.74979e-05 1.71704e-05 
0.000684007 0.000472168 7.33811e-05 
0.000695025 5.49086e-05 9.17088e-05 
0.000759922 0.000439639 3.55729e-05 
0.000331658 3.53049e-05 3.53036e-05 
0.000353254 0.000470372 6.26364e-05 
0.000672115 5.21693e-05 2.06409e-05 
0.00032366 0.000326007 2.72731e-05 
0.000490225 7.90562e-05 4.33589e-05 
0.000112537 0.000364965 8.4774e-05 
0.000225802 0.000382878 6.45427e-05 
0.00050793 0.000118098 2.66772e-05 
1.92964e-05 6.63494e-05 3.8939e-05 
0.000502842 1.83548e-05 1.71848e-05 
0.000833694 0.000378418 8.56733e-05 
0.000308975 8.27567e-05 1.85932e-05 
4.50722e-05 0.000192689 1.70884e-05 
0.0001628 0.000228909 5.46048e-05 
0.000566759 0.00031811 1.90556e-05 
0.000426759 0.000326801 9.61013e-05 
0.000465676 0.000209181 2.06969e-05 
0.00081976 0.000115191 7.19553e-05 
0.000847354 0.000239422 8.33281e-05 
0.000179917 0.000305456 2.22254e-05 
0.000615839 0.000332689 4.2503e-05 
0.000538769 1.98744e-05 6.98436e-05 
0.000642256 0.000422423 1.88808e-05 
0.000853172 1.83857e-05 9.0757e-05 
0.000314646 0.000437287 2.55339e-05 
0.000428945 0.000308656 1.87677e-05 
0.000972491 6.60328e-05 8.81036e-05 
0.000319493 0.000382645 2.90375e-05 
2.61661e-05 0.000206274 7.76771e-05 
0.000127101 0.000149695 9.47383e-05 
0.000167163 0.000341948 4.14057e-05 
0.000945264 9.40166e-05 6.42511e-05 
0.000412847 0.000452102 2.37265e-05 
0.000474217 0.000208567 5.7687e-05 
7.90353e-05 0.000482602 7.99235e-05 
0.000489117 0.000470015 7.71354e-05 
0.000861439 0.00037607 5.20579e-05 
0.000134859 0.000482501 5.06347e-05 
0.000150778 0.000235799 1.97603e-05 
0.000496635 0.000450836 3.82826e-05 
0.000764349 4.35753e-05 8.04674e-05 
0.000756639 0.000150213 5.17203e-05 
0.000261864 0.000161092 2.21485e-05 
0.000480002 0.000254951 2.04024e-05 
0.00057525 9.54209e-05 1.79224e-05 
0.000805578 1.87207e-05 7.35689e-05 
0.00060579 0.000224124 2.27442e-05 
0.000715807 0.000339224 2.08476e-05 
0.000877967 9.48996e-05 1.75253e-05 
0.000167906 3.06436e-05 3.06226e-05 
0.000609906 2.10595e-05 8.09227e-05 
0.000598868 0.000350852 7.18163e-05 
0.000715871 5.25454e-05 2.31908e-05 
0.000210021 0.000167741 8.47084e-05 
0.000553322 0.000461194 3.12788e-05 
0.000754466 0.000271299 2.40604e-05 
0.000731576 0.000473252 4.21377e-05 
0.000545825 0.000377758 2.32138e-05 
0.000614512 9.19536e-05 2.16748e-05 
0.000786456 0.000425454 9.0339e-05 
0.000534458 0.000297372 5.4064e-05 
0.000767846 0.000390454 9.73095e-05 
2.35129e-05 0.000340754 2.26352e-05 
0.000665779 0.000393839 1.8146e-05 
0.000559647 0.000470621 8.40175e-05 
0.000152145 0.000299209 5.09509e-05 
0.000384629 0.000151706 5.51326e-05 
0.000923809 0.000474253 7.35067e-05 
0.000723665 0.000381609 1.84416e-05 
5.88323e-05 8.07467e-05 2.30427e-05 
0.000654439 1.84076e-05 5.53159e-05 
0.000590406 0.000480867 1.91328e-05 
0.000565277 0.00019981 6.45372e-05 
0.000405177 0.000403797 5.8419e-05 
0.000171755 1.83576e-05 7.78795e-05 
0.000197152 0.000178604 4.5907e-05 
0.000408369 0.000359445 1.96269e-05 
0.000391806 0.000111344 5.65454e-05 
0.000498758 0.000351567 0.000102153 
0.000798477 8.02376e-05 7.08701e-05 
0.000808134 0.000249888 4.65262e-05 
0.000698111 0.000279105 7.85601e-05 
0.000832357 0.000148741 2.25254e-05 
0.000569586 0.000374088 5.78505e-05 
0.000977807 0.000173206 1.7872e-05 
0.000151206 0.000138936 2.01385e-05 
0.000482772 3.73983e-05 0.000100481 
0.000274911 2.66955e-05 5.78899e-05 
2.04177e-05 0.000211732 3.79611e-05 
0.00063909 0.000315528 6.50319e-05 
0.000278076 0.000200975 2.09005e-05 
0.00069835 0.000238948 9.92474e-05 
0.000566689 3.98825e-05 8.9396e-05 
0.000536947 0.00012348 8.77747e-05 
0.000277974 0.000247797 6.41512e-05 
0.000920581 0.000168503 4.38605e-05 
0.000881606 0.000271752 9.56575e-05 
0.000587232 5.4021e-05 2.3951e-05 
4.56482e-05 0.000236541 5.15227e-05 
0.000203284 0.00036502 9.22243e-05 
0.00083658 0.000186888 3.60379e-05 
6.16389e-05 7.33417e-05 6.38747e-05 
0.000236699 0.000416385 2.96332e-05 
0.000687528 9.74298e-05 7.54693e-05 
2.42695e-05 0.000340156 9.17291e-05 
0.000554987 0.000129555 2.19811e-05 
0.000753483 6.09305e-05 4.46668e-05 
0.000957042 0.000373022 5.31558e-05 
0.000478493 0.000479684 2.0299e-05 
0.000382981 1.88885e-05 2.98369e-05 
0.000977313 2.36892e-05 3.00556e-05 
0.00030988 2.52968e-05 9.09559e-05 
0.000446413 0.000349199 1.82653e-05 
0.000978451 0.000353565 2.15483e-05 
0.000352255 0.000145221 8.29619e-05 
0.000804699 0.000478629 0.000104883 
0.000465616 8.7938e-05 8.12308e-05 
0.000155831 0.000204673 8.43491e-05 
0.000917724 0.000256783 7.41253e-05 
0.000528919 0.000334921 3.52633e-05 
5.41457e-05 0.000113522 6.81701e-05 
0.000116342 0.000105634 1.70138e-05 
0.000162462 0.000477665 2.23284e-05 
0.00090815 0.000381311 0.000101171 
0.000496054 6.96026e-05 7.87813e-05 
0.000741455 0.000291787 9.90683e-05 
0.000949525 0.000352779 8.78959e-05 
0.000321353 0.000465389 9.27332e-05 
8.927e-05 9.60141e-05 5.76641e-05 
0.000743835 0.000127724 8.03814e-05 
0.000364863 0.00020834 2.63282e-05 
0.00052529 0.000447298 6.05818e-05 
0.000218188 0.000479449 2.05475e-05 
8.88319e-05 0.000348544 2.23072e-05 
0.000106497 0.000282155 8.0593e-05 
0.00031648 0.000226121 2.53021e-05 
0.000232543 0.000223076 9.46681e-05 
0.000876648 0.000201066 5.14062e-05 
0.000118436 2.22894e-05 6.80912e-05 
0.000933192 0.000287624 6.15047e-05 
1.80933e-05 9.59891e-05 6.39639e-05 
0.000933089 0.000197541 1.83527e-05 
0.000893602 0.00023794 5.4803e-05 
0.000504405 0.000137405 9.69802e-05 
0.000873332 0.000470572 2.94256e-05 
0.000509781 0.000307462 9.41918e-05 
9.43825e-05 0.000463888 5.22291e-05 
0.000752354 0.000406697 1.96565e-05 
0.000289386 0.000482315 7.29687e-05 
0.000755373 0.000352812 2.09861e-05 
0.00069301 1.93633e-05 1.72489e-05 
0.000632335 5.51655e-05 1.92768e-05 
0.00019717 0.000364486 4.78026e-05 
0.000252512 0.000140013 8.86908e-05 
0.000348438 0.000169152 4.76039e-05 
0.00046276 0.000292931 0.000101642 
0.00056142 0.000273686 1.75454e-05 
0.000284565 1.75633e-05 1.75598e-05 
0.000443638 0.000241453 1.84414e-05 
0.000165388 0.00037348 8.82518e-05 
0.000856977 0.000235129 4.53867e-05 
0.000654342 1.79857e-05 1.79784e-05 
0.000251937 0.000315484 0.00010087 
0.00039613 0.000470859 5.73045e-05 
0.000730139 2.23978e-05 6.03261e-05 
0.000964995 0.000438334 2.07308e-05 
0.000837452 0.000261464 2.08972e-05 
0.000441514 6.20534e-05 6.49283e-05 
0.000192899 0.000142888 2.17781e-05 
0.000936837 8.5496e-05 0.000101905 
0.000349338 0.000289313 3.45852e-05 
0.000135323 0.00042335 1.75955e-05 
0.000105145 0.000287381 2.56071e-05 
0.000377067 0.000188739 6.52171e-05 
0.000781829 0.000237247 1.98292e-05 
0.000502466 5.59176e-05 1.74835e-05 
0.000768966 8.9882e-05 1.93019e-05 
0.000334658 0.0004353 6.54739e-05 
0.000920448 1.80141e-05 6.71339e-05 
0.000932086 0.00011843 1.90733e-05 
0.000470302 0.000357523 8.18839e-05 
0.000962262 0.000136001 9.40158e-05 
0.000698548 0.00041506 8.29095e-05 
2.29898e-05 0.000161377 1.84739e-05 
0.000502627 3.65451e-05 5.20498e-05 
0.000273309 0.000374141 3.84236e-05 
0.000129571 8.09232e-05 7.55308e-05 
0.000196778 0.000340965 1.73745e-05 
0.000786714 0.000424088 1.79404e-05 
0.000851226 0.000112185 4.39913e-05 
0.000314942 0.000353525 7.07594e-05 
0.000546266 0.00025281 5.09199e-05 
0.000777102 3.90968e-05 1.70289e-05 
0.000664509 0.000110668 4.64598e-05 
0.000658495 0.00016208 2.04642e-05 
6.64474e-05 0.000385492 9.38437e-05 
0.000179869 0.000481011 0.000106514 
0.000658996 0.000464461 1.70777e-05 
6.67814e-05 0.000469617 2.19685e-05 
0.000109474 0.00032468 4.57517e-05 
0.000873775 0.000167792 0.000104509 
0.000565498 0.000274675 7.16689e-05 
0.000599148 9.37497e-05 9.87031e-05 
2.7929e-05 0.000481275 1.87239e-05 
0.000780269 0.000313885 5.2312e-05 
7.94664e-05 3.0545e-05 6.94805e-05 
0.000467994 0.000220772 8.92196e-05 
0.00037247 0.000476531 2.34645e-05 
1.80978e-05 0.000405497 6.67089e-05 
0.000357376 0.00037961 5.81517e-05 
2.18937e-05 0.000296261 2.18929e-05 
0.000820267 2.01222e-05 0.00010772 
0.000246331 0.000269862 4.38698e-05 
0.00036676 0.000369604 2.06412e-05 
0.000921115 8.16885e-05 1.79172e-05 
0.000271348 9.76248e-05 1.78377e-05 
