0.000843671 0.000421645 3.10544e-05 
8.0418e-05 0.000291891 6.13829e-05 
0.000532396 0.000221158 9.03103e-05 
0.000321054 0.000246445 5.95409e-05 
0.000691138 0.000329553 6.6565e-05 
0.000368304 6.23977e-05 7.38346e-05 
0.000754817 0.000194169 3.09906e-05 
0.000886204 0.000288334 3.57907e-05 
0.000515069 3.99633e-05 9.44759e-05 
0.000774785 0.000235153 8.58741e-05 
0.00063376 0.000365843 2.42384e-05 
0.000188881 0.000382699 1.97446e-05 
0.000829289 0.000286574 7.67658e-05 
0.000205342 0.000214003 7.36031e-05 
0.000489556 0.000388892 3.62698e-05 
0.000808376 0.000158176 6.25284e-05 
0.000439995 0.000339815 5.29423e-05 
0.000232187 0.00036308 2.52294e-05 
0.000524957 0.000163138 2.40465e-05 
0.000893282 0.000231909 1.89336e-05 
0.000918635 0.000332957 6.17165e-05 
0.000421833 0.000298657 5.096e-05 
0.000942929 5.27868e-05 5.35878e-05 
0.000839755 5.53508e-05 6.46648e-05 
0.000688188 9.194e-05 2.14046e-05 
0.00027636 0.000304264 2.06131e-05 
8.43447e-05 0.000230349 8.66722e-05 
0.00056337 0.000234466 1.97556e-05 
0.000159236 9.07413e-05 2.98302e-05 
0.00095054 0.000441754 8.88958e-05 
0.000514736 0.00021863 3.31029e-05 
0.000973056 0.000223086 5.66496e-05 
0.000896697 0.000134412 2.57047e-05 
0.000775035 2.10058e-05 4.99821e-05 
6.6814e-05 0.000260257 2.19097e-05 
0.000741652 0.000353365 9.61776e-05 
0.000617237 0.000433726 9.12448e-05 
0.000308039 0.00014666 9.10514e-05 
0.000330152 0.000199814 6.7875e-05 
0.00033325 0.000175814 1.87169e-05 
0.000294864 0.000299044 7.74666e-05 
0.000475214 0.000303587 3.28594e-05 
0.000462477 2.31829e-05 6.83825e-05 
0.000336495 0.000102057 5.73856e-05 
0.000978192 0.000404007 2.18029e-05 
0.000598752 0.000481877 5.60256e-05 
0.000539255 0.000352336 7.17531e-05 
0.000723441 0.000174021 6.59482e-05 
0.000395007 0.000227669 6.53067e-05 
0.000385192 0.000282167 8.64912e-05 
0.000263744 0.000384528 7.88881e-05 
0.000573813 0.000156681 4.91979e-05 
0.000793437 5.2413e-05 8.0832e-05 
0.000846102 0.000463236 7.32343e-05 
9.17247e-05 5.78378e-05 8.04715e-05 
0.000192694 0.000109531 8.17713e-05 
0.000972454 8.82819e-05 2.75347e-05 
0.000512412 0.000427079 7.58712e-05 
0.000212355 0.00010088 2.45086e-05 
0.000366512 0.000414672 3.12559e-05 
0.000475226 0.000168873 2.60589e-05 
0.000283634 0.000413686 4.06875e-05 
0.000586828 0.000356045 2.37079e-05 
0.000802105 0.000190764 1.71766e-05 
0.000541708 7.51478e-05 5.962e-05 
0.000240515 6.89363e-05 6.07491e-05 
0.000513973 0.000479517 1.73977e-05 
0.00039736 6.68991e-05 3.08117e-05 
0.000971767 0.000172922 6.27125e-05 
0.000891777 0.000178797 1.93948e-05 
0.000595037 0.000405782 7.59155e-05 
0.00061971 0.000132031 7.16571e-05 
0.000398096 0.000362475 6.66119e-05 
0.000694401 0.000382978 4.61381e-05 
0.000652733 6.45279e-05 6.3737e-05 
0.000161436 6.16351e-05 6.76692e-05 
0.000865378 0.000165462 5.57803e-05 
0.00044446 0.000115275 3.66395e-05 
0.000616634 0.000198185 8.17056e-05 
0.000707532 0.000127703 4.82039e-05 
0.000785015 0.000150126 2.30052e-05 
6.00266e-05 0.00034064 5.34555e-05 
0.000179897 0.000388111 5.51766e-05 
0.000424072 0.000443421 6.94247e-05 
0.0005797 0.000236278 5.91566e-05 
0.000792358 0.000384703 4.74554e-05 
2.99138e-05 0.000435246 2.99131e-05 
0.000344179 0.000277665 5.05567e-05 
0.000176442 0.000428755 2.88151e-05 
0.000153569 0.000270555 2.03552e-05 
0.000278345 5.64723e-05 2.32759e-05 
0.000822364 0.000474151 2.58492e-05 
0.000667118 0.000148251 5.58344e-05 
0.000980947 0.00029515 1.74972e-05 
0.000132933 0.000250416 5.58773e-05 
0.000867938 0.000333951 8.62563e-05 
0.000209518 2.35543e-05 6.15013e-05 
0.000929356 0.000211713 8.24932e-05 
0.000351455 0.000331351 7.50162e-05 
0.000418299 0.000182737 3.29367e-05 
0.000564217 0.000422444 5.78655e-05 
0.000777194 0.000479942 2.00574e-05 
0.000730067 0.000364563 4.87866e-05 
0.000794991 0.000120309 8.29119e-05 
0.000420144 2.36698e-05 1.9365e-05 
0.000820071 2.92561e-05 2.92559e-05 
0.000294346 6.79662e-05 6.46774e-05 
0.000730808 0.00024922 7.0474e-05 
7.53578e-05 0.000214456 2.46844e-05 
0.000680775 0.00018066 6.26814e-05 
0.000613213 0.000175924 2.6496e-05 
0.000395527 0.000265819 2.69505e-05 
0.00097175 0.000267193 7.36949e-05 
0.000651692 0.000276231 7.84569e-05 
0.000939283 0.000245187 3.0268e-05 
0.000596106 0.00013228 2.07352e-05 
8.73123e-05 0.000413777 3.03968e-05 
0.000131178 0.0004361 6.89145e-05 
0.000494384 0.000261036 5.11971e-05 
7.54016e-05 0.000166545 6.84731e-05 
0.000689502 0.000482788 1.72096e-05 
0.000648181 0.000383512 8.08049e-05 
0.000122614 0.000198941 4.45682e-05 
0.000308808 0.000273132 2.45239e-05 
0.000516772 0.00027137 2.10385e-05 
0.000767589 0.00017901 8.37326e-05 
0.000237243 0.000448885 7.09562e-05 
0.000977358 2.26415e-05 6.51e-05 
0.000677315 0.000353834 2.10528e-05 
0.000229451 0.00022327 2.76755e-05 
0.000909097 0.000405126 3.66551e-05 
0.000414606 2.49832e-05 6.33476e-05 
0.000686485 2.7437e-05 5.03757e-05 
0.000767129 0.000475647 6.29675e-05 
0.000537337 0.000395903 5.96917e-05 
0.000453702 0.000164488 8.87241e-05 
0.000658309 0.000214097 3.29393e-05 
0.000412694 8.68161e-05 9.04351e-05 
0.000267024 0.000468755 3.12446e-05 
0.000979279 0.000403097 7.61668e-05 
0.000166254 0.000160798 6.01955e-05 
0.00091462 9.70298e-05 3.7191e-05 
0.000648149 0.000320807 2.30546e-05 
0.000360707 0.000410561 8.54233e-05 
0.000316542 0.000406946 7.24389e-05 
0.000873397 0.000121764 6.03799e-05 
0.000187099 0.0002377 1.80801e-05 
0.000691255 0.000432269 3.0716e-05 
5.51316e-05 2.8969e-05 2.89689e-05 
0.000541924 2.53028e-05 2.53013e-05 
0.000718879 0.000297781 2.06405e-05 
0.000884635 3.92173e-05 3.64707e-05 
0.000212136 0.000269815 1.83519e-05 
0.000911967 0.000134307 7.49987e-05 
0.000299183 0.000173212 4.42601e-05 
0.000792193 0.000331158 7.78671e-05 
0.000524759 0.000264516 7.32305e-05 
0.000733055 0.000288945 5.69279e-05 
0.000197435 0.000318831 6.75038e-05 
0.00080018 0.000442527 5.58787e-05 
0.000824959 0.000227534 2.07613e-05 
0.000600228 0.00040649 2.86319e-05 
2.61576e-05 0.000120087 2.61561e-05 
0.000464015 0.000322087 7.942e-05 
0.000442944 0.000479819 5.28684e-05 
4.66454e-05 0.000394019 4.86427e-05 
0.000383173 0.000319406 2.80202e-05 
0.000556076 0.000422098 1.91485e-05 
0.000266175 0.000116056 4.95853e-05 
0.00091424 8.12659e-05 7.00137e-05 
0.000613858 0.000252756 8.23598e-05 
0.000803545 0.000208703 5.93896e-05 
0.000437923 0.000374189 3.497e-05 
0.000248167 0.000120643 1.7066e-05 
0.000746251 2.03313e-05 2.03312e-05 
0.000395093 0.000137118 1.98849e-05 
0.000348489 0.000251223 2.0945e-05 
0.00025926 0.000337922 5.47924e-05 
0.000717283 8.1899e-05 5.56509e-05 
0.000756449 0.000309903 1.8585e-05 
0.000865951 0.00041106 8.08938e-05 
0.000636938 0.000126939 2.04336e-05 
0.000617655 2.20129e-05 2.57875e-05 
0.000328367 0.000482965 1.70346e-05 
0.00057913 0.000110782 4.78207e-05 
0.000124459 0.000125952 5.6834e-05 
0.000193403 0.000471918 6.21251e-05 
0.000192521 6.49851e-05 5.13106e-05 
2.19499e-05 4.59619e-05 6.36512e-05 
6.59691e-05 0.000304667 2.25122e-05 
0.000686306 0.000240973 6.8055e-05 
2.2521e-05 0.000477477 6.0098e-05 
0.000759543 0.000430379 5.17933e-05 
0.000446438 0.000254155 6.2954e-05 
0.00062375 0.000454597 2.08291e-05 
0.000837334 7.26766e-05 1.7535e-05 
0.000299933 0.000129358 2.42608e-05 
0.000935508 0.000459137 2.46547e-05 
0.000631871 0.000477949 7.84207e-05 
0.000194243 0.00042062 8.04396e-05 
0.000969091 0.000482858 1.71392e-05 
0.000832336 0.000332644 3.29516e-05 
6.06833e-05 0.000439103 8.26293e-05 
0.000455287 0.000439289 2.56006e-05 
0.00077242 0.00011761 4.82429e-05 
0.000742341 0.000326996 5.06107e-05 
0.000611993 0.00029905 8.79541e-05 
0.000120801 0.000465274 2.1654e-05 
0.000763627 0.000237783 5.02476e-05 
0.000806121 0.000109336 2.2919e-05 
0.000729014 0.000404887 5.12607e-05 
0.000468756 0.000430718 6.935e-05 
0.000537641 0.000163271 6.49106e-05 
0.000340394 0.000139674 1.79661e-05 
0.000610471 0.000279474 3.39181e-05 
0.000186179 0.000263483 5.87501e-05 
0.000495682 0.000102351 6.93823e-05 
0.000564459 0.000192009 2.24171e-05 
0.000433571 0.000482271 1.77267e-05 
0.000503492 0.000178834 6.71995e-05 
0.000746185 0.000130848 2.04243e-05 
0.000225787 0.000176975 1.94794e-05 
9.95263e-05 0.000411621 0.000103181 
0.000498256 0.000340552 5.80313e-05 
4.41922e-05 0.000198846 4.93665e-05 
0.000674429 0.000275062 3.01825e-05 
0.00057721 2.00213e-05 5.32499e-05 
0.000139915 0.000382343 3.02615e-05 
3.23845e-05 0.00027635 6.98588e-05 
0.000381136 0.000454492 5.53897e-05 
0.000539423 0.000302079 1.72969e-05 
0.000850751 9.29014e-05 6.83775e-05 
0.000729216 9.44543e-05 1.97368e-05 
7.97997e-05 0.000171309 1.90542e-05 
5.71817e-05 0.000370928 1.99492e-05 
0.000278604 0.000202443 7.68311e-05 
0.000976887 0.000213253 2.00956e-05 
0.000274924 0.000241519 2.1525e-05 
0.000834466 0.000184561 9.12748e-05 
0.000887718 0.00034828 2.51054e-05 
0.000674798 0.000128328 1.75628e-05 
2.2567e-05 0.000254829 2.25659e-05 
0.000713916 0.000234445 2.65796e-05 
0.000111777 0.000238338 1.92054e-05 
0.000944254 0.000154219 1.7148e-05 
0.00088906 0.000444661 6.86746e-05 
0.000420514 0.000407016 2.19545e-05 
0.000109019 5.58887e-05 3.13138e-05 
0.000576027 0.000317518 6.22796e-05 
0.000865906 0.000206432 1.8459e-05 
0.000248252 0.000184057 5.07152e-05 
2.1134e-05 0.000366159 6.01802e-05 
0.000774374 0.000276124 6.71077e-05 
0.000241647 2.50551e-05 2.50547e-05 
0.000797876 6.89891e-05 1.76986e-05 
0.000251225 0.00026962 7.84538e-05 
0.000296207 0.000444458 6.6144e-05 
0.000701645 0.000175285 2.56833e-05 
0.000365355 0.000113661 1.80331e-05 
0.000959147 0.000427594 5.06659e-05 
0.000167076 0.000190576 2.1775e-05 
0.00012761 0.000324885 2.09962e-05 
0.000978652 0.000123821 6.24926e-05 
0.000210514 5.68822e-05 1.9778e-05 
0.000978448 0.000136632 2.15515e-05 
0.000794923 0.000290098 2.43331e-05 
0.000380255 0.000481839 7.83268e-05 
7.93534e-05 0.000125657 2.73441e-05 
0.000442438 0.000392724 7.64806e-05 
0.000127983 0.000330467 6.43861e-05 
0.000461974 2.26042e-05 2.26025e-05 
0.000942003 0.000396081 7.83888e-05 
0.000934708 0.000353985 2.23116e-05 
0.000230432 0.000311649 2.62445e-05 
0.000351953 0.000233711 8.36865e-05 
0.000823954 0.000415418 7.55604e-05 
0.000973223 0.000473085 5.97189e-05 
0.000229489 0.000138806 4.78725e-05 
0.000393188 0.000191506 0.000118069 
0.000116459 0.000155692 2.08344e-05 
0.000282377 0.000344545 2.01106e-05 
0.00037102 1.97751e-05 7.20764e-05 
0.000644229 0.000439173 5.73617e-05 
2.02784e-05 0.000386937 2.02787e-05 
0.000524899 0.00048267 5.02104e-05 
0.000972975 0.000323217 6.12536e-05 
0.000597768 0.000444251 5.85374e-05 
0.000941428 0.00030814 2.40383e-05 
0.000367912 0.000163724 1.80008e-05 
0.000601534 7.45586e-05 6.12595e-05 
0.000884294 9.04339e-05 5.19935e-05 
0.000937149 2.11408e-05 2.11448e-05 
0.000444882 5.81108e-05 1.71704e-05 
0.000681051 0.000472174 7.23182e-05 
0.000701137 5.18089e-05 8.6243e-05 
0.000764115 0.000444593 1.77049e-05 
0.00033449 3.8382e-05 3.53017e-05 
0.00033593 0.000479402 5.37241e-05 
0.000674112 5.2329e-05 2.06402e-05 
0.000323785 0.000322643 2.72731e-05 
0.000481241 7.68172e-05 1.93223e-05 
9.9407e-05 0.000372817 7.23935e-05 
0.00021628 0.000384329 6.18133e-05 
0.000506983 0.000114392 2.66776e-05 
1.92707e-05 5.97429e-05 1.92707e-05 
0.000501017 1.71848e-05 1.71856e-05 
0.000832697 0.000373624 8.4964e-05 
0.000308607 8.50316e-05 1.85934e-05 
4.65001e-05 0.000185221 1.70881e-05 
0.000171008 0.000219269 4.86548e-05 
0.000573034 0.000315822 1.90538e-05 
0.000422712 0.000323464 9.14953e-05 
0.000460731 0.000213171 2.06971e-05 
0.000825633 0.000120288 5.7571e-05 
0.000838239 0.000237688 7.07585e-05 
0.000183194 0.000301559 2.22258e-05 
0.000613391 0.000330196 4.16659e-05 
0.000541059 1.98755e-05 7.01393e-05 
0.000644479 0.000420777 1.88807e-05 
0.000845123 1.83619e-05 6.82563e-05 
0.000317453 0.000442707 2.55336e-05 
0.000428978 0.000321753 1.87682e-05 
0.000982652 6.24187e-05 6.2768e-05 
0.000318195 0.000378649 2.90387e-05 
2.00788e-05 0.000222031 6.76132e-05 
0.000124509 0.000165896 8.01222e-05 
0.000164441 0.000337834 3.58294e-05 
0.000942633 0.000106958 5.7578e-05 
0.00040734 0.00045072 2.37265e-05 
0.000472675 0.000201271 5.47185e-05 
6.2299e-05 0.000482601 6.09034e-05 
0.000485356 0.00047422 6.51569e-05 
0.000860399 0.000375857 5.13051e-05 
0.000137541 0.000482499 5.25725e-05 
0.000149965 0.000230606 1.97612e-05 
0.000497619 0.000447677 1.81855e-05 
0.000758943 4.34103e-05 7.72249e-05 
0.0007519 0.000150123 5.41781e-05 
0.000262171 0.000156919 2.21467e-05 
0.000474727 0.000251808 2.03988e-05 
0.00057264 9.23644e-05 1.79197e-05 
0.000806543 1.87212e-05 7.40653e-05 
0.000604513 0.000224242 2.27443e-05 
0.00071658 0.000339207 2.08498e-05 
0.000886805 8.9733e-05 1.75243e-05 
0.000165565 3.06233e-05 3.06232e-05 
0.000614273 2.80896e-05 6.90121e-05 
0.0005995 0.000355994 6.65386e-05 
0.000717864 5.31963e-05 2.31924e-05 
0.000211857 0.000166102 8.22471e-05 
0.000553174 0.000465385 2.45704e-05 
0.000751921 0.000267853 2.40634e-05 
0.000731344 0.000473247 2.6748e-05 
0.000547037 0.00038091 2.3214e-05 
0.000612052 9.29955e-05 2.16732e-05 
0.000778383 0.000420537 8.20443e-05 
0.00053817 0.000293056 5.13656e-05 
0.000753224 0.000396763 7.8795e-05 
2.34315e-05 0.000343775 2.26356e-05 
0.000667264 0.000391605 1.8144e-05 
0.000559193 0.000467647 7.81325e-05 
0.00014889 0.000300953 4.36278e-05 
0.000379019 0.000153063 5.29785e-05 
0.000921239 0.000474255 7.05662e-05 
0.000722419 0.000385482 1.8443e-05 
5.62153e-05 8.11016e-05 2.30417e-05 
0.000649252 1.83855e-05 5.35747e-05 
0.000593679 0.000480868 1.91318e-05 
0.00056409 0.000195989 6.53657e-05 
0.000405893 0.000406382 5.83143e-05 
0.0001712 1.83567e-05 7.77051e-05 
0.000199168 0.00018542 4.3127e-05 
0.0004065 0.000361968 1.96257e-05 
0.000387971 0.000113056 5.19053e-05 
0.000498434 0.000353489 9.09443e-05 
0.000791757 8.14712e-05 5.42209e-05 
0.000806858 0.000253586 4.59188e-05 
0.000699085 0.000278059 7.41246e-05 
0.000830503 0.00015204 2.25264e-05 
0.000571129 0.000382655 5.77713e-05 
0.000982122 0.000175712 1.7872e-05 
0.000154082 0.000139488 2.0136e-05 
0.000480816 5.4893e-05 8.57666e-05 
0.000278269 2.38666e-05 5.59067e-05 
2.04011e-05 0.000211952 2.04106e-05 
0.000640405 0.000320768 6.45574e-05 
0.000271136 0.000199267 2.09009e-05 
0.00070546 0.000210419 6.21069e-05 
0.000580352 4.48206e-05 8.40509e-05 
0.000535945 0.000128436 5.82373e-05 
0.00027872 0.000246419 6.39934e-05 
0.000923201 0.000171354 4.57346e-05 
0.000877812 0.000259926 9.04332e-05 
0.00058311 5.22769e-05 2.39557e-05 
4.81733e-05 0.00023703 4.7696e-05 
0.000193664 0.000361942 8.58823e-05 
0.000835078 0.000191484 3.1414e-05 
5.80967e-05 6.40235e-05 6.09209e-05 
0.000233837 0.000417743 2.96329e-05 
0.000687156 9.68285e-05 7.83316e-05 
2.27428e-05 0.000327379 8.07146e-05 
0.000553685 0.00012724 2.19812e-05 
0.000756782 6.05333e-05 4.26071e-05 
0.000959508 0.000377061 4.97704e-05 
0.000476387 0.000479702 2.02961e-05 
0.000382238 1.88494e-05 1.88482e-05 
0.000977327 3.85506e-05 2.26715e-05 
0.000312159 2.52934e-05 9.00905e-05 
0.000456954 0.000349052 1.82639e-05 
0.000978453 0.00035084 2.15548e-05 
0.000364908 0.00013609 9.00731e-05 
0.000802612 0.000478629 9.14426e-05 
0.000464194 8.47061e-05 7.71532e-05 
0.000156702 0.000203049 8.1101e-05 
0.000918212 0.000260096 7.14409e-05 
0.00052311 0.000339775 2.43854e-05 
5.27815e-05 0.000104358 6.33424e-05 
0.000115721 0.000102437 1.70138e-05 
0.000163002 0.000477671 2.23286e-05 
0.000899822 0.000368493 7.49922e-05 
0.000489273 6.90493e-05 5.47205e-05 
0.000742891 0.000298037 9.86753e-05 
0.000949528 0.000356671 8.37979e-05 
0.000324339 0.000467504 9.46095e-05 
8.9896e-05 9.3116e-05 5.59703e-05 
0.00074249 0.000107778 7.25366e-05 
0.000364703 0.000207144 2.63269e-05 
0.000525917 0.000434854 3.73043e-05 
0.000217482 0.000479411 2.05473e-05 
9.60401e-05 0.000354496 2.23099e-05 
0.000122112 0.000290696 6.5703e-05 
0.00031395 0.00021606 2.52164e-05 
0.000245535 0.000227073 6.96455e-05 
0.000891622 0.000202862 4.89325e-05 
0.000129022 2.22787e-05 6.7951e-05 
0.000933882 0.000292137 6.26409e-05 
1.80698e-05 8.28394e-05 4.85839e-05 
0.000937645 0.000197664 1.83511e-05 
0.000893913 0.000238851 5.50787e-05 
0.000492136 0.000143096 5.77755e-05 
0.000882856 0.000470575 2.94242e-05 
0.00050889 0.000306002 7.9108e-05 
8.81746e-05 0.000460983 4.61728e-05 
0.000753035 0.00040896 1.96553e-05 
0.00029953 0.000482315 6.52088e-05 
0.000756333 0.000352236 2.09865e-05 
0.00070031 1.72497e-05 1.7249e-05 
0.00063478 5.90149e-05 1.92766e-05 
0.000195041 0.000357823 4.64795e-05 
0.000267577 0.000151955 6.14595e-05 
0.000339096 0.000156708 5.17596e-05 
0.000472032 0.000287887 8.53527e-05 
0.000561848 0.000275411 1.7546e-05 
0.000289274 1.75528e-05 1.75513e-05 
0.000429193 0.000236279 1.84385e-05 
0.000158522 0.000358613 6.93036e-05 
0.000860076 0.000239065 3.80071e-05 
0.000656668 1.7971e-05 1.79776e-05 
0.000242841 0.000301908 6.73609e-05 
0.000405155 0.000481789 5.18104e-05 
0.000727784 2.23922e-05 5.87897e-05 
0.000979243 0.000446531 2.07491e-05 
0.000835095 0.000268667 2.08965e-05 
0.000442724 6.064e-05 5.53276e-05 
0.000194606 0.000150058 2.17779e-05 
0.000948095 8.20564e-05 8.27228e-05 
0.000351307 0.000289125 1.72414e-05 
0.000131419 0.000427704 1.75951e-05 
0.000108607 0.000282579 2.56073e-05 
0.000370744 0.000188578 6.71227e-05 
0.000784835 0.000233621 1.98254e-05 
0.000509285 5.1899e-05 1.7484e-05 
0.000768124 9.12837e-05 1.9306e-05 
0.000339401 0.000441244 6.44663e-05 
0.000923369 1.80077e-05 6.83716e-05 
0.000938055 0.000118576 1.90756e-05 
0.000467555 0.000357513 7.40264e-05 
0.000953397 0.000139214 8.82459e-05 
0.000699819 0.000416954 8.33851e-05 
1.84739e-05 0.000163373 1.8474e-05 
0.000504327 3.20821e-05 5.34274e-05 
0.000271516 0.000381942 1.8853e-05 
0.000127293 8.09238e-05 7.46542e-05 
0.000197793 0.000339195 1.73743e-05 
0.000795482 0.000427655 1.79416e-05 
0.000852732 0.0001115 2.64317e-05 
0.000306701 0.000354936 7.28023e-05 
0.000545363 0.000257524 4.24673e-05 
0.00077706 4.11999e-05 1.70273e-05 
0.000660522 0.000108249 4.57671e-05 
0.000657706 0.000162173 2.0464e-05 
5.12093e-05 0.000382014 8.72226e-05 
0.000153487 0.000481011 8.53584e-05 
0.000659827 0.000465612 1.70773e-05 
5.91316e-05 0.000477737 2.19689e-05 
9.63503e-05 0.000320569 4.21642e-05 
0.000897762 0.000173539 8.53229e-05 
0.000567629 0.000275601 6.38078e-05 
0.000580917 9.94309e-05 9.01319e-05 
1.87226e-05 0.000481258 1.87243e-05 
0.00078253 0.000328238 3.46486e-05 
9.12847e-05 1.75844e-05 5.59984e-05 
0.000482657 0.00022593 7.64964e-05 
0.000367835 0.000476534 2.34665e-05 
1.80973e-05 0.000407228 6.70733e-05 
0.000353574 0.000376683 6.12399e-05 
2.18928e-05 0.000299279 2.1893e-05 
0.000830086 3.73697e-05 9.60126e-05 
0.000246109 0.000268279 3.96745e-05 
0.000364886 0.000363898 2.06422e-05 
0.000930339 7.20777e-05 1.79171e-05 
0.00027381 9.69703e-05 1.78372e-05 
