0.000833929 0.000411753 3.14888e-05 
8.2531e-05 0.00029539 0.000118638 
0.00052348 0.000207856 0.000170171 
0.000315774 0.000239138 0.000174394 
0.000675902 0.000333499 9.68481e-05 
0.00036391 7.91507e-05 0.000152515 
0.000727771 0.000217475 8.94392e-05 
0.000856074 0.000299904 9.84469e-05 
0.000525087 5.68673e-05 0.000189682 
0.000782773 0.000237932 0.000185218 
0.000633965 0.000369702 8.42441e-05 
0.000173965 0.000396567 3.97962e-05 
0.000828416 0.000303703 0.000170284 
0.00020944 0.000218566 0.000126913 
0.000490942 0.00037903 3.61625e-05 
0.00080486 0.000162102 0.000147338 
0.000438496 0.000374364 0.000113889 
0.000237407 0.000364775 6.08501e-05 
0.000524075 0.00014108 0.000114422 
0.000888467 0.000241471 3.71286e-05 
0.000917065 0.000330819 0.00010521 
0.000419698 0.000307286 8.84076e-05 
0.000938776 6.16284e-05 0.000114895 
0.000871985 4.24315e-05 0.000126961 
0.000696043 8.80136e-05 6.61757e-05 
0.000261808 0.000304597 9.91087e-05 
8.55301e-05 0.000235056 0.000156856 
0.000554559 0.000235013 3.88078e-05 
0.000183322 9.52144e-05 7.76662e-05 
0.000971079 0.000462443 0.000186896 
0.000534193 0.000215743 8.47229e-05 
0.000964136 0.000205492 9.9525e-05 
0.00088068 0.000146742 2.55994e-05 
0.000763509 2.74411e-05 0.000121089 
6.21773e-05 0.000265703 8.18087e-05 
0.000721019 0.000342798 0.000164484 
0.000610149 0.000437586 0.000178794 
0.000306598 0.000171885 0.000174593 
0.000346905 0.000222631 0.000124489 
0.000322277 0.000180749 5.89211e-05 
0.000307342 0.000307194 0.000131434 
0.000486237 0.000309458 3.44545e-05 
0.000452905 3.91139e-05 0.000126785 
0.000341653 0.000108571 0.000103279 
0.000963408 0.000400681 6.62595e-05 
0.000570697 0.000464801 0.000132334 
0.000548657 0.000347694 0.000159528 
0.000703023 0.000160468 0.000161256 
0.000399631 0.000219496 9.81547e-05 
0.000417343 0.000255564 0.000169027 
0.000254496 0.000375739 0.000172877 
0.000564727 0.000173344 0.00012256 
0.000799119 5.31054e-05 0.000189814 
0.000853061 0.000459732 0.000141466 
9.07789e-05 6.17178e-05 0.000163698 
0.000159723 8.69261e-05 0.000153415 
0.000961999 8.45838e-05 6.08869e-05 
0.000515856 0.000413615 0.000158659 
0.000217782 9.38493e-05 2.77695e-05 
0.000359027 0.00042642 6.25502e-05 
0.000492467 0.000164881 6.03221e-05 
0.00029336 0.000400233 8.15413e-05 
0.000608133 0.00034835 2.92968e-05 
0.000791047 0.000181977 5.71814e-05 
0.000551724 8.41194e-05 8.21018e-05 
0.000229451 9.65413e-05 0.00013169 
0.000521286 0.00046558 5.97188e-05 
0.000397201 7.64832e-05 3.20905e-05 
0.000953425 0.000181271 0.000169502 
0.000890299 0.000191036 4.5901e-05 
0.000575155 0.000396868 0.000165607 
0.000627311 0.000141156 0.000153591 
0.000388846 0.000367579 0.000151675 
0.00067609 0.000387077 9.42651e-05 
0.000641844 7.5052e-05 0.00015246 
0.000157428 4.38885e-05 0.000107536 
0.000883191 0.000151379 9.13063e-05 
0.000454381 0.000113481 3.62311e-05 
0.000645594 0.00020334 0.0001707 
0.000705959 0.000157959 9.68422e-05 
0.000805772 0.000160144 9.08109e-05 
6.92619e-05 0.000342163 0.000146597 
0.000143433 0.000377546 0.000122955 
0.000438716 0.000427256 0.000147521 
0.000606421 0.000244418 0.000114129 
0.000793927 0.000365121 9.9511e-05 
3.92263e-05 0.000431267 3.08308e-05 
0.00035137 0.000289286 0.000182156 
0.000176712 0.000436407 6.75651e-05 
0.00014147 0.000277426 5.37683e-05 
0.000274543 6.37411e-05 6.03999e-05 
0.000824175 0.000451118 9.43909e-05 
0.00068666 0.000131593 0.00018535 
0.000979885 0.000297383 6.11828e-05 
0.000116216 0.000269395 9.52722e-05 
0.0008847 0.000331972 0.000179645 
0.000211498 4.46451e-05 0.000158213 
0.00089557 0.000211693 0.000176069 
0.000372942 0.000319133 0.000114158 
0.000424183 0.000196192 3.93839e-05 
0.000568031 0.00039391 0.000116794 
0.000761407 0.000463451 5.21237e-05 
0.00070678 0.000371158 0.000125605 
0.000784781 0.000113943 0.000178925 
0.000411162 4.34177e-05 0.000105069 
0.000828 3.03113e-05 5.82636e-05 
0.000288509 8.24372e-05 0.000161364 
0.000725362 0.000259382 0.000144368 
9.54579e-05 0.000214901 7.63939e-05 
0.000668946 0.000195036 0.000126961 
0.000600053 0.000182737 7.85799e-05 
0.00040189 0.000269027 5.23029e-05 
0.000967818 0.000246401 0.000163776 
0.000641804 0.000272259 0.000168622 
0.000934286 0.000245665 7.23705e-05 
0.000606093 0.000128776 3.50469e-05 
6.97744e-05 0.000414827 9.10658e-05 
0.00015084 0.00043561 0.000142761 
0.000491945 0.000298821 0.000128904 
6.55348e-05 0.000150249 0.000147235 
0.000674881 0.000463894 8.22994e-05 
0.000662748 0.000383447 0.000166915 
0.000139601 0.000210188 0.000106661 
0.000310654 0.000278264 3.77026e-05 
0.000526693 0.000287258 8.99356e-05 
0.000754439 0.000186412 0.000166036 
0.00024773 0.000466168 0.000168037 
0.000971377 3.5544e-05 0.000146185 
0.000675865 0.00036176 3.31445e-05 
0.000235702 0.000244381 8.53524e-05 
0.000890177 0.000397394 6.98057e-05 
0.000409465 3.9401e-05 0.000158408 
0.000702352 4.62209e-05 0.000114789 
0.000760659 0.00046851 0.000162764 
0.000510235 0.000393553 0.000120794 
0.000447703 0.000151119 0.00010072 
0.000653726 0.0002107 4.26753e-05 
0.000420738 0.000106547 0.000176831 
0.000263223 0.000447369 9.43075e-05 
0.000977204 0.000381488 0.000146752 
0.000167156 0.000173522 0.000142752 
0.000901565 9.77173e-05 0.000116081 
0.000662694 0.000307452 4.92625e-05 
0.000356766 0.000414566 0.000177549 
0.000318906 0.000393141 0.00013914 
0.000869105 0.000125264 0.000175171 
0.00018488 0.000229969 3.19336e-05 
0.000710468 0.000445535 3.04945e-05 
5.74495e-05 4.12933e-05 7.36039e-05 
0.00053071 3.01705e-05 6.44819e-05 
0.000731403 0.000289303 6.92641e-05 
0.000899014 4.67842e-05 3.84935e-05 
0.000227242 0.000261213 4.3104e-05 
0.000910769 0.000144956 0.000182772 
0.000308153 0.000160524 0.000121268 
0.000787153 0.000346246 0.000166541 
0.000518719 0.000266057 0.000160963 
0.000720154 0.000303209 0.000118349 
0.000199584 0.000320777 0.000134638 
0.000785186 0.000444309 0.000128895 
0.000829664 0.000228178 3.66857e-05 
0.00061263 0.00040342 4.01487e-05 
3.69561e-05 0.000112931 4.30072e-05 
0.000461081 0.000329604 0.000162604 
0.000466048 0.000465083 0.000136216 
3.08536e-05 0.000391728 0.000146298 
0.000368872 0.000332118 3.66299e-05 
0.000556225 0.000409031 6.2079e-05 
0.000283285 0.000114098 0.000117554 
0.000907186 6.29484e-05 0.000172065 
0.000598483 0.000238903 0.000185671 
0.000812343 0.000211665 0.000114146 
0.000422354 0.000385351 7.62948e-05 
0.000248508 0.000126785 7.20773e-05 
0.00074366 3.80354e-05 6.33398e-05 
0.000399481 0.000137087 7.60325e-05 
0.000351031 0.000247109 7.88316e-05 
0.000243023 0.000349064 0.000129035 
0.000721167 8.17147e-05 0.000156208 
0.000755936 0.000318869 3.6474e-05 
0.000887808 0.00040809 0.000148433 
0.000639263 0.00013733 0.00010077 
0.000612055 4.12959e-05 7.4261e-05 
0.000349964 0.000470683 0.000101783 
0.000582274 0.000122057 0.000118746 
0.000119365 0.000125425 9.01025e-05 
0.000204083 0.000470535 0.000106787 
0.000200153 4.85397e-05 0.000113084 
4.73015e-05 6.24211e-05 0.000176952 
8.01469e-05 0.00031795 6.76541e-05 
0.000660767 0.000242653 0.000139325 
3.30527e-05 0.000461348 0.000125719 
0.000747742 0.000421932 0.000146365 
0.000447692 0.000265411 0.000113771 
0.000607214 0.000461053 6.89451e-05 
0.000826378 7.88352e-05 0.000113214 
0.000299248 0.000122083 6.86278e-05 
0.000916945 0.00045649 6.10662e-05 
0.000645282 0.000467032 0.00016441 
0.000203147 0.000409222 0.000167266 
0.000945911 0.000476624 3.84197e-05 
0.000820933 0.000342454 3.3509e-05 
4.75259e-05 0.00044842 0.000175922 
0.000463455 0.000447639 6.77329e-05 
0.000774266 0.000115011 0.000129769 
0.000746062 0.000326538 9.48647e-05 
0.000589784 0.000301511 0.000185607 
0.000104982 0.000454153 4.80615e-05 
0.000761054 0.000230214 0.000137528 
0.000808043 8.10667e-05 3.21168e-05 
0.000726235 0.000399191 7.96385e-05 
0.000472493 0.000404617 0.000124734 
0.00056132 0.000149907 0.000166627 
0.000331831 0.000146955 3.69672e-05 
0.000595478 0.000286119 3.49515e-05 
0.000198411 0.000255015 0.000174034 
0.000509952 0.000105349 0.000166391 
0.000559079 0.000193683 2.8183e-05 
0.000422594 0.000472501 5.97625e-05 
0.000481792 0.000175989 0.000154156 
0.000748847 0.000134482 5.66542e-05 
0.000212936 0.000173992 6.39359e-05 
0.000109578 0.000434269 0.000188408 
0.00048781 0.000318948 0.000100302 
4.88516e-05 0.000186259 0.000113967 
0.000677954 0.00026508 8.75467e-05 
0.00059002 3.51519e-05 0.000135926 
0.00012766 0.000379788 5.07391e-05 
3.16098e-05 0.000286177 0.000140871 
0.000369335 0.000425517 0.000123406 
0.000536384 0.00030121 3.81803e-05 
0.000847861 8.0915e-05 0.000186211 
0.00073034 9.54737e-05 3.18614e-05 
6.95358e-05 0.000155737 4.081e-05 
7.79119e-05 0.000372049 3.9501e-05 
0.000267715 0.000214625 0.000185629 
0.000964229 0.000208926 5.53013e-05 
0.000267122 0.000233265 2.91376e-05 
0.000831076 0.000174398 0.000187319 
0.000876905 0.000323461 4.60221e-05 
0.000668871 0.000126434 7.60121e-05 
2.35627e-05 0.000251939 6.28444e-05 
0.00071858 0.00025314 3.32217e-05 
0.000112471 0.000246362 3.84778e-05 
0.000947792 0.000144567 4.11367e-05 
0.000876622 0.000461024 0.000101655 
0.000431643 0.000417317 4.06921e-05 
0.000119665 6.68342e-05 3.87724e-05 
0.000576843 0.00030866 0.000115775 
0.000868923 0.000217077 7.59002e-05 
0.000263219 0.000193613 0.000132671 
3.19617e-05 0.000339052 0.000111943 
0.000785391 0.000277043 0.000146622 
0.000241216 3.72586e-05 9.52107e-05 
0.000792788 6.66926e-05 0.000106344 
0.000271576 0.000273738 0.000171523 
0.000301998 0.000437967 0.000148014 
0.000707042 0.000169451 3.98852e-05 
0.000344598 0.000108737 4.49523e-05 
0.000971908 0.000421075 0.000173771 
0.000162792 0.000173943 6.54224e-05 
0.000154017 0.000328102 3.64652e-05 
0.000970394 0.000102642 0.000139185 
0.000222672 5.41078e-05 5.22707e-05 
0.000962254 0.000136013 0.000106284 
0.000804144 0.00026684 4.90867e-05 
0.000396503 0.000475149 0.000173546 
6.37267e-05 0.00012891 8.65243e-05 
0.000449736 0.000376854 0.000171972 
0.00014126 0.000308653 0.000177241 
0.000479468 2.39691e-05 7.57926e-05 
0.000941849 0.000381186 0.000179706 
0.00091656 0.00035834 3.4354e-05 
0.000223288 0.00030468 5.26633e-05 
0.000365435 0.000218687 0.000172923 
0.000826651 0.000405952 0.000154851 
0.000956495 0.00046382 0.000134269 
0.000220315 0.000159129 0.000107699 
0.000429783 0.000177642 0.000178331 
0.000117403 0.000165678 5.51925e-05 
0.000275958 0.000318028 4.3709e-05 
0.000346321 2.70624e-05 0.000153834 
0.000663964 0.00045304 0.000121066 
2.69437e-05 0.000390438 7.6831e-05 
0.000503604 0.000476571 0.00015307 
0.000971691 0.000315806 0.000118973 
0.000626201 0.00041347 0.000110608 
0.000935386 0.000301157 2.97045e-05 
0.000365194 0.000187462 6.86434e-05 
0.000569518 7.56636e-05 0.000156368 
0.000880109 8.25358e-05 0.000145511 
0.00095457 2.24542e-05 5.03837e-05 
0.000448673 5.87871e-05 5.26066e-05 
0.000709228 0.000462979 0.000150795 
0.000687915 5.69196e-05 0.000185094 
0.000772437 0.000417811 9.06058e-05 
0.000347451 4.33823e-05 6.02978e-05 
0.000339764 0.000456186 0.00014618 
0.000661961 5.32004e-05 6.55891e-05 
0.000325374 0.000323569 7.06678e-05 
0.000503015 8.34998e-05 0.000124058 
0.000121884 0.00037503 0.000176384 
0.000232852 0.000402472 0.000118952 
0.000516428 0.000102353 2.69473e-05 
2.03078e-05 8.28246e-05 0.000144317 
0.000499641 2.37173e-05 3.62338e-05 
0.000859416 0.000380037 0.000177743 
0.000313936 8.00488e-05 3.82401e-05 
4.22012e-05 0.000204194 3.63962e-05 
0.000165421 0.000244121 0.000140865 
0.00055881 0.000321178 6.23582e-05 
0.000418448 0.000312518 0.000164856 
0.000481952 0.000216159 4.71274e-05 
0.000830763 0.000112028 0.000151757 
0.00084556 0.000257338 0.000161604 
0.000171347 0.000298159 8.40906e-05 
0.000622788 0.000329631 7.29018e-05 
0.000542185 3.92889e-05 0.000127329 
0.000650055 0.000430213 7.72639e-05 
0.000852954 2.38479e-05 0.000167469 
0.000301613 0.000444491 4.55765e-05 
0.000427089 0.00030943 4.48544e-05 
0.000972633 6.49694e-05 0.000178856 
0.000310998 0.000368191 3.30383e-05 
2.97884e-05 0.000209136 0.000164913 
0.000123205 0.000128434 0.000157122 
0.000169885 0.000344028 0.000104565 
0.00093482 0.000109626 0.000160781 
0.000415296 0.000457197 9.75903e-05 
0.00048222 0.000198013 0.000112913 
8.17399e-05 0.000469915 0.000135862 
0.000476316 0.000462587 0.000183384 
0.000872474 0.000358124 0.000134511 
0.000127131 0.000479178 0.000106044 
0.000163985 0.000220951 6.22188e-05 
0.000501189 0.000453549 0.000104042 
0.000766362 3.7776e-05 0.00016634 
0.000766671 0.000150504 0.000106468 
0.000254068 0.000154728 3.52083e-05 
0.000493823 0.000255475 8.22498e-05 
0.00060347 0.000104015 7.76781e-05 
0.000814169 2.16793e-05 0.000149707 
0.000599592 0.000226209 5.5444e-05 
0.000713074 0.000332937 4.60243e-05 
0.000871083 0.00011292 7.02956e-05 
0.000171514 3.27792e-05 4.29509e-05 
0.000597571 3.25264e-05 0.000189217 
0.000600334 0.000351169 0.000146055 
0.0007093 5.34889e-05 3.02363e-05 
0.000217723 0.000162495 0.000167481 
0.000555759 0.000462826 8.3513e-05 
0.000767137 0.000276136 9.43814e-05 
0.000717974 0.000460846 9.05272e-05 
0.000553432 0.000368465 2.86215e-05 
0.000621104 9.93284e-05 0.000112887 
0.00078201 0.000426169 0.000175323 
0.000537599 0.000304479 0.000140279 
0.000769109 0.000390074 0.000185271 
2.51981e-05 0.000344527 3.72026e-05 
0.000674682 0.000406686 5.38582e-05 
0.000547475 0.000467477 0.000173686 
0.000155403 0.000301292 0.000139511 
0.000386304 0.000136376 0.00015137 
0.000907329 0.000473828 0.00015147 
0.000736677 0.00037252 3.27128e-05 
5.43082e-05 6.32111e-05 2.65059e-05 
0.000670917 2.37549e-05 0.000150162 
0.000575659 0.00046586 4.46589e-05 
0.00056902 0.000206093 0.000156539 
0.000404982 0.000420836 0.000122065 
0.000172169 1.86148e-05 0.000142521 
0.00018605 0.000190057 0.000106532 
0.000400269 0.000354125 7.45211e-05 
0.000396646 9.14926e-05 0.000116871 
0.000494986 0.00035334 0.000190728 
0.000791259 6.6301e-05 0.000146904 
0.000812741 0.000258498 0.000107061 
0.000696095 0.000294801 0.000179623 
0.000818848 0.000146774 4.78475e-05 
0.000562474 0.000363054 8.84519e-05 
0.000974317 0.000167238 3.37596e-05 
0.000145714 0.000128936 5.11975e-05 
0.000479306 3.4927e-05 0.000185283 
0.00027282 4.57522e-05 0.000132469 
2.15979e-05 0.000212057 9.93746e-05 
0.000628824 0.000325886 0.000128702 
0.0002837 0.000204671 8.74956e-05 
0.000688835 0.000242881 0.000167445 
0.000553546 3.16395e-05 0.000169549 
0.000537294 0.000130579 0.000189103 
0.000269474 0.000238136 0.000139652 
0.000909948 0.000173985 0.000131592 
0.000909122 0.000269276 0.000173646 
0.000568202 7.66094e-05 2.57195e-05 
4.11313e-05 0.000230717 0.000126913 
0.000199167 0.000356539 0.000187752 
0.000844004 0.000172911 0.000115862 
6.57597e-05 7.59666e-05 0.000114324 
0.00025181 0.000418039 3.07997e-05 
0.000703136 0.0001152 0.000136547 
3.27928e-05 0.000365472 0.000185713 
0.000548571 0.000150635 4.93517e-05 
0.000744721 7.04792e-05 0.000106877 
0.000951845 0.000373814 0.000113253 
0.000484366 0.00047886 4.01289e-05 
0.000378538 3.60579e-05 0.000126611 
0.000961362 2.27179e-05 9.70598e-05 
0.00031104 3.42689e-05 0.000183424 
0.000444987 0.000337634 6.36915e-05 
0.000969542 0.000351579 6.51627e-05 
0.000349225 0.000123029 0.000169043 
0.000810875 0.000471565 0.000180044 
0.000465899 8.43282e-05 0.000171782 
0.000151952 0.000221569 0.000173802 
0.000916683 0.000271715 0.000128626 
0.000524666 0.000340988 9.44302e-05 
3.37093e-05 0.000105457 0.000184565 
0.000107408 0.000113342 3.3825e-05 
0.000153334 0.000471847 3.59348e-05 
0.000908337 0.000381338 0.00019057 
0.000524547 7.04468e-05 0.000153331 
0.000749761 0.000290864 0.000180664 
0.000952974 0.00034156 0.000177888 
0.000303924 0.000471817 0.000182019 
8.60523e-05 9.99131e-05 0.00014193 
0.00073939 0.000132065 0.000164051 
0.000359209 0.000223534 3.13794e-05 
0.000529362 0.00045353 0.000131827 
0.000234131 0.000477457 4.96398e-05 
8.23005e-05 0.000356332 0.000101128 
9.76383e-05 0.000287321 0.000157935 
0.000312662 0.0002537 0.000103663 
0.000229033 0.000218741 0.000170192 
0.0008625 0.000202996 0.000137424 
0.000117758 2.27171e-05 0.00013801 
0.000932637 0.000294678 8.58728e-05 
1.81025e-05 9.98382e-05 0.00011063 
0.000923168 0.000190468 7.4946e-05 
0.000892088 0.000227544 0.000128186 
0.000496545 0.000141999 0.000188333 
0.000854463 0.000469137 3.02756e-05 
0.000500865 0.000309375 0.000168306 
0.000112787 0.000440587 0.00010835 
0.00076096 0.00040839 4.48558e-05 
0.000291447 0.000477871 0.000143201 
0.000753297 0.000352737 6.24987e-05 
0.000697372 3.97805e-05 7.52842e-05 
0.000611126 4.81847e-05 3.16372e-05 
0.000188977 0.000371562 7.86363e-05 
0.000252512 0.000140013 0.00018529 
0.000344047 0.000182584 0.000104524 
0.00046338 0.00029591 0.00018828 
0.000572699 0.000262139 8.31435e-05 
0.000278296 2.2233e-05 3.96312e-05 
0.000455325 0.000254892 4.29005e-05 
0.000169786 0.000376768 0.000162008 
0.000861297 0.000244135 0.000102184 
0.000662461 3.56719e-05 0.000108648 
0.000260794 0.000312322 0.000190519 
0.000397947 0.000458267 0.000140617 
0.000712315 2.44238e-05 0.000159314 
0.000955573 0.000441105 8.9407e-05 
0.000854924 0.000271577 3.14114e-05 
0.000451555 7.43082e-05 9.98922e-05 
0.000188451 0.000145748 4.19629e-05 
0.000936837 8.5496e-05 0.000190322 
0.000362199 0.000287107 8.31609e-05 
0.000135272 0.000427249 4.87509e-05 
7.90134e-05 0.000275698 2.67067e-05 
0.000388789 0.0001851 0.000141259 
0.000764606 0.000232519 4.18201e-05 
0.000494886 7.84508e-05 8.56904e-05 
0.000765001 8.47897e-05 6.77533e-05 
0.000314693 0.000441316 0.000104817 
0.000907705 2.45281e-05 0.000130131 
0.000923727 0.000132593 7.80997e-05 
0.000471581 0.000359064 0.000134999 
0.000965413 0.000131278 0.000181706 
0.000721533 0.000404664 0.000177652 
2.30683e-05 0.000160274 6.61097e-05 
0.000500655 2.37284e-05 0.000130241 
0.000277092 0.0003765 0.000123235 
0.000118834 6.37831e-05 0.000121583 
0.000189756 0.000338894 5.60054e-05 
0.00079718 0.000443443 6.07392e-05 
0.000840349 0.000124168 0.000102021 
0.000311602 0.000347048 0.000186731 
0.000544748 0.000260017 0.00012667 
0.000776544 3.48522e-05 4.59031e-05 
0.000667702 0.000108415 0.000116321 
0.000638705 0.000157374 3.91997e-05 
7.24278e-05 0.000393479 0.000187738 
0.000196289 0.000477361 0.000161771 
0.000657446 0.000461319 4.15884e-05 
5.75093e-05 0.000473157 7.63695e-05 
0.000118702 0.000320477 0.000109249 
0.000871017 0.000164307 0.000179855 
0.00056699 0.000275601 0.000156164 
0.000604995 9.92406e-05 0.000184953 
3.73998e-05 0.00048102 3.98261e-05 
0.000754616 0.000314405 0.000145414 
6.93196e-05 4.5216e-05 0.000136006 
0.000468925 0.000219022 0.000172853 
0.000388173 0.000470889 3.20845e-05 
1.83747e-05 0.000430543 0.000102019 
0.000361297 0.000385688 0.000107165 
2.24858e-05 0.000297389 6.27871e-05 
0.000816441 2.08583e-05 0.000191112 
0.000233096 0.000274892 0.000140555 
0.000366562 0.00038159 3.7288e-05 
0.000913273 0.000101803 5.88837e-05 
0.000276101 0.000108384 3.62126e-05 
