0.000829781 0.000412762 3.11117e-05 
8.2531e-05 0.00029539 0.000109821 
0.00052271 0.000207886 0.000155841 
0.000315774 0.000239138 0.000165328 
0.000677437 0.000334516 8.0771e-05 
0.00036391 7.91507e-05 0.000143342 
0.000727857 0.000217141 7.05176e-05 
0.000853594 0.000297684 7.8774e-05 
0.000525105 5.64224e-05 0.000181919 
0.000782773 0.000237932 0.000177182 
0.000633938 0.000369725 7.23564e-05 
0.000174554 0.000395251 3.08586e-05 
0.000829268 0.000304763 0.000151914 
0.000210712 0.00022012 0.000115304 
0.000490942 0.00037903 3.6337e-05 
0.00080486 0.000162102 0.000136078 
0.000438496 0.000374364 0.000104606 
0.000237407 0.000364775 4.7984e-05 
0.000524075 0.00014108 0.000102736 
0.000888467 0.000241471 2.98795e-05 
0.000916638 0.00033181 9.28842e-05 
0.000419698 0.000307286 7.90677e-05 
0.000938776 6.16284e-05 0.000102715 
0.000871985 4.24315e-05 0.000119713 
0.000696043 8.80136e-05 5.69129e-05 
0.000260495 0.000304509 8.96775e-05 
9.08791e-05 0.000235062 0.000134428 
0.000555898 0.000236279 2.82184e-05 
0.000180614 9.53217e-05 6.29185e-05 
0.000971079 0.000462443 0.000177379 
0.000531238 0.000212947 6.88075e-05 
0.000964136 0.000205492 9.30089e-05 
0.000880636 0.000146629 2.61007e-05 
0.000763509 2.74411e-05 0.000112171 
6.21773e-05 0.000265703 7.21014e-05 
0.000719978 0.000341278 0.000152089 
0.000610149 0.000437586 0.000170797 
0.000306471 0.000172815 0.000159992 
0.000346905 0.000222631 0.000113586 
0.000322277 0.000180749 5.18377e-05 
0.000309966 0.000308112 0.000115535 
0.000486237 0.000309458 3.28702e-05 
0.000452918 3.87838e-05 0.000116164 
0.000344951 0.000107464 8.69975e-05 
0.000963408 0.000400681 5.66495e-05 
0.00057164 0.000464668 0.000124073 
0.000548657 0.000347694 0.000144571 
0.000703023 0.000160468 0.000153071 
0.000399631 0.000219496 8.32717e-05 
0.000417175 0.00025551 0.000148567 
0.000254862 0.000377942 0.000158793 
0.000564727 0.000173344 0.000111973 
0.000799119 5.31054e-05 0.00018322 
0.000850383 0.000459644 0.000130428 
9.11685e-05 6.20174e-05 0.000155403 
0.000162865 8.87011e-05 0.000131645 
0.000961999 8.45838e-05 4.55738e-05 
0.000515998 0.000414122 0.000148556 
0.0002195 9.37812e-05 2.45445e-05 
0.0003585 0.000429557 4.44468e-05 
0.000493068 0.000165066 4.60442e-05 
0.00029336 0.000400233 7.21625e-05 
0.000608133 0.00034835 2.37809e-05 
0.000790878 0.000182229 5.08681e-05 
0.000550101 8.61531e-05 7.68106e-05 
0.000229451 9.65413e-05 0.000111846 
0.000520445 0.00046565 5.30485e-05 
0.000397397 7.67247e-05 3.08099e-05 
0.000953425 0.000181271 0.000153411 
0.000890299 0.000191036 3.82941e-05 
0.000575155 0.000396868 0.000158352 
0.000624488 0.00014105 0.00014121 
0.000388846 0.000367579 0.000135727 
0.000676085 0.000387765 8.53259e-05 
0.000644045 7.24392e-05 0.000139504 
0.000157428 4.38885e-05 0.000101082 
0.000883258 0.00015353 7.88479e-05 
0.000455555 0.00011107 3.66635e-05 
0.000640615 0.000203749 0.000158558 
0.000705959 0.000157959 8.181e-05 
0.000806019 0.000159778 8.06156e-05 
6.91317e-05 0.000342022 0.000134084 
0.000143433 0.000377546 0.000116972 
0.000439972 0.000428451 0.000136739 
0.000606421 0.000244418 0.000103494 
0.0007924 0.000369628 8.73776e-05 
3.74529e-05 0.000432198 3.01102e-05 
0.00035137 0.000289286 0.000175082 
0.00017817 0.000438185 5.33507e-05 
0.00014147 0.000277426 4.53898e-05 
0.000274543 6.37411e-05 4.94458e-05 
0.000825957 0.000451616 8.2811e-05 
0.00068666 0.000131593 0.000178282 
0.000979885 0.000297383 5.49917e-05 
0.000116216 0.000269395 8.2823e-05 
0.000885822 0.000329572 0.000163962 
0.000211498 4.46451e-05 0.000146995 
0.000898181 0.000209391 0.000164984 
0.000373781 0.000321637 9.98984e-05 
0.000424183 0.000196192 3.35339e-05 
0.000568031 0.00039391 0.000108365 
0.000761407 0.000463451 4.39884e-05 
0.000707337 0.000372467 0.000115034 
0.000784781 0.000113943 0.000169651 
0.000411162 4.34177e-05 9.74862e-05 
0.000828 3.03113e-05 4.0998e-05 
0.000288509 8.24372e-05 0.000151059 
0.000725362 0.000259382 0.000133933 
9.47036e-05 0.000214985 6.35693e-05 
0.000670206 0.000194617 0.000118952 
0.000600062 0.000181911 6.48168e-05 
0.00040189 0.000269027 3.76282e-05 
0.000967818 0.000246401 0.000147665 
0.000641804 0.000272259 0.000157746 
0.000933219 0.000246974 5.44801e-05 
0.000606093 0.000128776 2.63526e-05 
7.25314e-05 0.000413988 7.6031e-05 
0.000155028 0.000435062 0.000125599 
0.000491566 0.000298169 0.000121379 
6.65168e-05 0.000148129 0.000129745 
0.00067505 0.000464208 7.52668e-05 
0.000659709 0.000384241 0.000142394 
0.000138723 0.000209244 9.35853e-05 
0.000310654 0.000278264 2.55436e-05 
0.000526693 0.000287258 8.09854e-05 
0.000754439 0.000186412 0.000153052 
0.00024773 0.000466168 0.000158052 
0.000971377 3.5544e-05 0.00013582 
0.000675865 0.00036176 2.41832e-05 
0.000236683 0.00024244 7.44711e-05 
0.00089347 0.000399235 5.11814e-05 
0.000410573 3.95207e-05 0.000146847 
0.000702352 4.62209e-05 0.000106648 
0.000760659 0.00046851 0.0001509 
0.00051014 0.000393214 0.00011409 
0.000446828 0.00015907 9.00381e-05 
0.000653726 0.0002107 3.30542e-05 
0.000422173 0.000104615 0.000158512 
0.000264204 0.000449892 7.90015e-05 
0.000977204 0.000381488 0.00013807 
0.00016498 0.000171624 0.00013214 
0.000901565 9.77173e-05 0.000110019 
0.000661912 0.000305948 3.59026e-05 
0.000356766 0.000414566 0.000166501 
0.000318906 0.000393141 0.00012863 
0.000869105 0.000125264 0.000169211 
0.000185738 0.00023034 2.41085e-05 
0.000709091 0.000442881 3.07639e-05 
5.81313e-05 3.65363e-05 6.60285e-05 
0.00053289 3.02331e-05 5.34037e-05 
0.000731149 0.000289396 6.04846e-05 
0.000899014 4.67842e-05 3.67924e-05 
0.000226774 0.000261835 3.39086e-05 
0.000910769 0.000144956 0.000169214 
0.000308153 0.000159882 0.00010704 
0.000787153 0.000346246 0.000151481 
0.000518719 0.000266057 0.000152548 
0.000720154 0.000303209 0.000110811 
0.000200793 0.00031983 0.000120967 
0.000785186 0.000444309 0.000118125 
0.000829664 0.000228178 2.79697e-05 
0.00061263 0.00040342 2.94579e-05 
3.67608e-05 0.000112814 2.88666e-05 
0.000461081 0.000329604 0.000155702 
0.00046596 0.000465115 0.000128689 
3.08536e-05 0.000391728 0.000139483 
0.000371669 0.000332026 2.80448e-05 
0.000556225 0.000409031 5.46643e-05 
0.000283285 0.000114098 0.000109481 
0.000907186 6.29484e-05 0.000164697 
0.000598483 0.000238903 0.000176321 
0.000812342 0.000211543 9.91535e-05 
0.000422354 0.000385351 7.01605e-05 
0.000248508 0.000126785 6.61876e-05 
0.000743209 3.80791e-05 5.52104e-05 
0.000399119 0.000136982 6.78413e-05 
0.000351822 0.000246982 6.94783e-05 
0.000242542 0.000347944 0.000117417 
0.000721167 8.17147e-05 0.000148009 
0.000755936 0.000318869 2.94906e-05 
0.000887808 0.00040809 0.000136242 
0.000639265 0.000137404 8.90785e-05 
0.00061206 4.12605e-05 6.46719e-05 
0.000349964 0.000470683 9.59152e-05 
0.000582274 0.000122057 0.000112348 
0.000117801 0.000125217 7.80488e-05 
0.000204549 0.000471113 9.15395e-05 
0.000200153 4.85397e-05 0.000106947 
4.73015e-05 6.24211e-05 0.00016721 
8.01469e-05 0.00031795 5.7406e-05 
0.000661168 0.000243566 0.000131027 
3.25342e-05 0.000462944 0.000113104 
0.000748172 0.000422215 0.000138183 
0.000447852 0.000265463 9.44371e-05 
0.000607377 0.000461028 6.0298e-05 
0.000826378 7.88352e-05 0.000106996 
0.000299223 0.0001238 5.77625e-05 
0.00091569 0.000456382 4.98982e-05 
0.000645282 0.000467032 0.000154578 
0.000203147 0.000409222 0.000153188 
0.000946988 0.00047737 3.17555e-05 
0.00082225 0.000340962 3.29462e-05 
4.91466e-05 0.000446951 0.000161684 
0.000463093 0.000447099 5.4925e-05 
0.000774266 0.000115011 0.000121647 
0.000746062 0.000326538 8.64796e-05 
0.000589784 0.000301511 0.000174374 
0.000104982 0.000454153 3.85798e-05 
0.000761054 0.000230214 0.00013134 
0.000808043 8.10667e-05 2.33362e-05 
0.000726235 0.000399191 7.13463e-05 
0.000473246 0.000404095 0.000115342 
0.00056132 0.000149907 0.000160713 
0.000331831 0.000146955 3.04399e-05 
0.000595478 0.000286119 3.39612e-05 
0.000199693 0.000256104 0.000161743 
0.000509952 0.000105349 0.000159007 
0.000559079 0.000193683 2.24381e-05 
0.000422896 0.000473135 5.19198e-05 
0.000483581 0.000175949 0.000144905 
0.000748847 0.000134482 4.82189e-05 
0.000212936 0.000173992 5.62634e-05 
0.000109578 0.000434269 0.000179844 
0.000487778 0.000319114 9.39197e-05 
4.84029e-05 0.000187228 0.000106682 
0.000677954 0.00026508 6.9189e-05 
0.00059002 3.51519e-05 0.000127821 
0.000127121 0.000379447 3.255e-05 
3.16098e-05 0.000286177 0.000122359 
0.000369335 0.000425517 0.00011718 
0.000536384 0.00030121 3.21301e-05 
0.000847861 8.0915e-05 0.000177821 
0.00073034 9.54737e-05 2.39845e-05 
6.95358e-05 0.000155737 3.34682e-05 
7.74507e-05 0.000371978 3.14097e-05 
0.000269002 0.000214491 0.000174038 
0.000964681 0.000208372 4.69219e-05 
0.000267122 0.000233265 2.17434e-05 
0.000831076 0.000174398 0.000176342 
0.000878635 0.000324762 3.02899e-05 
0.00066965 0.000126147 6.92144e-05 
2.35627e-05 0.000251939 5.25469e-05 
0.000718497 0.00025346 2.64607e-05 
0.000112471 0.000246362 3.10189e-05 
0.000947792 0.000144567 3.51902e-05 
0.000877827 0.00046109 9.32272e-05 
0.000431643 0.000417317 3.09452e-05 
0.000119743 6.65337e-05 3.17632e-05 
0.000576843 0.00030866 0.000103828 
0.000868986 0.000216853 6.87943e-05 
0.000263219 0.000193613 0.00012487 
3.19617e-05 0.000339052 0.000102911 
0.000784695 0.000276609 0.0001335 
0.000241216 3.72586e-05 8.25208e-05 
0.000792812 6.66987e-05 9.94052e-05 
0.000271576 0.000273738 0.000165437 
0.000301998 0.000437967 0.000139656 
0.000707042 0.000169451 2.65517e-05 
0.000344603 0.000108769 3.68539e-05 
0.000971908 0.000421075 0.000165711 
0.000162792 0.000173943 5.58348e-05 
0.000154017 0.000328102 2.755e-05 
0.000970394 0.000102642 0.000129969 
0.000222672 5.41078e-05 4.43604e-05 
0.000962254 0.000136013 9.68917e-05 
0.000804144 0.00026684 3.71153e-05 
0.000396503 0.000475149 0.000166879 
6.4039e-05 0.000129096 7.19241e-05 
0.000449009 0.000377446 0.000159602 
0.000140392 0.000309105 0.000169019 
0.000479468 2.39691e-05 6.54622e-05 
0.000941849 0.000381186 0.000173696 
0.000919014 0.000354402 2.23233e-05 
0.000223172 0.000305997 3.90018e-05 
0.000365435 0.000218687 0.000164789 
0.000826651 0.000405952 0.000148299 
0.000956518 0.000464399 0.000120872 
0.000220315 0.000159129 9.6799e-05 
0.000429498 0.000176163 0.000163957 
0.000117403 0.000165678 4.64156e-05 
0.000275958 0.000318028 3.55307e-05 
0.000346784 2.69678e-05 0.00014558 
0.000663094 0.000452166 0.000112578 
2.64658e-05 0.000390166 6.83969e-05 
0.000504817 0.000477258 0.000145629 
0.000971691 0.000315806 0.000104217 
0.000626201 0.00041347 0.000102839 
0.000935386 0.000301157 2.41041e-05 
0.000365194 0.000187462 6.20913e-05 
0.000569518 7.56636e-05 0.000145444 
0.000880109 8.25358e-05 0.000139636 
0.00095457 2.24542e-05 4.13435e-05 
0.000448617 5.83728e-05 4.67272e-05 
0.000708808 0.000462998 0.000137379 
0.000687615 5.73186e-05 0.00017204 
0.000772437 0.000417811 8.42669e-05 
0.000344677 3.75656e-05 3.94113e-05 
0.000339764 0.000456186 0.000137603 
0.000661961 5.32004e-05 5.6974e-05 
0.000323997 0.000321327 5.59371e-05 
0.000503015 8.34998e-05 0.000116508 
0.000121884 0.00037503 0.000159465 
0.000232852 0.000402472 0.00011089 
0.000517646 0.000102664 2.67382e-05 
2.03184e-05 8.27428e-05 0.000136967 
0.000498528 2.34943e-05 2.93409e-05 
0.000859416 0.000380037 0.000168026 
0.000313425 8.06621e-05 3.09547e-05 
4.22012e-05 0.000204194 3.04914e-05 
0.000163677 0.000243531 0.000132882 
0.00055881 0.000321178 5.50166e-05 
0.000418448 0.000312518 0.000153331 
0.000481952 0.000216159 3.84653e-05 
0.000830763 0.000112028 0.000144963 
0.000845603 0.00025722 0.000154011 
0.000171347 0.000298159 7.4102e-05 
0.000622788 0.000329631 6.67269e-05 
0.000542185 3.92889e-05 0.000119344 
0.000650055 0.000430213 7.00556e-05 
0.000852954 2.38479e-05 0.000160652 
0.000301613 0.000444491 3.23979e-05 
0.000427089 0.00030943 3.77315e-05 
0.000972633 6.49694e-05 0.000172771 
0.000310056 0.000371226 2.90646e-05 
2.97884e-05 0.000209136 0.00015676 
0.000123205 0.000128434 0.00014928 
0.000169094 0.000344647 9.51037e-05 
0.00093482 0.000109626 0.000153689 
0.000414769 0.000456093 8.8825e-05 
0.00048222 0.000198013 0.00010688 
8.17399e-05 0.000469915 0.000129742 
0.000474712 0.000461661 0.00017233 
0.000871805 0.000359554 0.000122684 
0.000127131 0.000479178 9.98522e-05 
0.000164114 0.000221036 5.37998e-05 
0.000501189 0.000453549 9.73539e-05 
0.000766362 3.7776e-05 0.000159956 
0.000766671 0.000150504 9.92742e-05 
0.000254068 0.000154728 2.52901e-05 
0.000493823 0.000255475 7.38352e-05 
0.000602421 0.000104266 6.91602e-05 
0.000814169 2.16793e-05 0.000142619 
0.000599585 0.000226837 4.46664e-05 
0.000713074 0.000332937 3.72349e-05 
0.000870836 0.000112116 6.37167e-05 
0.000172146 3.2367e-05 3.17028e-05 
0.000597571 3.25264e-05 0.000180252 
0.000600334 0.000351169 0.000137173 
0.0007093 5.34889e-05 2.33431e-05 
0.000217723 0.000162495 0.000155751 
0.000556341 0.000462512 7.45672e-05 
0.000767451 0.00027602 8.28802e-05 
0.000720447 0.000463808 8.36162e-05 
0.000553432 0.000368465 2.32886e-05 
0.000621296 0.000100193 0.000103736 
0.00078201 0.000426169 0.00016916 
0.000537599 0.000304479 0.000133751 
0.000769109 0.000390074 0.000179219 
2.51981e-05 0.000344527 2.68421e-05 
0.000674682 0.000406686 4.7202e-05 
0.000546863 0.000469129 0.000164357 
0.000155755 0.000301109 0.000131902 
0.000385329 0.000137708 0.000142066 
0.000907329 0.000473828 0.000138074 
0.000736075 0.000373251 2.47654e-05 
5.3965e-05 6.56052e-05 2.30414e-05 
0.000670917 2.37549e-05 0.000143326 
0.000576203 0.000465994 3.57925e-05 
0.000569524 0.000206073 0.000147728 
0.000403864 0.000420613 0.000115284 
0.000172169 1.86148e-05 0.000135708 
0.000186369 0.00019012 9.84881e-05 
0.000400269 0.000354125 6.67322e-05 
0.000396646 9.14926e-05 0.000108124 
0.000494986 0.00035334 0.000184241 
0.000791227 6.62928e-05 0.000138464 
0.000812742 0.000258572 9.91853e-05 
0.000696095 0.000294801 0.000171295 
0.000818848 0.000146774 3.75873e-05 
0.000562474 0.000363054 8.11925e-05 
0.000974317 0.000167238 2.73004e-05 
0.000146723 0.00012907 4.15975e-05 
0.000479306 3.4927e-05 0.000179191 
0.00027282 4.57522e-05 0.000121915 
2.15979e-05 0.000212057 9.09503e-05 
0.000628824 0.000325886 0.000121275 
0.0002837 0.000204671 7.86616e-05 
0.000688835 0.000242881 0.000161509 
0.000553546 3.16395e-05 0.000161744 
0.000537294 0.000130579 0.000182256 
0.000269474 0.000238136 0.000130397 
0.000909948 0.000173985 0.000121561 
0.00090844 0.000269056 0.000163451 
0.000574267 7.36532e-05 2.40553e-05 
3.95025e-05 0.000230566 0.000119845 
0.000199167 0.000356539 0.00017972 
0.000844004 0.000172911 0.000109189 
6.57597e-05 7.59666e-05 0.000107364 
0.000250572 0.000414857 2.96352e-05 
0.000703136 0.0001152 0.000128114 
3.27928e-05 0.000365472 0.000175254 
0.000548571 0.000150635 3.95809e-05 
0.000744721 7.04792e-05 9.80342e-05 
0.000951845 0.000373814 0.000104081 
0.000484933 0.000479703 3.11151e-05 
0.00037743 3.59382e-05 0.000118376 
0.000961362 2.27179e-05 8.66667e-05 
0.000310318 3.44165e-05 0.000171036 
0.000444987 0.000337634 5.6946e-05 
0.000969542 0.000351579 5.57735e-05 
0.000348437 0.000122734 0.000158762 
0.000810875 0.000471565 0.000170811 
0.000466924 8.3834e-05 0.000165352 
0.000151952 0.000221569 0.000164668 
0.000917062 0.000271837 0.000119741 
0.000524666 0.000340988 8.24079e-05 
3.37093e-05 0.000105457 0.000174597 
0.0001074 0.000113372 2.79672e-05 
0.000152795 0.000472604 2.52081e-05 
0.000908337 0.000381338 0.000184606 
0.000524531 7.08428e-05 0.000145895 
0.000749453 0.000289603 0.000170296 
0.000952974 0.00034156 0.000170118 
0.000304834 0.000471376 0.00017354 
8.60523e-05 9.99131e-05 0.000135906 
0.00073939 0.000132065 0.000156169 
0.000359209 0.000223534 2.64478e-05 
0.000528627 0.000452931 0.000123377 
0.000234131 0.000477457 4.11026e-05 
8.24219e-05 0.000356464 9.06615e-05 
9.76748e-05 0.000287483 0.000151768 
0.000311416 0.000252758 9.10625e-05 
0.000228615 0.000218453 0.000163784 
0.000861742 0.000202823 0.000129529 
0.000117756 2.24804e-05 0.000128073 
0.000932944 0.000293967 7.86745e-05 
1.80928e-05 9.99134e-05 0.000103882 
0.000923168 0.000190468 6.81359e-05 
0.000891808 0.000228602 0.000118795 
0.000496545 0.000141999 0.000181656 
0.000854463 0.000469137 2.94497e-05 
0.000501729 0.0003104 0.000159906 
0.000111078 0.000440811 9.94003e-05 
0.00076096 0.00040839 3.70434e-05 
0.000290923 0.000478125 0.000135327 
0.000752582 0.000351737 5.34306e-05 
0.000697372 3.97805e-05 6.92674e-05 
0.000611121 4.82206e-05 2.39113e-05 
0.000188977 0.000371562 7.25909e-05 
0.000252512 0.000140013 0.00017885 
0.000344173 0.000182664 9.64814e-05 
0.00046338 0.00029591 0.000182335 
0.000572699 0.000262139 7.69183e-05 
0.000278296 2.2233e-05 3.34014e-05 
0.000455325 0.000254892 3.60254e-05 
0.000169786 0.000376768 0.000154655 
0.000861186 0.000244291 9.46267e-05 
0.000662461 3.56719e-05 0.000102112 
0.000260794 0.000312322 0.000184116 
0.000397947 0.000458267 0.000133911 
0.000712846 2.37158e-05 0.000148645 
0.000955552 0.000440595 7.97765e-05 
0.000854924 0.000271577 2.25815e-05 
0.000451534 7.48529e-05 9.04575e-05 
0.000188451 0.000145748 3.23742e-05 
0.000936837 8.5496e-05 0.000184427 
0.000361477 0.000284955 7.53231e-05 
0.000134469 0.000427062 4.21712e-05 
7.90134e-05 0.000275698 2.56059e-05 
0.00038542 0.000185756 0.000131195 
0.000764606 0.000232519 3.3872e-05 
0.000494886 7.84508e-05 7.95087e-05 
0.000765001 8.47897e-05 6.02186e-05 
0.000314693 0.000441316 9.7376e-05 
0.000907705 2.45281e-05 0.000123574 
0.000924256 0.000132341 7.05967e-05 
0.000472068 0.000358668 0.000128069 
0.000965413 0.000131278 0.000175249 
0.000720026 0.00040367 0.000166944 
2.30683e-05 0.000160274 5.92081e-05 
0.000500655 2.37284e-05 0.00012033 
0.000277649 0.000376473 0.000114932 
0.000116955 6.30438e-05 0.000110414 
0.000189756 0.000338894 4.9901e-05 
0.000795608 0.000442996 5.24389e-05 
0.000840349 0.000124168 9.04957e-05 
0.000311602 0.000347048 0.000176903 
0.000544748 0.000260017 0.000120631 
0.000777072 3.48011e-05 3.9776e-05 
0.000667702 0.000108415 0.000109096 
0.000638705 0.000157374 3.07313e-05 
7.24278e-05 0.000393479 0.000177683 
0.000196289 0.000477361 0.00015448 
0.000657446 0.000461319 3.56909e-05 
5.76509e-05 0.000473102 6.68531e-05 
0.000118702 0.000320477 0.000103403 
0.000871017 0.000164307 0.000173959 
0.00056699 0.000275601 0.000149271 
0.000604995 9.92406e-05 0.000176801 
3.728e-05 0.000481067 3.25311e-05 
0.00075653 0.000313999 0.000137328 
6.88833e-05 4.48805e-05 0.000129214 
0.000468925 0.000219022 0.000166935 
0.000388173 0.000470889 2.37628e-05 
1.80983e-05 0.00042966 9.48302e-05 
0.000361297 0.000385688 9.99907e-05 
2.24858e-05 0.000297389 5.30949e-05 
0.000816441 2.08583e-05 0.000184211 
0.000234911 0.000275923 0.00012923 
0.000366873 0.000381158 2.76885e-05 
0.000913273 0.000101803 5.23922e-05 
0.000274605 0.000107453 2.77784e-05 
