0.000843681 0.000421661 3.10552e-05 
8.0228e-05 0.00029169 6.13446e-05 
0.000532734 0.00022118 9.02265e-05 
0.00032086 0.000246462 5.95955e-05 
0.000690906 0.000329774 6.67938e-05 
0.000368286 6.25658e-05 7.38155e-05 
0.000754889 0.000194218 3.09939e-05 
0.000885996 0.00028838 3.57917e-05 
0.000515071 3.99509e-05 9.44551e-05 
0.000774838 0.000235375 8.57806e-05 
0.000633886 0.000365883 2.42403e-05 
0.000188216 0.000382481 1.97444e-05 
0.000829412 0.000286629 7.67226e-05 
0.000205177 0.000213885 7.34999e-05 
0.000489603 0.000388758 3.62708e-05 
0.000808652 0.000158291 6.25491e-05 
0.000440151 0.00033969 5.30138e-05 
0.00023219 0.00036307 2.52285e-05 
0.000524891 0.000162625 2.65334e-05 
0.000892923 0.000232766 1.89341e-05 
0.000918533 0.000332957 6.17008e-05 
0.00042201 0.000299069 5.12431e-05 
0.000943001 5.28081e-05 5.35335e-05 
0.000839699 5.50876e-05 6.49483e-05 
0.000688166 9.18801e-05 2.14028e-05 
0.000276284 0.000304218 2.06132e-05 
8.43051e-05 0.000230416 8.66674e-05 
0.000563452 0.00023431 1.97552e-05 
0.000159285 9.07379e-05 2.98304e-05 
0.000950825 0.0004417 8.90018e-05 
0.000514814 0.000218492 3.31031e-05 
0.00097268 0.00022261 5.66826e-05 
0.00089692 0.000134581 2.5705e-05 
0.000775104 2.10014e-05 4.99109e-05 
6.67055e-05 0.000260378 2.19109e-05 
0.000741743 0.000353285 9.61102e-05 
0.000617254 0.000433778 9.12118e-05 
0.000308947 0.00014723 9.11929e-05 
0.000330368 0.000199745 6.77312e-05 
0.000333116 0.000176055 1.87157e-05 
0.000294999 0.000298896 7.74993e-05 
0.000475301 0.00030355 3.28585e-05 
0.000462508 2.31827e-05 6.83826e-05 
0.000336395 0.000102151 5.73251e-05 
0.00097812 0.000403832 2.17995e-05 
0.000598757 0.000481877 5.6028e-05 
0.000539344 0.000352339 7.17501e-05 
0.000723566 0.000173915 6.59359e-05 
0.000395047 0.000227883 6.52109e-05 
0.000385371 0.000282304 8.66538e-05 
0.000263949 0.000384762 7.91276e-05 
0.000573955 0.000156602 4.92251e-05 
0.000794188 5.26158e-05 8.11686e-05 
0.000845727 0.000463166 7.33638e-05 
9.18381e-05 5.82926e-05 8.04725e-05 
0.00019269 0.000109603 8.17761e-05 
0.000972464 8.79777e-05 2.75349e-05 
0.000512566 0.000426858 7.59143e-05 
0.000212398 0.000100911 2.45086e-05 
0.000366492 0.000414801 3.12573e-05 
0.0004752 0.000169001 2.60586e-05 
0.000283595 0.000413734 4.0657e-05 
0.000586944 0.000356108 2.37086e-05 
0.000802105 0.000190764 1.71766e-05 
0.000541861 7.51023e-05 5.96841e-05 
0.000240477 6.89517e-05 6.07986e-05 
0.000514079 0.000479574 1.73977e-05 
0.000397395 6.69062e-05 3.08112e-05 
0.000971763 0.000172608 6.27111e-05 
0.000891522 0.00017891 1.93968e-05 
0.000595087 0.000405806 7.59137e-05 
0.000619852 0.000131933 7.16665e-05 
0.000398215 0.000362267 6.6627e-05 
0.000694576 0.000382867 4.61812e-05 
0.000652663 6.45195e-05 6.37171e-05 
0.000161238 6.02251e-05 6.87756e-05 
0.000865581 0.000165328 5.60239e-05 
0.000444609 0.000115293 3.66389e-05 
0.000616826 0.000198097 8.173e-05 
0.000707889 0.000127595 4.79712e-05 
0.000785303 0.000150324 2.30044e-05 
6.01226e-05 0.000340743 5.35081e-05 
0.000179305 0.000388464 5.50943e-05 
0.000424177 0.000443126 6.94113e-05 
0.000579822 0.000236358 5.91309e-05 
0.000792329 0.000384823 4.75592e-05 
2.9914e-05 0.000435281 2.99129e-05 
0.000343966 0.00027764 5.04153e-05 
0.000176384 0.000428703 2.88152e-05 
0.000153386 0.000270643 2.03553e-05 
0.000278227 5.64146e-05 2.32757e-05 
0.000822334 0.000474152 2.58499e-05 
0.00066731 0.000147803 5.56366e-05 
0.000980947 0.00029515 1.74972e-05 
0.000132911 0.000250474 5.58817e-05 
0.000867876 0.000334127 8.62842e-05 
0.0002095 2.35572e-05 6.16208e-05 
0.000929252 0.000211376 8.23427e-05 
0.000351394 0.000331285 7.50156e-05 
0.000418268 0.000182846 3.29354e-05 
0.000564246 0.00042234 5.78787e-05 
0.000777164 0.000479941 2.00577e-05 
0.000730372 0.000364695 4.87179e-05 
0.000794182 0.00012139 8.38853e-05 
0.000420262 2.37249e-05 1.93653e-05 
0.00082017 2.92642e-05 2.92572e-05 
0.000294314 6.79769e-05 6.46252e-05 
0.000730668 0.000249327 7.0528e-05 
7.53389e-05 0.000214467 2.46836e-05 
0.000680607 0.000180341 6.25665e-05 
0.000613311 0.000175908 2.6495e-05 
0.000396113 0.000266111 2.69505e-05 
0.000971751 0.000267374 7.34863e-05 
0.000651764 0.000276346 7.84756e-05 
0.000939186 0.000245095 3.02696e-05 
0.000596262 0.000132241 2.0735e-05 
8.7185e-05 0.000414067 3.03969e-05 
0.000131157 0.000436129 6.894e-05 
0.000494718 0.00026106 5.10747e-05 
7.57904e-05 0.000166554 6.85072e-05 
0.000689464 0.000482781 1.72096e-05 
0.000648349 0.000383415 8.08383e-05 
0.000122602 0.00019899 4.45856e-05 
0.000308818 0.000273169 2.45246e-05 
0.000516784 0.000271235 2.10384e-05 
0.000767675 0.000178972 8.37069e-05 
0.000237263 0.00044883 7.09864e-05 
0.000977358 2.26414e-05 6.52145e-05 
0.000677418 0.000353805 2.10511e-05 
0.000229419 0.000223327 2.76752e-05 
0.000909094 0.00040509 3.66544e-05 
0.000414641 2.49833e-05 6.33385e-05 
0.000686321 2.73246e-05 5.0391e-05 
0.000767127 0.000475512 6.29598e-05 
0.000537368 0.000395802 5.97153e-05 
0.000454427 0.000164831 8.8311e-05 
0.000658425 0.000214073 3.29424e-05 
0.000412713 8.68963e-05 9.03643e-05 
0.000266968 0.000468753 3.12442e-05 
0.000979274 0.000403016 7.63003e-05 
0.00016642 0.000160896 6.00557e-05 
0.000914497 9.70339e-05 3.71867e-05 
0.000648203 0.000320824 2.30552e-05 
0.000360646 0.000410411 8.5402e-05 
0.00031643 0.000406941 7.24915e-05 
0.000873123 0.000121769 6.23809e-05 
0.000187069 0.000237747 1.80797e-05 
0.000691372 0.00043214 3.07159e-05 
5.51788e-05 2.897e-05 2.89688e-05 
0.000542047 2.53024e-05 2.52994e-05 
0.000718829 0.000297932 2.06407e-05 
0.000884664 3.96779e-05 3.64706e-05 
0.00021212 0.000269685 1.8352e-05 
0.000912331 0.00013445 7.49554e-05 
0.000299108 0.000173291 4.43226e-05 
0.000792656 0.000331479 7.83186e-05 
0.000524988 0.000264562 7.32453e-05 
0.000732946 0.000289048 5.69392e-05 
0.000197362 0.000318846 6.75091e-05 
0.000800249 0.000442485 5.5908e-05 
0.000824827 0.000227714 2.07619e-05 
0.000600317 0.000406494 2.86324e-05 
2.61557e-05 0.000120068 2.61564e-05 
0.000464294 0.000322072 7.94501e-05 
0.00044298 0.000479561 5.28689e-05 
4.66405e-05 0.000394055 4.86401e-05 
0.00038329 0.000319566 2.80267e-05 
0.000556155 0.000422072 1.91486e-05 
0.00026598 0.000116104 4.94751e-05 
0.000913297 8.04544e-05 6.95748e-05 
0.000614051 0.000252665 8.23065e-05 
0.00080358 0.000208791 5.94377e-05 
0.000437973 0.000374082 3.50862e-05 
0.00024823 0.000120639 1.70674e-05 
0.000746248 2.03339e-05 2.03299e-05 
0.000395238 0.000137138 1.98851e-05 
0.000348606 0.000251429 2.09447e-05 
0.000259176 0.000337875 5.48328e-05 
0.000717469 8.18059e-05 5.57071e-05 
0.000756653 0.000310139 1.85848e-05 
0.000866124 0.000411144 8.08398e-05 
0.000637081 0.00012689 2.0434e-05 
0.000617829 2.20141e-05 2.72377e-05 
0.000328588 0.000482965 1.70346e-05 
0.000579276 0.000110714 4.77931e-05 
0.000124502 0.000125983 5.67867e-05 
0.000193447 0.000471918 6.21733e-05 
0.000192359 6.47472e-05 5.13524e-05 
2.19531e-05 4.59376e-05 6.36219e-05 
6.59635e-05 0.000304798 2.25127e-05 
0.000684619 0.000241647 6.88987e-05 
2.25213e-05 0.00047748 6.01446e-05 
0.00075963 0.000430351 5.17976e-05 
0.000446472 0.00025438 6.2852e-05 
0.000623731 0.000454544 2.08291e-05 
0.000837334 7.26766e-05 1.7535e-05 
0.000299787 0.000129463 2.42602e-05 
0.00093514 0.00045928 2.46529e-05 
0.000631974 0.00047795 7.82795e-05 
0.000194391 0.000420593 8.04058e-05 
0.000968848 0.000482857 1.71416e-05 
0.000832293 0.000332784 3.29543e-05 
6.07987e-05 0.000439074 8.25636e-05 
0.000455461 0.000439241 2.56016e-05 
0.000773031 0.000117815 4.84094e-05 
0.000742417 0.000327058 5.06643e-05 
0.000611851 0.000298775 8.80546e-05 
0.000120868 0.00046539 2.16538e-05 
0.000763439 0.0002379 5.022e-05 
0.000806472 0.000109008 2.29192e-05 
0.000729133 0.000404844 5.13725e-05 
0.000468939 0.000430663 6.93557e-05 
0.000538616 0.000162727 6.68993e-05 
0.000340203 0.000139968 1.79664e-05 
0.000610555 0.000279465 3.39186e-05 
0.000186176 0.000263479 5.87833e-05 
0.000495502 0.000102568 6.93829e-05 
0.000564507 0.00019188 2.24174e-05 
0.00043366 0.000482244 1.77278e-05 
0.000504752 0.00017903 6.79476e-05 
0.000746723 0.000130551 2.04237e-05 
0.0002258 0.000177031 1.94786e-05 
9.95854e-05 0.000411642 0.000103276 
0.000498422 0.000340451 5.80534e-05 
4.43544e-05 0.000198673 4.94741e-05 
0.000674456 0.000275062 3.0183e-05 
0.00057727 2.00189e-05 5.33206e-05 
0.000139327 0.000382329 3.02614e-05 
3.21834e-05 0.000276262 6.99835e-05 
0.000381347 0.000454517 5.5415e-05 
0.00053943 0.000301953 1.72968e-05 
0.00085024 9.2738e-05 6.89351e-05 
0.000729193 9.44184e-05 1.97386e-05 
7.97276e-05 0.000171317 1.9055e-05 
5.71862e-05 0.000370965 1.99492e-05 
0.000278534 0.000202429 7.69802e-05 
0.000976571 0.000212916 2.00963e-05 
0.000274903 0.000241602 2.15246e-05 
0.000834636 0.000184793 9.12964e-05 
0.000887693 0.000348312 2.51013e-05 
0.00067494 0.000128329 1.75608e-05 
2.25644e-05 0.000254925 2.25656e-05 
0.000713983 0.000234486 2.65796e-05 
0.000111742 0.000238365 1.92058e-05 
0.000944272 0.000153958 1.71489e-05 
0.000889235 0.000444756 6.86424e-05 
0.000420729 0.000406951 2.19547e-05 
0.000109075 5.58756e-05 3.13138e-05 
0.000576133 0.000317543 6.22695e-05 
0.000865974 0.000206829 1.84672e-05 
0.000248271 0.000184097 5.07176e-05 
2.11347e-05 0.000366206 6.01997e-05 
0.000774309 0.000276393 6.71202e-05 
0.000241493 2.50562e-05 2.50552e-05 
0.000797883 6.89519e-05 1.7699e-05 
0.000251201 0.000269724 7.85042e-05 
0.000296153 0.000444476 6.61546e-05 
0.000701748 0.000175248 2.56841e-05 
0.000365204 0.000114066 1.80333e-05 
0.000959168 0.000427474 5.07164e-05 
0.000167098 0.000190857 2.1776e-05 
0.000127797 0.000324804 2.09963e-05 
0.000978653 0.000123508 6.24876e-05 
0.000210403 5.69236e-05 1.97778e-05 
0.000978447 0.000136338 2.15516e-05 
0.000794934 0.000290212 2.43342e-05 
0.0003804 0.000481828 7.83977e-05 
7.9351e-05 0.000125666 2.73444e-05 
0.000442472 0.000392759 7.645e-05 
0.00012843 0.000330284 6.4386e-05 
0.000462099 2.26105e-05 2.26025e-05 
0.000941974 0.000396242 7.84698e-05 
0.000934681 0.00035394 2.23064e-05 
0.000230352 0.00031164 2.62431e-05 
0.000351951 0.000233803 8.35339e-05 
0.000824093 0.000415425 7.5598e-05 
0.000973253 0.0004731 5.96977e-05 
0.000229358 0.000138954 4.78079e-05 
0.000393851 0.000191468 0.000117829 
0.000116412 0.000155755 2.08338e-05 
0.000282228 0.000344518 2.01103e-05 
0.000371053 1.97724e-05 7.20523e-05 
0.000644379 0.000439084 5.7414e-05 
2.02787e-05 0.000386967 2.02777e-05 
0.000524962 0.000482671 5.02292e-05 
0.000972972 0.00032342 6.10319e-05 
0.000597722 0.000444252 5.85303e-05 
0.00094128 0.000308096 2.40378e-05 
0.000367721 0.000163784 1.80006e-05 
0.00060148 7.4639e-05 6.12676e-05 
0.00088353 9.08916e-05 5.19523e-05 
0.000937018 2.11441e-05 2.11441e-05 
0.000444894 5.80568e-05 1.71704e-05 
0.000681142 0.000472173 7.21885e-05 
0.000700925 5.18263e-05 8.61911e-05 
0.000764086 0.000444594 1.77058e-05 
0.000334534 3.84495e-05 3.53007e-05 
0.000336155 0.000479398 5.37237e-05 
0.00067407 5.22777e-05 2.06452e-05 
0.000323682 0.000322712 2.7273e-05 
0.000481313 7.67626e-05 1.93223e-05 
9.9639e-05 0.000372375 7.30711e-05 
0.000216522 0.000384282 6.1934e-05 
0.000507133 0.00011429 2.66773e-05 
1.92724e-05 5.96904e-05 1.92705e-05 
0.00050114 1.71847e-05 1.71848e-05 
0.000832743 0.000373902 8.50319e-05 
0.000308571 8.48841e-05 1.85943e-05 
4.64467e-05 0.000185272 1.70878e-05 
0.000170617 0.000219348 4.89262e-05 
0.000572923 0.000315976 1.90538e-05 
0.000423087 0.000323427 9.17041e-05 
0.00046079 0.000213157 2.06967e-05 
0.000824624 0.000119751 5.83664e-05 
0.000838206 0.000237654 7.12886e-05 
0.000183071 0.000301729 2.22253e-05 
0.000613438 0.00033019 4.16634e-05 
0.000541092 1.98761e-05 7.01339e-05 
0.000644564 0.000420795 1.88795e-05 
0.000845337 1.83607e-05 6.8181e-05 
0.000317406 0.00044278 2.55339e-05 
0.000429101 0.000321783 1.87685e-05 
0.000982653 6.24452e-05 6.30115e-05 
0.000318202 0.00037873 2.9038e-05 
2.00803e-05 0.000221872 6.74911e-05 
0.00012484 0.00016574 8.03904e-05 
0.000164434 0.000338221 3.58931e-05 
0.000942629 0.000106657 5.75601e-05 
0.000407505 0.00045064 2.37267e-05 
0.000472649 0.000201529 5.48408e-05 
6.21785e-05 0.000482604 6.0892e-05 
0.000485416 0.000474215 6.51716e-05 
0.000860451 0.000375908 5.13625e-05 
0.00013768 0.000482501 5.25971e-05 
0.000149935 0.000230658 1.97615e-05 
0.000497797 0.000447733 1.81904e-05 
0.000759667 4.39406e-05 7.7093e-05 
0.000752081 0.000150114 5.40699e-05 
0.000262159 0.00015694 2.21468e-05 
0.000474893 0.000251772 2.03988e-05 
0.00057278 9.22573e-05 1.79197e-05 
0.000806574 1.87228e-05 7.40434e-05 
0.000604631 0.00022423 2.2745e-05 
0.000716752 0.000339367 2.08483e-05 
0.000886563 9.02057e-05 1.75238e-05 
0.000165629 3.06231e-05 3.06236e-05 
0.000614192 2.67195e-05 7.00223e-05 
0.0005996 0.000356024 6.65505e-05 
0.000717822 5.31673e-05 2.31928e-05 
0.000211892 0.000166063 8.24147e-05 
0.000553199 0.000465354 2.45704e-05 
0.000751907 0.000268057 2.4061e-05 
0.000731322 0.000473254 2.67491e-05 
0.0005471 0.000380886 2.32146e-05 
0.000612189 9.29491e-05 2.16748e-05 
0.000778374 0.00042067 8.21546e-05 
0.000538168 0.000293255 5.14494e-05 
0.000753269 0.000396839 7.90037e-05 
2.35738e-05 0.00034387 2.26359e-05 
0.000667253 0.000391545 1.81452e-05 
0.000559227 0.000467566 7.8141e-05 
0.000148896 0.00030091 4.38321e-05 
0.00037902 0.000153091 5.29071e-05 
0.000921496 0.000474254 7.08019e-05 
0.000722518 0.000385635 1.84418e-05 
5.63326e-05 8.10258e-05 2.30417e-05 
0.000649059 1.83859e-05 5.35645e-05 
0.000593692 0.000480868 1.91316e-05 
0.000564454 0.000195978 6.53569e-05 
0.000405871 0.000406167 5.82147e-05 
0.000171155 1.83563e-05 7.77189e-05 
0.000199078 0.000185102 4.31406e-05 
0.000406528 0.000362059 1.96265e-05 
0.000387892 0.000113065 5.18476e-05 
0.000498519 0.000353456 9.09414e-05 
0.000791785 8.13456e-05 5.42563e-05 
0.000806731 0.000253698 4.59955e-05 
0.000698966 0.000278278 7.41908e-05 
0.000830791 0.000152312 2.2526e-05 
0.000571211 0.000382655 5.77567e-05 
0.000982112 0.00017542 1.78724e-05 
0.000154 0.000139469 2.01365e-05 
0.000480842 5.4923e-05 8.57099e-05 
0.00027815 2.37616e-05 5.58654e-05 
2.04129e-05 0.000212056 2.04106e-05 
0.000640313 0.000320305 6.45272e-05 
0.000271119 0.00019935 2.09006e-05 
0.000705848 0.000212422 6.34296e-05 
0.000580565 4.48266e-05 8.40964e-05 
0.000536087 0.000128395 5.8221e-05 
0.000278522 0.000246371 6.40287e-05 
0.000923047 0.000171181 4.55541e-05 
0.000878005 0.000260206 9.05921e-05 
0.000583302 5.21812e-05 2.3951e-05 
4.81471e-05 0.000237057 4.76733e-05 
0.000193626 0.00036198 8.58207e-05 
0.000835217 0.000191759 3.14666e-05 
5.81128e-05 6.39967e-05 6.09479e-05 
0.000233787 0.000417734 2.96338e-05 
0.000687142 9.69e-05 7.80173e-05 
2.27432e-05 0.000327383 8.05852e-05 
0.000553865 0.000127158 2.19819e-05 
0.000756817 6.07436e-05 4.23662e-05 
0.000959312 0.000377083 4.98778e-05 
0.000476472 0.0004797 2.02968e-05 
0.000382358 1.88713e-05 1.88479e-05 
0.000977329 3.82439e-05 2.26717e-05 
0.000312054 2.53024e-05 9.00143e-05 
0.000456939 0.000348974 1.82638e-05 
0.000978451 0.00035122 2.15502e-05 
0.000364908 0.000136109 8.99976e-05 
0.000802328 0.000478614 9.17709e-05 
0.000464153 8.47048e-05 7.72301e-05 
0.000156491 0.000202887 8.13315e-05 
0.000918401 0.000259899 7.16143e-05 
0.000523247 0.000339709 2.43851e-05 
5.27925e-05 0.000104332 6.33245e-05 
0.000115822 0.000102624 1.7015e-05 
0.000163109 0.000477666 2.23281e-05 
0.000899932 0.00036855 7.51217e-05 
0.000489404 6.92161e-05 5.47545e-05 
0.000742661 0.000297944 9.87575e-05 
0.000949432 0.000356571 8.38644e-05 
0.000324343 0.000467627 9.45874e-05 
8.99008e-05 9.30965e-05 5.59416e-05 
0.000742875 0.000107682 7.22974e-05 
0.000364674 0.00020728 2.63267e-05 
0.000526011 0.000434783 3.73588e-05 
0.000217434 0.000479446 2.05469e-05 
9.57948e-05 0.000353954 2.2307e-05 
0.000121054 0.00029078 6.60136e-05 
0.000313902 0.000216103 2.52164e-05 
0.000245393 0.000226935 6.97061e-05 
0.000891316 0.000203029 4.88892e-05 
0.000129089 2.22778e-05 6.79555e-05 
0.00093367 0.000292083 6.26227e-05 
1.8069e-05 8.28103e-05 4.8566e-05 
0.000937612 0.000197605 1.83511e-05 
0.000893846 0.00023897 5.52107e-05 
0.000493132 0.000143645 5.75589e-05 
0.000882323 0.000470554 2.94253e-05 
0.000508806 0.000305897 7.92517e-05 
8.83082e-05 0.00046123 4.62839e-05 
0.000753007 0.000408966 1.96554e-05 
0.000299689 0.000482315 6.4999e-05 
0.000756594 0.000352124 2.09855e-05 
0.000700193 1.72494e-05 1.72494e-05 
0.000634718 5.88394e-05 1.92752e-05 
0.000195256 0.000357865 4.65042e-05 
0.000267497 0.00015195 6.14665e-05 
0.000339122 0.000157004 5.17605e-05 
0.000471954 0.000287859 8.57509e-05 
0.000561938 0.000275353 1.75453e-05 
0.00028935 1.75506e-05 1.75517e-05 
0.000429253 0.000236235 1.84385e-05 
0.000158409 0.000359025 6.93295e-05 
0.00085978 0.000239174 3.83778e-05 
0.000656528 1.79775e-05 1.79767e-05 
0.000243 0.000302043 6.73206e-05 
0.000405207 0.000481786 5.17214e-05 
0.00072765 2.24009e-05 5.87271e-05 
0.0009792 0.000446564 2.07621e-05 
0.000835004 0.000268577 2.08982e-05 
0.00044276 6.06401e-05 5.5324e-05 
0.000194456 0.000150304 2.17762e-05 
0.000947133 8.18919e-05 8.30251e-05 
0.000351377 0.000289335 1.7242e-05 
0.000131358 0.000427786 1.75958e-05 
0.000108547 0.000282606 2.56079e-05 
0.000371 0.000188664 6.70547e-05 
0.000784713 0.000233827 1.98272e-05 
0.000509389 5.1815e-05 1.7484e-05 
0.000768136 9.16836e-05 1.93047e-05 
0.000339288 0.000441238 6.4504e-05 
0.000923339 1.80071e-05 6.81312e-05 
0.000938107 0.000118313 1.90726e-05 
0.000467581 0.000357532 7.41458e-05 
0.000953707 0.000138942 8.85154e-05 
0.000699892 0.000416966 8.34328e-05 
1.84746e-05 0.000163356 1.84748e-05 
0.000504324 3.21937e-05 5.3392e-05 
0.000271506 0.000381957 1.88525e-05 
0.000127683 8.09338e-05 7.44953e-05 
0.000197762 0.000339239 1.7374e-05 
0.000795494 0.000427708 1.79403e-05 
0.000852897 0.000111885 2.80294e-05 
0.000306614 0.000354821 7.26704e-05 
0.000545431 0.000257408 4.24125e-05 
0.000777119 4.11121e-05 1.70276e-05 
0.000660612 0.000108241 4.58503e-05 
0.000657801 0.000162152 2.04627e-05 
5.13053e-05 0.00038198 8.71822e-05 
0.000153542 0.000481011 8.54233e-05 
0.000659826 0.000465499 1.70773e-05 
5.9127e-05 0.000477583 2.19684e-05 
9.66305e-05 0.000320059 4.22176e-05 
0.000897036 0.000173848 8.64339e-05 
0.00056762 0.000275651 6.36922e-05 
0.000580965 9.95072e-05 9.02304e-05 
1.87282e-05 0.000481275 1.87249e-05 
0.000782531 0.000328186 3.52266e-05 
9.13297e-05 1.75859e-05 5.60146e-05 
0.000481001 0.000225117 7.84177e-05 
0.000368055 0.000476536 2.34669e-05 
1.80975e-05 0.00040727 6.70715e-05 
0.000353795 0.000376527 6.09827e-05 
2.18948e-05 0.000299375 2.18923e-05 
0.000830329 3.6322e-05 9.66226e-05 
0.000246078 0.000268309 3.97333e-05 
0.000364905 0.000364014 2.0652e-05 
0.000930313 7.2138e-05 1.7918e-05 
0.000273841 9.69296e-05 1.78377e-05 
