0.000840407 0.000416116 3.10523e-05 
8.2249e-05 0.000293979 6.8294e-05 
0.000528371 0.000218798 9.20744e-05 
0.000315995 0.000239254 9.55125e-05 
0.00068682 0.000326922 6.46226e-05 
0.000371893 6.75216e-05 8.62162e-05 
0.000752719 0.000195569 3.09913e-05 
0.000883101 0.00028857 4.36327e-05 
0.000525786 4.85528e-05 0.000125482 
0.000782773 0.000237932 0.0001129 
0.000637303 0.000369814 2.42407e-05 
0.000178694 0.000386165 1.9751e-05 
0.000827902 0.000294138 8.13336e-05 
0.000202727 0.000214796 7.96134e-05 
0.000488059 0.000379204 3.62714e-05 
0.000799357 0.000157707 7.6254e-05 
0.000442939 0.000350193 5.77679e-05 
0.000236342 0.000363374 2.52282e-05 
0.000525647 0.000152124 5.65597e-05 
0.00088709 0.000239897 1.89335e-05 
0.000922422 0.000333188 6.33422e-05 
0.000414092 0.000310308 5.63008e-05 
0.000945265 5.53269e-05 5.52252e-05 
0.000860594 4.56487e-05 8.42417e-05 
0.00068965 9.16725e-05 2.14016e-05 
0.000270048 0.000301617 4.22792e-05 
8.53851e-05 0.000224839 8.44439e-05 
0.000563593 0.000238138 1.97593e-05 
0.000169698 9.10478e-05 2.98302e-05 
0.000970971 0.000463051 0.000103237 
0.000517611 0.000215694 3.30998e-05 
0.000960317 0.000214044 5.68728e-05 
0.00088392 0.000137909 2.57048e-05 
0.000770413 2.73738e-05 5.33506e-05 
6.39173e-05 0.000254643 3.88247e-05 
0.00073751 0.000339143 0.00010038 
0.000610125 0.000437629 0.000107111 
0.00030964 0.000178272 0.000103626 
0.000345039 0.00020618 7.42447e-05 
0.000321888 0.000184718 1.87238e-05 
0.000309288 0.000293749 8.13379e-05 
0.000478151 0.000310873 3.28617e-05 
0.000458164 2.31918e-05 6.80151e-05 
0.000336106 9.78287e-05 6.04284e-05 
0.000966996 0.000397325 2.18018e-05 
0.000586213 0.000464307 6.44718e-05 
0.000533881 0.000349219 8.77055e-05 
0.000703023 0.000160468 8.75912e-05 
0.000388206 0.000235761 6.26147e-05 
0.000403174 0.000270393 0.000108417 
0.000264869 0.00037065 9.80314e-05 
0.000571262 0.000164409 5.92675e-05 
0.000799119 5.31054e-05 0.000130464 
0.000842169 0.000452036 7.8184e-05 
8.93409e-05 6.16817e-05 0.000101271 
0.000175297 9.90207e-05 9.367e-05 
0.000972453 9.00634e-05 2.75371e-05 
0.000520551 0.000424372 0.000100224 
0.000222819 0.000101193 2.45083e-05 
0.000369295 0.00042264 3.12541e-05 
0.000487987 0.000164867 2.60563e-05 
0.000285071 0.000413505 5.3193e-05 
0.00059228 0.000353288 2.37373e-05 
0.000798553 0.000190158 1.71761e-05 
0.000548222 8.17229e-05 5.7857e-05 
0.000237354 8.43857e-05 7.58555e-05 
0.000517381 0.00046366 1.73969e-05 
0.000389614 6.94847e-05 3.08141e-05 
0.000965638 0.000171795 7.47965e-05 
0.000891855 0.00018659 1.94042e-05 
0.000575155 0.000396868 0.000100311 
0.00062286 0.000131183 8.62452e-05 
0.000395137 0.000363519 6.50943e-05 
0.000687056 0.000388488 4.87807e-05 
0.000647718 6.3841e-05 6.33181e-05 
0.000150628 4.54353e-05 7.18721e-05 
0.000868606 0.000155501 7.3522e-05 
0.000444774 0.000108014 3.66387e-05 
0.000624558 0.000198152 8.67751e-05 
0.000712686 0.000125743 4.74796e-05 
0.000788098 0.000153965 3.1152e-05 
6.03806e-05 0.000332537 8.13505e-05 
0.000158231 0.000379933 6.88224e-05 
0.000441092 0.000431377 7.59671e-05 
0.000589789 0.000239682 6.31666e-05 
0.000788511 0.000383849 5.41793e-05 
2.9913e-05 0.000433975 2.99157e-05 
0.000351282 0.000289165 0.00011866 
0.000183543 0.000433645 2.88136e-05 
0.000143535 0.000278528 2.03548e-05 
0.000277024 5.95747e-05 2.32756e-05 
0.000811622 0.000471165 2.58177e-05 
0.00068666 0.000131593 0.000121739 
0.000980862 0.000295175 1.74972e-05 
0.000127667 0.000260185 5.84628e-05 
0.000875171 0.000332 9.39844e-05 
0.00021877 3.1899e-05 8.28558e-05 
0.000912184 0.000199829 8.33697e-05 
0.000369728 0.000314357 8.30959e-05 
0.000415955 0.000191454 3.29361e-05 
0.000561071 0.000400823 5.71458e-05 
0.000766743 0.000463213 2.00626e-05 
0.00071795 0.00036804 6.44432e-05 
0.000784989 0.000113932 9.62581e-05 
0.000420176 3.0042e-05 3.67492e-05 
0.000824656 2.92621e-05 2.92558e-05 
0.000290435 7.61718e-05 8.13795e-05 
0.000723159 0.000252935 7.46315e-05 
8.21717e-05 0.000214173 2.46825e-05 
0.00068183 0.000189585 7.09879e-05 
0.000612073 0.00017494 2.6495e-05 
0.000398211 0.000275188 2.6954e-05 
0.000971729 0.000255225 7.44432e-05 
0.000641419 0.000277052 8.10389e-05 
0.000934697 0.000245138 3.02686e-05 
0.000602324 0.000129066 2.07398e-05 
8.83621e-05 0.000419073 3.03964e-05 
0.000136779 0.000431951 6.78063e-05 
0.000489718 0.000289458 7.67003e-05 
6.98351e-05 0.000159651 8.50592e-05 
0.00068054 0.000480774 3.5417e-05 
0.000640731 0.00038518 8.31747e-05 
0.000128989 0.000195742 4.30584e-05 
0.000302874 0.000276223 2.45261e-05 
0.000525727 0.000272003 4.20974e-05 
0.00075729 0.000181509 8.53577e-05 
0.000248225 0.000464811 9.13095e-05 
0.000977352 3.92405e-05 8.58579e-05 
0.000680744 0.000357364 2.1166e-05 
0.000231936 0.000231189 3.88696e-05 
0.000906783 0.000403928 3.66908e-05 
0.000415214 3.25717e-05 8.76939e-05 
0.000696212 4.89093e-05 6.15006e-05 
0.000767481 0.000474164 9.21509e-05 
0.00052047 0.000390594 7.75061e-05 
0.000457986 0.000164325 7.99394e-05 
0.000659688 0.000213446 3.29411e-05 
0.000427511 0.000108572 0.000103037 
0.000270689 0.000468749 4.28498e-05 
0.000979275 0.000384073 8.72626e-05 
0.000162481 0.000154922 6.61376e-05 
0.000901565 9.77173e-05 6.15247e-05 
0.000650383 0.000322693 2.30521e-05 
0.000354732 0.000405612 0.00010327 
0.000316945 0.000395884 7.85461e-05 
0.000869105 0.000125264 0.000121529 
0.000191476 0.000236194 1.80916e-05 
0.000697369 0.000435867 3.07138e-05 
6.47329e-05 2.90159e-05 2.89689e-05 
0.000544178 3.08603e-05 2.53004e-05 
0.00072153 0.000295551 2.06405e-05 
0.000888526 4.30077e-05 3.64696e-05 
0.000217616 0.000269881 1.8352e-05 
0.000918997 0.000140376 8.27474e-05 
0.00030524 0.000163006 5.14611e-05 
0.000795598 0.000339822 9.66417e-05 
0.000514019 0.000265548 9.27667e-05 
0.000725526 0.000292974 6.0304e-05 
0.000202239 0.000324158 7.18104e-05 
0.000793475 0.000445212 6.32193e-05 
0.000824394 0.000217739 2.07609e-05 
0.00060046 0.000407478 2.86618e-05 
2.61624e-05 0.000115207 2.61559e-05 
0.000463605 0.000330183 0.000100984 
0.000466767 0.000471214 6.09082e-05 
3.53947e-05 0.00038755 8.7297e-05 
0.000376344 0.000325726 2.80259e-05 
0.000554808 0.000417988 1.91523e-05 
0.000278328 0.000111086 6.0067e-05 
0.00090732 6.28506e-05 0.00010582 
0.000597185 0.000240987 0.00010698 
0.000799878 0.000210814 6.15854e-05 
0.00042912 0.00038274 4.15416e-05 
0.000254247 0.000125861 3.61023e-05 
0.000745743 2.42385e-05 2.03303e-05 
0.000399119 0.000136982 1.98847e-05 
0.000344089 0.000257264 2.1146e-05 
0.000252449 0.000336074 6.03627e-05 
0.000729045 8.20329e-05 8.20034e-05 
0.000761984 0.000315227 1.85835e-05 
0.000878766 0.000415805 8.9834e-05 
0.000640819 0.000126826 3.518e-05 
0.00061503 2.20338e-05 4.20703e-05 
0.000344833 0.000471606 4.85933e-05 
0.000579426 0.000124565 5.90996e-05 
0.000127091 0.000115997 5.70394e-05 
0.000205946 0.000471795 6.4603e-05 
0.000200966 5.80034e-05 5.67529e-05 
4.80992e-05 5.13381e-05 0.000106148 
6.77451e-05 0.000321827 2.25138e-05 
0.00066817 0.000244636 7.41101e-05 
2.87264e-05 0.000477297 5.96548e-05 
0.000750149 0.000422591 7.87075e-05 
0.000443888 0.000265092 6.07668e-05 
0.000619786 0.000461966 2.08293e-05 
0.000825431 7.51442e-05 6.063e-05 
0.000301207 0.000123407 2.42634e-05 
0.000920154 0.00046259 2.46519e-05 
0.000640716 0.000476148 9.12689e-05 
0.000191188 0.000409463 7.7882e-05 
0.00095614 0.000482613 1.71364e-05 
0.000830083 0.000335449 3.29528e-05 
6.27428e-05 0.000433736 8.46254e-05 
0.000463649 0.000437228 2.56017e-05 
0.000774434 0.000114404 5.6167e-05 
0.000744228 0.000328032 5.07951e-05 
0.000599794 0.000301659 9.6342e-05 
0.000116251 0.000463931 2.16538e-05 
0.000761054 0.000230214 8.18412e-05 
0.000813622 8.3868e-05 2.29214e-05 
0.000730666 0.000402592 5.0276e-05 
0.000481828 0.000410443 8.38327e-05 
0.000561686 0.000150201 0.000113154 
0.000337094 0.0001504 1.79733e-05 
0.000609905 0.000284098 3.39313e-05 
0.00019212 0.000267374 6.5557e-05 
0.000508975 0.000108603 0.00010075 
0.000565752 0.000190182 2.24199e-05 
0.000433174 0.000482195 1.77312e-05 
0.000505176 0.000179947 0.000105951 
0.000751316 0.000132969 2.04297e-05 
0.00021225 0.000180491 1.94786e-05 
0.000108884 0.000434336 0.000112475 
0.000493855 0.000334368 7.44881e-05 
4.85859e-05 0.000189961 5.30367e-05 
0.000673288 0.000275068 3.06294e-05 
0.000585346 3.52261e-05 6.87653e-05 
0.000130872 0.000375783 3.02612e-05 
3.1903e-05 0.000285026 7.18623e-05 
0.000372521 0.000433174 7.8798e-05 
0.000535983 0.000299379 1.72968e-05 
0.000847625 8.09029e-05 0.000110834 
0.000733532 9.4011e-05 1.97363e-05 
6.84047e-05 0.000169061 1.90541e-05 
6.35792e-05 0.000376432 1.99508e-05 
0.000265577 0.000211112 0.000101291 
0.000966989 0.000206918 2.0096e-05 
0.00027749 0.000237911 2.15239e-05 
0.0008332 0.000179497 0.000100929 
0.000887274 0.000346451 2.51031e-05 
0.000676051 0.0001284 2.07099e-05 
2.25976e-05 0.000251957 2.2566e-05 
0.000719598 0.000242489 2.65829e-05 
0.000117266 0.000243138 1.92253e-05 
0.000946411 0.000148611 1.7148e-05 
0.000890246 0.000448233 6.41126e-05 
0.000421255 0.000415978 2.19554e-05 
0.000115226 6.23378e-05 3.13139e-05 
0.000569208 0.000315009 6.20089e-05 
0.000863071 0.00021123 1.93293e-05 
0.00025958 0.000191804 6.21354e-05 
2.59634e-05 0.000357754 6.29914e-05 
0.000780144 0.000268129 6.86689e-05 
0.000242029 2.50591e-05 2.50564e-05 
0.000787235 6.14983e-05 4.43789e-05 
0.000271576 0.000273738 0.00011675 
0.000291095 0.000435685 8.82122e-05 
0.000701164 0.000172637 2.56837e-05 
0.000353415 0.000118307 1.80328e-05 
0.000971639 0.000421406 0.000101817 
0.000169298 0.0001736 2.17752e-05 
0.000143424 0.000319949 2.10087e-05 
0.000970017 0.000105376 7.3897e-05 
0.000212438 5.83611e-05 1.9779e-05 
0.000975585 0.000137397 4.01632e-05 
0.000807872 0.000283348 2.43475e-05 
0.00039649 0.00047536 0.000113949 
7.70755e-05 0.000127254 3.73385e-05 
0.000437653 0.000382819 9.20831e-05 
0.00013103 0.000313941 0.000100245 
0.000463984 2.28557e-05 2.26026e-05 
0.000941849 0.000381186 0.000125619 
0.000934424 0.000353836 2.23191e-05 
0.000227433 0.000312689 2.62441e-05 
0.000355794 0.000229396 0.00010915 
0.000824194 0.000408408 9.57955e-05 
0.000973232 0.000468596 5.5169e-05 
0.000225742 0.000151719 4.8004e-05 
0.000405322 0.000201016 0.000113568 
0.000113629 0.000153989 2.08578e-05 
0.000275056 0.000335412 2.0113e-05 
0.0003502 2.20686e-05 8.68576e-05 
0.000650676 0.000449849 5.50802e-05 
2.40852e-05 0.000384211 2.02778e-05 
0.000510412 0.000482614 9.08028e-05 
0.000972973 0.000321971 5.65421e-05 
0.000613313 0.000432078 6.81418e-05 
0.000936491 0.000307141 2.40371e-05 
0.000372128 0.00017011 1.80008e-05 
0.000589999 6.83121e-05 9.64827e-05 
0.000880183 8.26276e-05 9.24757e-05 
0.000939712 2.14517e-05 2.11442e-05 
0.000445003 5.78136e-05 1.71704e-05 
0.000692201 0.00045951 8.41888e-05 
0.000684334 6.13793e-05 0.000103927 
0.000758133 0.000436166 4.4982e-05 
0.00033248 3.53084e-05 3.53023e-05 
0.00034986 0.000463242 8.49382e-05 
0.000671567 5.36951e-05 2.064e-05 
0.000321065 0.000324646 2.72774e-05 
0.000493863 8.40541e-05 6.23029e-05 
0.000113455 0.00037765 8.68333e-05 
0.000229142 0.000385593 6.56826e-05 
0.000506858 0.000115628 2.66912e-05 
1.92732e-05 7.19737e-05 8.50756e-05 
0.000503397 2.21052e-05 1.71845e-05 
0.000851356 0.000379197 9.88153e-05 
0.000311954 8.22583e-05 1.85945e-05 
4.39274e-05 0.000199175 1.70882e-05 
0.000157509 0.000236575 7.75119e-05 
0.000565909 0.000319944 1.90541e-05 
0.000421737 0.00032401 9.88689e-05 
0.000466167 0.000205884 2.07158e-05 
0.000830763 0.000112028 9.06133e-05 
0.000848181 0.000250773 9.60703e-05 
0.000181474 0.000297785 2.22259e-05 
0.00061934 0.000332879 4.71691e-05 
0.000541693 2.52015e-05 7.0049e-05 
0.000641845 0.000428999 1.88802e-05 
0.000851219 2.07297e-05 0.000110362 
0.000314739 0.00043739 2.55414e-05 
0.000428539 0.000308405 1.87709e-05 
0.000972633 6.49694e-05 0.000124091 
0.000314962 0.000380617 2.90403e-05 
2.93098e-05 0.000206969 9.42211e-05 
0.000121934 0.000133297 9.9604e-05 
0.000167882 0.00034388 4.49717e-05 
0.000938301 0.00010348 9.89567e-05 
0.000413766 0.000455771 4.31087e-05 
0.000483405 0.000210732 6.97804e-05 
8.54371e-05 0.000480731 8.60848e-05 
0.000478162 0.000456023 0.00010146 
0.000863934 0.000370365 5.79612e-05 
0.00012947 0.000481694 5.39444e-05 
0.000154125 0.000230271 1.97686e-05 
0.000498006 0.000455141 4.60045e-05 
0.000766362 3.7776e-05 0.000108885 
0.000754458 0.000148102 5.65469e-05 
0.000261642 0.000161753 2.21467e-05 
0.00049217 0.000261017 2.03992e-05 
0.00058193 9.63411e-05 1.79203e-05 
0.000814169 2.16793e-05 8.59223e-05 
0.000603307 0.000223246 2.27428e-05 
0.000717315 0.000336824 2.08482e-05 
0.000874019 9.65224e-05 1.7555e-05 
0.000171371 3.06228e-05 3.06233e-05 
0.000599444 2.72933e-05 0.000110861 
0.000598866 0.000345771 7.70599e-05 
0.000715308 5.52299e-05 2.31944e-05 
0.000212654 0.000167922 9.04776e-05 
0.00055321 0.000457267 3.82963e-05 
0.000759971 0.000272983 2.40631e-05 
0.000734942 0.000473249 5.29259e-05 
0.000548692 0.000376267 2.32171e-05 
0.000618675 9.11089e-05 3.17332e-05 
0.00078201 0.000426169 0.00011986 
0.000536387 0.000299376 8.3592e-05 
0.000769109 0.000390074 0.000130805 
2.30261e-05 0.000341022 2.26423e-05 
0.000665773 0.000400712 1.81481e-05 
0.00055683 0.000470586 0.000101265 
0.000157782 0.000300784 7.2152e-05 
0.000387398 0.000145009 7.72545e-05 
0.000924244 0.000474212 7.35332e-05 
0.000726126 0.000380754 1.84416e-05 
6.23395e-05 8.07938e-05 2.30417e-05 
0.000669325 2.06619e-05 8.71102e-05 
0.000584613 0.000480866 1.91377e-05 
0.000571508 0.000203411 7.91484e-05 
0.00040181 0.000417281 6.68275e-05 
0.000172735 1.84012e-05 8.15789e-05 
0.000192459 0.000186291 5.03265e-05 
0.000409412 0.000360014 1.96717e-05 
0.000387988 0.000105004 6.82239e-05 
0.000494986 0.00035334 0.000132343 
0.000790683 6.64973e-05 8.30011e-05 
0.000819613 0.000252729 5.37726e-05 
0.000696191 0.00029447 0.000105088 
0.00083238 0.000147821 2.25258e-05 
0.000567076 0.000359992 5.74909e-05 
0.000975237 0.000169922 1.78831e-05 
0.000150525 0.000136163 2.01368e-05 
0.000479306 3.4927e-05 0.000130456 
0.000266703 3.95072e-05 6.3501e-05 
2.04095e-05 0.000213854 4.23517e-05 
0.000633287 0.00032215 7.93809e-05 
0.000284702 0.000197101 3.06346e-05 
0.000688835 0.000242881 0.000114013 
0.000557271 3.2094e-05 0.00010571 
0.000536551 0.000129982 0.000127981 
0.000270857 0.00024132 6.7255e-05 
0.000920135 0.000165185 4.14063e-05 
0.000887809 0.000272511 0.000103451 
0.000588772 5.51308e-05 2.39554e-05 
3.47511e-05 0.000235289 7.01525e-05 
0.000200671 0.000355567 0.00011628 
0.000831514 0.000178294 5.9305e-05 
6.68915e-05 7.5215e-05 6.40063e-05 
0.000239861 0.000417939 2.96298e-05 
0.000693129 0.000102176 8.40573e-05 
2.71647e-05 0.000353562 0.000108986 
0.000555242 0.00014526 2.19826e-05 
0.000748802 6.89275e-05 4.84058e-05 
0.000953045 0.000374703 5.57744e-05 
0.000483219 0.000479689 2.03155e-05 
0.000378669 3.3757e-05 6.35218e-05 
0.000977328 2.26746e-05 4.35889e-05 
0.000306267 3.17509e-05 8.98183e-05 
0.000444976 0.000346937 1.82647e-05 
0.000978331 0.000355275 2.1581e-05 
0.000350649 0.000135514 9.78928e-05 
0.000810212 0.000475579 0.000107978 
0.00046848 8.28049e-05 0.000114724 
0.000148819 0.000210267 0.000104984 
0.000917745 0.000256851 7.42678e-05 
0.000529773 0.000335113 3.78525e-05 
3.80887e-05 0.000109372 0.000103246 
0.000111696 0.000108376 1.7014e-05 
0.000158044 0.000477652 2.23304e-05 
0.000908337 0.000381338 0.000136895 
0.000513847 7.2196e-05 9.71064e-05 
0.000745493 0.000284332 0.00010199 
0.000952974 0.00034156 0.00010796 
0.000315409 0.000465343 0.000112444 
8.60523e-05 9.99131e-05 8.77127e-05 
0.00073939 0.000132065 9.31176e-05 
0.000356911 0.000212016 2.633e-05 
0.000525076 0.00045297 7.0355e-05 
0.000225109 0.000479387 2.05426e-05 
8.62992e-05 0.000353981 4.76253e-05 
9.78443e-05 0.000287411 0.000102772 
0.000314983 0.000234796 4.92629e-05 
0.000226578 0.000218648 0.000114941 
0.000859933 0.000200891 7.44467e-05 
0.000118209 2.2281e-05 6.67912e-05 
0.000938024 0.000283898 5.95528e-05 
1.80677e-05 0.000105422 6.85168e-05 
0.000929718 0.000197436 1.83513e-05 
0.000893202 0.000237098 5.51257e-05 
0.000496545 0.000141999 0.000128236 
0.000866807 0.000470573 2.94254e-05 
0.000504474 0.000312187 0.000108388 
9.51074e-05 0.000460852 5.66897e-05 
0.000755483 0.000408828 1.96536e-05 
0.000288259 0.000482317 8.64747e-05 
0.000755376 0.000354436 2.09857e-05 
0.000691742 2.2669e-05 2.88454e-05 
0.00063167 5.22002e-05 1.92748e-05 
0.000198431 0.000366579 4.42159e-05 
0.000252512 0.000140013 0.00012733 
0.000348056 0.000171762 4.72565e-05 
0.00046338 0.00029591 0.00013478 
0.000563534 0.000265054 4.56135e-05 
0.000285105 1.99661e-05 1.75524e-05 
0.000457341 0.000243942 1.84372e-05 
0.00017014 0.000375801 0.000102832 
0.000855597 0.000232736 5.28336e-05 
0.000660828 1.79778e-05 4.54464e-05 
0.000260794 0.000312322 0.000132884 
0.000397589 0.000458552 8.17131e-05 
0.000723463 2.23862e-05 8.03634e-05 
0.000958963 0.00043916 2.07488e-05 
0.000843338 0.000255179 2.08909e-05 
0.000445476 6.50754e-05 7.52808e-05 
0.000192418 0.00013668 2.17807e-05 
0.000936837 8.5496e-05 0.000137271 
0.000358025 0.000286456 4.15113e-05 
0.000134377 0.000427038 1.75956e-05 
9.82725e-05 0.000284727 2.56396e-05 
0.00037908 0.000182136 6.8153e-05 
0.000783123 0.000234871 1.98252e-05 
0.000494081 7.29596e-05 2.72081e-05 
0.00077153 8.48721e-05 1.93099e-05 
0.000325689 0.000436007 6.88721e-05 
0.000911413 2.05525e-05 8.05132e-05 
0.00092624 0.000124628 3.53257e-05 
0.000474814 0.000361625 8.53673e-05 
0.000965413 0.000131278 0.000123593 
0.000708024 0.00040714 8.89756e-05 
2.30683e-05 0.000160274 1.84739e-05 
0.000501964 2.42816e-05 5.64213e-05 
0.000272796 0.000369892 4.92394e-05 
0.000125425 7.45251e-05 8.21686e-05 
0.000193783 0.00033901 1.73795e-05 
0.000789981 0.000432407 1.79403e-05 
0.000845889 0.000109557 4.50346e-05 
0.000312404 0.000348235 9.89032e-05 
0.000544476 0.000255236 7.30782e-05 
0.000780693 3.70139e-05 1.70283e-05 
0.000669309 0.00010626 5.29985e-05 
0.000656674 0.000161541 2.04647e-05 
6.89208e-05 0.000387152 0.000110405 
0.000192603 0.000479186 0.000109156 
0.000657492 0.000463215 1.70838e-05 
7.03971e-05 0.000467711 2.19684e-05 
0.000118702 0.000320477 5.66382e-05 
0.000871017 0.000164307 0.000126798 
0.000565848 0.000273289 9.53306e-05 
0.000605571 9.74361e-05 0.000124612 
3.20094e-05 0.000481267 1.87267e-05 
0.000767216 0.000309377 7.68416e-05 
6.90132e-05 4.06522e-05 7.43414e-05 
0.000468925 0.000219022 0.00011959 
0.000376216 0.000476537 2.34702e-05 
1.80995e-05 0.000416261 7.29475e-05 
0.000353191 0.00038328 5.77352e-05 
2.20685e-05 0.000296509 2.18959e-05 
0.000816441 2.08583e-05 0.000129002 
0.000243337 0.000274195 6.05025e-05 
0.000363605 0.000372137 2.06451e-05 
0.000910798 9.58685e-05 1.79168e-05 
0.000267365 9.91665e-05 1.78376e-05 
