0.000843701 0.000421681 3.10531e-05 
8.01462e-05 0.000291654 6.13085e-05 
0.000532806 0.000221152 9.02022e-05 
0.000320775 0.000246488 5.96677e-05 
0.000690829 0.000329916 6.68991e-05 
0.000368203 6.26706e-05 7.37886e-05 
0.00075492 0.000194257 3.09908e-05 
0.000885967 0.000288396 3.57907e-05 
0.000515155 3.98522e-05 9.44211e-05 
0.000774779 0.000235522 8.57822e-05 
0.00063392 0.000365913 2.42399e-05 
0.000187815 0.000382382 1.97448e-05 
0.000829462 0.000286685 7.66795e-05 
0.000205091 0.000213828 7.3391e-05 
0.000489623 0.000388676 3.6269e-05 
0.000808708 0.000158419 6.25379e-05 
0.000440113 0.000339647 5.30396e-05 
0.000232267 0.000363039 2.52288e-05 
0.000524833 0.000162313 2.866e-05 
0.000892779 0.000233062 1.89347e-05 
0.000918608 0.000332892 6.16736e-05 
0.000421979 0.000299437 5.15012e-05 
0.000943028 5.281e-05 5.35178e-05 
0.000839688 5.50705e-05 6.50012e-05 
0.00068813 9.18299e-05 2.1403e-05 
0.000276304 0.000304159 2.06131e-05 
8.43207e-05 0.000230489 8.66731e-05 
0.000563477 0.000234196 1.97555e-05 
0.000159301 9.07457e-05 2.98306e-05 
0.00095088 0.00044163 8.89628e-05 
0.000514829 0.000218399 3.3104e-05 
0.000972515 0.000222368 5.66994e-05 
0.000896943 0.000134622 2.57048e-05 
0.00077515 2.10032e-05 4.98458e-05 
6.6733e-05 0.000260528 2.191e-05 
0.000741801 0.000353286 9.60721e-05 
0.000617261 0.000433821 9.1221e-05 
0.000309394 0.000147486 9.13351e-05 
0.00033041 0.000199822 6.77343e-05 
0.00033297 0.000176217 1.87161e-05 
0.000295063 0.000298873 7.75131e-05 
0.000475291 0.000303551 3.28582e-05 
0.000462469 2.31828e-05 6.83835e-05 
0.000336339 0.00010225 5.72825e-05 
0.0009782 0.000404085 2.17997e-05 
0.000598741 0.000481876 5.60287e-05 
0.000539343 0.000352349 7.17583e-05 
0.000723647 0.000173886 6.59153e-05 
0.000395056 0.000227953 6.51811e-05 
0.000386052 0.000282176 8.74033e-05 
0.000264304 0.000384585 7.91567e-05 
0.000574037 0.000156588 4.92794e-05 
0.000794523 5.27045e-05 8.12786e-05 
0.000845755 0.00046319 7.33319e-05 
9.18833e-05 5.84492e-05 8.04774e-05 
0.000192661 0.000109685 8.1778e-05 
0.000972464 8.78629e-05 2.75351e-05 
0.000512651 0.000426705 7.59536e-05 
0.00021239 0.000101038 2.45082e-05 
0.00036654 0.000414851 3.12562e-05 
0.000475244 0.000168974 2.60584e-05 
0.000283633 0.000413719 4.06539e-05 
0.000586986 0.00035611 2.3708e-05 
0.000802105 0.000190764 1.71766e-05 
0.000541937 7.50731e-05 5.97243e-05 
0.000240396 6.89853e-05 6.07701e-05 
0.00051408 0.000479602 1.73977e-05 
0.000397362 6.69232e-05 3.08111e-05 
0.000971716 0.000172469 6.26958e-05 
0.000891359 0.000178928 1.93946e-05 
0.000595111 0.0004058 7.59159e-05 
0.000619915 0.000131847 7.16787e-05 
0.000397954 0.000361836 6.65929e-05 
0.00069461 0.000382839 4.62181e-05 
0.000652623 6.45491e-05 6.36994e-05 
0.000160808 5.93913e-05 6.93614e-05 
0.000865575 0.000165341 5.61275e-05 
0.000444654 0.000115278 3.66392e-05 
0.000616913 0.000197999 8.17625e-05 
0.000708003 0.000127558 4.7893e-05 
0.00078537 0.000150388 2.30056e-05 
6.01344e-05 0.000340831 5.35837e-05 
0.000178865 0.000388874 5.49958e-05 
0.000424143 0.000442632 6.93754e-05 
0.000579869 0.000236409 5.91095e-05 
0.000792321 0.000384888 4.75664e-05 
2.99185e-05 0.000435277 2.99131e-05 
0.000344043 0.000277538 5.0403e-05 
0.000176429 0.000428711 2.88146e-05 
0.000153248 0.000270902 2.03556e-05 
0.000278161 5.64122e-05 2.3275e-05 
0.000822307 0.000474151 2.58499e-05 
0.000667371 0.000147649 5.55773e-05 
0.000980947 0.00029515 1.74972e-05 
0.000132906 0.00025066 5.59422e-05 
0.000867939 0.000334172 8.62291e-05 
0.000209474 2.35549e-05 6.16613e-05 
0.000929176 0.000211224 8.22805e-05 
0.000351446 0.000330553 7.51256e-05 
0.000418336 0.000182925 3.2936e-05 
0.000564254 0.000422309 5.7876e-05 
0.000777137 0.000479942 2.00576e-05 
0.000730463 0.000364773 4.86895e-05 
0.000793903 0.000121839 8.41986e-05 
0.000420363 2.38218e-05 1.93648e-05 
0.000820247 2.92557e-05 2.92563e-05 
0.000294235 6.81076e-05 6.45934e-05 
0.000730586 0.000249409 7.05593e-05 
7.53639e-05 0.000214488 2.4683e-05 
0.000680556 0.000180232 6.25243e-05 
0.000613364 0.0001759 2.64957e-05 
0.000396373 0.000266201 2.69506e-05 
0.00097175 0.000267269 7.34631e-05 
0.000651799 0.000276486 7.84947e-05 
0.000939142 0.000245016 3.02684e-05 
0.000596288 0.000132244 2.07354e-05 
8.71388e-05 0.000414202 3.03967e-05 
0.000131191 0.000436125 6.8929e-05 
0.000494958 0.000261124 5.09559e-05 
7.63717e-05 0.000166546 6.85596e-05 
0.000689458 0.0004828 1.72096e-05 
0.000648393 0.000383413 8.08914e-05 
0.000122679 0.000199161 4.45843e-05 
0.000308892 0.000273169 2.45239e-05 
0.000516715 0.000271148 2.10387e-05 
0.000767724 0.000178954 8.36766e-05 
0.000237259 0.000448798 7.09857e-05 
0.00097736 2.26415e-05 6.52535e-05 
0.000677446 0.000353809 2.10523e-05 
0.000229495 0.000223375 2.76746e-05 
0.000909121 0.000405155 3.66551e-05 
0.000414603 2.49848e-05 6.33212e-05 
0.000686313 2.73698e-05 5.04288e-05 
0.00076711 0.000475448 6.29556e-05 
0.000537375 0.000395769 5.97161e-05 
0.00045481 0.000164947 8.81181e-05 
0.000658471 0.000214059 3.29401e-05 
0.000412657 8.69293e-05 9.03096e-05 
0.000266942 0.000468757 3.12443e-05 
0.000979278 0.000403119 7.62063e-05 
0.000166297 0.000160934 6.00647e-05 
0.000914484 9.70464e-05 3.71673e-05 
0.000648215 0.000320841 2.30549e-05 
0.000360609 0.000410599 8.5407e-05 
0.000316423 0.000406949 7.24964e-05 
0.000872973 0.000121839 6.30254e-05 
0.000187096 0.000237653 1.808e-05 
0.000691386 0.0004321 3.0716e-05 
5.51988e-05 2.89697e-05 2.89695e-05 
0.000542134 2.52995e-05 2.53e-05 
0.000718786 0.000297988 2.064e-05 
0.000884701 3.99202e-05 3.64716e-05 
0.000212272 0.000269616 1.83536e-05 
0.000912433 0.000134435 7.49317e-05 
0.000299072 0.00017335 4.44582e-05 
0.000792858 0.00033165 7.8503e-05 
0.000525136 0.00026456 7.32644e-05 
0.000732901 0.000289099 5.6939e-05 
0.000197307 0.000318874 6.74243e-05 
0.000800286 0.000442466 5.59345e-05 
0.000824727 0.000227809 2.07632e-05 
0.000600317 0.000406496 2.86327e-05 
2.61556e-05 0.000120111 2.61558e-05 
0.000464268 0.000322015 7.94698e-05 
0.000442933 0.000479087 5.28595e-05 
4.66671e-05 0.000394058 4.86605e-05 
0.000383263 0.000319574 2.80201e-05 
0.000556148 0.000422055 1.91487e-05 
0.000265874 0.000116149 4.94079e-05 
0.00091286 8.00792e-05 6.93348e-05 
0.000614212 0.000252572 8.22504e-05 
0.000803552 0.000208915 5.94903e-05 
0.000437932 0.000374047 3.51353e-05 
0.000248275 0.000120699 1.7066e-05 
0.000746227 2.03299e-05 2.03291e-05 
0.000395326 0.000137208 1.98848e-05 
0.000348662 0.000251404 2.09465e-05 
0.000259198 0.000337825 5.487e-05 
0.000717482 8.17622e-05 5.57129e-05 
0.000756767 0.000310296 1.8583e-05 
0.000866172 0.000411185 8.08317e-05 
0.000637114 0.000126882 2.04331e-05 
0.000617739 2.20128e-05 2.74389e-05 
0.000328674 0.000482958 1.70346e-05 
0.000579251 0.000110785 4.78152e-05 
0.000124538 0.000126058 5.67065e-05 
0.000193457 0.000471919 6.21921e-05 
0.000192365 6.47413e-05 5.13573e-05 
2.19503e-05 4.59577e-05 6.35914e-05 
6.59547e-05 0.000304949 2.2513e-05 
0.000683897 0.000242014 6.91561e-05 
2.25224e-05 0.00047748 6.0137e-05 
0.00075967 0.000430332 5.17975e-05 
0.000446388 0.00025462 6.27192e-05 
0.000623731 0.000454561 2.08291e-05 
0.000837334 7.26766e-05 1.7535e-05 
0.000299707 0.000129583 2.4261e-05 
0.000935089 0.00045938 2.46546e-05 
0.000631982 0.000477949 7.82438e-05 
0.000194689 0.000420586 8.03859e-05 
0.000968835 0.000482861 1.71397e-05 
0.000832287 0.000332857 3.29538e-05 
6.08984e-05 0.000439041 8.25101e-05 
0.00045555 0.000439204 2.5601e-05 
0.000773232 0.000117883 4.84815e-05 
0.000742429 0.000327098 5.06783e-05 
0.000611771 0.000298686 8.80847e-05 
0.000120947 0.000465284 2.16538e-05 
0.000763342 0.000237958 5.02255e-05 
0.000806568 0.000108896 2.29191e-05 
0.000729155 0.000404843 5.14114e-05 
0.000469023 0.00043061 6.93488e-05 
0.000539048 0.000162428 6.77307e-05 
0.000340107 0.000140234 1.79665e-05 
0.000610598 0.000279454 3.39186e-05 
0.000186214 0.000263484 5.87194e-05 
0.00049552 0.000102729 6.94477e-05 
0.000564534 0.000191812 2.2418e-05 
0.00043375 0.000482273 1.77267e-05 
0.000505354 0.000179097 6.82917e-05 
0.000746899 0.000130401 2.04241e-05 
0.000225812 0.000177081 1.94787e-05 
9.96435e-05 0.000411562 0.000103234 
0.000498513 0.000340384 5.80643e-05 
4.46236e-05 0.000198413 4.96187e-05 
0.000674442 0.000275065 3.0183e-05 
0.000577419 2.00192e-05 5.32469e-05 
0.000138922 0.000382136 3.02611e-05 
3.2104e-05 0.000276267 7.00278e-05 
0.000381461 0.000454538 5.54255e-05 
0.00053937 0.000301846 1.7297e-05 
0.00085 9.27717e-05 6.91261e-05 
0.000729159 9.43754e-05 1.97364e-05 
7.97025e-05 0.000171319 1.90547e-05 
5.71933e-05 0.000370982 1.995e-05 
0.000278463 0.000202487 7.70961e-05 
0.000976486 0.00021278 2.00957e-05 
0.000274952 0.00024168 2.15248e-05 
0.000834634 0.000184924 9.13296e-05 
0.000887695 0.000348318 2.51021e-05 
0.000674982 0.000128307 1.75613e-05 
2.257e-05 0.00025499 2.25666e-05 
0.000714012 0.000234528 2.65796e-05 
0.00011168 0.000238515 1.92048e-05 
0.000944239 0.000153773 1.71483e-05 
0.000889281 0.000444798 6.865e-05 
0.000420771 0.000406938 2.19554e-05 
0.000109088 5.58875e-05 3.13138e-05 
0.000576158 0.000317583 6.22583e-05 
0.000865973 0.000206993 1.8459e-05 
0.000248294 0.000184204 5.06928e-05 
2.11436e-05 0.000366227 6.02182e-05 
0.000774294 0.000276567 6.71524e-05 
0.000241421 2.50568e-05 2.50545e-05 
0.000797873 6.88942e-05 1.77006e-05 
0.000251198 0.000269791 7.8632e-05 
0.000296152 0.000444484 6.61394e-05 
0.000701794 0.000175237 2.56839e-05 
0.000365134 0.000114344 1.80327e-05 
0.000959197 0.000427578 5.06371e-05 
0.000167147 0.000190878 2.17745e-05 
0.000128053 0.000324854 2.09971e-05 
0.000978652 0.000123376 6.24831e-05 
0.000210455 5.70452e-05 1.97782e-05 
0.000978447 0.000136219 2.15518e-05 
0.000794889 0.000290326 2.4334e-05 
0.000380522 0.000481842 7.84146e-05 
7.93531e-05 0.000125666 2.73441e-05 
0.000442522 0.000392761 7.65506e-05 
0.000128867 0.000329924 6.49426e-05 
0.000462188 2.2611e-05 2.26026e-05 
0.000941993 0.000396357 7.84525e-05 
0.000934683 0.000353993 2.23087e-05 
0.000230386 0.000311612 2.62432e-05 
0.000351966 0.000233894 8.35099e-05 
0.000824146 0.000415425 7.56046e-05 
0.000973218 0.000473116 5.97023e-05 
0.000229323 0.000139113 4.7774e-05 
0.000394195 0.000191433 0.00011773 
0.000116462 0.000155929 2.08327e-05 
0.000282198 0.000344454 2.01105e-05 
0.000371002 1.97734e-05 7.19703e-05 
0.000644404 0.000439063 5.74276e-05 
2.02792e-05 0.000386966 2.02777e-05 
0.000524969 0.000482671 5.02296e-05 
0.000972974 0.000323507 6.09559e-05 
0.000597712 0.000444251 5.85345e-05 
0.000941218 0.000308143 2.4038e-05 
0.000367562 0.000163781 1.80001e-05 
0.000601445 7.47287e-05 6.12929e-05 
0.000883187 9.11313e-05 5.19281e-05 
0.000936967 2.11441e-05 2.11437e-05 
0.000444903 5.80173e-05 1.71714e-05 
0.00068115 0.000472174 7.21452e-05 
0.000700838 5.18938e-05 8.6249e-05 
0.00076406 0.000444594 1.77056e-05 
0.000334445 3.85335e-05 3.53008e-05 
0.000336247 0.000479398 5.37231e-05 
0.000674011 5.22363e-05 2.06407e-05 
0.000323698 0.000322732 2.72745e-05 
0.000481349 7.67392e-05 1.93223e-05 
9.98961e-05 0.000371865 7.36003e-05 
0.00021685 0.000384222 6.2057e-05 
0.000507171 0.000114189 2.66768e-05 
1.92735e-05 5.96686e-05 1.92706e-05 
0.000501229 1.71846e-05 1.71844e-05 
0.00083275 0.000373898 8.50037e-05 
0.000308564 8.48156e-05 1.85931e-05 
4.64408e-05 0.000185322 1.7088e-05 
0.000170479 0.000219402 4.89132e-05 
0.000572795 0.000316036 1.90541e-05 
0.000423468 0.000323635 9.20155e-05 
0.000460914 0.000213156 2.06966e-05 
0.000824241 0.000119671 5.85974e-05 
0.000838215 0.000237679 7.14633e-05 
0.000183087 0.000301806 2.22257e-05 
0.000613451 0.000330178 4.16826e-05 
0.00054128 1.98754e-05 7.01367e-05 
0.000644565 0.000420804 1.888e-05 
0.000845477 1.83629e-05 6.8145e-05 
0.000317428 0.000442789 2.55346e-05 
0.000429075 0.000321774 1.87674e-05 
0.000982653 6.24561e-05 6.3102e-05 
0.000318288 0.000378755 2.90381e-05 
2.00797e-05 0.00022169 6.71596e-05 
0.000125163 0.000165135 8.14102e-05 
0.00016458 0.000338381 3.60696e-05 
0.000942632 0.000106505 5.75906e-05 
0.000407603 0.000450644 2.37264e-05 
0.000472489 0.000202384 5.52165e-05 
6.21286e-05 0.000482604 6.08919e-05 
0.000485427 0.000474193 6.51652e-05 
0.000860488 0.000375949 5.13622e-05 
0.00013769 0.0004825 5.25774e-05 
0.000149897 0.000230932 1.97607e-05 
0.00049785 0.000447748 1.81872e-05 
0.000759994 4.41639e-05 7.69908e-05 
0.000752153 0.000150116 5.39981e-05 
0.000262191 0.000157027 2.21476e-05 
0.000474982 0.000251769 2.03987e-05 
0.000572806 9.2351e-05 1.792e-05 
0.000806584 1.87229e-05 7.4025e-05 
0.000604681 0.000224221 2.2744e-05 
0.0007168 0.000339428 2.08483e-05 
0.000886478 9.04498e-05 1.75243e-05 
0.000165635 3.06256e-05 3.06228e-05 
0.000614236 2.62053e-05 7.03821e-05 
0.000599653 0.000356042 6.65408e-05 
0.000717761 5.31274e-05 2.31956e-05 
0.000211749 0.00016603 8.24763e-05 
0.000553198 0.000465342 2.45703e-05 
0.000751881 0.000268135 2.40602e-05 
0.000731297 0.000473252 2.67485e-05 
0.000547127 0.000380864 2.32144e-05 
0.000612216 9.29487e-05 2.16763e-05 
0.000778382 0.000420695 8.21907e-05 
0.000538128 0.000293366 5.15049e-05 
0.000753273 0.000396856 7.90669e-05 
2.36407e-05 0.000343931 2.26356e-05 
0.000667225 0.000391535 1.81429e-05 
0.000559223 0.000467529 7.81349e-05 
0.000149041 0.000301051 4.40375e-05 
0.000379067 0.000153173 5.2878e-05 
0.000921568 0.000474251 7.08717e-05 
0.000722505 0.000385715 1.84424e-05 
5.64078e-05 8.10068e-05 2.30417e-05 
0.00064906 1.83921e-05 5.35932e-05 
0.000593689 0.000480862 1.91321e-05 
0.00056458 0.000196002 6.53482e-05 
0.000405829 0.000405692 5.81679e-05 
0.000171111 1.83579e-05 7.77238e-05 
0.000199073 0.000184971 4.3181e-05 
0.000406455 0.000362065 1.9626e-05 
0.000387845 0.000113104 5.17927e-05 
0.000498513 0.000353474 9.09339e-05 
0.00079178 8.12986e-05 5.42562e-05 
0.00080665 0.000253806 4.59957e-05 
0.000698903 0.000278411 7.42106e-05 
0.000830854 0.000152382 2.25267e-05 
0.000571224 0.000382652 5.77644e-05 
0.000982127 0.000175299 1.78724e-05 
0.000153974 0.000139472 2.01361e-05 
0.00048095 5.48649e-05 8.56519e-05 
0.000278078 2.3764e-05 5.5862e-05 
2.04151e-05 0.000212121 2.04107e-05 
0.000640279 0.000320089 6.45153e-05 
0.000271206 0.00019942 2.09007e-05 
0.00070605 0.00021338 6.40006e-05 
0.000580706 4.48085e-05 8.40368e-05 
0.000536088 0.000128351 5.82228e-05 
0.000278432 0.0002464 6.40404e-05 
0.000922927 0.000171079 4.54369e-05 
0.000877929 0.000260094 9.06538e-05 
0.000583319 5.22734e-05 2.39513e-05 
4.82045e-05 0.00023715 4.76398e-05 
0.000193655 0.000362012 8.57347e-05 
0.000835226 0.000191858 3.13845e-05 
5.81271e-05 6.39906e-05 6.09554e-05 
0.000233824 0.000417701 2.96319e-05 
0.000687121 9.69355e-05 7.79273e-05 
2.27456e-05 0.000327405 8.06151e-05 
0.000553875 0.00012724 2.19814e-05 
0.00075682 6.0771e-05 4.22005e-05 
0.00095928 0.000377299 4.97639e-05 
0.000476491 0.0004797 2.02965e-05 
0.000382458 1.88842e-05 1.88478e-05 
0.000977328 3.81306e-05 2.26713e-05 
0.000311986 2.52991e-05 9.00018e-05 
0.000456875 0.000348952 1.82637e-05 
0.000978455 0.000351371 2.15489e-05 
0.000364933 0.000136153 8.99453e-05 
0.000802356 0.00047863 9.17158e-05 
0.000464262 8.4639e-05 7.7159e-05 
0.000156527 0.000202926 8.13807e-05 
0.000918521 0.000259822 7.16918e-05 
0.000523322 0.000339656 2.43849e-05 
5.27818e-05 0.000104324 6.33093e-05 
0.000115845 0.000102659 1.70138e-05 
0.000163145 0.000477672 2.23279e-05 
0.00090005 0.000368521 7.50355e-05 
0.000489457 6.94019e-05 5.4795e-05 
0.000742535 0.000297958 9.87841e-05 
0.000949452 0.000356717 8.37186e-05 
0.00032435 0.000467659 9.45656e-05 
8.98913e-05 9.30958e-05 5.59397e-05 
0.00074298 0.000107622 7.21931e-05 
0.000364706 0.000207262 2.63263e-05 
0.000526016 0.000434758 3.73874e-05 
0.000217408 0.000479453 2.05469e-05 
9.55773e-05 0.00035347 2.23104e-05 
0.000120542 0.000290577 6.62452e-05 
0.000313952 0.000216181 2.52167e-05 
0.000245303 0.000226978 6.97672e-05 
0.000891184 0.0002031 4.88449e-05 
0.000129089 2.22772e-05 6.79513e-05 
0.000933699 0.000292015 6.25916e-05 
1.80751e-05 8.2832e-05 4.85318e-05 
0.000937597 0.000197578 1.83511e-05 
0.000893899 0.000239013 5.52452e-05 
0.00049366 0.000143865 5.74728e-05 
0.000882385 0.000470571 2.94248e-05 
0.000508688 0.000305798 7.93126e-05 
8.8388e-05 0.000461361 4.63232e-05 
0.000752967 0.000408967 1.96552e-05 
0.000299756 0.000482316 6.4911e-05 
0.000756667 0.000352105 2.09855e-05 
0.00070006 1.72495e-05 1.72491e-05 
0.000634658 5.87809e-05 1.92763e-05 
0.000195529 0.000357939 4.64757e-05 
0.000267225 0.000151978 6.15007e-05 
0.000339183 0.00015725 5.17763e-05 
0.00047184 0.000287833 8.60316e-05 
0.000561983 0.000275334 1.75453e-05 
0.000289299 1.75533e-05 1.75522e-05 
0.000429353 0.000236187 1.84397e-05 
0.000158338 0.000359265 6.94218e-05 
0.000859642 0.000239252 3.84649e-05 
0.000656387 1.79773e-05 1.79777e-05 
0.000243077 0.000302065 6.73192e-05 
0.00040521 0.000481789 5.17082e-05 
0.00072764 2.24006e-05 5.87446e-05 
0.000979251 0.000446611 2.07501e-05 
0.000834991 0.000268546 2.08963e-05 
0.000442727 6.06434e-05 5.53188e-05 
0.000194392 0.000150445 2.17757e-05 
0.00094686 8.17985e-05 8.31517e-05 
0.000351359 0.000289328 1.72427e-05 
0.000131402 0.000427671 1.75964e-05 
0.000108571 0.000282759 2.56079e-05 
0.000371038 0.000188717 6.70881e-05 
0.000784618 0.000233954 1.98263e-05 
0.000509436 5.17765e-05 1.7484e-05 
0.000768113 9.18451e-05 1.93032e-05 
0.000339298 0.000441234 6.45121e-05 
0.000923316 1.80071e-05 6.80401e-05 
0.000938043 0.000118134 1.90762e-05 
0.000467558 0.000357495 7.41503e-05 
0.000953786 0.000138791 8.8601e-05 
0.000699906 0.000417007 8.34562e-05 
1.84743e-05 0.000163399 1.84744e-05 
0.000504241 3.23141e-05 5.33568e-05 
0.00027159 0.000381924 1.88532e-05 
0.000127746 8.10167e-05 7.44323e-05 
0.000197816 0.000339239 1.73755e-05 
0.000795491 0.000427761 1.7941e-05 
0.000852912 0.000112012 2.85853e-05 
0.000307018 0.000354725 7.26853e-05 
0.000545429 0.000257343 4.23473e-05 
0.000777177 4.09895e-05 1.7028e-05 
0.000660657 0.000108288 4.58747e-05 
0.000657852 0.000162134 2.04637e-05 
5.14681e-05 0.000381806 8.71333e-05 
0.000153535 0.000481009 8.54128e-05 
0.00065982 0.000465539 1.70773e-05 
5.91302e-05 0.000477523 2.197e-05 
9.72918e-05 0.000320032 4.2907e-05 
0.000896426 0.000174232 8.70501e-05 
0.000567604 0.000275694 6.36028e-05 
0.000580964 9.95405e-05 9.03144e-05 
1.87258e-05 0.000481273 1.87244e-05 
0.000782537 0.000328245 3.5476e-05 
9.13517e-05 1.75867e-05 5.60054e-05 
0.000480216 0.000225294 7.96604e-05 
0.000368147 0.000476535 2.34651e-05 
1.81074e-05 0.000407257 6.7076e-05 
0.000353767 0.000376711 6.1117e-05 
2.1894e-05 0.000299442 2.1893e-05 
0.000830481 3.52663e-05 9.72366e-05 
0.000246146 0.00026833 3.98503e-05 
0.000365 0.000364073 2.06482e-05 
0.000930313 7.21469e-05 1.79167e-05 
0.000273905 9.69412e-05 1.78374e-05 
