0.000843931 0.000421752 3.10529e-05 
8.05479e-05 0.000292054 6.14063e-05 
0.000531468 0.000220943 9.05929e-05 
0.000321709 0.000246449 5.92006e-05 
0.000690576 0.000329585 6.66721e-05 
0.000368227 6.20842e-05 7.39057e-05 
0.000754657 0.000194301 3.09908e-05 
0.00088661 0.000288682 3.57959e-05 
0.000514808 3.97739e-05 9.4509e-05 
0.00077464 0.000234718 8.62756e-05 
0.000633471 0.000365861 2.42387e-05 
0.000189269 0.0003829 1.97439e-05 
0.000828686 0.000286466 7.72635e-05 
0.000205801 0.000214358 7.38934e-05 
0.00048937 0.00038916 3.62694e-05 
0.000806292 0.000158059 6.34828e-05 
0.000439327 0.000340446 5.26777e-05 
0.000232104 0.000363109 2.52284e-05 
0.000525019 0.000163199 2.40418e-05 
0.000894669 0.000228214 1.89336e-05 
0.000918782 0.000333406 6.18782e-05 
0.000421627 0.000297013 4.98282e-05 
0.000942625 5.26896e-05 5.39094e-05 
0.00084005 5.51728e-05 6.44658e-05 
0.000688426 9.20766e-05 2.14024e-05 
0.000276353 0.000304407 2.06132e-05 
8.43413e-05 0.000230009 8.67264e-05 
0.000563207 0.000234951 1.97555e-05 
0.00015905 9.07387e-05 2.98304e-05 
0.000949882 0.000441915 8.87435e-05 
0.00051472 0.000218676 3.31027e-05 
0.000973901 0.000224631 5.65332e-05 
0.000896425 0.000134629 2.57051e-05 
0.000774789 2.1002e-05 5.00675e-05 
6.69533e-05 0.000260191 2.19103e-05 
0.000741162 0.000353183 9.63523e-05 
0.000617072 0.000433617 9.14258e-05 
0.000304703 0.000144567 9.05163e-05 
0.000329446 0.000200101 6.83078e-05 
0.000333155 0.000175569 1.87166e-05 
0.000294999 0.000299168 7.73665e-05 
0.000475039 0.0003034 3.28591e-05 
0.000462234 2.31828e-05 6.83812e-05 
0.000336813 0.00010205 5.74536e-05 
0.000978159 0.000403842 2.18001e-05 
0.000598641 0.000481877 5.60282e-05 
0.000539149 0.000352257 7.17666e-05 
0.000723366 0.000173909 6.5888e-05 
0.000394724 0.000226994 6.56897e-05 
0.000384915 0.000281865 8.58834e-05 
0.000263819 0.000384446 7.87822e-05 
0.000573416 0.000156804 4.89936e-05 
0.000791586 5.1851e-05 8.02233e-05 
0.000846308 0.000463439 7.31446e-05 
9.15727e-05 5.7119e-05 8.04984e-05 
0.000192661 0.000109347 8.17338e-05 
0.000972465 8.92206e-05 2.75361e-05 
0.000511951 0.000427649 7.57305e-05 
0.000212152 0.000100967 2.45086e-05 
0.000366687 0.000414386 3.12555e-05 
0.000475271 0.000168792 2.60587e-05 
0.000283616 0.000413672 4.05909e-05 
0.000586539 0.000356063 2.37084e-05 
0.000801597 0.000190765 1.71766e-05 
0.000541606 7.50016e-05 5.98335e-05 
0.000240577 6.89781e-05 6.05032e-05 
0.000513558 0.000479304 1.73977e-05 
0.000397127 6.68961e-05 3.08112e-05 
0.000971766 0.000173526 6.26924e-05 
0.000893236 0.000179172 1.9395e-05 
0.000594735 0.000405902 7.59143e-05 
0.000619325 0.000132291 7.15936e-05 
0.000397781 0.00036365 6.6569e-05 
0.000693819 0.00038322 4.60298e-05 
0.000652739 6.54295e-05 6.35486e-05 
0.00016159 6.17396e-05 6.76139e-05 
0.000865122 0.000166414 5.46872e-05 
0.000444298 0.000115302 3.66425e-05 
0.000616007 0.000198441 8.15906e-05 
0.000707101 0.000127974 4.84696e-05 
0.000784616 0.00015009 2.30044e-05 
5.96763e-05 0.000340546 5.34166e-05 
0.000179952 0.000388182 5.51056e-05 
0.000423953 0.000444858 6.9469e-05 
0.00057937 0.000235839 5.92639e-05 
0.000792754 0.000384293 4.66718e-05 
2.99221e-05 0.000435292 2.99159e-05 
0.000345001 0.000277731 5.08862e-05 
0.000176416 0.000428844 2.88174e-05 
0.000153723 0.000270717 2.03551e-05 
0.00027869 5.66263e-05 2.32761e-05 
0.000822358 0.000474149 2.58488e-05 
0.000666763 0.00014869 5.60473e-05 
0.000980947 0.00029515 1.74972e-05 
0.000132808 0.000250396 5.59435e-05 
0.000868093 0.000333295 8.64494e-05 
0.000209614 2.35545e-05 6.11533e-05 
0.000930461 0.000213069 8.33023e-05 
0.000351774 0.000331588 7.50231e-05 
0.000418303 0.000182491 3.29351e-05 
0.000564083 0.000422755 5.78514e-05 
0.000777187 0.000479935 2.00592e-05 
0.000729145 0.000364221 4.9032e-05 
0.000797323 0.00011723 8.0538e-05 
0.000419903 2.36695e-05 1.93648e-05 
0.000819783 2.92559e-05 2.92557e-05 
0.000294388 6.83032e-05 6.47441e-05 
0.000731153 0.000248943 7.03175e-05 
7.5351e-05 0.000214444 2.46831e-05 
0.000680779 0.00018097 6.27681e-05 
0.000613037 0.00017583 2.64959e-05 
0.000393656 0.000264743 2.69507e-05 
0.00097175 0.000267448 7.37679e-05 
0.000651266 0.000275838 7.83907e-05 
0.000939294 0.000245566 3.02706e-05 
0.000595861 0.000132214 2.0735e-05 
8.75245e-05 0.000413049 3.03964e-05 
0.000131081 0.000436055 6.88621e-05 
0.000493962 0.000260806 5.13513e-05 
7.39608e-05 0.000166543 6.83058e-05 
0.000689497 0.000482789 1.72096e-05 
0.000647749 0.000383368 8.09092e-05 
0.000122669 0.000198936 4.4426e-05 
0.00030879 0.000273263 2.45237e-05 
0.00051678 0.00027142 2.10379e-05 
0.000767153 0.000179386 8.38584e-05 
0.000237106 0.000448997 7.09017e-05 
0.000977359 2.26416e-05 6.47364e-05 
0.000677015 0.000353823 2.10509e-05 
0.000229512 0.000223203 2.76752e-05 
0.000909383 0.000405352 3.66546e-05 
0.000414364 2.49831e-05 6.33561e-05 
0.00068635 2.7403e-05 5.02203e-05 
0.000767118 0.000475772 6.2981e-05 
0.000537171 0.000396227 5.96329e-05 
0.000452817 0.000164622 8.93987e-05 
0.000658021 0.000214137 3.29399e-05 
0.000412508 8.64573e-05 9.07357e-05 
0.000267035 0.000468752 3.12444e-05 
0.000979254 0.000402709 7.65476e-05 
0.000165051 0.000160286 6.08607e-05 
0.000914967 9.73211e-05 3.64241e-05 
0.000647825 0.000320812 2.30551e-05 
0.000361087 0.000411135 8.55066e-05 
0.000316932 0.00040707 7.23497e-05 
0.000871975 0.000122464 5.87545e-05 
0.000187131 0.000237536 1.80797e-05 
0.000690964 0.000432562 3.07165e-05 
5.49504e-05 2.89694e-05 2.8969e-05 
0.00054168 2.53045e-05 2.52992e-05 
0.000718912 0.000297221 2.06413e-05 
0.000884563 3.77248e-05 3.64721e-05 
0.000212065 0.00027028 1.83521e-05 
0.000910229 0.00013317 7.54086e-05 
0.000299148 0.000173038 4.43474e-05 
0.000790571 0.00033017 7.59509e-05 
0.000524353 0.000264325 7.33543e-05 
0.000733387 0.000288719 5.68907e-05 
0.000197259 0.000318848 6.7386e-05 
0.000800105 0.000442612 5.59176e-05 
0.000825229 0.000226943 2.07629e-05 
0.000599988 0.000406543 2.8633e-05 
2.61559e-05 0.000120085 2.61559e-05 
0.000462917 0.000322077 7.91113e-05 
0.000442837 0.000481272 5.29726e-05 
4.65093e-05 0.000393994 4.86081e-05 
0.000383027 0.000319104 2.80209e-05 
0.000555874 0.000422257 1.91487e-05 
0.000266436 0.000116143 4.96583e-05 
0.000914308 8.20309e-05 6.94585e-05 
0.000613079 0.000252993 8.26016e-05 
0.00080341 0.000208667 5.94314e-05 
0.000437774 0.000374486 3.4035e-05 
0.000248034 0.000120606 1.70663e-05 
0.000746096 2.03316e-05 2.03293e-05 
0.000394865 0.000136991 1.98848e-05 
0.000348203 0.000250853 2.0945e-05 
0.000259409 0.000337974 5.45918e-05 
0.000717001 8.21448e-05 5.55363e-05 
0.000756121 0.000309466 1.85894e-05 
0.00086568 0.000410708 8.10664e-05 
0.000636704 0.000127032 2.04347e-05 
0.000617457 2.14906e-05 2.20128e-05 
0.000327692 0.000482966 1.70346e-05 
0.000578883 0.000110716 4.78183e-05 
0.000124369 0.000125939 5.69606e-05 
0.000193222 0.000471919 6.20014e-05 
0.000192558 6.50246e-05 5.10175e-05 
2.19494e-05 4.60436e-05 6.37841e-05 
6.59571e-05 0.000304599 2.25121e-05 
0.000689526 0.000240648 6.52486e-05 
2.25326e-05 0.000477476 6.01729e-05 
0.000759015 0.000430532 5.17882e-05 
0.000446404 0.000252969 6.31062e-05 
0.000623625 0.000454564 2.08311e-05 
0.000837216 7.23865e-05 1.7535e-05 
0.000300223 0.000129231 2.42617e-05 
0.000935904 0.000459323 2.46525e-05 
0.000631837 0.00047795 7.83168e-05 
0.000194239 0.000420663 8.04303e-05 
0.000969639 0.00048286 1.71392e-05 
0.000832766 0.000331984 3.29562e-05 
6.02343e-05 0.000439271 8.28852e-05 
0.000454781 0.000439337 2.56014e-05 
0.000771821 0.000117354 4.78538e-05 
0.000742181 0.000326896 5.05093e-05 
0.000611629 0.0002987 8.80385e-05 
0.000120472 0.000465247 2.16539e-05 
0.000764246 0.000237664 5.04384e-05 
0.000805909 0.000109382 2.29186e-05 
0.000728661 0.000404863 5.09457e-05 
0.000468235 0.000430804 6.93669e-05 
0.000536936 0.000164584 6.33971e-05 
0.00034081 0.00013904 1.79665e-05 
0.000610297 0.00027934 3.39207e-05 
0.000186054 0.000263488 5.86411e-05 
0.000495609 0.000102329 6.95094e-05 
0.000564356 0.000192375 2.24172e-05 
0.00043359 0.000482273 1.77268e-05 
0.000501606 0.000177451 6.47449e-05 
0.000745545 0.000131304 2.0424e-05 
0.000225784 0.000176918 1.94788e-05 
9.91719e-05 0.000411482 0.000102822 
0.000497752 0.000340686 5.78637e-05 
4.35763e-05 0.000199499 4.89929e-05 
0.000674162 0.000275099 3.01826e-05 
0.000577015 2.00189e-05 5.31775e-05 
0.000139928 0.000382406 3.02611e-05 
3.23837e-05 0.000276737 6.96152e-05 
0.000380589 0.000454492 5.5337e-05 
0.000539457 0.000302418 1.72966e-05 
0.00084978 9.31976e-05 6.64981e-05 
0.000729459 9.45111e-05 1.97366e-05 
7.98938e-05 0.000171309 1.90539e-05 
5.71582e-05 0.000370908 1.99494e-05 
0.000278587 0.000202426 7.6791e-05 
0.000977442 0.00021427 2.00957e-05 
0.000274872 0.000241282 2.15247e-05 
0.00083419 0.000183913 9.09814e-05 
0.000887833 0.000348617 2.51027e-05 
0.000674616 0.000128325 1.75611e-05 
2.2567e-05 0.00025469 2.25666e-05 
0.000713623 0.000234451 2.65795e-05 
0.000111723 0.00023839 1.92053e-05 
0.000944238 0.000155127 1.7148e-05 
0.000888496 0.00044444 6.86619e-05 
0.000419628 0.000407272 2.19549e-05 
0.000108856 5.5853e-05 3.13141e-05 
0.000575761 0.000317265 6.23183e-05 
0.000865428 0.000204844 1.84591e-05 
0.000248213 0.000183928 5.07557e-05 
2.11348e-05 0.000366039 6.01968e-05 
0.00077459 0.00027551 6.70974e-05 
0.000242135 2.50568e-05 2.50548e-05 
0.000798802 6.96449e-05 1.76985e-05 
0.000251636 0.000269313 7.82025e-05 
0.00029627 0.000444402 6.60643e-05 
0.000701472 0.000175457 2.5683e-05 
0.000366042 0.000112421 1.80329e-05 
0.000959545 0.00042741 5.09024e-05 
0.000166908 0.000189135 2.17745e-05 
0.00012764 0.000324961 2.09979e-05 
0.000978653 0.000124424 6.23872e-05 
0.000211067 5.69472e-05 1.97782e-05 
0.000978447 0.000137573 2.15515e-05 
0.000794887 0.000289872 2.4333e-05 
0.000379702 0.000481841 7.82777e-05 
7.93523e-05 0.000125652 2.7345e-05 
0.000442264 0.000392581 7.65324e-05 
0.000127959 0.000330244 6.44193e-05 
0.000461731 2.26031e-05 2.26024e-05 
0.000942121 0.000394935 7.81964e-05 
0.000934841 0.000354137 2.23091e-05 
0.000230406 0.000311676 2.62432e-05 
0.000351817 0.000233549 8.42415e-05 
0.000823753 0.000415165 7.5279e-05 
0.000973256 0.000472868 5.97177e-05 
0.000229609 0.00013866 4.80088e-05 
0.000391807 0.000190837 0.000118408 
0.000116519 0.000155608 2.08347e-05 
0.000282819 0.000344616 2.01107e-05 
0.000370768 1.97745e-05 7.20801e-05 
0.000643886 0.000439003 5.7393e-05 
2.02871e-05 0.000386984 2.0285e-05 
0.000524595 0.000482671 5.01511e-05 
0.000972967 0.000322968 6.18128e-05 
0.000597825 0.000444252 5.86273e-05 
0.000941877 0.000308347 2.40377e-05 
0.000367802 0.000163436 1.80004e-05 
0.000600401 7.54254e-05 6.13669e-05 
0.000884142 9.12411e-05 5.18286e-05 
0.000937568 2.11454e-05 2.11442e-05 
0.000444881 5.82211e-05 1.71703e-05 
0.000681056 0.000472174 7.26705e-05 
0.00070108 5.18332e-05 8.60219e-05 
0.000764106 0.000444584 1.77064e-05 
0.000334257 3.84183e-05 3.53017e-05 
0.000335259 0.000479405 5.37231e-05 
0.0006741 5.25561e-05 2.06423e-05 
0.000324186 0.000322647 2.72732e-05 
0.000480924 7.66934e-05 1.93222e-05 
9.92725e-05 0.000372561 7.21786e-05 
0.000216305 0.000384363 6.18537e-05 
0.000506811 0.000114001 2.66772e-05 
1.92714e-05 5.99562e-05 1.92708e-05 
0.000500776 1.71858e-05 1.71855e-05 
0.000832271 0.000372442 8.48168e-05 
0.000308824 8.53412e-05 1.85935e-05 
4.65606e-05 0.000185144 1.7088e-05 
0.000172955 0.00021901 4.69185e-05 
0.000573262 0.000315666 1.90568e-05 
0.000421564 0.000323938 9.09409e-05 
0.000460746 0.00021291 2.06968e-05 
0.00082755 0.000122847 5.53506e-05 
0.000838419 0.00023827 6.78404e-05 
0.000183211 0.000301383 2.22261e-05 
0.000613003 0.000330081 4.16141e-05 
0.000540909 1.9873e-05 7.0136e-05 
0.000644291 0.000420671 1.88817e-05 
0.000844477 1.83607e-05 6.84849e-05 
0.000317662 0.000442477 2.55341e-05 
0.000428824 0.000321595 1.87683e-05 
0.000982653 6.21753e-05 6.18744e-05 
0.00031819 0.000378616 2.90381e-05 
2.00781e-05 0.000222692 6.8012e-05 
0.00012305 0.000165954 8.00853e-05 
0.000164431 0.000337925 3.59212e-05 
0.000942387 0.000108202 5.71294e-05 
0.000406917 0.000451114 2.37262e-05 
0.000472736 0.00020116 5.47524e-05 
6.26032e-05 0.000482603 6.09142e-05 
0.000485065 0.000474216 6.51345e-05 
0.000860027 0.000375727 5.12879e-05 
0.000137194 0.000482501 5.2567e-05 
0.000149936 0.000230785 1.97599e-05 
0.000497138 0.000447632 1.81877e-05 
0.00075719 4.22619e-05 7.72961e-05 
0.00075207 0.000150262 5.42111e-05 
0.000262148 0.000156837 2.21469e-05 
0.000474528 0.000251624 2.03987e-05 
0.000572532 9.22534e-05 1.79197e-05 
0.000806348 1.87206e-05 7.40926e-05 
0.000604196 0.000224126 2.27456e-05 
0.000716058 0.000338614 2.08506e-05 
0.000887152 8.82199e-05 1.75241e-05 
0.000165419 3.0624e-05 3.06234e-05 
0.000614257 3.34391e-05 6.41353e-05 
0.000599114 0.00035581 6.65692e-05 
0.000717856 5.33242e-05 2.31932e-05 
0.000211122 0.000166175 8.17549e-05 
0.000553019 0.000465546 2.45705e-05 
0.000752044 0.000267362 2.40602e-05 
0.000731345 0.000473252 2.6752e-05 
0.000546837 0.000381066 2.3214e-05 
0.000611979 9.29703e-05 2.16734e-05 
0.000778356 0.000419801 8.14122e-05 
0.000538429 0.000292168 5.10234e-05 
0.000753326 0.000395936 7.78164e-05 
2.30488e-05 0.000343649 2.26356e-05 
0.000667323 0.000391688 1.81425e-05 
0.00055897 0.000467955 7.81354e-05 
0.000148926 0.000301066 4.36671e-05 
0.000378934 0.000152978 5.30272e-05 
0.000920495 0.000474246 7.02603e-05 
0.000722004 0.000384958 1.84421e-05 
5.60918e-05 8.11628e-05 2.30417e-05 
0.000649112 1.83865e-05 5.34494e-05 
0.000593587 0.000480866 1.91317e-05 
0.000563003 0.000195836 6.53926e-05 
0.000406063 0.000407546 5.87247e-05 
0.000171435 1.83556e-05 7.76577e-05 
0.000199397 0.000186439 4.29779e-05 
0.000406166 0.000361577 1.9626e-05 
0.000388303 0.000113062 5.2127e-05 
0.000498241 0.000353677 9.07515e-05 
0.000791575 8.1508e-05 5.42253e-05 
0.000807403 0.000253416 4.56773e-05 
0.000699212 0.000278156 7.38987e-05 
0.000830138 0.000150802 2.25253e-05 
0.000570932 0.000382665 5.7777e-05 
0.000982111 0.000176655 1.78723e-05 
0.000154189 0.000139514 2.01361e-05 
0.000480654 5.48722e-05 8.57016e-05 
0.000278662 2.41568e-05 5.60349e-05 
2.04103e-05 0.000211821 2.04106e-05 
0.000639922 0.00032045 6.45266e-05 
0.000271113 0.000199028 2.09013e-05 
0.00070453 0.000205146 5.77148e-05 
0.000580566 4.48188e-05 8.39362e-05 
0.000535316 0.000129511 5.79795e-05 
0.000279398 0.000246379 6.38983e-05 
0.000923934 0.000171745 4.65755e-05 
0.000877107 0.000258979 8.95577e-05 
0.000583356 5.22527e-05 2.39514e-05 
4.82484e-05 0.000237065 4.7744e-05 
0.000193517 0.000361963 8.57446e-05 
0.000834157 0.000190415 3.09202e-05 
5.81232e-05 6.40294e-05 6.08885e-05 
0.000233802 0.000417771 2.96342e-05 
0.000687446 9.70212e-05 7.89976e-05 
2.27431e-05 0.000327588 8.129e-05 
0.000553449 0.00012706 2.19817e-05 
0.000756643 6.02156e-05 4.30372e-05 
0.000960388 0.000376336 4.98201e-05 
0.000475977 0.000479703 2.02966e-05 
0.000381996 1.88527e-05 1.88482e-05 
0.000977329 3.9487e-05 2.26717e-05 
0.000312454 2.53266e-05 9.03007e-05 
0.000457152 0.000349013 1.82643e-05 
0.000978457 0.000349631 2.15492e-05 
0.000364985 0.000136166 9.02584e-05 
0.000802722 0.000478615 9.13329e-05 
0.00046408 8.46703e-05 7.7082e-05 
0.00015799 0.000203993 7.96462e-05 
0.000917684 0.000260754 7.1044e-05 
0.000522831 0.000339979 2.43852e-05 
5.27802e-05 0.000104362 6.33409e-05 
0.000115419 0.000101984 1.70139e-05 
0.000162661 0.000477672 2.23282e-05 
0.000898908 0.000368578 7.45407e-05 
0.000489166 6.91226e-05 5.47138e-05 
0.000743368 0.000297873 9.85912e-05 
0.000949818 0.000356735 8.41543e-05 
0.000324145 0.000467096 9.46231e-05 
8.99016e-05 9.31431e-05 5.60065e-05 
0.000742135 0.000107963 7.26181e-05 
0.000364656 0.00020686 2.63264e-05 
0.000525647 0.000435057 3.71605e-05 
0.000217502 0.000479452 2.05469e-05 
9.60542e-05 0.000354559 2.2311e-05 
0.000122846 0.000290368 6.55469e-05 
0.000313914 0.000215849 2.52162e-05 
0.000245912 0.000227537 6.94724e-05 
0.000893382 0.000202588 4.94493e-05 
0.00012889 2.22773e-05 6.79654e-05 
0.000934017 0.000292578 6.26729e-05 
1.80688e-05 8.29077e-05 4.86976e-05 
0.000937735 0.000197832 1.83511e-05 
0.00089432 0.000238854 5.41725e-05 
0.000489546 0.000141392 5.77107e-05 
0.00088321 0.000470572 2.94251e-05 
0.000509481 0.000306258 7.85542e-05 
8.77974e-05 0.000460324 4.59889e-05 
0.000753097 0.000408907 1.96552e-05 
0.000299015 0.000482315 6.57031e-05 
0.000755481 0.000352616 2.09852e-05 
0.000700567 1.72494e-05 1.72494e-05 
0.000634646 5.89427e-05 1.92765e-05 
0.000195075 0.000357895 4.64417e-05 
0.000266577 0.000152036 6.16036e-05 
0.000338983 0.000156254 5.16373e-05 
0.000472429 0.000287956 8.29381e-05 
0.000561654 0.000275538 1.75472e-05 
0.000289055 1.75516e-05 1.75533e-05 
0.000429193 0.000236279 1.84385e-05 
0.000158267 0.000358619 6.93987e-05 
0.000861206 0.000238975 3.57371e-05 
0.000657112 1.79795e-05 1.79783e-05 
0.000242954 0.000301554 6.72253e-05 
0.000405124 0.000481788 5.22683e-05 
0.00072762 2.23841e-05 5.87844e-05 
0.000979253 0.000446386 2.07508e-05 
0.000835574 0.000269016 2.08966e-05 
0.000442494 6.065e-05 5.53183e-05 
0.000194791 0.000149787 2.17762e-05 
0.000950855 8.30498e-05 8.11616e-05 
0.000351233 0.000288743 1.72416e-05 
0.000131389 0.00042776 1.75961e-05 
0.000108671 0.00028264 2.56076e-05 
0.000369859 0.000188274 6.72261e-05 
0.000785154 0.000233389 1.98248e-05 
0.000509159 5.20025e-05 1.7484e-05 
0.000768291 9.05167e-05 1.93025e-05 
0.000339826 0.000441349 6.43565e-05 
0.000923338 1.80077e-05 6.92676e-05 
0.000938047 0.00011949 1.90747e-05 
0.000467386 0.0003574 7.3718e-05 
0.000951992 0.000139586 8.68286e-05 
0.000699535 0.00041669 8.32173e-05 
1.84748e-05 0.000163373 1.8474e-05 
0.000504086 3.20964e-05 5.34244e-05 
0.000271481 0.00038187 1.88521e-05 
0.000127342 8.08436e-05 7.45856e-05 
0.000197738 0.000339186 1.73758e-05 
0.00079555 0.00042779 1.7941e-05 
0.000852698 0.000110276 2.3875e-05 
0.000306952 0.000355058 7.29504e-05 
0.00054532 0.000257854 4.27155e-05 
0.000776813 4.1346e-05 1.7028e-05 
0.000661018 0.000109054 4.55923e-05 
0.000657576 0.00016221 2.0463e-05 
5.11798e-05 0.000382025 8.71844e-05 
0.00015332 0.000481012 8.52632e-05 
0.000659611 0.000465977 1.70773e-05 
5.91684e-05 0.000478026 2.19681e-05 
9.63302e-05 0.000320585 4.20937e-05 
0.000899529 0.000174287 8.18984e-05 
0.000567837 0.000275272 6.43313e-05 
0.000580078 0.000100418 9.03531e-05 
1.87132e-05 0.00048128 1.87228e-05 
0.000782854 0.0003287 3.22725e-05 
9.10822e-05 1.75843e-05 5.60283e-05 
0.000485552 0.000227293 7.30531e-05 
0.000367157 0.000476533 2.34644e-05 
1.80971e-05 0.000407361 6.71313e-05 
0.000353042 0.000377125 6.183e-05 
2.18929e-05 0.00029914 2.18932e-05 
0.000829566 3.78808e-05 9.59375e-05 
0.000246138 0.000268267 3.94697e-05 
0.000364809 0.000363619 2.06413e-05 
0.00093052 7.16939e-05 1.7917e-05 
0.000273811 9.70853e-05 1.7837e-05 
