0.000844333 0.000421943 3.10553e-05 
8.04635e-05 0.000291889 6.13977e-05 
0.000529614 0.000221144 9.10327e-05 
0.000322393 0.000246652 5.87111e-05 
0.000690326 0.000329734 6.67439e-05 
0.000367885 6.14338e-05 7.39882e-05 
0.000754267 0.000194319 3.09911e-05 
0.00088737 0.00028916 3.57909e-05 
0.000514687 3.98414e-05 9.43119e-05 
0.000774529 0.000234682 8.6439e-05 
0.000633543 0.000366324 2.4239e-05 
0.000189841 0.000383147 1.97448e-05 
0.000828816 0.000286305 7.72175e-05 
0.000206004 0.000215042 7.43881e-05 
0.000488933 0.000389836 3.62699e-05 
0.000805207 0.000158355 6.42872e-05 
0.000438757 0.000341193 5.24734e-05 
0.000231775 0.000363234 2.52292e-05 
0.00052437 0.000163834 2.40417e-05 
0.000896669 0.000223581 1.89344e-05 
0.000919457 0.000333949 6.18708e-05 
0.000422354 0.000295467 4.85832e-05 
0.000942334 5.27089e-05 5.44603e-05 
0.0008405 5.52479e-05 6.41207e-05 
0.000688417 9.23435e-05 2.14024e-05 
0.000275998 0.000304876 2.06158e-05 
8.44451e-05 0.000229866 8.6844e-05 
0.000562973 0.000235337 1.97524e-05 
0.000158906 9.07394e-05 2.98303e-05 
0.000949684 0.00044189 8.885e-05 
0.000514383 0.000219371 3.30985e-05 
0.000973323 0.000224428 5.67736e-05 
0.000896031 0.000134703 2.5704e-05 
0.000774808 2.1006e-05 5.02078e-05 
6.6869e-05 0.000260106 2.191e-05 
0.000741732 0.000352879 9.63262e-05 
0.000616964 0.000433455 9.16865e-05 
0.000304091 0.00014392 9.02566e-05 
0.000328536 0.00020055 6.85687e-05 
0.000332563 0.000175329 1.87175e-05 
0.000294864 0.000298992 7.70611e-05 
0.00047476 0.000303531 3.28554e-05 
0.000461823 2.31832e-05 6.83903e-05 
0.000337027 0.000101814 5.7483e-05 
0.0009782 0.000403648 2.18068e-05 
0.000598756 0.000481876 5.59803e-05 
0.000538684 0.000352508 7.16161e-05 
0.000723071 0.000173659 6.58051e-05 
0.000393968 0.000226228 6.60692e-05 
0.000384398 0.000281922 8.39843e-05 
0.000263541 0.000385423 7.91359e-05 
0.00057305 0.000157231 4.90516e-05 
0.000791234 5.17644e-05 7.95895e-05 
0.000846346 0.000463687 7.31571e-05 
9.14217e-05 5.63169e-05 8.05193e-05 
0.000192442 0.000109154 8.18694e-05 
0.000972404 9.03903e-05 2.75345e-05 
0.000510961 0.000428864 7.55571e-05 
0.000211998 0.000101022 2.45093e-05 
0.000366836 0.000413712 3.12552e-05 
0.000474562 0.000168888 2.60588e-05 
0.000283414 0.000413885 4.0409e-05 
0.000586155 0.000356366 2.37083e-05 
0.000800284 0.000190636 1.71767e-05 
0.000541108 7.53601e-05 5.95913e-05 
0.000240476 6.90118e-05 6.04433e-05 
0.000513385 0.000479018 1.73978e-05 
0.000396569 6.67604e-05 3.08108e-05 
0.000971768 0.000174049 6.26437e-05 
0.00089475 0.000179356 1.93955e-05 
0.000594391 0.000406081 7.59078e-05 
0.000619029 0.000132599 7.13745e-05 
0.000396845 0.000363687 6.64194e-05 
0.000693151 0.000383531 4.62891e-05 
0.000652352 6.69029e-05 6.39198e-05 
0.000161579 6.17569e-05 6.76169e-05 
0.000865275 0.000167674 5.39486e-05 
0.000443674 0.000115358 3.66404e-05 
0.000615645 0.000198765 8.16608e-05 
0.000707318 0.000128179 4.85456e-05 
0.000785003 0.000150645 2.3005e-05 
5.95035e-05 0.000340399 5.34655e-05 
0.000179827 0.000388287 5.49399e-05 
0.000422934 0.000445294 6.95282e-05 
0.000578989 0.000235758 5.93205e-05 
0.000793362 0.000384059 4.63304e-05 
2.99168e-05 0.000435277 2.99135e-05 
0.000345612 0.000278219 5.13099e-05 
0.000176147 0.000428841 2.88194e-05 
0.000153392 0.000270537 2.0355e-05 
0.000278727 5.67936e-05 2.32753e-05 
0.0008223 0.00047415 2.58511e-05 
0.000666641 0.000148375 5.57193e-05 
0.000981292 0.000295029 1.74972e-05 
0.000132807 0.000250264 5.59124e-05 
0.000868807 0.000332587 8.65057e-05 
0.000209577 2.35552e-05 6.09506e-05 
0.000931746 0.000214366 8.42692e-05 
0.000350842 0.00033185 7.56215e-05 
0.000417446 0.000181956 3.29334e-05 
0.000563877 0.000423242 5.78124e-05 
0.00077713 0.000479939 2.0062e-05 
0.000728169 0.000363983 4.94383e-05 
0.000798444 0.000115917 7.91926e-05 
0.000419464 2.34683e-05 1.93655e-05 
0.000819737 2.92592e-05 2.92551e-05 
0.000294272 6.85142e-05 6.49079e-05 
0.000731571 0.000249109 7.00551e-05 
7.52754e-05 0.000214361 2.46833e-05 
0.000680101 0.000180849 6.26421e-05 
0.000612614 0.000176311 2.64968e-05 
0.000392971 0.000263598 2.6952e-05 
0.000971749 0.000267368 7.37575e-05 
0.000650817 0.000276185 7.83268e-05 
0.000939121 0.000245726 3.02697e-05 
0.000595455 0.000132683 2.07401e-05 
8.73109e-05 0.000412887 3.03962e-05 
0.000130798 0.000436053 6.88465e-05 
0.000492797 0.000260817 5.19451e-05 
7.36586e-05 0.000166521 6.82462e-05 
0.000689382 0.000482818 1.72096e-05 
0.000647119 0.000383311 8.12207e-05 
0.000122587 0.00019877 4.43882e-05 
0.000308115 0.000273403 2.45238e-05 
0.000517146 0.000272381 2.10388e-05 
0.000766266 0.000180301 8.42185e-05 
0.000237015 0.000449113 7.08973e-05 
0.000977357 2.26405e-05 6.42473e-05 
0.000677016 0.000353979 2.10526e-05 
0.000229002 0.000223137 2.76753e-05 
0.000909891 0.000405973 3.66545e-05 
0.000413943 2.49825e-05 6.34551e-05 
0.00068596 2.67193e-05 4.98558e-05 
0.000767042 0.00047575 6.29769e-05 
0.000536825 0.000396869 5.945e-05 
0.000452461 0.000165813 8.96384e-05 
0.000657771 0.00021442 3.29447e-05 
0.000412061 8.57088e-05 9.12365e-05 
0.000267057 0.000468703 3.12445e-05 
0.000979277 0.000402019 7.71037e-05 
0.000164962 0.000160198 6.10118e-05 
0.000915281 9.74398e-05 3.52813e-05 
0.000647599 0.000321177 2.30563e-05 
0.000361761 0.000411349 8.56027e-05 
0.000317711 0.000407309 7.2219e-05 
0.000870558 0.000123544 5.83502e-05 
0.000186964 0.000238441 1.80796e-05 
0.000690632 0.000432811 3.07156e-05 
5.47988e-05 2.89689e-05 2.89696e-05 
0.000541228 2.54921e-05 2.52998e-05 
0.000718911 0.00029688 2.06416e-05 
0.000884687 3.64702e-05 3.6471e-05 
0.000211395 0.000271002 1.83523e-05 
0.000908757 0.000133325 7.5699e-05 
0.000298661 0.000173094 4.45141e-05 
0.000787035 0.000326587 7.0929e-05 
0.000523716 0.000264567 7.31771e-05 
0.000733938 0.000288925 5.67915e-05 
0.00019743 0.000319218 6.78157e-05 
0.000800051 0.000442596 5.59397e-05 
0.000825683 0.000226906 2.07607e-05 
0.000599671 0.000406694 2.8632e-05 
2.61552e-05 0.000119964 2.61555e-05 
0.000461841 0.000322189 7.88971e-05 
0.000442564 0.000481274 5.29569e-05 
4.62509e-05 0.000393834 4.85094e-05 
0.000382827 0.000318606 2.80296e-05 
0.00055552 0.000422308 1.91487e-05 
0.000267058 0.000116292 4.97317e-05 
0.000913919 8.26892e-05 6.85332e-05 
0.000612616 0.000253332 8.24949e-05 
0.000803126 0.000208912 5.91339e-05 
0.000437436 0.00037491 3.32293e-05 
0.000248066 0.000120332 1.7067e-05 
0.00074626 2.03351e-05 2.03288e-05 
0.000393966 0.000136475 1.98852e-05 
0.000347274 0.000250557 2.09452e-05 
0.000259366 0.000338038 5.42709e-05 
0.000717835 8.24451e-05 5.54859e-05 
0.000756298 0.000309157 1.8584e-05 
0.000865774 0.000410633 8.13841e-05 
0.000636956 0.000126861 2.04337e-05 
0.000617664 2.21632e-05 2.20148e-05 
0.000326552 0.000482961 1.70347e-05 
0.000578686 0.000110777 4.76325e-05 
0.000124264 0.000125875 5.71029e-05 
0.000193089 0.000471919 6.1905e-05 
0.000192471 6.49631e-05 5.08526e-05 
2.19493e-05 4.6016e-05 6.39406e-05 
6.59203e-05 0.000304516 2.25124e-05 
0.000689319 0.000240891 6.52537e-05 
2.25224e-05 0.00047748 6.01448e-05 
0.000758375 0.000430816 5.18118e-05 
0.000446079 0.000251336 6.34307e-05 
0.000623412 0.000454593 2.08291e-05 
0.000837032 7.19418e-05 1.7535e-05 
0.000300772 0.000129402 2.42605e-05 
0.000936165 0.000460061 2.4652e-05 
0.000631878 0.000477949 7.83721e-05 
0.000193883 0.00042071 8.04721e-05 
0.000970391 0.00048286 1.71411e-05 
0.000833542 0.000331828 3.29539e-05 
5.99134e-05 0.000439363 8.30545e-05 
0.000453914 0.000439716 2.56012e-05 
0.000771934 0.000117651 4.7369e-05 
0.000742505 0.000327118 5.02736e-05 
0.000611184 0.000299027 8.81227e-05 
0.000120161 0.000465163 2.16544e-05 
0.000764698 0.00023749 5.04368e-05 
0.000806352 0.000109693 2.29178e-05 
0.000728376 0.000404754 5.03738e-05 
0.000467173 0.000431118 6.94172e-05 
0.000536729 0.000166094 6.32344e-05 
0.000341702 0.000137783 1.79662e-05 
0.00060988 0.000279882 3.39194e-05 
0.000185887 0.00026395 5.89189e-05 
0.000494611 0.000102936 6.94478e-05 
0.000564336 0.000192849 2.24176e-05 
0.000433259 0.000482272 1.77263e-05 
0.000500858 0.000177351 6.35559e-05 
0.000745628 0.000132464 2.04245e-05 
0.000225511 0.000176829 1.94788e-05 
9.88547e-05 0.00041136 0.000102683 
0.000496773 0.000341254 5.78176e-05 
4.33504e-05 0.00019949 4.88415e-05 
0.000673843 0.0002754 3.01819e-05 
0.00057717 2.00216e-05 5.23624e-05 
0.000139723 0.000382349 3.0261e-05 
3.22896e-05 0.000276595 6.95222e-05 
0.000379493 0.000454314 5.51944e-05 
0.000539674 0.000303234 1.72986e-05 
0.000848808 9.36555e-05 6.49006e-05 
0.000729549 9.56614e-05 1.97362e-05 
8.00952e-05 0.000171257 1.90546e-05 
5.70739e-05 0.000370713 1.99486e-05 
0.00027799 0.000202139 7.71949e-05 
0.000978119 0.000215511 2.00956e-05 
0.000274289 0.000241357 2.15247e-05 
0.000834175 0.000184286 9.05147e-05 
0.000888409 0.000349109 2.51083e-05 
0.000674916 0.000129035 1.75613e-05 
2.2567e-05 0.000254308 2.25669e-05 
0.000713391 0.000234623 2.6584e-05 
0.000111678 0.000238259 1.92054e-05 
0.000944264 0.000156388 1.7148e-05 
0.000888218 0.000444552 6.87874e-05 
0.000418888 0.000407755 2.19541e-05 
0.000108692 5.58785e-05 3.13141e-05 
0.000575205 0.000317319 6.23662e-05 
0.000865082 0.000202856 1.8459e-05 
0.000247892 0.000183706 5.08195e-05 
2.11339e-05 0.000365688 6.01982e-05 
0.000775004 0.000275387 6.70608e-05 
0.00024232 2.50545e-05 2.50553e-05 
0.000799091 6.98164e-05 1.76986e-05 
0.000251974 0.000268396 7.79991e-05 
0.000296488 0.000444338 6.5995e-05 
0.000701055 0.000175547 2.56831e-05 
0.000366912 0.000109963 1.80328e-05 
0.000960302 0.000427166 5.13519e-05 
0.000166817 0.000188847 2.17747e-05 
0.000127612 0.000324817 2.09968e-05 
0.000978653 0.000124952 6.2179e-05 
0.000211302 5.69937e-05 1.97782e-05 
0.000978433 0.000138737 2.15517e-05 
0.000794967 0.000290317 2.43328e-05 
0.000379053 0.000481841 7.79304e-05 
7.93422e-05 0.000125611 2.73445e-05 
0.000442163 0.000392327 7.69895e-05 
0.000127882 0.000329963 6.44375e-05 
0.0004613 2.2611e-05 2.26037e-05 
0.000942519 0.000392427 7.73594e-05 
0.0009354 0.000354787 2.23081e-05 
0.000229988 0.0003118 2.62435e-05 
0.000351334 0.00023348 8.49633e-05 
0.000823895 0.00041519 7.51464e-05 
0.000973214 0.000472663 5.97312e-05 
0.000229862 0.000138222 4.84856e-05 
0.000390343 0.000189637 0.000118463 
0.00011665 0.000155393 2.08344e-05 
0.000283164 0.000344971 2.01127e-05 
0.000370333 1.9781e-05 7.20806e-05 
0.000643553 0.000438874 5.74733e-05 
2.02795e-05 0.000386971 2.02786e-05 
0.000524302 0.000482669 5.0161e-05 
0.000972974 0.000321761 6.30469e-05 
0.000597911 0.000444268 5.88284e-05 
0.000942575 0.000309033 2.40375e-05 
0.00036723 0.000163257 1.80003e-05 
0.000599516 7.65828e-05 6.17027e-05 
0.000883703 9.27194e-05 5.14339e-05 
0.000938088 2.11828e-05 2.11436e-05 
0.000444883 5.84366e-05 1.71704e-05 
0.000681141 0.000472171 7.30027e-05 
0.000700548 5.21515e-05 8.52406e-05 
0.000764093 0.00044457 1.7706e-05 
0.000333713 3.82123e-05 3.53027e-05 
0.000334124 0.000479404 5.37277e-05 
0.000674508 5.26571e-05 2.06447e-05 
0.000324379 0.000322716 2.72766e-05 
0.000480238 7.66949e-05 1.93224e-05 
9.91988e-05 0.000372273 7.22538e-05 
0.00021614 0.000384507 6.19137e-05 
0.0005062 0.000114468 2.66771e-05 
1.92773e-05 6.01422e-05 1.92707e-05 
0.000500347 1.72074e-05 1.71852e-05 
0.000832452 0.000371258 8.46051e-05 
0.000308776 8.55768e-05 1.85943e-05 
4.66757e-05 0.000184877 1.70881e-05 
0.000174562 0.000219326 4.57164e-05 
0.000573778 0.000315699 1.90574e-05 
0.000420657 0.000324151 9.03456e-05 
0.000459727 0.000213095 2.06966e-05 
0.000828271 0.000124749 5.44543e-05 
0.000839191 0.000238552 6.25891e-05 
0.000182851 0.000301252 2.22249e-05 
0.000612826 0.000330608 4.16388e-05 
0.000540959 1.98846e-05 7.01244e-05 
0.000644016 0.000420692 1.88793e-05 
0.000844152 1.83637e-05 6.86585e-05 
0.000318004 0.000442135 2.55373e-05 
0.00042858 0.000321803 1.87662e-05 
0.000982653 6.21334e-05 6.08639e-05 
0.000317847 0.000378631 2.90376e-05 
2.00783e-05 0.000222716 6.80976e-05 
0.000122703 0.000165918 8.01738e-05 
0.000164223 0.00033798 3.61919e-05 
0.000941733 0.000110705 5.58553e-05 
0.000406066 0.000451563 2.37261e-05 
0.000472437 0.000201477 5.45365e-05 
6.25037e-05 0.000482603 6.09213e-05 
0.000484781 0.000474219 6.51583e-05 
0.000860296 0.000375883 5.13043e-05 
0.000136884 0.0004825 5.25221e-05 
0.000149945 0.000230573 1.97599e-05 
0.000496406 0.000447257 1.81886e-05 
0.000756827 4.18966e-05 7.74875e-05 
0.000752378 0.000150485 5.46747e-05 
0.000261847 0.000156696 2.21475e-05 
0.000473735 0.000251758 2.03981e-05 
0.000571099 9.24662e-05 1.79278e-05 
0.000806441 1.87226e-05 7.41318e-05 
0.000603993 0.000224644 2.27452e-05 
0.000715852 0.000338256 2.0848e-05 
0.000887196 8.69685e-05 1.75237e-05 
0.000165242 3.06238e-05 3.0624e-05 
0.000614019 3.47231e-05 6.30532e-05 
0.000598404 0.000355962 6.66901e-05 
0.00071827 5.35544e-05 2.31967e-05 
0.000211207 0.000166709 8.13198e-05 
0.000552758 0.000465606 2.45709e-05 
0.000752193 0.000267065 2.40605e-05 
0.000731271 0.000473248 2.67499e-05 
0.000546316 0.000381152 2.32174e-05 
0.000611181 9.32927e-05 2.16737e-05 
0.000778121 0.000419394 8.09168e-05 
0.000538532 0.000291888 5.06753e-05 
0.000753341 0.00039537 7.68153e-05 
2.27537e-05 0.000343274 2.26357e-05 
0.000667187 0.000391817 1.81506e-05 
0.000558918 0.000468443 7.81008e-05 
0.000148638 0.00030081 4.37772e-05 
0.000378042 0.0001525 5.3039e-05 
0.000920325 0.000474248 7.03491e-05 
0.000721117 0.000384137 1.84418e-05 
5.61243e-05 8.10689e-05 2.30417e-05 
0.000648564 1.8388e-05 5.31891e-05 
0.000593349 0.000480866 1.91315e-05 
0.000560932 0.000196309 6.52781e-05 
0.000406113 0.000407453 5.90071e-05 
0.000171482 1.83554e-05 7.76316e-05 
0.000199553 0.000187958 4.27512e-05 
0.000405879 0.000361048 1.96256e-05 
0.00038855 0.000112861 5.25789e-05 
0.000497947 0.000353698 9.09789e-05 
0.000791702 8.18793e-05 5.41284e-05 
0.000807583 0.00025362 4.5215e-05 
0.000699623 0.000278336 7.34803e-05 
0.000830527 0.00015014 2.25263e-05 
0.000570441 0.000383 5.77528e-05 
0.000982108 0.000177816 1.78728e-05 
0.000154425 0.000139551 2.01362e-05 
0.000480348 5.48631e-05 8.56187e-05 
0.000278741 2.44339e-05 5.61629e-05 
2.04122e-05 0.000211438 2.04108e-05 
0.000639678 0.000320535 6.45241e-05 
0.000270608 0.000198964 2.09027e-05 
0.000704249 0.000204578 5.69927e-05 
0.00058013 4.48505e-05 8.31996e-05 
0.000534347 0.000131081 5.77316e-05 
0.000280139 0.000245897 6.38031e-05 
0.000923629 0.000169887 4.79093e-05 
0.000876542 0.000256851 8.77581e-05 
0.000583586 5.29583e-05 2.39438e-05 
4.8332e-05 0.000237017 4.78951e-05 
0.000193081 0.000362411 8.58418e-05 
0.000832993 0.000189953 3.05751e-05 
5.81349e-05 6.39952e-05 6.09161e-05 
0.000233555 0.000417896 2.96324e-05 
0.000688403 9.70007e-05 7.92941e-05 
2.27538e-05 0.00032738 8.15523e-05 
0.000552826 0.000127717 2.19834e-05 
0.000756917 6.01968e-05 4.34061e-05 
0.000962863 0.000374648 4.97711e-05 
0.000475811 0.000479705 2.0296e-05 
0.000381534 1.88509e-05 1.88539e-05 
0.00097731 4.06579e-05 2.26718e-05 
0.000312424 2.53213e-05 9.05484e-05 
0.000457234 0.000349281 1.82601e-05 
0.000978453 0.000346428 2.15501e-05 
0.000364771 0.000135946 9.06304e-05 
0.000802642 0.000478619 9.13188e-05 
0.000463385 8.47846e-05 7.71587e-05 
0.000159019 0.000204667 7.83343e-05 
0.000917695 0.000261407 7.09699e-05 
0.000521905 0.00034027 2.43853e-05 
5.27945e-05 0.000104334 6.33671e-05 
0.000115175 0.00010159 1.70142e-05 
0.000162402 0.000477672 2.23278e-05 
0.000898312 0.000368667 7.36895e-05 
0.000488635 6.95232e-05 5.47612e-05 
0.000743738 0.000297548 9.86536e-05 
0.000950694 0.000356691 8.44786e-05 
0.000323746 0.000466329 9.45811e-05 
8.9958e-05 9.3213e-05 5.61064e-05 
0.000742599 0.000108567 7.2661e-05 
0.000364 0.000206676 2.6331e-05 
0.000525232 0.000435184 3.7002e-05 
0.000217534 0.000479453 2.05472e-05 
9.59565e-05 0.000354337 2.23072e-05 
0.000122549 0.000290117 6.56529e-05 
0.000313299 0.000215873 2.52162e-05 
0.000246087 0.000228023 6.91344e-05 
0.000895729 0.000202185 4.98863e-05 
0.000128702 2.2278e-05 6.79552e-05 
0.000934405 0.00029301 6.2504e-05 
1.80752e-05 8.28844e-05 4.88614e-05 
0.000937735 0.000197832 1.83511e-05 
0.000896077 0.00023884 5.2428e-05 
0.000488197 0.000141262 5.78137e-05 
0.000883296 0.000470575 2.94245e-05 
0.000509862 0.000306987 7.79654e-05 
8.75716e-05 0.000460131 4.60806e-05 
0.000753532 0.000408775 1.96569e-05 
0.000298151 0.000482315 6.64872e-05 
0.000754684 0.000353817 2.09885e-05 
0.000701445 1.72598e-05 1.72519e-05 
0.000635251 6.02227e-05 1.92773e-05 
0.000194941 0.000358034 4.64816e-05 
0.000265935 0.000152701 6.17344e-05 
0.000338063 0.000155163 5.14038e-05 
0.000472761 0.000287434 8.01586e-05 
0.000561243 0.000275852 1.75482e-05 
0.000288417 1.75474e-05 1.75545e-05 
0.000428604 0.000236723 1.84386e-05 
0.00015781 0.000358718 6.96046e-05 
0.000863148 0.000239074 3.13396e-05 
0.000657642 1.79835e-05 1.79785e-05 
0.000242787 0.000300428 6.68183e-05 
0.000405337 0.00048179 5.27862e-05 
0.00072729 2.23861e-05 5.85412e-05 
0.000979247 0.000446198 2.07496e-05 
0.000836084 0.000269365 2.08963e-05 
0.000442048 6.06242e-05 5.5304e-05 
0.000195255 0.000148877 2.17775e-05 
0.000954194 8.51816e-05 7.76495e-05 
0.000350895 0.000288393 1.72416e-05 
0.00013113 0.000427696 1.75953e-05 
0.000108613 0.000282507 2.5608e-05 
0.000368644 0.000187751 6.71448e-05 
0.000785522 0.0002328 1.98259e-05 
0.000508587 5.24734e-05 1.7484e-05 
0.000768252 9.03249e-05 1.93032e-05 
0.000340601 0.000441559 6.41231e-05 
0.000923339 1.8007e-05 7.01358e-05 
0.000938064 0.000120753 1.90735e-05 
0.000467423 0.00035732 7.33428e-05 
0.000950902 0.000139889 8.55179e-05 
0.000699281 0.000415956 8.28955e-05 
1.84753e-05 0.000163255 1.8474e-05 
0.000503538 3.24695e-05 5.3286e-05 
0.000271143 0.000382013 1.88519e-05 
0.000127267 8.07352e-05 7.46247e-05 
0.000197371 0.000339367 1.73738e-05 
0.00079557 0.000427814 1.79407e-05 
0.000853143 0.000109647 2.3874e-05 
0.000305927 0.000355075 7.27744e-05 
0.000545217 0.000258157 4.29052e-05 
0.000776827 4.15638e-05 1.70275e-05 
0.000661873 0.000110298 4.59924e-05 
0.000657096 0.0001625 2.04634e-05 
5.11039e-05 0.000381975 8.70948e-05 
0.000153169 0.000480985 8.51379e-05 
0.000659315 0.000466272 1.70797e-05 
5.9143e-05 0.000478029 2.19676e-05 
9.63363e-05 0.000320392 4.21235e-05 
0.000900918 0.000175504 7.9553e-05 
0.000567766 0.000275262 6.47439e-05 
0.000578817 0.000101936 9.01051e-05 
1.87241e-05 0.00048127 1.87222e-05 
0.000783925 0.000330155 2.67939e-05 
9.09454e-05 1.75851e-05 5.60084e-05 
0.000485826 0.000226736 7.37329e-05 
0.000366023 0.000476536 2.34655e-05 
1.80969e-05 0.000407483 6.72324e-05 
0.000352113 0.000377391 6.24475e-05 
2.18938e-05 0.00029876 2.18929e-05 
0.000829358 3.8558e-05 9.56915e-05 
0.00024546 0.000268279 3.94106e-05 
0.000364257 0.000362978 2.06414e-05 
0.000930852 7.10344e-05 1.79172e-05 
0.000274289 9.73025e-05 1.78372e-05 
