3.19187e-05 
3.45817e-05 
3.39762e-05 
3.14554e-05 
2.55965e-05 
2.48213e-05 
2.95071e-05 
3.02615e-05 
2.22004e-05 
2.94351e-05 
2.28388e-05 
3.04947e-05 
2.67079e-05 
2.35407e-05 
2.31684e-05 
3.16837e-05 
1.99481e-05 
2.3075e-05 
2.72188e-05 
2.27137e-05 
2.31538e-05 
3.35532e-05 
2.08667e-05 
3.55046e-05 
2.19403e-05 
3.14536e-05 
2.18207e-05 
1.90631e-05 
1.74523e-05 
2.01611e-05 
2.12604e-05 
2.98788e-05 
2.47328e-05 
1.74212e-05 
2.27167e-05 
1.73497e-05 
1.88744e-05 
3.01223e-05 
2.06573e-05 
2.90743e-05 
1.81402e-05 
2.19123e-05 
1.77141e-05 
1.73357e-05 
1.78789e-05 
2.31184e-05 
2.50154e-05 
2.22431e-05 
2.22406e-05 
2.84383e-05 
2.06744e-05 
2.60066e-05 
1.97656e-05 
2.13648e-05 
1.92535e-05 
1.76861e-05 
1.85906e-05 
2.24463e-05 
1.78838e-05 
2.42658e-05 
2.88668e-05 
2.18231e-05 
2.12207e-05 
1.83135e-05 
2.55342e-05 
2.4333e-05 
1.77849e-05 
2.54231e-05 
2.55116e-05 
2.5724e-05 
2.05487e-05 
1.79552e-05 
2.38593e-05 
2.40211e-05 
2.91598e-05 
2.47206e-05 
3.48149e-05 
1.74645e-05 
1.76653e-05 
2.42457e-05 
2.36402e-05 
2.25434e-05 
2.65737e-05 
2.24653e-05 
1.88543e-05 
2.71096e-05 
1.79497e-05 
1.77678e-05 
1.85357e-05 
2.81112e-05 
2.74209e-05 
2.02875e-05 
1.76226e-05 
2.84194e-05 
1.80492e-05 
1.93261e-05 
1.9823e-05 
2.1153e-05 
2.26417e-05 
2.02972e-05 
1.75432e-05 
2.25611e-05 
1.93408e-05 
1.74816e-05 
2.96798e-05 
1.7448e-05 
1.90753e-05 
1.76891e-05 
2.11182e-05 
1.88928e-05 
1.85204e-05 
1.78557e-05 
2.14111e-05 
1.86913e-05 
1.79687e-05 
1.73345e-05 
1.79424e-05 
1.7752e-05 
2.50087e-05 
1.80413e-05 
1.73943e-05 
1.84588e-05 
2.06097e-05 
1.79082e-05 
1.92462e-05 
1.95159e-05 
1.85412e-05 
1.87487e-05 
1.77746e-05 
2.21778e-05 
1.93048e-05 
1.79461e-05 
1.91601e-05 
1.80981e-05 
1.82299e-05 
1.73449e-05 
1.72924e-05 
2.11554e-05 
1.721e-05 
2.07385e-05 
1.92559e-05 
1.84008e-05 
1.72716e-05 
1.91235e-05 
2.04504e-05 
1.97296e-05 
2.21131e-05 
1.87182e-05 
2.2544e-05 
1.82091e-05 
1.80236e-05 
1.71288e-05 
1.88152e-05 
1.8073e-05 
1.885e-05 
1.83929e-05 
1.97076e-05 
1.8543e-05 
1.88006e-05 
1.78124e-05 
1.83904e-05 
1.78576e-05 
1.88378e-05 
2.41841e-05 
1.77715e-05 
1.7072e-05 
1.70464e-05 
2.05456e-05 
2.04529e-05 
1.86938e-05 
1.79058e-05 
1.77904e-05 
1.78173e-05 
1.81689e-05 
2.14777e-05 
1.79894e-05 
1.88995e-05 
1.71147e-05 
1.73058e-05 
1.81573e-05 
2.07208e-05 
1.75853e-05 
1.72185e-05 
1.88415e-05 
2.09747e-05 
1.76494e-05 
1.7025e-05 
1.75878e-05 
1.70531e-05 
1.81274e-05 
1.95526e-05 
1.77404e-05 
1.70574e-05 
1.92852e-05 
1.88397e-05 
2.06995e-05 
2.05835e-05 
1.75463e-05 
1.79278e-05 
1.70568e-05 
