0.000201778 0.000257018 3.19185e-05 
0.000262142 0.000160647 0.000104977 
0.000232821 7.49162e-05 7.45595e-05 
4.27983e-05 0.000292918 6.27354e-05 
0.000167998 0.000458696 5.09849e-05 
0.000116132 0.000405938 2.48229e-05 
0.000107239 0.000177796 6.35458e-05 
6.25173e-05 0.000384091 3.02623e-05 
0.000135295 0.000333682 4.52782e-05 
0.000181586 0.000235389 9.92211e-05 
0.000231527 0.000166407 5.67313e-05 
0.000104028 0.000414966 7.80386e-05 
0.000158862 0.000372306 2.6708e-05 
0.000148539 2.3543e-05 5.67662e-05 
5.28178e-05 2.3181e-05 7.46476e-05 
0.000144474 0.000284953 0.000103628 
0.00021 0.000127166 7.18007e-05 
0.000122787 5.05616e-05 8.46952e-05 
9.06705e-05 0.00022459 9.10013e-05 
0.000277099 2.27207e-05 8.67698e-05 
0.000164065 0.000432195 9.17242e-05 
0.000266444 0.000256025 6.22216e-05 
7.46603e-05 9.89558e-05 4.14158e-05 
9.47554e-05 3.55044e-05 3.55052e-05 
0.000153345 0.000413482 5.21214e-05 
0.000241954 0.000366738 6.7858e-05 
3.2567e-05 0.000129884 5.52327e-05 
0.000273637 0.000208264 8.30987e-05 
0.000141356 0.000306083 1.74526e-05 
4.08323e-05 0.000108332 2.01616e-05 
7.34343e-05 0.000303958 2.12605e-05 
0.000162143 0.000195571 4.95132e-05 
6.33482e-05 0.000146901 2.47332e-05 
0.000233764 0.000322319 4.91881e-05 
0.0002094 0.000361544 2.27173e-05 
0.000260547 0.000434797 7.57275e-05 
0.00017702 0.000413377 1.8875e-05 
0.000114789 0.000226907 3.01222e-05 
0.000234052 0.000416705 5.53495e-05 
2.90763e-05 0.000355875 8.74393e-05 
5.10779e-05 0.000187449 1.81408e-05 
3.3505e-05 0.000435357 2.19123e-05 
0.000143461 1.77238e-05 9.72916e-05 
9.51635e-05 0.000120388 1.73367e-05 
0.000243487 0.000164082 1.78787e-05 
0.000192513 0.0003651 9.09045e-05 
6.95211e-05 0.000257975 2.50162e-05 
0.000121505 0.000359275 8.90952e-05 
0.000169841 0.000139215 2.22419e-05 
5.92385e-05 0.00046717 6.53836e-05 
0.000279321 0.000308502 5.76194e-05 
0.000273992 9.25007e-05 2.60079e-05 
0.000155333 0.000111244 5.00213e-05 
2.13675e-05 0.0002148 2.13651e-05 
0.000182591 8.04967e-05 5.78352e-05 
0.000282312 0.000443007 1.76864e-05 
0.000226393 0.000289419 6.18467e-05 
2.24466e-05 0.000263452 2.24472e-05 
4.26758e-05 4.31859e-05 2.66105e-05 
0.000206846 6.12024e-05 2.4266e-05 
3.00234e-05 0.000234111 6.69232e-05 
0.000258896 0.000408736 2.18244e-05 
0.000189302 0.000284707 7.55301e-05 
0.000103522 8.57463e-05 1.83148e-05 
0.000197466 2.67191e-05 5.89938e-05 
4.63722e-05 0.000313244 0.000114568 
0.0002822 0.000156727 1.77852e-05 
0.000223065 0.000410001 9.96217e-05 
2.55134e-05 0.000474488 0.000106853 
0.000209775 0.000442862 2.57242e-05 
0.000113416 0.000360851 2.05487e-05 
0.000282044 0.000426146 4.90913e-05 
0.00013289 0.000122177 8.58002e-05 
0.000152532 0.000253675 5.82427e-05 
0.000240219 0.000209632 2.91602e-05 
7.98558e-05 0.000439679 2.4721e-05 
3.48372e-05 7.21064e-05 0.000101829 
8.06401e-05 0.000341831 1.74645e-05 
0.000144842 3.60174e-05 1.76653e-05 
0.000212559 0.000322569 8.51847e-05 
0.000244211 0.000291918 2.36405e-05 
0.000183807 0.000337887 5.15977e-05 
2.65738e-05 0.000266422 0.000111843 
7.89783e-05 0.000365667 7.68431e-05 
0.00014702 0.000436257 1.88544e-05 
0.000198806 0.000182149 9.10307e-05 
0.000253139 1.79508e-05 1.79497e-05 
0.00028223 9.24963e-05 6.90031e-05 
0.000249645 0.000369587 1.85375e-05 
0.000112122 0.000283391 4.40342e-05 
0.000226047 0.000272363 0.000104937 
0.000141134 0.000479706 2.02881e-05 
0.000236514 0.000127943 4.51933e-05 
0.000233945 0.00047158 6.98795e-05 
9.34278e-05 0.000176579 1.80493e-05 
1.93363e-05 0.000304992 1.93262e-05 
0.00027922 0.00046329 5.53813e-05 
0.00023948 0.000478845 2.11534e-05 
5.83665e-05 0.000154904 8.26405e-05 
2.02978e-05 7.34716e-05 2.02973e-05 
0.000193897 0.000210352 1.75435e-05 
0.000195888 0.000394557 5.06055e-05 
0.000280659 0.000132652 4.60088e-05 
6.19892e-05 0.000336397 5.09423e-05 
9.35195e-05 0.000315539 8.83104e-05 
0.000167849 5.39611e-05 3.72003e-05 
0.000149337 8.3585e-05 7.66478e-05 
0.000257776 0.000120098 7.22801e-05 
0.000207749 0.000317766 2.1119e-05 
9.61165e-05 0.000142213 9.44283e-05 
0.00028148 0.000373433 9.76973e-05 
0.000128816 0.000182695 1.78559e-05 
0.00013537 7.51705e-05 3.95849e-05 
1.86964e-05 0.000140547 1.8692e-05 
4.88235e-05 7.11481e-05 5.09315e-05 
1.73347e-05 0.000176523 1.73347e-05 
1.79432e-05 0.000378442 4.77228e-05 
0.000171618 0.000133475 7.55006e-05 
0.000171216 5.01507e-05 9.52774e-05 
0.000214855 0.000136051 1.80435e-05 
0.000257473 0.000131702 1.73942e-05 
0.000187043 0.000481528 1.84588e-05 
0.000170553 8.81412e-05 2.06098e-05 
1.79085e-05 0.000156725 8.05947e-05 
0.00017771 1.92395e-05 1.92462e-05 
6.35821e-05 0.000480484 1.95167e-05 
8.42647e-05 0.000132482 5.9766e-05 
0.000134344 0.000481251 6.90249e-05 
0.000175284 0.000296612 1.77748e-05 
2.21794e-05 0.000193267 9.6519e-05 
0.000199674 0.000432182 6.85986e-05 
0.000252061 0.000445109 3.63992e-05 
0.000190934 0.000156077 5.36242e-05 
0.000249506 0.000332953 1.81031e-05 
8.29288e-05 0.000266774 7.59618e-05 
0.000101076 0.000482655 5.50924e-05 
0.000282708 0.000210017 4.7936e-05 
0.000119817 0.000450788 4.43408e-05 
0.000131674 0.000221792 7.40442e-05 
0.00027926 4.63531e-05 2.07389e-05 
0.000145435 0.000148902 5.43756e-05 
0.000237313 0.000202365 7.60782e-05 
0.000124139 0.000376123 5.34477e-05 
0.000216101 1.91222e-05 1.91238e-05 
0.000228505 0.000100137 2.04505e-05 
0.000155681 0.000377358 7.27627e-05 
2.2115e-05 0.000477886 2.21141e-05 
1.8719e-05 9.17867e-05 5.47113e-05 
2.25493e-05 0.000416455 6.08743e-05 
1.8213e-05 0.000357564 1.82094e-05 
1.8025e-05 0.000398741 1.8024e-05 
0.000282824 0.000274745 1.71288e-05 
7.93507e-05 7.33132e-05 7.13404e-05 
0.000281927 0.000396091 6.89588e-05 
0.00019595 0.000112188 3.88811e-05 
5.24916e-05 0.000396586 8.05472e-05 
0.00028029 0.000480291 1.97079e-05 
0.000281454 0.00031106 1.85433e-05 
4.55781e-05 0.000332646 1.88007e-05 
1.78166e-05 5.33659e-05 5.25787e-05 
0.000251275 0.000304723 8.45485e-05 
0.000136104 0.000107874 1.78576e-05 
0.000281162 0.000378144 3.67132e-05 
0.000185145 9.98722e-05 9.66308e-05 
0.000239047 1.77737e-05 5.07788e-05 
0.000224288 0.000235028 8.07936e-05 
7.06344e-05 0.000216683 1.70485e-05 
3.56855e-05 0.000172146 5.01828e-05 
0.000157787 0.000298021 5.17342e-05 
1.86944e-05 0.000333747 4.63949e-05 
0.000282087 1.79075e-05 4.67454e-05 
1.77944e-05 1.77927e-05 5.41018e-05 
0.000109099 0.000320981 1.78175e-05 
0.000219854 0.000400814 1.81689e-05 
0.000232961 2.14814e-05 8.93981e-05 
0.000204545 0.000215446 5.94368e-05 
0.000101991 0.00048093 1.89006e-05 
0.000282882 0.000345747 5.22543e-05 
7.20521e-05 0.000224285 5.05202e-05 
1.81565e-05 1.81573e-05 1.81578e-05 
0.000155002 0.00033213 8.33759e-05 
0.000282409 0.000347168 1.75856e-05 
1.72232e-05 0.00011957 8.96199e-05 
0.000149527 0.000270288 1.88415e-05 
0.000205971 0.000173929 2.09748e-05 
9.6588e-05 0.000342289 4.93822e-05 
6.15701e-05 0.000422365 5.80161e-05 
0.000190251 0.000482411 7.94012e-05 
0.000282944 0.000235193 0.000105298 
0.000147976 0.000168181 8.63101e-05 
0.000280447 5.52816e-05 6.00105e-05 
0.000282257 0.000192252 1.77419e-05 
0.000166021 0.000330217 1.70572e-05 
6.19346e-05 0.000194838 6.97461e-05 
0.000115477 0.000116351 4.70015e-05 
0.000124387 0.0001445 2.07004e-05 
0.000274074 0.0001733 5.1422e-05 
6.08948e-05 7.21908e-05 1.75462e-05 
0.000113207 8.74929e-05 6.96734e-05 
1.70569e-05 0.00045497 5.34763e-05 
