1.26602e-05 
1.28074e-05 
1.36567e-05 
1.6163e-05 
1.87598e-05 
1.08869e-05 
1.49547e-05 
1.37278e-05 
1.4163e-05 
1.15766e-05 
9.57309e-06 
1.01256e-05 
1.22735e-05 
1.69711e-05 
1.05587e-05 
1.54586e-05 
1.22844e-05 
1.33219e-05 
1.25901e-05 
1.40868e-05 
1.48483e-05 
1.2845e-05 
1.5374e-05 
1.85742e-05 
1.64443e-05 
1.35858e-05 
1.25665e-05 
1.51862e-05 
1.26471e-05 
1.12983e-05 
1.67374e-05 
1.23326e-05 
1.68568e-05 
1.40132e-05 
1.19276e-05 
1.25053e-05 
1.17711e-05 
1.60553e-05 
1.41563e-05 
1.5879e-05 
1.42961e-05 
1.49705e-05 
1.41836e-05 
1.43376e-05 
1.08492e-05 
1.11186e-05 
1.16025e-05 
1.41269e-05 
1.30461e-05 
1.50889e-05 
1.45268e-05 
1.2587e-05 
1.0476e-05 
1.47732e-05 
1.13324e-05 
7.84559e-06 
1.49415e-05 
1.14339e-05 
1.18791e-05 
1.00708e-05 
1.39487e-05 
1.66659e-05 
1.80101e-05 
7.76461e-06 
1.38453e-05 
1.58531e-05 
1.26511e-05 
1.64418e-05 
1.3795e-05 
1.41281e-05 
1.67728e-05 
1.18907e-05 
1.26872e-05 
1.21981e-05 
1.75259e-05 
1.31864e-05 
1.33788e-05 
1.13273e-05 
1.52794e-05 
1.33269e-05 
9.78147e-06 
1.38756e-05 
1.70727e-05 
1.44966e-05 
1.27479e-05 
1.31166e-05 
1.50569e-05 
1.46591e-05 
1.36921e-05 
1.21004e-05 
1.42794e-05 
1.87227e-05 
1.27517e-05 
1.43955e-05 
1.1557e-05 
9.7772e-06 
1.33868e-05 
1.67606e-05 
1.24155e-05 
1.15305e-05 
1.18318e-05 
1.23639e-05 
1.223e-05 
1.15413e-05 
1.63865e-05 
1.29309e-05 
1.1601e-05 
1.39065e-05 
1.22713e-05 
1.22235e-05 
1.01979e-05 
1.14828e-05 
1.30872e-05 
1.57997e-05 
1.36186e-05 
1.4218e-05 
1.302e-05 
1.16902e-05 
1.16343e-05 
1.32376e-05 
1.25399e-05 
1.30135e-05 
1.38339e-05 
1.0568e-05 
1.27838e-05 
1.13627e-05 
1.33727e-05 
1.57931e-05 
1.32213e-05 
1.12806e-05 
1.05941e-05 
1.52474e-05 
1.53941e-05 
1.61362e-05 
1.21279e-05 
1.34767e-05 
1.31087e-05 
1.28213e-05 
1.34033e-05 
1.24593e-05 
1.11462e-05 
1.38491e-05 
1.37536e-05 
1.1339e-05 
1.28535e-05 
1.38179e-05 
1.35671e-05 
1.20156e-05 
1.77649e-05 
1.3632e-05 
1.35619e-05 
1.2216e-05 
1.56082e-05 
1.26553e-05 
1.27388e-05 
1.45687e-05 
1.61101e-05 
1.29862e-05 
1.52267e-05 
1.47868e-05 
1.42241e-05 
9.25162e-06 
1.20277e-05 
1.30593e-05 
8.36318e-06 
1.18434e-05 
1.57376e-05 
1.64491e-05 
1.14723e-05 
1.31367e-05 
1.67841e-05 
1.14177e-05 
1.62574e-05 
1.38578e-05 
9.87349e-06 
1.38597e-05 
1.24684e-05 
1.46381e-05 
1.35349e-05 
9.95293e-06 
1.46924e-05 
1.29077e-05 
1.49202e-05 
1.27725e-05 
1.05122e-05 
1.1049e-05 
1.62739e-05 
1.20696e-05 
1.39408e-05 
1.19192e-05 
1.35882e-05 
1.10306e-05 
1.22882e-05 
9.46872e-06 
1.60335e-05 
1.49121e-05 
1.46133e-05 
1.18332e-05 
1.33624e-05 
9.24214e-06 
1.42588e-05 
1.58623e-05 
1.25456e-05 
1.04361e-05 
1.19741e-05 
9.30183e-06 
1.02096e-05 
1.34414e-05 
1.23537e-05 
1.46899e-05 
1.53949e-05 
1.29924e-05 
1.16198e-05 
7.66095e-06 
1.3815e-05 
9.50571e-06 
1.51285e-05 
1.3477e-05 
1.35508e-05 
1.10488e-05 
1.33158e-05 
1.04605e-05 
1.30647e-05 
1.39891e-05 
1.05528e-05 
1.34777e-05 
1.51338e-05 
1.14532e-05 
1.47488e-05 
1.24346e-05 
1.34988e-05 
1.24777e-05 
1.25948e-05 
1.48876e-05 
1.47474e-05 
1.77056e-05 
1.18532e-05 
1.32174e-05 
1.13092e-05 
1.28776e-05 
1.46528e-05 
1.3051e-05 
1.25554e-05 
1.42005e-05 
1.66334e-05 
1.17453e-05 
1.37945e-05 
1.41266e-05 
1.79308e-05 
9.92233e-06 
1.02112e-05 
1.27048e-05 
1.32205e-05 
1.4537e-05 
1.53662e-05 
1.02893e-05 
1.36086e-05 
1.42363e-05 
1.37262e-05 
1.59523e-05 
1.34603e-05 
1.64195e-05 
1.33341e-05 
1.20091e-05 
1.17567e-05 
1.45603e-05 
1.20919e-05 
1.24257e-05 
1.25662e-05 
1.28676e-05 
1.38206e-05 
1.29231e-05 
1.30352e-05 
1.27847e-05 
1.41172e-05 
1.46819e-05 
1.43461e-05 
1.50652e-05 
1.55202e-05 
1.52136e-05 
1.10272e-05 
8.25297e-06 
1.16207e-05 
1.3178e-05 
1.64525e-05 
1.0073e-05 
1.1474e-05 
1.14857e-05 
1.28546e-05 
1.45996e-05 
1.87799e-05 
1.60625e-05 
1.65865e-05 
1.66921e-05 
1.45717e-05 
1.40336e-05 
1.4022e-05 
1.4292e-05 
1.59068e-05 
1.25677e-05 
1.43577e-05 
1.02313e-05 
1.28705e-05 
1.36445e-05 
1.28177e-05 
1.30981e-05 
1.23949e-05 
1.34417e-05 
1.29876e-05 
1.26576e-05 
1.34811e-05 
1.40226e-05 
1.93365e-05 
1.30032e-05 
1.15789e-05 
1.56044e-05 
1.30259e-05 
1.16286e-05 
1.29405e-05 
1.52307e-05 
1.25291e-05 
1.36413e-05 
1.44651e-05 
9.14821e-06 
1.45157e-05 
1.30193e-05 
1.2445e-05 
1.54929e-05 
1.11466e-05 
1.52944e-05 
1.07219e-05 
1.23091e-05 
1.08661e-05 
9.44719e-06 
1.23321e-05 
1.43548e-05 
1.54262e-05 
1.15106e-05 
1.61148e-05 
1.31216e-05 
1.35148e-05 
1.32752e-05 
1.42389e-05 
1.1176e-05 
2.06873e-05 
1.06536e-05 
1.18906e-05 
1.10833e-05 
1.44689e-05 
1.49771e-05 
1.43056e-05 
1.39108e-05 
1.33401e-05 
1.26319e-05 
1.35537e-05 
1.14395e-05 
1.56191e-05 
1.54978e-05 
1.17311e-05 
1.06023e-05 
1.52416e-05 
1.41894e-05 
1.41976e-05 
1.10771e-05 
1.63671e-05 
1.18265e-05 
1.26982e-05 
1.11053e-05 
1.40365e-05 
1.25545e-05 
1.04788e-05 
1.3731e-05 
1.29782e-05 
1.15425e-05 
1.13068e-05 
1.32454e-05 
1.60334e-05 
1.34406e-05 
1.68577e-05 
1.51552e-05 
1.37857e-05 
1.08805e-05 
1.02104e-05 
1.11836e-05 
1.01465e-05 
9.29054e-06 
1.44348e-05 
9.17581e-06 
1.38115e-05 
1.19686e-05 
1.23173e-05 
1.92324e-05 
1.90912e-05 
1.41915e-05 
1.03372e-05 
8.88255e-06 
1.21227e-05 
1.60659e-05 
1.34522e-05 
1.22112e-05 
1.59072e-05 
1.55097e-05 
1.39623e-05 
1.39903e-05 
1.09442e-05 
1.30869e-05 
1.4519e-05 
1.16045e-05 
1.73187e-05 
1.42896e-05 
1.36464e-05 
1.33034e-05 
1.80932e-05 
1.30538e-05 
1.47655e-05 
1.59559e-05 
1.35675e-05 
1.22075e-05 
1.89778e-05 
1.58933e-05 
1.35923e-05 
1.04728e-05 
1.03602e-05 
1.43452e-05 
1.39035e-05 
1.58251e-05 
1.34061e-05 
1.50589e-05 
1.95577e-05 
1.42474e-05 
1.01234e-05 
1.17044e-05 
7.88962e-06 
1.17722e-05 
1.03325e-05 
1.35812e-05 
1.58017e-05 
1.15055e-05 
1.43766e-05 
1.20618e-05 
1.26742e-05 
1.14054e-05 
1.80901e-05 
1.39472e-05 
1.05882e-05 
1.35607e-05 
1.25187e-05 
9.98568e-06 
1.33556e-05 
1.44765e-05 
1.39027e-05 
1.15381e-05 
1.52016e-05 
1.13516e-05 
1.26594e-05 
1.53785e-05 
1.43348e-05 
1.60604e-05 
1.6102e-05 
1.29166e-05 
7.22549e-06 
1.03583e-05 
1.2056e-05 
1.32159e-05 
9.48541e-06 
9.50091e-06 
1.44562e-05 
1.33594e-05 
1.00105e-05 
1.45364e-05 
1.30514e-05 
1.19362e-05 
1.168e-05 
1.80746e-05 
1.30254e-05 
8.07916e-06 
1.33507e-05 
1.15676e-05 
1.55056e-05 
1.15633e-05 
1.39532e-05 
1.45709e-05 
1.02121e-05 
1.47248e-05 
1.11086e-05 
1.21052e-05 
1.05478e-05 
1.45714e-05 
8.86325e-06 
1.28339e-05 
1.49011e-05 
8.80503e-06 
1.18804e-05 
1.74599e-05 
1.31415e-05 
1.39786e-05 
1.50601e-05 
1.34581e-05 
1.37643e-05 
1.0829e-05 
1.10422e-05 
1.42679e-05 
1.41264e-05 
1.14339e-05 
1.1619e-05 
1.35345e-05 
1.23338e-05 
1.41625e-05 
1.16154e-05 
1.4159e-05 
1.31459e-05 
1.04508e-05 
