363 
7586.55 
363 
363 
363 
363 
363 
363 
363 
363 
363 
363.001 
363 
383.217 
363 
363 
363 
363 
363 
363 
363 
363 
363 
363 
363 
363 
18475.7 
363 
363 
363 
363 
363 
363 
363 
8826.39 
363 
363 
363 
363 
363 
363 
363 
363 
363 
363 
363 
363 
363 
363 
363 
363 
363 
363 
363 
363 
363.001 
363 
363 
363 
363 
363 
363 
363 
363 
363 
363 
363 
363 
363 
363 
363 
363 
363 
363 
363 
363 
363 
363 
363 
363 
363 
3101.84 
363.002 
363 
363 
363 
363.001 
363 
363 
3095.52 
363 
363 
363 
363 
4402.25 
363 
363 
363 
363 
363 
363 
363 
363 
363 
363 
363 
363 
363 
6205.48 
363 
363 
363 
363 
363 
363 
363 
363.014 
363 
363 
3235.61 
363 
363 
3419.72 
363 
363 
363 
363 
363 
363 
363.151 
363 
363 
363 
363 
363 
363 
363 
363 
363 
363 
411.071 
363 
363 
363 
363 
363 
467.393 
363 
363 
363 
363 
363 
364.866 
363 
363 
363 
363 
363 
368.878 
363 
363 
363 
375.009 
363 
363 
364.153 
363 
363 
363 
363 
363 
363 
363 
363 
363 
363 
363 
363 
363 
363 
363 
363 
363 
363 
363 
372.426 
363 
363 
363 
3960.57 
363 
363 
363 
363 
363 
363 
363 
363 
363 
363 
363 
363 
363 
363 
363 
363 
363 
363 
363 
363 
363 
363 
363 
363 
363 
1005.84 
363 
363 
363 
363 
363 
363.006 
363.074 
363 
5136.86 
363 
363 
363.425 
13167.9 
363 
363 
363 
363 
3089.24 
397.738 
363 
363 
363 
363 
363 
363 
8645.69 
363 
4189.14 
363 
363 
363 
363 
363 
363 
363 
605.044 
363 
363 
363 
363.004 
363 
363 
363 
363 
594.654 
1713.14 
363 
363 
363 
363 
363 
391.479 
363 
2663.21 
363 
363 
363 
363.014 
363 
363 
363 
363 
363 
800.571 
363 
363 
363 
364.741 
363 
363 
363 
363 
363 
363 
363 
363 
363 
363 
363 
363 
363 
363 
363 
363 
363 
427.065 
363 
363 
363 
363 
363 
363 
3210.53 
1143.49 
363 
363 
363 
363 
363 
421.395 
363 
363 
363 
363 
363 
363 
363 
363 
10438.2 
3082.45 
386.895 
363 
363 
363 
363 
363 
363 
363 
3110.07 
363 
363 
363 
363 
363 
363 
363 
363 
363 
363 
363 
363 
363 
363 
363.365 
363 
363 
363 
363 
363 
363 
363 
363 
1744.59 
363 
363 
2842.35 
363 
363 
363 
363.003 
363 
363 
363 
363 
363 
365.593 
363 
363 
363 
363 
363 
363 
363 
363 
363 
370.275 
363 
363 
4884.51 
363 
363 
363 
363 
363 
363 
363 
363 
363 
10614.8 
363.081 
363 
363 
363 
363 
3587.6 
363 
363 
363 
363 
363 
363 
363 
363 
363 
363 
363 
363 
3099.64 
363 
363 
364.521 
363.027 
363 
363 
363 
363 
363 
363 
363.055 
363 
363 
363 
363 
743.467 
3963.94 
363 
363.01 
363 
363 
363 
363.006 
363 
363 
363 
363 
363 
363 
363 
363 
363 
363 
363 
363.071 
363 
363 
363 
363 
363 
363 
370.48 
363 
363 
363.005 
363 
363 
363 
363 
363 
363.05 
363 
363 
363 
4443.28 
363 
363 
363 
363 
363 
363 
363 
363 
363 
363 
1862.7 
363 
363 
363.001 
363.089 
363 
363 
363 
363 
363 
363 
363 
402.865 
363 
363 
363 
3166.88 
363 
363 
363 
363 
363 
363 
363 
363 
363.097 
363 
4265.21 
363 
363.006 
363 
363 
363 
