363 
4536 
8292.99 
5612.48 
3300.55 
363 
3089.85 
363 
363 
3170.48 
485.305 
372.912 
365.071 
5350.91 
367.614 
369.924 
1654.03 
496.586 
1789.29 
363 
363 
5308.52 
363 
363 
363.028 
3505.81 
5652.61 
6567.34 
363.031 
363 
7683.94 
363 
363 
363 
4587.64 
709.992 
363.001 
1207.7 
5354.89 
1316.24 
6035.51 
4945.8 
363 
411.984 
363 
363 
1727.62 
3137.55 
6556.96 
6862.32 
374.941 
1941.68 
363 
363 
363 
367.314 
363 
363.001 
363.18 
465.732 
2776.72 
363.58 
840.555 
368.37 
363.003 
363 
363 
363.202 
363 
363 
363.232 
711.07 
738.223 
369.298 
363 
363 
363 
371.446 
8591.67 
406.206 
364.23 
919.445 
364.558 
363 
8928.77 
363.004 
363.003 
5339.79 
363.691 
4548.1 
363.002 
363 
1691.25 
363 
5117.02 
363 
363 
363 
3250.74 
3599.27 
363.013 
363 
406.102 
363.004 
363 
363 
363 
7034.73 
4537.45 
3629.84 
3294.78 
6349.81 
363 
13713.2 
363 
431.267 
363.013 
363.005 
6427.41 
2498.29 
363 
390.377 
4561.07 
5496.87 
6172.32 
1695.16 
363 
363 
853.583 
5432.67 
363 
363.005 
363 
363 
363.72 
3311.66 
9221.68 
363.048 
363 
363 
1415.85 
363 
3291.27 
363.073 
363.114 
363 
4410.51 
363 
363 
363 
3425.51 
363 
4388.66 
363 
3118.23 
418.267 
7476.28 
3779.44 
3731.47 
363 
364.355 
363.085 
370.858 
3799.27 
363 
363.369 
3391.48 
363.001 
368.049 
363 
10934.8 
441.382 
830.48 
365.205 
363 
438.387 
5433.39 
1207.33 
363.003 
1605.99 
363 
389.805 
363 
363 
365.468 
400.513 
363 
363 
363 
3507.58 
14825.9 
363 
363 
7393.69 
363 
363 
400.132 
363 
363 
363.006 
363 
363.009 
363 
363 
363.05 
1848.7 
9066.58 
363 
3148.48 
363 
363.025 
363 
3097.25 
421.273 
9600.26 
5647.18 
364.024 
3834.87 
363 
3539.47 
366.409 
1195.24 
363.057 
1886.43 
3763.92 
10506.8 
363 
369.711 
5152.58 
363 
3485.29 
363 
363.01 
1172.1 
375.987 
5426.62 
363 
5173.81 
363.461 
363 
428.874 
4517.56 
6356.95 
4391.69 
363 
363 
444.014 
363 
4116.44 
363 
3405.34 
443.198 
3100.98 
363 
363 
4959.05 
363 
3163.07 
363.517 
363 
3266.7 
1071.52 
363 
363 
363 
468.543 
363 
383.859 
366.633 
2434.96 
363 
363 
363 
3538.14 
5739.5 
363 
363 
572.637 
6366.85 
1175.93 
795.053 
363 
363 
363.591 
363 
363 
363 
363 
1036.99 
363.004 
363 
363 
363 
363 
363 
363 
363 
363 
363 
3198.4 
363.001 
444.356 
368.275 
367.603 
363 
363 
363 
363.003 
857.479 
4508.57 
3246.51 
3960.78 
4904.36 
363 
363.389 
3746.07 
3101.69 
363 
363.001 
363 
363 
2064.42 
363 
377.89 
4450.99 
1704.77 
859.52 
363 
366.04 
4963.06 
363 
363 
363 
363 
4477.89 
363 
363 
436.872 
931.394 
6114.99 
363.016 
363 
7389.55 
1653.77 
363 
363 
363 
1466.49 
363 
3141.88 
363 
3269.47 
363 
370.992 
363.048 
363 
5851.99 
363.061 
696.117 
363.598 
363 
3832.37 
1324.95 
363 
363.688 
363.002 
363 
363 
5828.42 
363.06 
363 
3266.23 
470.001 
369.755 
1624.23 
363 
429.353 
12081.1 
363.004 
374.957 
363 
633.685 
363 
363 
3749.11 
3796.17 
3710.28 
4886.07 
363 
483.055 
5433.31 
363 
363 
363.002 
4288.5 
660.809 
363.038 
363 
363.208 
363.395 
3177.34 
395.85 
363 
363 
363 
363 
363 
363 
1432.22 
363 
815.412 
363 
363.024 
4840.81 
363 
1731.59 
363.621 
363.046 
363 
363 
363 
3818.02 
363 
363 
363.032 
363.491 
5033.29 
363 
363 
877.036 
4411.4 
5281.61 
4914.34 
363 
363 
363 
363.002 
363 
363 
806.405 
363 
5951.05 
363 
363.001 
363 
376.833 
363 
363 
1152.73 
870.205 
1391.55 
6236.78 
5189.99 
363 
5280.08 
629.718 
363.001 
363 
4529.37 
363 
363 
363 
363.188 
363 
668.39 
363 
3886.91 
363.067 
4782.9 
4150.83 
931.25 
363 
363 
363 
363 
363 
998.464 
363 
363.02 
633.536 
363 
364.364 
363.006 
750.208 
363 
363 
931.71 
6953.43 
363 
366.462 
2511.83 
379.02 
363 
363 
363 
1126.27 
363 
7866.28 
376.301 
363 
372.403 
363 
6465.95 
363 
363.02 
1096.36 
3535.62 
363 
5195.5 
443.516 
363 
363.029 
