363 
6173.82 
363 
10124.8 
363 
363 
363 
363 
363 
363 
363 
369.633 
363 
9492.01 
363 
363 
363.008 
588.2 
363 
363 
363 
372.313 
363 
363 
363 
3825.65 
8182.51 
363 
363.049 
363 
363 
363 
363 
363 
6198.94 
363 
363 
1710.56 
4514.18 
2349.63 
8245.9 
363.001 
363 
367.954 
363 
363 
363 
363 
2283.26 
3111.54 
381.147 
363 
363 
363 
363 
369.479 
363 
363 
363.32 
363.46 
363 
363.189 
363 
363 
363 
363.001 
363 
363 
363 
363 
363 
363 
363.406 
363 
363 
363 
363 
363 
363 
363 
363 
1732.24 
366.539 
363 
363 
363 
363.003 
3917.86 
363.153 
6299.84 
363 
363 
363 
363 
7869.4 
363 
363 
363 
2491.07 
450.504 
363 
363 
363 
363 
363 
363 
363 
363 
5767.19 
363 
363 
1695.42 
363 
363 
363 
363 
363.021 
363.003 
363 
3217.36 
363 
363 
5553.11 
6899.02 
363 
363 
363 
363 
363 
8941.09 
363 
363 
363 
363 
363 
363.003 
363 
363 
363 
363 
3092.01 
363 
363 
363.003 
363.079 
363 
6206.43 
363 
363 
363 
363 
363 
6072.09 
363 
3227.92 
363 
363 
363 
4135.01 
363 
363 
363 
373.572 
363.001 
363 
363.796 
627.117 
363 
372.614 
363 
363 
363 
363 
367.98 
363 
363.124 
3673.6 
3114.99 
363 
363 
363 
363 
363 
363 
363 
431.827 
363 
363 
363 
3886.41 
363 
363 
363 
363.985 
363 
363 
404.957 
363 
363 
363.011 
363 
363 
363 
363 
363 
363 
363 
363 
363 
363 
363 
363 
363 
377.34 
363 
9684.36 
363 
363 
363 
363 
363 
3143.21 
363.131 
363 
4475.04 
363 
363 
373.709 
7031.23 
363 
363 
363 
363 
1723.18 
389.456 
9585.93 
363 
9111.3 
363 
363 
363 
5903.57 
363 
5942.04 
363 
363 
363 
363 
363 
363 
3787.72 
524.462 
363 
363 
363 
12148.5 
363 
363 
363.017 
363 
3552.09 
3098.94 
363 
363 
363 
363 
363 
396.696 
363 
3274.61 
363 
363 
363 
3864.33 
5621.22 
363 
363 
790.494 
1632.32 
1585.35 
1666.38 
363 
363 
364.184 
363 
363 
363 
363 
430.589 
363 
363 
363 
363 
363 
363 
363 
363 
363 
363 
3144.21 
363 
498.24 
374.508 
363 
363 
363 
363 
363.003 
2594.87 
6712.23 
363 
366.759 
363.006 
363 
363 
4269.09 
363 
363 
363 
363 
363 
363.126 
363 
372.054 
6008.16 
3233.64 
1792.31 
363 
363 
363 
363 
363 
363 
363 
6148.35 
363 
363 
363 
1920.59 
363.001 
363 
363 
363 
363 
363 
363 
363 
363 
363 
3359.68 
363 
363 
363 
363 
363 
363 
363 
363 
1173.75 
363 
363 
4601.55 
457.515 
363 
363 
363.003 
363 
363 
363 
363 
363 
3650.2 
363.036 
363.051 
363 
363 
363 
363 
363 
363 
363 
675.403 
363 
363 
4336.55 
363 
4156.07 
363 
363 
363 
15258.7 
363 
363 
363 
5871.65 
1158.22 
363 
363 
363.072 
363 
3419.29 
363 
363 
363 
363 
363 
363 
363 
363 
363 
385.454 
363 
363 
7392.17 
363 
363 
364.172 
363.105 
363 
363 
363 
363 
363 
363 
363.073 
363 
3123.32 
363 
363 
1118.32 
6342.83 
5349.89 
10888.1 
363 
363 
363 
363.004 
363 
363 
363 
363 
363 
363 
363 
363 
363 
363 
363 
1191.51 
2314.14 
1273.36 
363.002 
363 
363 
366.67 
1072.81 
363 
363 
6765.99 
363 
363 
363 
363 
363 
1104.33 
363 
3141.52 
363.005 
6365.33 
2698.01 
363 
363 
363 
363 
363 
363 
363 
363 
363 
1119.33 
363 
367.12 
363.011 
1657.88 
363 
363 
1653.34 
363 
363 
363 
363 
393.302 
363 
363 
363 
3192.03 
363 
363 
363 
363 
363 
363 
363 
363 
363.054 
425.838 
3942.23 
363 
9973.11 
366.51 
363 
363.063 
