363 
6021.98 
363 
14200.4 
363 
363 
363 
363 
363 
363 
363 
369.903 
363 
8850.69 
363 
363 
363.254 
583.112 
363 
363 
363 
546.468 
363 
363 
363 
3877.19 
7917.26 
363 
363.048 
363 
363 
363 
363 
363 
6051.64 
363 
363 
1934.98 
6120.28 
3093.5 
9306.65 
363.024 
363 
371.489 
363 
363 
363 
363 
3239.51 
3541.89 
381.425 
363 
363 
363 
363 
369.345 
363 
363 
363.311 
364.784 
363.001 
363.262 
363 
363 
363 
363.001 
363 
363 
363 
363 
363 
363 
367.154 
363 
363 
363 
363 
363 
363 
363 
363 
1714.32 
366.393 
363 
363 
363 
363.003 
5665.06 
363.18 
6131.78 
363 
363 
363 
363 
7545.1 
363 
363 
363 
3127.57 
587.338 
363 
363 
363 
363 
363 
363 
363.001 
363 
5667.53 
363 
363 
3158.15 
363 
363 
363 
363 
363.02 
363.004 
363.002 
3209.03 
363 
363 
5479.14 
8550.2 
363 
363 
363 
363 
363 
8478.12 
363 
363 
363 
363 
363 
363.149 
363 
363 
363 
363 
3083.93 
363 
363 
363.014 
363.135 
363 
6028.85 
363 
363 
363 
363 
363 
5911.47 
363 
3282.69 
363 
363 
363 
4109.96 
363 
363 
363 
373.43 
363.081 
363 
363.765 
1722.98 
363 
372.769 
363 
363 
363 
363.001 
367.827 
363 
364.178 
5013.13 
3107.49 
363 
363 
363 
363 
363 
363 
363 
429.691 
363 
363 
363 
3862.88 
363 
363 
363 
399.232 
363 
363 
418.975 
363 
363 
363.011 
363 
363 
363 
363 
363 
363 
363 
363 
363 
363 
363 
363 
363 
402.291 
363 
9097.01 
363 
363 
363 
363 
363 
3131.35 
363.125 
363 
4424.48 
363 
363 
373.455 
6855.88 
363 
363 
363 
363 
1707.37 
388.505 
9559.56 
363 
8966.44 
363 
363 
363 
5784.88 
363 
5800.04 
363 
363 
363 
363 
363 
363 
3771.34 
518.651 
363 
363 
363 
10445.5 
363 
363 
363.084 
363 
3535.01 
3088.39 
363 
363 
363 
363 
363 
395.896 
363 
3262.58 
363 
363 
363 
3845.83 
11346 
363 
363 
774.414 
3126.16 
1515.06 
1675.01 
363 
363 
364.143 
363 
363 
363 
363 
691.168 
363 
363 
363 
363 
363 
363 
363 
363 
363 
363 
3237.45 
363 
494.715 
374.059 
363 
363 
363 
363 
363.005 
2217.88 
6468.94 
363 
433.883 
363.311 
363 
363 
4234.8 
363 
363 
363 
363 
363 
365.908 
363 
378.662 
5866.16 
3220.41 
1736.31 
363 
363 
363.03 
363 
363 
363 
363 
5990.85 
363 
363 
363 
1849.91 
363.05 
363 
363 
363 
363 
363 
363 
363 
363 
363 
3347.17 
363 
363 
363 
363 
363 
363 
363 
363 
1126.92 
363 
363 
4545.8 
668.982 
363 
363 
363.003 
363 
363 
363 
363 
363 
3626.01 
363.463 
363.189 
363 
363 
363 
363 
363 
363 
363 
676.177 
363 
363 
4296.93 
363 
4197.33 
363 
363 
363 
13435.5 
363 
363 
363 
5723.3 
1107.25 
363 
363 
363.084 
363 
3405.08 
363 
363 
363 
363 
363 
363 
363 
363.001 
363 
466.989 
363 
363 
7096.15 
363 
363 
364.134 
363.101 
363 
363 
363 
363 
363 
363 
363.07 
363 
3397.16 
363 
363 
1113.2 
6143.62 
6700.72 
9615.44 
363 
363 
363 
363.004 
363 
363 
363 
363 
363 
363 
363 
363 
363 
363 
363 
1193.96 
2143.23 
1729.6 
363.133 
363 
363 
448.13 
1029.3 
363 
363 
6540.38 
363 
363 
363 
363 
363 
1062.98 
363 
3375.59 
363.007 
6224.81 
3184.87 
363 
363 
363 
363 
363 
363 
363 
363 
363 
1069.28 
363 
367.151 
363.011 
1542.32 
363 
363 
1714.4 
363 
363 
363 
363 
392.325 
363 
363 
363 
3176.84 
363 
363 
363 
363 
363 
363 
363.012 
363 
363.051 
524.739 
3916.67 
363 
9178.61 
379.033 
363 
363.066 
