363 
5059.53 
13431.5 
7153.22 
363 
363 
363 
363 
363 
363 
363.002 
371.87 
363 
6275.04 
366.819 
363 
2521.24 
533.94 
2549.3 
363 
363 
6408.73 
363 
363 
363 
3677.02 
6396.8 
3348.33 
363.038 
363 
8283.6 
363 
363 
363 
5107.5 
363 
363 
1680.41 
6384.88 
2011.78 
7099.06 
5282.33 
363 
399.252 
363 
363 
1249.74 
363 
9232.19 
9474.51 
377.799 
538.316 
363 
363 
363 
368.205 
363 
363.001 
363.235 
414.18 
3147.22 
363.589 
367.245 
363 
363.001 
363.001 
363 
363.098 
363 
363 
363.001 
363.047 
870.579 
363 
363 
363 
363 
373.069 
558.392 
363 
363 
1220 
365.275 
363 
3356.56 
363 
363.003 
6748.93 
363.448 
5095.39 
363.001 
363 
363 
363 
5864.16 
363 
363 
363 
3341.32 
3711.08 
363.001 
363 
363 
363 
363 
363 
363 
363 
4966.85 
363 
375.642 
8523.3 
363 
365.276 
363 
363.211 
363.016 
363.005 
11682.5 
3133.87 
363 
363 
4926.46 
6590.91 
5939.12 
363 
363 
363 
363 
6301.91 
363 
363.001 
363 
363 
363.266 
3385.27 
363.309 
363.059 
363 
363 
1724.08 
363 
363.047 
363.097 
363.152 
363 
4960.33 
363 
363 
363 
363 
363 
4915.73 
363 
3211.14 
363 
14246.2 
363 
3897.95 
363 
363 
363 
372.086 
4051.71 
363 
363.526 
3499.11 
363 
369.998 
363 
1725.02 
363 
616.33 
366.231 
363 
468.81 
6736.82 
1724.1 
363 
363 
363 
363 
363 
363 
363.046 
412.543 
363 
363 
363 
3663.88 
363.001 
363 
363 
12724.2 
363 
363 
411.721 
363 
363 
363.008 
363 
363 
363 
363 
363 
363 
884.258 
363 
363 
363 
363 
363.001 
3087.97 
447.542 
952.277 
6590.59 
364.17 
3092.46 
363 
3545.55 
363 
1744.75 
363.083 
3084.04 
4033.84 
363.008 
363 
371.326 
5750.32 
363 
3179.21 
363 
363 
1327.33 
381.028 
6454.9 
363 
6132.81 
363 
363 
363 
4984.44 
363.002 
4891.29 
363 
363 
377.822 
363 
2478.72 
363 
3565.8 
473.406 
363 
363 
363 
6006.07 
363 
363 
363.741 
363 
3387.07 
1676.18 
363 
363 
363 
363 
363 
389.095 
367.667 
3156.15 
363 
363 
363 
3675.47 
7669.38 
363 
363 
650.623 
7690.92 
1251.7 
1053.32 
363 
363 
363.814 
363 
363 
363 
363 
1688.15 
363 
363 
363 
363 
363 
363 
363 
363 
363 
363 
3285.87 
363.001 
465.702 
370.558 
367.011 
363 
363 
363 
363.005 
1278.71 
5134.44 
1325.01 
4204.95 
5636.32 
363 
363 
3954.84 
367.959 
363 
363 
363 
363 
3142.12 
363 
381.656 
4954.23 
3104.28 
1179.74 
363 
363.187 
5883.3 
363 
363 
363 
363 
5005.89 
363 
363 
363 
1319.1 
8686.03 
363.001 
363 
1317.19 
363 
363 
363 
363 
366.338 
363 
3235.7 
363 
363 
363 
364.638 
363 
363 
4144.24 
363 
842.29 
363 
363 
4120.81 
1729.56 
363 
363 
363.002 
363 
363 
3286.53 
363.087 
363 
3423.23 
514.802 
369.412 
2430.24 
363 
363 
363 
363 
363.464 
363 
657.479 
363 
363 
3979.53 
363.544 
3924.94 
363 
363 
411.651 
6691.69 
363 
363 
363 
4790.97 
807.996 
363 
363 
363.169 
363 
3280.58 
367.601 
363 
363 
363 
363 
363 
363 
1422.32 
363 
1047.71 
363 
363.034 
5540.94 
363 
1950.25 
363.832 
363.068 
363 
363 
363 
363 
363 
363 
363.047 
363 
5678.26 
363 
363 
1045.18 
4986.07 
6138.01 
5904.8 
363 
363 
363 
363.003 
363 
363 
1015.61 
363 
5864.55 
363 
363 
363 
363 
363 
363 
1178.92 
1300.24 
1721.7 
11411.8 
3220.03 
363 
6629.39 
764.08 
363 
363 
5166.67 
363 
363 
363 
363 
363 
804.391 
363 
4214.04 
363.031 
5303.36 
4544.3 
363 
363 
363 
363 
363 
363 
1591.3 
363 
363 
776.186 
363 
365.305 
363.008 
934.476 
363 
363 
1322.87 
4844.07 
363 
363 
363.001 
384.491 
363 
363 
363 
1944.1 
363 
3660.45 
363.034 
363 
363 
363 
13475.4 
363 
363.031 
1023.75 
3702.17 
363 
6159.02 
476.471 
363 
363.044 
