363 
6096.02 
363 
12535.3 
363 
363 
363 
363 
363 
363 
363 
369.769 
363 
9149.28 
363 
363 
363.049 
585.771 
363 
363 
363 
407.125 
363 
363 
363 
3862.7 
8045.53 
363 
363.049 
363 
363 
363 
363 
363 
6123.53 
363 
363 
1783.12 
5280.5 
3081.73 
8923.69 
363.004 
363 
369.641 
363 
363 
363 
363 
3115.1 
3237.06 
381.418 
363 
363 
363 
363 
369.412 
363 
363 
363.316 
363.973 
363 
363.227 
363 
363 
363 
363.001 
363 
363 
363 
363 
363 
363 
364.384 
363 
363 
363 
363 
363 
363 
363 
363 
1723.2 
366.465 
363 
363 
363 
363.003 
4647.22 
363.166 
6213.55 
363 
363 
363 
363 
7700.45 
363 
363 
363 
3093.89 
502.097 
363 
363 
363 
363 
363 
363 
363 
363 
5716.5 
363 
363 
3087.77 
363 
363 
363 
363 
363.021 
363.004 
363 
3213.18 
363 
363 
5515.63 
7842.01 
363 
363 
363 
363 
363 
8699.94 
363 
363 
363 
363 
363 
363.024 
363 
363 
363 
363 
3087.96 
363 
363 
363.007 
363.108 
363 
6115.09 
363 
363 
363 
363 
363 
5989.79 
363 
3260.15 
363 
363 
363 
4122.42 
363 
363 
363 
373.501 
363.012 
363 
363.78 
1114.32 
363 
372.78 
363 
363 
363 
363 
367.915 
363 
363.407 
4223.25 
3111.76 
363 
363 
363 
363 
363 
363 
363 
430.75 
363 
363 
363 
3874.57 
363 
363 
363 
369.384 
363 
363 
413.036 
363 
363 
363.011 
363 
363 
363 
363 
363 
363 
363 
363 
363 
363 
363 
363 
363 
388.046 
363 
9372.39 
363 
363 
363 
363 
363 
3137.3 
363.128 
363 
4449.48 
363 
363 
373.581 
6941.35 
363 
363 
363 
363 
1715.22 
388.976 
9679.27 
363 
9119.56 
363 
363 
363 
5843.03 
363 
5869.34 
363 
363 
363 
363 
363 
363 
3781.32 
521.528 
363 
363 
363 
11228.4 
363 
363 
363.041 
363 
3543.51 
3093.65 
363 
363 
363 
363 
363 
396.294 
363 
3268.58 
363 
363 
363 
3855.38 
8013.74 
363 
363 
782.534 
2772.07 
1547.86 
1674.3 
363 
363 
364.164 
363 
363 
363 
363 
521.066 
363 
363 
363 
363 
363 
363 
363 
363 
363 
363 
3189.44 
363 
496.465 
374.282 
363 
363 
363 
363 
363.004 
2379.48 
6586.12 
363 
380.421 
363.046 
363 
363 
4251.81 
363 
363 
363 
363 
363 
363.646 
363 
375.43 
5935.47 
3227 
1747.63 
363 
363 
363.004 
363 
363 
363 
363 
6067.57 
363 
363 
363 
1893.31 
363.006 
363 
363 
363 
363 
363 
363 
363 
363 
363 
3353.42 
363 
363 
363 
363 
363 
363 
363 
363 
1149.67 
363 
363 
4573.34 
539.198 
363 
363 
363.003 
363 
363 
363 
363 
363 
3638.04 
363.138 
363.098 
363 
363 
363 
363 
363 
363 
363 
675.937 
363 
363 
4316.56 
363 
4189.05 
363 
363 
363 
14420.4 
363 
363 
363 
5795.59 
1131.95 
363 
363 
363.078 
363 
3412.16 
363 
363 
363 
363 
363 
363 
363 
363 
363 
414.281 
363 
363 
7238.14 
363 
363 
364.153 
363.103 
363 
363 
363 
363 
363 
363 
363.071 
363 
3219.41 
363 
363 
1115.71 
6240.07 
6072.67 
10200.5 
363 
363 
363 
363.004 
363 
363 
363 
363 
363 
363 
363 
363 
363 
363 
363 
1192.93 
2237.98 
1659.68 
363.017 
363 
363 
381.874 
1050.45 
363 
363 
6655.34 
363 
363 
363 
363 
363 
1083.12 
363 
3233.34 
363.006 
6293.51 
3111.29 
363 
363 
363 
363 
363 
363 
363 
363 
363 
1093.53 
363 
367.185 
363.011 
1621.95 
363 
363 
1687.98 
363 
363 
363 
363 
392.81 
363 
363 
363 
3184.4 
363 
363 
363 
363 
363 
363 
363.001 
363 
363.053 
474.722 
3929.37 
363 
9558.99 
370.961 
363 
363.066 
