363.001 
4246.93 
6559.35 
5012.1 
3384.95 
363 
4818.7 
3310.35 
363 
12583.9 
460.435 
373.363 
12649.7 
4906.91 
367.791 
3107.5 
1115.39 
473.355 
1532.09 
3107.68 
412.9 
4818.05 
363 
363 
363.034 
3391.87 
5258.93 
5514.17 
363.026 
363 
6491.47 
363.649 
366.407 
363 
4299.11 
2268.82 
363.001 
984.999 
4881.03 
949.917 
5529.06 
4677.33 
363 
414.264 
363 
363 
1454.19 
3442.34 
5726.18 
6016.31 
373.107 
1650.42 
363 
363 
363 
366.729 
363 
363.001 
363.147 
496.313 
1729.91 
363.507 
726.194 
3349.69 
363.002 
363 
363 
363.275 
363.042 
950.844 
363.178 
651.977 
665.175 
371.496 
363 
363 
3085.07 
370.353 
6917.55 
456.017 
1544.92 
786.671 
364.16 
363 
6587.78 
375.728 
363.003 
4779.21 
363.858 
4249.67 
363.002 
363 
1241.53 
363.013 
4734.96 
3107.21 
363 
1255.3 
3186.38 
3520.23 
363.017 
363 
598.918 
385.407 
363 
363 
363 
9653.12 
4286.94 
3639.5 
3223.49 
5599.83 
365.688 
7528.25 
619.306 
416.185 
363.011 
363.005 
5342.41 
1734.82 
363 
387.965 
4339.34 
5000.88 
5345.5 
4626.98 
363 
363 
899.795 
5002.79 
363.001 
363.009 
363 
363 
363.528 
3256.88 
7327.16 
363.041 
363 
363 
1187.53 
363 
3217.17 
363.059 
363.091 
368.625 
4113.8 
363.001 
363 
363 
4406.81 
363 
4100.94 
365.59 
2080.46 
3619.18 
5948.57 
7449.27 
3619.31 
363 
6532.86 
363.072 
369.961 
3630.84 
363 
363.28 
3316.02 
363.001 
366.918 
363 
6943.73 
9811.87 
861.491 
364.639 
363 
421.067 
4890.32 
936.535 
363.01 
3452.27 
363.022 
384.113 
363 
363 
364.857 
393.274 
363 
363 
363 
3402.26 
7789.96 
363 
363 
6280.31 
363 
363 
393.292 
363 
363 
363.005 
363 
3142.21 
363 
363 
374.769 
3262.69 
6666.76 
363 
9412.29 
364.507 
363.146 
363 
1711.9 
406.732 
7327.52 
5188.29 
363.785 
3687.78 
363 
3420.51 
427.381 
905.582 
363.042 
1788.06 
3595.99 
7867.88 
363 
368.675 
4823.48 
363 
3353.63 
363.071 
363.06 
1118.49 
373.066 
4950.7 
363.065 
4725.68 
4752.96 
430.571 
476.595 
4251.61 
8408.98 
4114.56 
363.081 
363 
486.021 
363 
3939.24 
3239.16 
3298 
425.703 
11989.1 
363 
363 
4495.84 
363 
3231.7 
363.39 
363 
3183.59 
855.127 
363 
363 
363 
6169.1 
363 
380.482 
365.985 
1695.02 
363 
363 
363.157 
3443.97 
5067.03 
363.025 
363 
528.37 
5778.65 
1140.63 
679.665 
363 
363 
363.46 
363 
363.05 
363 
372.568 
811.691 
363.003 
363.004 
363 
363 
363 
363 
363 
363 
363 
363 
3136.2 
363 
430.963 
366.99 
366.806 
363 
363 
530.272 
363.002 
710.464 
4182.44 
3153.92 
3804.47 
4520.09 
396.139 
12780.7 
3610.08 
1724.93 
363 
363.001 
363 
363 
1745.74 
363 
375.498 
4171.39 
1217.85 
725.454 
363 
370.287 
4496.86 
363 
363 
374.233 
363 
4188.15 
363 
363 
1723.34 
779.101 
5293.88 
363.009 
363 
6015.59 
1774.66 
363 
363 
363 
1037.64 
363 
2795.53 
363 
8647.73 
363 
369.423 
363.038 
363.014 
5068.28 
365.141 
619.761 
363.516 
363 
3654.73 
1152.61 
363 
365.59 
363.001 
363 
363 
5135.3 
363.045 
363 
3161.44 
444.874 
370.238 
1041.74 
363.012 
12057.1 
8037.5 
1190.72 
372.145 
363.001 
618.248 
363 
363 
3601.5 
3641.75 
3571.31 
5906.44 
363 
453.115 
4900.13 
392.49 
7466.35 
363.003 
4012.13 
586.104 
3413.39 
363 
363.218 
363.475 
3105.09 
389.03 
363.001 
363 
363 
363 
363 
363 
1409.94 
363 
705.789 
363 
363.018 
4481.1 
3100.85 
1416.06 
363.494 
363.034 
363 
367.341 
363 
9583.39 
363.057 
363 
363.024 
370.173 
4688.26 
363 
363 
758.476 
4105.6 
4860.07 
4467.13 
3105.78 
363 
574.767 
363.001 
379.595 
3316.62 
677.066 
363 
5297.94 
363 
363.024 
363 
899.789 
363 
363 
1134.13 
714.776 
1199 
5243.09 
4653.92 
363 
4734.19 
561.277 
4758.1 
363 
4198.82 
363 
363 
363 
6225.11 
363 
597.062 
363 
3690.37 
363.098 
4490.79 
3921.32 
7511.07 
363 
363.018 
363 
363 
363.001 
808.548 
363.043 
363.033 
562.121 
363 
363.935 
363.005 
674.162 
363 
366.698 
778.743 
5577.93 
363 
370.877 
1691.82 
375.752 
363 
363 
363 
819.2 
1667.62 
5987.62 
388.955 
363 
2936.61 
363 
5354.75 
363 
363.014 
1102.91 
3424.26 
363 
4745.37 
428.771 
363 
363.021 
