363 
5951.39 
363 
14852 
363 
363 
363 
363 
363 
363 
363 
370.034 
363 
8587.45 
363 
363 
364.147 
580.375 
363 
363 
363 
1031.82 
363 
363 
363 
3877.45 
7796.78 
363 
363.047 
363 
363 
363 
363 
363 
5982.98 
363 
363 
2018.56 
6905.32 
3105.8 
9433.48 
363.143 
363 
373.466 
363 
363 
363 
363 
3539.86 
4181.38 
381.298 
363 
363 
363 
363 
369.279 
363 
363 
363.307 
365.889 
363.006 
363.296 
363 
363 
363 
363.001 
363 
363.001 
363 
363 
363 
363 
374.001 
363 
363 
363 
363 
363.001 
363 
363 
363 
1705.59 
366.322 
363 
363 
363 
363.003 
6880.67 
363.194 
6054.12 
363 
363 
363 
363 
7401.53 
363 
363 
363 
3173.37 
775.329 
363 
363 
363 
363 
363 
363 
363.001 
363 
5620.18 
363 
363 
3328.54 
363 
363 
363 
363 
363.02 
363.004 
363.015 
3204.9 
363 
363 
5443.59 
8958.31 
363 
363 
363 
363 
363 
8275.8 
363 
363 
363 
363 
363 
363.807 
363 
363 
363 
363 
3073.35 
363 
363 
363.025 
363.158 
363 
5947.26 
363 
363 
363 
363 
363 
5837 
363 
3295.28 
363 
363 
363 
4097.65 
363 
363 
363 
373.36 
363.495 
363 
363.75 
2855.04 
363 
372.663 
363 
363 
363 
363.004 
367.731 
363 
366.01 
5992.35 
3102.72 
363 
363 
363 
363 
363 
363 
363 
428.649 
363 
363 
363 
3851.33 
363 
363 
363 
543.264 
363 
363 
422.612 
363 
363 
363.01 
363 
363 
363 
363 
363 
363 
363 
363 
363 
363 
363 
363 
363 
418.774 
363 
8851.32 
363 
363 
363 
363 
363 
3125.42 
363.123 
363.003 
4400.03 
363 
363 
373.33 
6774.45 
363 
363 
363 
363 
1699.62 
388.043 
9326.69 
363 
8735.81 
363 
363 
363 
5728.97 
363 
5733.89 
363 
363 
363 
363 
363 
363 
3760.01 
515.831 
363 
363 
363 
9799.41 
363 
363 
363.156 
363 
3526.58 
3083.16 
363 
363 
363 
363 
363 
395.502 
363 
3256.63 
363 
363 
363 
3836.15 
14756.1 
363 
363 
766.393 
3241.47 
1486.13 
1670.6 
363 
363 
364.123 
363 
363 
363 
363 
968.87 
363 
363 
363 
363 
363 
363 
363 
363 
363 
363 
3281.31 
363 
492.99 
373.839 
363 
363 
363 
363 
363.006 
2089.98 
6359.64 
363 
616.391 
364.852 
363 
363 
4218.06 
363 
363 
363 
363 
363 
374.499 
363 
381.339 
5799.95 
3213.88 
1725.24 
363 
363 
363.211 
363 
363 
363 
363 
5917.85 
363 
363 
363 
1801.3 
363.359 
363 
363 
363 
363 
363 
363 
363 
363 
363 
3340.96 
363 
363 
363 
363 
363 
363 
363 
363 
1105.35 
363 
363 
4518.9 
870.786 
363 
363 
363.003 
363 
363 
363 
363.001 
363 
3614.14 
364.372 
363.362 
363 
363 
363 
363 
363 
363 
363 
676.165 
363 
363 
4277.65 
363 
4191.46 
363 
363 
363 
12459.5 
363 
363 
363 
5654.45 
1083.97 
363 
363 
363.089 
363 
3398.07 
363 
363 
363 
363 
363 
363 
363 
363.007 
363 
550.998 
363 
363 
6964.64 
363 
363 
364.116 
363.099 
363 
363 
363 
363 
363 
363 
363.068 
363 
3680.76 
363 
363 
1110.77 
6052.84 
7156.62 
9126.14 
363 
363 
363 
363.004 
363 
363 
363 
363 
363 
363 
363 
363 
363 
363 
363 
1194.62 
2047.26 
1996.48 
363.944 
363 
363 
699.901 
1009.23 
363 
363 
6428.72 
363 
363 
363 
363 
363 
1043.81 
363 
3565.37 
363.007 
6159 
3312.63 
363 
363 
363 
363 
363 
363 
363.002 
363 
363 
1046.43 
363 
367.061 
363.011 
1474.18 
363 
363 
1730.3 
363 
363 
363 
363 
391.849 
363 
363 
363 
3169.34 
363 
363 
363 
363 
363 
363 
363.101 
363 
363.05 
573.64 
3904.14 
363 
8841.15 
391.797 
363 
363.066 
