363 
5173.08 
5296.23 
7635.57 
363 
363 
363 
363 
363 
363 
363 
371.628 
363 
6503.78 
365.282 
363 
3082.15 
541.074 
1245.43 
363 
363 
6676.33 
363 
363 
363 
3708.86 
6564.57 
2003.86 
363.04 
363 
4739.76 
363 
363 
363 
5219.73 
363 
363 
1701.97 
6651.5 
2379.88 
7364.66 
4760.13 
363 
395.902 
363 
363 
497.386 
363 
10381.4 
10527.7 
378.338 
370.481 
363 
363 
363 
368.37 
363 
363 
363.246 
404.748 
3128.32 
363.57 
363.11 
363 
363 
363.001 
363 
363.078 
363 
363 
363 
363 
898.739 
363 
363 
363 
363 
372.926 
364.612 
363 
363 
1301.33 
365.423 
363 
1671.74 
363 
363.003 
7179.07 
363.406 
5215.42 
363.001 
363 
363 
363 
6038.08 
363 
363 
363 
3357.38 
3728.31 
363 
363 
363 
363 
363 
363 
363 
363 
5055.63 
363 
363.117 
9320.55 
363 
363.005 
363 
363.004 
363.017 
363.005 
9007.79 
3145.29 
363 
363 
4999.56 
6878.56 
3894.87 
363 
363 
363 
363 
6510.93 
363 
363.001 
363 
363 
363.042 
3369.41 
363.006 
363.061 
363 
363 
1745.94 
363 
363 
363.101 
363.159 
363 
5082.07 
363 
363 
363 
363 
363 
5031.22 
363 
3227.64 
363 
6213.37 
363 
3928.63 
363 
363 
363 
372.297 
3948.66 
363 
363.558 
3518.35 
363 
370.39 
363 
380.761 
363 
533.323 
366.443 
363 
474.991 
7113.29 
1776.82 
363 
363 
363 
363 
363 
363 
363.002 
414.91 
363 
363 
363 
3692.69 
363 
363 
363 
15859.3 
363 
363 
414.041 
363 
363 
363.009 
363 
363 
363 
363 
363 
363 
368.133 
363 
363 
363 
363 
363.001 
1358.54 
452.992 
369.101 
6821.19 
363.628 
749.862 
363 
3271.37 
363 
1912.57 
363.089 
2602 
4086.76 
363 
363 
371.63 
5880.27 
363 
2107.96 
363 
363 
1379.38 
382.042 
6719.4 
363 
6377.06 
363 
363 
363 
5082.96 
363 
4999.2 
363 
363 
370.199 
363 
500.544 
363 
3595.54 
479.502 
363 
363 
363 
6288.8 
363 
363 
363.787 
363 
3408.86 
1706.65 
363 
363 
363 
363 
363 
390.076 
367.676 
3172.08 
363 
363 
363 
3700.46 
8369.13 
363 
363 
666.724 
8045.95 
1272.04 
1121.02 
363 
363 
363.859 
363 
363 
363 
363 
1724.67 
363 
363 
363 
363 
363 
363 
363 
363 
363 
363 
3301.37 
363.001 
469.793 
371.026 
364.606 
363 
363 
363 
363.005 
1426.27 
5277.58 
403.317 
4245.06 
5449.57 
363 
363 
3994.32 
363.046 
363 
363 
363 
363 
3158.06 
363 
382.371 
5062.77 
3121.56 
1271.06 
363 
363.068 
5367.42 
363 
363 
363 
363 
5121.05 
363 
363 
363 
1440.21 
7891.98 
363 
363 
412.923 
363 
363 
363 
363 
363.054 
363 
3252.4 
363 
363 
363 
363.185 
363 
363 
3202.61 
363 
874.895 
363 
363 
4177.83 
1795.82 
363 
363 
363.002 
363 
363 
1829.13 
363.093 
363 
3452.37 
523.876 
369.466 
1718.02 
363 
363 
363 
363 
363.022 
363 
661.592 
363 
363 
4023.67 
363.002 
3965.72 
363 
363 
371.312 
7048.25 
363 
363 
363 
4900.33 
841.445 
363 
363 
363.159 
363 
3299.08 
363.413 
363 
363 
363 
363 
363 
363 
1341.01 
363 
1105.51 
363 
363.03 
5703.24 
363 
1011.1 
363.874 
363.072 
363 
363 
363 
363 
363 
363 
363.05 
363 
5822.15 
363 
363 
1072.38 
5114.96 
6344.91 
6166.43 
363 
363 
363 
363.003 
363 
363 
773.769 
363 
4065.99 
363 
363 
363 
363 
363 
363 
1183.14 
1448.57 
1746.33 
12055.7 
1692.72 
363 
6975.88 
794.375 
363 
363 
5313.07 
363 
363 
363 
363 
363 
834.517 
363 
4280.02 
363.026 
5414.6 
4625.65 
363 
363 
363 
363 
363 
363 
1531.66 
363 
363 
808.818 
363 
365.528 
363.008 
983.632 
363 
363 
1445.77 
3251.34 
363 
363 
363 
385.57 
363 
363 
363 
2355.22 
363 
2944.75 
363.001 
363 
363 
363 
13128.7 
363 
363.034 
991.659 
3733.04 
363 
6404.49 
484.097 
363 
363.047 
