363 
4467.48 
7764.38 
5459.49 
3409.5 
363 
3395.02 
363.003 
363 
5229.92 
480.155 
373.03 
647.364 
5242.22 
367.655 
434.297 
1490.4 
491.212 
1729.14 
363.002 
363 
5186.57 
363 
363 
363.038 
3480.14 
5558.32 
6273 
363.03 
363 
7353.52 
363 
363 
363 
4519.34 
1717.23 
363.001 
1148.95 
5237.83 
1206.09 
5911.29 
4883.19 
363 
412.846 
363 
363 
1702.9 
3327.77 
6337.95 
6640.54 
374.522 
1772.4 
363 
363 
363 
367.182 
363 
363.001 
363.172 
473.012 
2322.1 
363.567 
812.292 
605.032 
363.003 
363 
363 
363.219 
363 
363 
363.219 
697.623 
720.837 
372.31 
363 
363 
363.009 
371.199 
8098.15 
449.19 
394.011 
886.313 
364.462 
363 
8142.25 
363.131 
363.003 
5197.45 
363.728 
4477.15 
363.002 
363 
1684.07 
363 
5024.78 
363.008 
363 
363 
3236.53 
3581.78 
363.014 
363 
513.496 
363.148 
363 
363 
363 
15672.3 
4478.9 
3755.89 
3279.14 
6154.96 
363 
11098.8 
363 
427.706 
363.013 
363.005 
6119.74 
2208.36 
363 
390.386 
4509.79 
5373.97 
5951.65 
3194.91 
363 
363 
944.772 
5328.1 
363 
363.006 
363 
363 
363.674 
3299.62 
8911.03 
363.046 
363 
363 
1348.02 
363 
3280.6 
363.07 
363.109 
363 
4339.78 
363 
363 
363 
4083.3 
363 
4320.27 
363 
3103.66 
1675.05 
7014.57 
6129.84 
3706.3 
363 
513.705 
363.082 
370.661 
3760.59 
363 
363.348 
3374.75 
363.001 
367.782 
363 
9321.39 
2730.49 
841.552 
365.07 
363 
434.274 
5296.62 
1132 
363.008 
3120.36 
363 
388.683 
363 
363 
365.322 
398.824 
363 
363 
363 
3483.95 
13774.8 
363 
363 
7087.67 
363 
363 
398.528 
363 
363 
363.006 
363 
364.536 
363 
363 
363.776 
3130.84 
8259.54 
363 
4322.64 
363.004 
363.09 
363 
2938.96 
417.788 
8873.84 
5535.14 
363.967 
3801.41 
363 
3512.62 
383.853 
1112.96 
363.053 
1852.91 
3725.34 
10517.6 
363 
369.474 
5074.52 
363 
3455.38 
363 
363.035 
1158.13 
375.296 
5309.19 
363 
5063.47 
402.581 
363 
448.929 
4455.01 
10248.7 
4326.08 
363 
363 
454.306 
363 
4075.82 
363.046 
3381.2 
439.067 
4019.16 
363 
363 
4843.73 
363 
3249.55 
363.486 
363 
3248.19 
1013.5 
363 
363 
363 
2687.07 
363 
383.088 
366.483 
2095.17 
363 
363 
363 
3517.12 
5565.03 
363 
363 
562.145 
6220.51 
1167.37 
766.196 
363 
363 
363.56 
363 
363 
363 
363 
975.624 
363.003 
363 
363 
363 
363 
363 
363 
363 
363 
363 
3184.67 
363.001 
441.273 
367.968 
367.419 
363 
363 
363.021 
363.003 
818.915 
4430.18 
3225.79 
3925.16 
4811.04 
363.007 
443.47 
3715.24 
3082.79 
363 
363.001 
363 
363 
1933.47 
363 
377.342 
4384.81 
1672.48 
825.636 
363 
366.845 
4846.89 
363 
363 
363 
363 
4409.11 
363 
363 
928.516 
892.56 
5895.73 
363.014 
363 
6988.52 
2272.91 
363 
363 
363 
1333.01 
363 
3127.2 
363 
4797.4 
363 
370.626 
363.046 
363.001 
5642.9 
363.482 
677.655 
363.635 
363 
3791.45 
1270.47 
363 
364.957 
363.001 
363 
363 
5648.16 
363.056 
363 
3242.65 
464.01 
369.861 
1416.95 
363 
2726.6 
13841.6 
363.253 
374.289 
363 
630.125 
363 
363 
3715.49 
3768.97 
3678.72 
6388.29 
363 
475.858 
5299.46 
363 
363.2 
363.003 
4222.93 
642.586 
369.178 
363 
363.212 
363.538 
3161.31 
394.25 
363 
363 
363 
363 
363 
363 
1428.47 
363 
788.349 
363 
363.022 
4754.06 
363 
1703.99 
363.591 
363.043 
363 
363 
363 
7474.38 
363 
363 
363.03 
365.272 
4950.86 
363 
363 
849.496 
4338.26 
5178.96 
4803.45 
363 
363 
363 
363.002 
363 
363.001 
773.499 
363 
5783.8 
363 
363.005 
363 
478.434 
363 
363 
1148.58 
829.892 
1343.87 
5959.67 
5054.28 
363 
5141.85 
613.018 
363.496 
363 
4449.83 
363 
363 
363 
397.446 
363 
651.147 
363 
3841.33 
363.073 
4713.94 
4097.18 
3149.23 
363 
363.002 
363 
363 
363 
949.953 
363 
363.034 
616.032 
363 
364.255 
363.006 
730.627 
363 
363 
892.674 
6542.69 
363 
367.428 
2203.75 
378.256 
363 
363 
363 
1034.17 
363 
7261.86 
379.672 
363 
590.291 
363 
6149 
363 
363.018 
1099.27 
3510.57 
363 
5084.65 
439.717 
363 
363.027 
