363 
6860.06 
363 
2553.84 
363 
363 
363 
363 
363 
363 
363 
368.455 
363 
13281.7 
363 
363 
363 
513.716 
363 
363 
363 
363 
363 
363 
363 
3124.89 
9511.73 
363 
363.054 
363 
363 
363 
363 
363 
6858.03 
363 
363 
391.207 
792.941 
368.116 
3203.65 
363 
363 
363.03 
363 
363 
363 
363 
364.312 
363.146 
366.784 
363 
363 
363 
363 
369.68 
363 
363 
363.299 
363 
363 
363.009 
363 
363 
363 
363 
363 
363 
363 
363 
363 
363 
363 
363 
363 
363 
363 
363 
363 
363 
363 
2021.42 
367.039 
363 
363 
363 
363.002 
422.688 
363.062 
7075.55 
363 
363 
363 
363 
9725.69 
363 
363 
363 
364.103 
363.176 
363 
363 
363 
363 
363 
363 
363 
363 
6180.83 
363 
363 
363.012 
363 
363 
363 
363 
363.023 
363.003 
363 
3247.16 
363 
363 
5847.29 
3091.2 
363 
363 
363 
363 
363 
8274.63 
363 
363 
363 
363 
363 
363 
363 
363 
363 
363 
3120.61 
363 
363 
363 
363 
363 
6924.04 
363 
363 
363 
363 
363 
6182.85 
363 
976.453 
363 
363 
363 
4154.69 
363 
363 
363 
374.062 
363 
363 
363.913 
363.005 
363 
364.706 
363 
363 
363 
363 
365.113 
363 
363 
400.051 
2360.78 
363 
363 
363 
363 
363 
363 
363 
439.89 
363 
363 
363 
3973.38 
363 
363 
363 
363 
363 
363 
363.829 
363 
363 
363.011 
363 
363 
363 
363 
363 
363 
363 
363 
363 
363 
363 
363 
363 
363.01 
363 
13994.6 
363 
363 
363 
363 
363 
3138 
363.152 
363 
4671.92 
363 
363 
374.645 
7827.54 
363 
363 
363 
363 
1923.64 
393.073 
3712.87 
363 
3827.78 
363 
363 
363 
6412.19 
363 
6578.28 
363 
363 
363 
363 
363 
363 
3348.26 
546.739 
363 
363 
363 
11931.1 
363 
363 
363 
363 
3612.27 
3136.99 
363 
363 
363 
363 
363 
399.633 
363 
3318.1 
363 
363 
363 
3606.19 
466.795 
363 
363 
672.253 
363.011 
1686.01 
468.782 
363 
363 
364.342 
363 
363 
363 
363 
363.006 
363 
363 
363 
363 
363 
363 
363 
363 
363 
363 
406.163 
363 
511.393 
373.555 
363 
363 
363 
363 
363 
3116.63 
7941.89 
363 
363 
363 
363 
363 
4372.57 
363 
363 
363 
363 
363 
363 
363 
363.047 
6642.47 
3281.64 
2430.94 
363 
363 
363 
363 
363 
363 
363 
6866.87 
363 
363 
363 
991.724 
363 
363 
363 
363 
363 
363 
363 
363 
363 
363 
3348.23 
363 
363 
363 
363 
363 
363 
363 
363 
1395.46 
363 
363 
4819.7 
363.402 
363 
363 
363.003 
363 
363 
363 
363 
363 
3687.44 
363 
363 
363 
363 
363 
363 
363 
363 
363 
665.24 
363 
363 
4487.52 
363 
3199.52 
363 
363 
363 
4878.12 
363 
363 
363 
6547.57 
1352.63 
363 
363 
363.025 
363 
3470.87 
363 
363 
363 
363 
363 
363 
363 
363 
363 
363.002 
363 
363 
9038.85 
363 
363 
364.313 
363.122 
363 
363 
363 
363 
363 
363 
363.084 
363 
378.563 
363 
363 
1139.63 
7326.1 
1871.2 
10565.5 
363 
363 
363 
363.005 
363 
363 
363 
363 
363 
363 
363 
363 
363 
363 
363 
1141.14 
1113.31 
373.544 
363 
363 
363 
363 
1275.31 
363 
363 
5089.78 
363 
363 
363 
363 
363 
1238.52 
363 
367.363 
363.001 
6981.58 
363.253 
363 
363 
363 
363 
363 
363 
363 
363 
363 
1364.95 
363 
363.611 
363.013 
1727.58 
363 
363 
381.281 
363 
363 
363 
363 
396.989 
363 
363 
363 
3247.42 
363 
363 
363 
363 
363 
363 
363 
363 
363.065 
363.013 
4037.1 
363 
7525.42 
363 
363 
363.008 
