363 
4608.85 
9002.53 
5784.04 
3136.04 
363 
605.151 
363 
363 
692.078 
480.259 
372.78 
363.005 
5469.11 
367.57 
363.131 
1682.55 
502.191 
1954.98 
363 
363 
5442.68 
363 
363 
363.011 
3532.23 
5753.6 
6925.47 
363.032 
363 
8082.79 
363 
363 
363 
4660.21 
385.528 
363.001 
1275.59 
5483.05 
1462.66 
6170.79 
5011.65 
363 
410.852 
363 
363 
1765.86 
1698.06 
6809.52 
7116.88 
375.376 
2184.27 
363 
363 
363 
367.451 
363 
363.001 
363.188 
458.044 
3087.68 
363.591 
870.872 
363.037 
363.003 
363 
363 
363.186 
363 
363 
363.245 
714.669 
756.723 
365.086 
363 
363 
363 
371.701 
9073.04 
372.264 
363.015 
955.94 
364.659 
363 
10136.5 
363 
363.003 
5498.95 
363.652 
4623.71 
363.001 
363 
1481.96 
363 
5216.35 
363 
363 
363 
3265.19 
3617.08 
363.012 
363 
367.571 
363 
363 
363 
363 
3416.22 
4599.13 
3314.07 
3305.88 
6571.76 
363 
15830.5 
363 
434.799 
363.014 
363.005 
6807.56 
3011.23 
363 
385.94 
4614.72 
5631.71 
6429.58 
406.095 
363 
363 
609.741 
5545.88 
363 
363.004 
363 
363 
363.77 
3323.87 
7850.25 
363.05 
363 
363 
1502.31 
363 
3255.9 
363.077 
363.119 
363 
4486 
363 
363 
363 
3101.59 
363 
4461.51 
363 
3133.05 
363.639 
8089.25 
3107.27 
3757.32 
363 
363.004 
363.088 
371.057 
3839.56 
363 
363.392 
3408.53 
363.001 
368.331 
363 
13891.4 
363.482 
815.418 
365.35 
363 
442.745 
5585.33 
1298.85 
363 
410.659 
363 
388.172 
363 
363 
365.623 
402.285 
363 
363 
363 
3531.86 
8794.35 
363 
363 
7760.22 
363 
363 
401.819 
363 
363 
363.007 
363 
363 
363 
363 
363.001 
509.902 
10155.1 
363 
766.879 
363 
363.003 
363.001 
3117 
424.984 
10507.2 
5768.79 
364.083 
3869.46 
363 
3567.14 
363.192 
1297.37 
363.06 
1936.1 
3804.09 
7399.99 
363 
369.956 
5235.63 
363 
3516.22 
363 
363.001 
1188.09 
376.716 
5555.06 
363 
5294.33 
363.002 
363 
398.265 
4583.71 
3626.2 
4461.4 
363 
363 
433.117 
363 
4158.41 
363 
3430.16 
447.562 
504.84 
363 
363 
5086.06 
363 
2994.18 
363.549 
363 
3285.63 
1139.42 
363 
363 
363 
363.894 
363 
384.658 
366.789 
3080.87 
363 
363 
363 
3559.66 
5937.99 
363 
363 
583.756 
6527.92 
1185.25 
826.824 
363 
363 
363.623 
363 
363 
363 
363 
1109.8 
363.004 
363 
363 
363 
363 
363 
363 
363 
363 
363 
3212.36 
363.001 
447.565 
368.601 
367.794 
363 
363 
363 
363.003 
901.456 
4592.72 
3267.7 
3997.7 
5005.27 
363 
363.001 
3777.92 
3119.04 
363 
363.001 
363 
363 
2292.6 
363 
378.46 
4521.27 
1739.22 
897.158 
363 
365.314 
5091.08 
363 
363 
363 
363 
4551.1 
363 
363 
366.234 
974.881 
6370.71 
363.018 
363 
7856.68 
584.663 
363 
363 
363 
1645.14 
363 
3156.81 
363 
1660.71 
363 
371.375 
363.05 
363 
6095.69 
363.003 
715.954 
363.377 
363 
3875.06 
1398.17 
363 
363.093 
363.002 
363 
363 
6033.82 
363.064 
363 
3290.49 
476.367 
369.655 
1681.75 
363 
363.342 
5783.6 
363 
375.662 
363 
637.382 
363 
363 
3783.95 
3732.05 
3742.92 
3472.94 
363 
490.739 
5581.66 
363 
363 
363.002 
4358.26 
680.491 
363 
363 
363.204 
363.15 
3193.69 
397.532 
363 
363 
363 
363 
363 
363 
1435 
363 
844.949 
363 
363.025 
4934.15 
363 
1799.67 
363.652 
363.049 
363 
363 
363 
3092.83 
363 
363 
363.034 
363.046 
5121.39 
363 
363 
905.248 
4489.65 
5392.82 
5036.09 
363 
363 
363 
363.002 
363 
363 
843.089 
363 
6139.34 
363 
363 
363 
363.555 
363 
363 
1156.98 
915.879 
1457.56 
6573.42 
5341.3 
363 
5434.32 
647.748 
363 
363 
4614.83 
363 
363 
363 
363 
363 
686.908 
363 
3934.67 
363.06 
4856.02 
4207.33 
369.991 
363 
363 
363 
363 
363 
1053.6 
363 
363.006 
652.49 
363 
364.484 
363.006 
772.115 
363 
363 
975.449 
7490.87 
363 
365.079 
2309.16 
379.823 
363 
363 
363 
1246.16 
363 
8738 
372.554 
363 
363.123 
363 
6859.96 
363 
363.021 
1092.04 
3561.38 
363 
5316.57 
447.728 
363 
363.031 
