363 
6985.87 
363 
1352.85 
363 
363 
363 
363 
363 
363 
363 
368.132 
363 
13338.7 
363 
363 
363 
479.424 
363 
363 
363 
363 
363 
363 
363 
3085.87 
9785.06 
363 
363.054 
363 
363 
363 
363 
363 
6977.57 
363 
363 
372.732 
471.731 
364.227 
3107.72 
363 
363 
363.009 
363 
363 
363 
363 
363.229 
363.018 
365.119 
363 
363 
363 
363 
369.434 
363 
363 
363.265 
363 
363 
363.004 
363 
363 
363 
363 
363 
363 
363 
363 
363 
363 
363 
363 
363 
363 
363 
363 
363 
363 
363 
2094.67 
367.038 
363 
363 
363 
363.002 
375.073 
363.05 
7213.23 
363 
363 
363 
363 
10171.8 
363 
363 
363 
363.208 
363.046 
363 
363 
363 
363 
363 
363 
363 
363 
6250.25 
363 
363 
363.001 
363 
363 
363 
363 
363.023 
363.002 
363 
3251.5 
363 
363 
5894.54 
1731.99 
363 
363 
363 
363 
363 
7217.73 
363 
363 
363 
363 
363 
363 
363 
363 
363 
363 
3124.21 
363 
363 
363 
363 
363 
6925.76 
363 
363 
363 
363 
363 
5864.7 
363 
590.308 
363 
363 
363 
4096.59 
363 
363 
363 
374.131 
363 
363 
363.931 
363.001 
363 
363.92 
363 
363 
363 
363 
364.398 
363 
363 
370.356 
1727.62 
363 
363 
363 
363 
363 
363 
363 
441.118 
363 
363 
363 
3986.44 
363 
363 
363 
363 
363 
363 
363.298 
363 
363 
363.011 
363 
363 
363 
363 
363 
363 
363 
363 
363 
363 
363 
363 
363 
363.002 
363 
14949.6 
363 
363 
363 
363 
363 
3121.42 
363.155 
363 
4702.96 
363 
363 
374.782 
7974.28 
363 
363 
363 
363 
1986.45 
393.629 
3359.32 
363 
3429.79 
363 
363 
363 
6500.38 
363 
6693.83 
363 
363 
363 
363 
363 
363 
3243.51 
550.188 
363 
363 
363 
9052.46 
363 
363 
363 
363 
3617.38 
3142.57 
363 
363 
363 
363 
363 
400.07 
363 
3324.48 
363 
363 
363 
3480.71 
382.582 
363 
363 
605.121 
363.001 
1692.81 
410.244 
363 
363 
364.366 
363 
363 
363 
363 
363.001 
363 
363 
363 
363 
363 
363 
363 
363 
363 
363 
374.503 
363 
513.381 
372.152 
363 
363 
363 
363 
363 
3123.34 
8127.95 
363 
363 
363 
363 
363 
4357.26 
363 
363 
363 
363 
363 
363 
363 
363.014 
6757.31 
3288.71 
2592.71 
363 
363 
363 
363 
363 
363 
363 
6994.87 
363 
363 
363 
723.488 
363 
363 
363 
363 
363 
363 
363 
363 
363 
363 
3314.93 
363 
363 
363 
363 
363 
363 
363 
363 
1438.42 
363 
363 
4852.46 
363.121 
363 
363 
363.003 
363 
363 
363 
363 
363 
3651.49 
363 
363 
363 
363 
363 
363 
363 
363 
363 
662.923 
363 
363 
4510.83 
363 
3124.72 
363 
363 
363 
3889.35 
363 
363 
363 
6672.57 
1340.26 
363 
363 
363.018 
363 
3478.49 
363 
363 
363 
363 
363 
363 
363 
363 
363 
363 
363 
363 
9396.16 
363 
363 
364.335 
363.125 
363 
363 
363 
363 
363 
363 
363.086 
363 
367.749 
363 
363 
1143.21 
7524.59 
1079.93 
8351.58 
363 
363 
363 
363.005 
363 
363 
363 
363 
363 
363 
363 
363 
363 
363 
363 
1105.1 
775.342 
366.455 
363 
363 
363 
363 
1310.87 
363 
363 
4468.1 
363 
363 
363 
363 
363 
1215.09 
363 
363.823 
363.001 
7091 
363.038 
363 
363 
363 
363 
363 
363 
363 
363 
363 
1414.57 
363 
363.315 
363.013 
1722.77 
363 
363 
369.165 
363 
363 
363 
363 
397.551 
363 
363 
363 
3255.62 
363 
363 
363 
363 
363 
363 
363 
363 
363.067 
363.002 
4051.4 
363 
6116.46 
363 
363 
363.004 
