363 
5698.49 
363.066 
12305.4 
363 
363 
363 
363 
363 
363 
363 
370.526 
363 
7776.37 
363 
363 
495.319 
569.41 
363 
363 
363 
3288.37 
363 
363 
363 
3835.47 
7378.42 
363 
363.045 
363 
363.627 
363 
363 
363 
5736.21 
363 
363 
1948.61 
8066.06 
3125.26 
8857.96 
442.278 
363 
381.057 
363 
363 
363 
363 
9382.57 
12280.1 
380.49 
363 
363 
363 
363 
369.023 
363 
363 
363.289 
373.071 
367.266 
363.407 
363 
363 
363 
363.001 
363 
363.007 
363 
363 
363 
363 
527.586 
363 
363 
363 
363 
363.099 
363 
363 
363 
1672.08 
366.054 
363 
363 
363 
363.003 
9922.19 
363.25 
5778.25 
363.001 
363 
363 
363 
6918.95 
363 
363 
363 
3361.94 
3107.9 
363 
363 
363 
363 
363 
363 
363.001 
363 
5445.26 
363 
363 
6617.84 
363 
363 
363 
363 
363.019 
363.004 
391.221 
3188.58 
363 
363 
5309.94 
8635.95 
363.143 
363 
363 
363 
363 
7621.05 
363 
363 
363 
363 
363 
551.289 
363 
363.008 
363 
363 
2364.95 
363 
363 
363.089 
363.187 
363 
5659.58 
363 
363 
363 
363 
363 
5572.21 
363 
3290.4 
363 
363.213 
363 
4049.8 
363 
363 
363 
373.076 
550.054 
363 
363.693 
3285.1 
363 
372.022 
363 
363 
363 
363.468 
367.348 
363 
402.364 
8959.2 
3082.84 
363 
363 
363 
363 
363 
363 
363 
424.649 
363 
363 
363 
3806.42 
363 
363 
363 
3266.41 
363 
363 
423.599 
363 
363 
363.01 
363 
363 
363 
363 
363 
363 
363 
363 
363 
363 
363 
363 
363 
466.507 
363 
8077.94 
363 
363 
363 
363.368 
363 
3102.11 
363.112 
365.093 
4307.26 
363 
363 
372.847 
6483.2 
363 
363 
363 
363 
1669.8 
386.277 
8294.85 
363 
7805.64 
363 
363 
363 
5524.89 
363 
5496.19 
363 
363 
363.009 
363 
363 
363 
3713.48 
505.089 
363 
363 
363 
8153.3 
363 
363 
363.654 
363 
3493.65 
2317.82 
363 
363 
363 
363 
363 
393.968 
363.055 
3233.23 
363 
363 
363 
3798.08 
16793.5 
363 
363 
736.167 
5263.76 
1398.24 
1544.25 
363 
363 
364.045 
363 
363 
363 
363 
1912.3 
363 
363 
363 
363 
363 
363 
363 
363 
363 
363 
3353.61 
363 
486.325 
373.004 
363 
363 
363 
363 
363.006 
1753.49 
5985.42 
363 
3129.53 
989.827 
363 
363 
4153.58 
363 
363 
363 
363 
363 
1145.06 
363 
384.977 
5561.81 
3188.24 
1683.16 
363 
363 
501.78 
363 
363 
363 
363 
5657.38 
363 
363 
363 
1719.47 
615.875 
363 
363 
363 
363 
363 
363 
363 
363 
363 
3316.5 
363 
363 
363 
363 
363 
363 
363.001 
363 
1029.09 
363 
363 
4417.24 
1809.03 
363 
363 
363.002 
363 
363 
363 
363.018 
363 
3568.13 
394.212 
365.732 
363.036 
363 
363 
363 
363 
363 
363 
674.251 
363 
363 
4203.77 
363 
4130.89 
363 
363 
363 
9698.3 
363 
363 
363 
5408.47 
1002.48 
363 
363 
363.111 
363 
3370.55 
363 
363 
363 
363 
363 
363 
363 
365.853 
363 
1083.88 
363 
363 
6520.63 
363 
363 
364.045 
363.091 
363 
363 
363 
363 
363 
363 
363.063 
363 
5474.92 
363 
363 
1101.71 
5736.26 
7414.04 
7810.74 
363 
363 
363 
363.004 
363 
363 
363.025 
363 
363.467 
363 
363 
363 
363 
363 
363 
1194.53 
1749.07 
2469.41 
993.657 
363 
363 
3209.08 
938.15 
363 
363 
6041.21 
363 
363 
363 
363 
363 
975.371 
363 
4328.37 
363.011 
5920.8 
4285.43 
363 
363 
363 
363 
363 
363 
363.989 
363 
363 
966.467 
363 
366.585 
363.01 
1274.06 
363 
363 
1720.23 
363.001 
363 
363 
363 
390.02 
363 
363 
363 
3140 
363 
363 
363 
363 
363 
363 
497.519 
363 
363.045 
748.112 
3855.52 
363 
7841.25 
471.885 
363 
363.06 
