363 
364.811 
363 
363 
363 
363 
363 
363 
363 
363 
363 
363 
363 
363 
363 
363 
363 
363 
363 
363 
363 
363 
363 
363 
363 
363 
368.365 
363 
363 
363 
363 
363 
363 
363 
370.597 
363 
363 
363 
363 
363 
363 
363 
363 
363 
363 
363 
363 
363 
363 
363 
363 
363 
363 
363 
363 
363 
363 
363 
363 
363 
363 
363 
363 
363 
363 
363 
363 
363 
363 
363 
363 
363 
363 
363 
363 
363 
363 
363 
363 
363 
363 
363.153 
363 
363 
363 
363 
363 
363 
363 
363 
363 
363 
363 
363 
363.003 
363 
363 
363 
363 
363 
363 
363 
363 
363 
363 
363 
363 
363 
364.945 
363 
363 
363 
363 
363 
363 
363 
363 
363 
363 
363.141 
363 
363 
363.002 
363 
363 
363 
363 
363 
363 
363 
363 
363 
363 
363 
363 
363 
363 
363 
363 
363 
363 
363 
363 
363 
363 
363 
363 
363 
363 
363 
363 
363 
363 
363 
363 
363 
363 
363 
363 
363 
363 
363 
363.001 
363 
363 
363 
363 
363 
363 
363 
363 
363 
363 
363 
363 
363 
363 
363 
363 
363 
363 
363 
363 
363 
363 
363 
363 
363 
363 
364.232 
363 
363 
363 
363 
363 
363 
363 
363 
363 
363 
363 
363 
363 
363 
363 
363 
363 
363 
363 
363 
363 
363 
363 
363 
363 
363 
363 
363 
363 
363 
363 
363 
363 
363 
377.091 
363 
363 
363 
576.767 
363 
363 
363 
363 
363.021 
363.001 
363 
363 
363 
363 
363 
363 
493.39 
363 
363.022 
363 
363 
363 
363 
363 
363 
363 
363.038 
363 
363 
363 
363 
363 
363 
363 
363 
363 
363 
363 
363 
363 
363 
363 
363 
363 
363 
363 
363 
363 
363 
363 
363 
363 
363 
363 
363 
363 
363 
363 
363 
363 
363 
363 
363 
363 
363 
363 
363 
363 
363 
363 
363 
363 
363 
363 
363 
363 
363 
363 
363 
363 
363 
363 
363 
364.064 
363 
363 
363 
363 
363 
363 
363 
363 
363 
363 
363 
363 
363 
363 
363 
640.402 
363 
363 
363 
363 
363 
363 
363 
363 
363 
363 
363 
363 
363 
363 
363 
363 
363 
363 
363 
363 
363 
363 
363 
363 
363 
363 
363 
363 
363 
363 
363 
363 
363 
363.339 
363 
363 
363 
363 
363 
363 
363 
363 
363 
363 
363 
363 
363 
363 
363 
363 
363 
363 
363 
363 
363 
363 
363 
363 
363 
402.749 
363 
363 
363 
363 
363 
363 
363 
363 
363 
411.857 
363 
363 
363 
363 
363 
373.751 
363 
363 
363 
363 
363 
363 
363 
363 
363 
363 
363 
363 
363 
363 
363 
363 
363 
363 
363 
363 
363 
363 
363 
363 
363 
363 
363 
363 
363 
363.006 
363 
363 
363 
363 
363 
363 
363 
363 
363 
363 
363 
363 
363 
363 
363 
363 
363 
363 
363 
363 
363 
363 
363 
363 
363 
363 
363 
363 
363 
363 
363 
363 
363 
363 
363 
363 
363 
363.036 
363 
363 
363 
363 
363 
363 
363 
363 
363 
363 
363.504 
363 
363 
363 
363 
363 
363 
363 
363 
363 
363 
363 
363.001 
363 
363 
363 
363.012 
363 
363 
363 
363 
363 
363 
363 
363 
363 
363 
387.606 
363 
363 
363 
363 
363 
