4453.1 
368.803 
4009.19 
363.066 
363.001 
363.108 
4802.54 
5113.74 
363.388 
4313.95 
666.173 
5938.97 
15001.2 
1583.7 
3502.44 
376.85 
363 
363.015 
3896.67 
363.779 
363 
3091.64 
3512.63 
376.332 
858.318 
363 
363 
776.283 
363.031 
363.005 
7121.16 
5022.87 
461.234 
5241.52 
363 
3449.07 
363 
3156.43 
2161.85 
3640.84 
6452.24 
363 
363.201 
363.814 
366.235 
363.648 
661.342 
3626.46 
10455.9 
366.992 
1812.26 
992.592 
3389.17 
921.633 
402.039 
363.001 
363 
381.033 
4194.34 
3622.1 
5074.21 
366.007 
1664.09 
366.181 
3105.03 
377.146 
363.002 
7693.23 
363 
363 
365.487 
363.327 
934.422 
6039.13 
364.187 
363 
3592.9 
363 
6092.65 
1698.48 
363.002 
363 
3210.31 
363 
363 
369.956 
363 
366.939 
363.001 
6262.6 
5062.52 
580.851 
368.084 
6955.83 
363 
7775.28 
413.286 
363.28 
1747.36 
785.422 
3564.57 
364.051 
363 
363.002 
3522.89 
7325.57 
6145.45 
1066.55 
397.934 
363 
613.544 
363 
580.967 
1650.01 
3355.88 
363.001 
1007.5 
4025.58 
363 
363.004 
363 
4246.96 
363 
630.799 
363 
6248.37 
363 
6699.28 
372.497 
363 
4525.39 
7548.71 
363.032 
364.585 
363.004 
363 
363.002 
3206.56 
9754.72 
4347.5 
797.565 
4023.47 
363 
363.006 
371.05 
363 
363 
363 
363 
1843.97 
10275.6 
363 
4658.85 
3559.48 
363 
4088.17 
369.419 
1218.71 
363.067 
363 
4166.76 
545.399 
363 
7475.69 
5325.13 
363 
363 
450.177 
3667.28 
7227.29 
3648.39 
1507.77 
363 
363 
3570.61 
373.025 
363.069 
12351.4 
363 
4171.89 
4129.14 
377.217 
6927.28 
5506.95 
363.124 
1674.04 
3086.27 
4458.13 
3220.31 
4901.14 
1177.26 
547.742 
1238.2 
822.423 
4685.69 
363 
3776.84 
1208.25 
363 
363 
363.004 
491.106 
6596.84 
3194.04 
363.06 
363 
3899.17 
3990.46 
374.651 
363 
363.019 
363 
527.18 
3829.19 
4867.67 
4742.81 
4089.53 
363.004 
363.008 
653.751 
3812.27 
363 
3196.32 
363 
4473.81 
6419.44 
491.473 
377.458 
4793.41 
5850.9 
810.662 
363 
1679.65 
363 
502.846 
364.952 
363 
1714.7 
363 
3219.32 
3095.46 
5079.52 
363 
363.001 
363.376 
364.381 
3967.25 
484.896 
4567.5 
363 
363.059 
363.001 
815.501 
363.012 
372.948 
363 
363 
363 
1120.92 
419.457 
476.355 
363 
363 
363 
363 
4046.57 
363.024 
801.426 
3103.09 
377.497 
491.609 
3847.89 
363.374 
379.299 
3745.12 
3860.71 
877.909 
777.825 
4265.82 
709.862 
363 
3909.56 
5794.16 
3478.71 
363.001 
4383.85 
363 
3091.16 
846.269 
363.002 
363 
363 
363.001 
363.165 
3633.3 
363.002 
363.006 
4128.04 
363 
7655.91 
366.88 
5382.75 
374.251 
363 
3127.32 
415.696 
4068.37 
406.654 
1203.26 
363 
692.669 
363 
363.016 
363 
905.314 
388.326 
363.155 
510.704 
363 
1335.67 
4314.95 
735.384 
4458.12 
369.347 
363 
478.952 
5460.5 
363.002 
363.058 
3751.43 
372.053 
363 
363 
1883.28 
4731.84 
363 
363.699 
4321.68 
363 
363 
363 
3504.76 
4801.77 
4378.95 
363 
363.003 
3762.26 
363 
400.134 
975.436 
438.782 
519.888 
363.028 
363 
363.159 
3517.27 
363 
835.744 
363 
4771.63 
1610.03 
4002.13 
363 
6978.31 
875.863 
2496.84 
363 
363 
363 
3720.46 
363 
363 
363 
363 
363 
909.27 
370.669 
363 
363.042 
4003.53 
3999.58 
363 
363.01 
575.184 
8825.58 
433.346 
373.595 
363 
458.918 
1040.02 
5043.45 
408.465 
363.291 
8591.66 
566.574 
5707.61 
4613.31 
368.928 
4627.54 
363 
363 
3874.09 
363.001 
4578.12 
5100.65 
4465.2 
389.052 
3915.21 
363 
363 
363 
1143.18 
544.776 
363 
5907.98 
363 
4104.86 
483.612 
363.408 
524.286 
376.67 
1078.23 
363 
602.501 
363 
363 
5501.57 
2119.19 
379.064 
363 
363.004 
929.835 
363.136 
1255.9 
363.003 
696.986 
363.03 
1478.6 
4391.31 
364.068 
5018.26 
3571.33 
363.001 
5593.17 
363 
803.584 
363.312 
363 
363.011 
3793.28 
605.966 
7414.89 
363 
363.474 
1070.27 
3090.75 
652.171 
363 
1661.28 
4310.03 
4321.66 
4649.77 
3323.37 
4834.14 
363 
363.038 
363.234 
394.228 
363 
367.415 
391.692 
709.91 
3804.08 
3228.1 
3097.26 
5579.85 
5248.18 
363 
364.013 
395.07 
363 
363.122 
4388.46 
3868.85 
363 
4532.89 
363 
363 
363 
363 
659.554 
648.735 
363 
363 
500.094 
4367.26 
363 
408.201 
3938.94 
4226.53 
3615.9 
363 
3578.82 
1240.1 
363 
474.207 
363 
363.012 
694.48 
363 
4628.02 
363 
