363 
4798.73 
12591.4 
6284.09 
386.738 
363 
363.002 
363 
363 
363 
377.445 
372.412 
363 
5791.49 
367.462 
363 
1777.23 
516.211 
2761.22 
363 
363 
5817.58 
363 
363 
363 
3597 
6020.49 
7660.86 
363.035 
363 
9482.14 
363 
363 
363 
4849 
363 
363 
1489.43 
5837.52 
1697.28 
6540.81 
5179.56 
363 
406.849 
363 
363 
2135.16 
363.18 
7596.62 
7900.85 
376.453 
3043.97 
363 
363 
363 
367.788 
363 
363.001 
363.209 
438.572 
3117.76 
363.605 
762.752 
363 
363.003 
363 
363 
363.146 
363 
363 
363.158 
454.669 
804.887 
363.003 
363 
363 
363 
372.325 
5049.91 
363.004 
363 
1058.09 
364.922 
363 
14778.8 
363 
363.003 
5959.9 
363.559 
4821.56 
363.001 
363 
377.735 
363 
5481.79 
363 
363 
363 
3299.88 
3659.9 
363.008 
363 
363 
363 
363 
363 
363 
365.841 
4756.99 
531.2 
3136.15 
7242.87 
363 
3820.22 
363 
407.751 
363.015 
363.005 
8249.28 
3104.17 
363 
364.182 
4750.29 
6006.44 
7247.42 
363 
363 
363 
364.378 
5851.75 
363 
363.003 
363 
363 
363.889 
3353.05 
3163.98 
363.054 
363 
363 
1670.38 
363 
1682.63 
363.085 
363.133 
363 
4684.23 
363 
363 
363 
364.192 
363 
4652.11 
363 
3168.62 
363 
11089 
363.943 
3820.46 
363 
363 
363.048 
371.532 
3940.53 
363 
363.449 
3449.66 
363.001 
369.053 
363 
15435 
363 
756.567 
365.726 
363 
453.959 
6019.06 
1632.76 
363 
363 
363 
365.537 
363 
363 
365.326 
406.766 
363 
363 
363 
3591.13 
1689.64 
363 
363 
9024.29 
363 
363 
406.114 
363 
363 
363.007 
363 
363 
363 
363 
363 
363.003 
6509.23 
363 
363.001 
363 
363 
363.001 
3163.31 
434.619 
6527.94 
6099.13 
364.237 
3863.22 
363 
3635.02 
363 
1655.81 
363.07 
2216.94 
3904.79 
2914.84 
363 
370.565 
5452.27 
363 
3584.52 
363 
363 
1236.74 
378.581 
5909.62 
363 
5626 
363 
363 
363.393 
4754.38 
443.641 
4642.81 
363 
363 
406.247 
363 
4031.97 
363 
3490.93 
458.732 
363 
363 
363 
5441.77 
363 
366.613 
363.631 
363 
3331.49 
1360.29 
363 
363 
363 
363 
363 
386.634 
367.18 
3115.14 
363 
363 
363 
3611.92 
6536.46 
363 
363 
612.413 
6978.43 
1211.04 
915.361 
363 
363 
363.706 
363 
363 
363 
363 
1355.57 
363.002 
363 
363 
363 
363 
363 
363 
363 
363 
363 
3245.87 
363.001 
455.573 
369.441 
368.27 
363 
363 
363 
363.004 
1033.64 
4816.24 
3267.17 
4089.4 
5277.24 
363 
363 
3856.57 
3080.87 
363 
363 
363 
363 
3096.93 
363 
379.876 
4704.08 
2250.43 
1004.25 
363 
363.989 
5450.14 
363 
363 
363 
363 
4742.3 
363 
363 
363 
1101.11 
7190.93 
363.02 
363 
5641.56 
363.052 
363 
363 
363 
1269.77 
363 
3192.71 
363 
363.01 
363 
372.102 
363.018 
363 
6818.99 
363 
768.502 
363.005 
363 
3982.43 
1658.27 
363 
363 
363.002 
363 
363 
6345.18 
363.074 
363 
3349.92 
492.825 
369.464 
1861.2 
363 
363 
675.024 
363 
375.334 
363 
646.498 
363 
363 
3870.46 
3102.72 
3823.68 
396.162 
363 
509.488 
6002.89 
363 
363 
363.001 
4540.32 
733.098 
363 
363 
363.191 
363 
3233.12 
400.085 
363 
363 
363 
363 
363 
363 
1436.36 
363 
925.855 
363 
363.029 
5183.2 
363 
2302.01 
363.731 
363.057 
363 
363 
363 
363.104 
363 
363 
363.04 
363 
5353.41 
363 
363 
967.893 
4696.06 
5693.76 
5374.86 
363 
363 
363 
363.002 
363 
363 
948.078 
363 
6691.12 
363 
363 
363 
363 
363 
363 
1167.16 
1051.75 
1662.87 
7784.22 
5540.14 
363 
5878.86 
695.871 
363 
363 
4842.14 
363 
363 
363 
363 
363 
735.891 
363 
4055.77 
363.046 
5045.57 
4351.98 
363 
363 
363 
363 
363 
363 
1234.76 
363 
363 
703.361 
363 
364.815 
363.007 
834.658 
363 
363 
1102.58 
9739.19 
363 
363.033 
451.568 
381.859 
363 
363 
363 
1665.88 
363 
12508.4 
365.351 
363 
363 
363 
8384.7 
363 
363.025 
1073.26 
3624.45 
363 
5649.78 
459.391 
363 
363.037 
