363 
7268.05 
363 
417.375 
363 
363 
363 
363 
363 
363 
363 
367.106 
363 
11431.7 
363 
363 
363 
415.972 
363 
363 
363 
363 
363 
363 
363 
1278.93 
10443 
363 
363.054 
363 
363 
363 
363 
363 
7244.11 
363 
363 
363.791 
367.695 
363.048 
1230.45 
363 
363 
363.001 
363 
363 
363 
363 
363.005 
363 
363.47 
363 
363 
363 
363 
368.273 
363 
363 
363.169 
363 
363 
363.001 
363 
363 
363 
363 
363 
363 
363 
363 
363 
363 
363 
363 
363 
363 
363 
363 
363 
363 
363 
2275.34 
366.737 
363 
363 
363 
363.002 
363.333 
363.029 
7454.77 
363 
363 
363 
363 
11344.3 
363 
363 
363 
363.005 
363.002 
363 
363 
363 
363 
363 
363 
363 
363 
6398.96 
363 
363 
363 
363 
363 
363 
363 
363.024 
363.002 
363 
3260.26 
363 
363 
5992.02 
507.49 
363 
363 
363 
363 
363 
5030.76 
363 
363 
363 
363 
363 
363 
363 
363 
363 
363 
3128.15 
363 
363 
363 
363 
363 
6529.65 
363 
363 
363 
363 
363 
4876.09 
363 
384.283 
363 
363 
363 
3859.3 
363 
363 
363 
374.269 
363 
363 
363.969 
363 
363 
363.188 
363 
363 
363 
363 
363.444 
363 
363 
363.196 
842.826 
363 
363 
363 
363 
363 
363 
363 
443.577 
363 
363 
363 
4013.08 
363 
363 
363 
363 
363 
363 
363.026 
363 
363 
363.009 
363 
363 
363 
363 
363 
363 
363 
363 
363 
363 
363 
363 
363 
363 
363 
16246.8 
363 
363 
363 
363 
363 
3086.79 
363.162 
363 
4767.56 
363 
363 
375.012 
8304.33 
363 
363 
363 
363 
2146.24 
394.772 
3095.47 
363 
3111.53 
363 
363 
363 
6692.37 
363 
6950.96 
363 
363 
363 
363 
363 
363 
3107.84 
557.304 
363 
363 
363 
4837.6 
363 
363 
363 
363 
3606.13 
3153.67 
363 
363 
363 
363 
363 
400.958 
363 
3337.01 
363 
363 
363 
3243.79 
363.47 
363 
363 
475.608 
363 
1706.65 
369.523 
363 
363 
364.416 
363 
363 
363 
363 
363 
363 
363 
363 
363 
363 
363 
363 
363 
363 
363 
363.553 
363 
517.441 
368.477 
363 
363 
363 
363 
363 
3136.93 
8214.76 
363 
363 
363 
363 
363 
4220.34 
363 
363 
363 
363 
363 
363 
363 
363.001 
7013.12 
3302.86 
2963.35 
363 
363 
363 
363 
363 
363 
363 
7232.93 
363 
363 
363 
446.549 
363 
363 
363 
363 
363 
363 
363 
363 
363 
363 
3218.11 
363 
363 
363 
363 
363 
363 
363 
363 
1538.27 
363 
363 
4902.82 
363.008 
363 
363 
363.003 
363 
363 
363 
363 
363 
3504.35 
363 
363 
363 
363 
363 
363 
363 
363 
363 
654.782 
363 
363 
4558.93 
363 
1763.5 
363 
363 
363 
3168.16 
363 
363 
363 
6954.28 
1193.62 
363 
363 
363.008 
363 
3493.92 
363 
363 
363 
363 
363 
363 
363 
363 
363 
363 
363 
363 
10117.1 
363 
363 
364.379 
363.13 
363 
363 
363 
363 
363 
363 
363.09 
363 
363.252 
363 
363 
1150.87 
7992.37 
409.19 
4841.87 
363 
363 
363 
363.005 
363 
363 
363 
363 
363 
363 
363 
363 
363 
363 
363 
970.775 
449.918 
363.264 
363 
363 
363 
363 
1368.8 
363 
363 
3545.07 
363 
363 
363 
363 
363 
1061.18 
363 
363.02 
363.001 
7331.75 
363.001 
363 
363 
363 
363 
363 
363 
363 
363 
363 
1533.13 
363 
363.059 
363.013 
1681.79 
363 
363 
363.478 
363 
363 
363 
363 
398.705 
363 
363 
363 
3272.28 
363 
363 
363 
363 
363 
363 
363 
363 
363.071 
363 
4080.61 
363 
4075.99 
363 
363 
363.001 
