363 
8778.55 
363 
363 
363 
363 
363 
363 
363 
363 
363 
363.008 
363 
794.145 
363 
363 
363 
363.002 
363 
363 
363 
363 
363 
363 
363 
363 
18903.4 
363 
363.002 
363 
363 
363 
363 
363 
9240.27 
363 
363 
363 
363 
363 
363 
363 
363 
363 
363 
363 
363 
363 
363 
363 
363 
363 
363 
363 
363 
363.008 
363 
363 
363 
363 
363 
363 
363 
363 
363 
363 
363 
363 
363 
363 
363 
363 
363 
363 
363 
363 
363 
363 
363 
363 
363 
3101.45 
363.022 
363 
363 
363 
363.001 
363 
363 
3324.45 
363 
363 
363 
363 
7768.97 
363 
363 
363 
363 
363 
363 
363 
363 
363 
363 
363 
363 
363 
6934.32 
363 
363 
363 
363 
363 
363 
363 
363.021 
363 
363 
3279.61 
363 
363 
4107.12 
363 
363 
363 
363 
363 
363 
368.982 
363 
363 
363 
363 
363 
363 
363 
363 
363 
363 
695.473 
363 
363 
363 
363 
363 
1659.56 
363 
363 
363 
363 
363 
409.578 
363 
363 
363 
363 
363 
464.913 
363 
363 
363 
374.943 
363 
363 
364.167 
363 
363 
363 
363 
363 
363 
363 
363 
363 
363 
363 
363 
363 
363 
363 
363 
363 
363 
363 
390.075 
363 
363 
363 
4095.02 
363 
363 
363 
363 
363 
363 
363 
363 
363 
363 
363 
363 
363 
363 
363 
363 
363 
363 
363 
363 
363 
363 
363 
363 
363 
3107.2 
363 
363 
363 
363 
363 
363.208 
363.129 
363 
5136.2 
363 
363 
364.751 
11687.7 
363 
363 
363 
363 
3097.09 
400.088 
363 
363 
363.001 
363 
363 
363 
8189.25 
363 
5600.02 
363 
363 
363 
363 
363 
363 
363.019 
597.577 
363 
363 
363 
363.302 
363 
363 
363 
363 
1687.02 
3085.26 
363 
363 
363 
363 
363 
400.301 
363 
3128.91 
363 
363 
363 
363.551 
363 
363 
363 
363.002 
363 
1336.47 
363 
363 
363 
364.691 
363 
363 
363 
363 
363 
363 
363 
363 
363 
363 
363 
363 
363 
363 
363 
363 
363 
476.401 
363.001 
363 
363 
363 
363 
363 
3206.11 
3098.44 
363 
363 
363 
363 
363 
1055.99 
363 
363 
363 
363 
363 
363 
363 
363 
9419.32 
3141.27 
540.605 
363 
363 
363 
363 
363 
363 
363 
3387.01 
363 
363 
363 
363 
363 
363 
363 
363 
363 
363 
363 
363 
363 
363 
369.228 
363 
363 
363 
363 
363 
363 
363 
363 
1726.41 
363 
363 
3195.32 
363 
363 
363 
363.004 
363 
363 
363 
363 
363 
410.479 
363 
363 
363 
363 
363 
363 
363 
363 
363 
389.81 
363 
363 
4833.12 
363 
363 
363 
363 
363 
363.001 
363 
363 
363 
9785.86 
364.261 
363 
363 
363 
363 
3574.83 
363 
363 
363 
363 
363 
363 
363 
363 
363 
363 
363 
363 
3388.69 
363 
363 
364.592 
363.065 
363 
363 
363 
363 
363 
363 
363.083 
363 
363 
363 
363 
966.686 
5620.99 
363 
363.641 
363 
363 
363 
363.006 
363 
363 
363 
363 
363 
363 
363 
363 
363 
363 
363 
364.32 
363 
363 
363 
363 
363 
363 
410.453 
363 
363 
363.275 
363 
363 
363 
363 
363 
363.826 
363 
363 
363 
5981.77 
363 
363 
363 
363 
363 
363 
363 
363 
363 
363 
1748.71 
363 
363 
363.004 
364.547 
363 
363 
363 
363 
363 
363 
363 
404.382 
363 
363 
363 
3251.48 
363 
363 
363 
363 
363 
363 
363 
363 
363.092 
363 
4239.28 
363 
363.398 
363 
363 
363 
