363 
4559.78 
8504.55 
5667.42 
3243.13 
363 
1849.15 
363 
363 
3085.37 
485.821 
372.87 
363.308 
5389.18 
367.599 
365.104 
1663.36 
498.428 
1839.11 
363 
363 
5351.78 
363 
363 
363.022 
3514.53 
5685.49 
6678.54 
363.031 
363 
7808.13 
363 
363 
363 
4611.34 
520.619 
363.001 
1229.19 
5396.29 
1360.03 
6079.29 
4967.38 
363 
411.639 
363 
363 
1736.1 
3098.63 
6636.99 
6943.13 
375.084 
2011.98 
363 
363 
363 
367.36 
363 
363.001 
363.183 
463.214 
3027.62 
363.584 
850.513 
364.165 
363.003 
363 
363 
363.197 
363 
363 
363.237 
714.737 
744.261 
367.791 
363 
363 
363 
371.53 
8772.4 
391.757 
363.325 
931.208 
364.591 
363 
9268.8 
363.001 
363.003 
5390.81 
363.678 
4572.76 
363.002 
363 
1679.18 
363 
5149.3 
363 
363 
363 
3255.53 
3605.17 
363.013 
363 
385.946 
363.001 
363 
363 
363 
5095.77 
4557.65 
3535.86 
3299.67 
6420.47 
363 
14678.5 
363 
432.485 
363.013 
363.005 
6544.69 
2632.28 
363 
389.694 
4578.68 
5540.39 
6253.51 
921.874 
363 
363 
783.487 
5469.38 
363 
363.005 
363 
363 
363.736 
3315.71 
9036.49 
363.049 
363 
363 
1442.24 
363 
3287.7 
363.074 
363.116 
363 
4435.12 
363 
363 
363 
3267.42 
363 
4412.42 
363 
3123.14 
377.233 
7659.9 
3406.55 
3740.01 
363 
363.217 
363.086 
370.924 
3812.52 
363 
363.376 
3397.13 
363.001 
368.142 
363 
11738.3 
379.378 
825.96 
365.253 
363 
439.811 
5482.21 
1235.74 
363.002 
841.877 
363 
389.832 
363 
363 
365.519 
401.094 
363 
363 
363 
3515.6 
13630.5 
363 
363 
7508.16 
363 
363 
400.684 
363 
363 
363.006 
363 
363.001 
363 
363 
363.016 
1399.75 
9405.06 
363 
3082.62 
363 
363.014 
363.001 
3103.78 
422.484 
9892.55 
5686.58 
364.043 
3846.28 
363 
3548.6 
364.477 
1226.67 
363.058 
1900.74 
3777.12 
9814.48 
363 
369.792 
5179.69 
363 
3495.48 
363 
363.005 
1177.18 
376.225 
5468.12 
363 
5212.78 
363.082 
363 
419.383 
4539.19 
5122.57 
4414.45 
363 
363 
440.444 
363 
4130.32 
363 
3413.54 
444.627 
1858.71 
363 
363 
4999.99 
363 
3128.83 
363.527 
363 
3272.97 
1092.91 
363 
363 
363 
387.529 
363 
384.122 
366.684 
2604.39 
363 
363 
363 
3545.26 
5802.72 
363 
363 
576.272 
6418.78 
1178.95 
805.298 
363 
363 
363.601 
363 
363 
363 
363 
1059.82 
363.004 
363 
363 
363 
363 
363 
363 
363 
363 
363 
3203.03 
363.001 
445.411 
368.381 
367.666 
363 
363 
363 
363.003 
871.48 
4535.94 
3253.53 
3972.94 
4937.1 
363 
363.05 
3756.57 
3107.93 
363 
363.001 
363 
363 
2125.57 
363 
378.078 
4473.94 
1716 
871.616 
363 
365.788 
5004.32 
363 
363 
363 
363 
4501.78 
363 
363 
392.5 
945.327 
6195.67 
363.017 
363 
7542.49 
1182.75 
363 
363 
363 
1520.61 
363 
3146.83 
363 
3135 
363 
371.118 
363.049 
363 
5928.91 
363.024 
702.57 
363.546 
363 
3846.39 
1346.89 
363 
363.397 
363.002 
363 
363 
5893.82 
363.061 
363 
3274.24 
472.08 
369.721 
1658.13 
363 
376.079 
9948.3 
363.001 
375.188 
363 
634.902 
363 
363 
3760.59 
3793.02 
3721.04 
4306.72 
363 
485.56 
5481.02 
363 
363 
363.002 
4311.26 
667.2 
363.005 
363 
363.207 
363.313 
3182.76 
396.401 
363 
363 
363 
363 
363 
363 
1433.27 
363 
824.965 
363 
363.024 
4871.15 
363 
1741.13 
363.631 
363.047 
363 
363 
363 
3384.99 
363 
363 
363.033 
363.245 
5061.99 
363 
363 
886.393 
4436.88 
5317.67 
4953.62 
363 
363 
363 
363.002 
363 
363 
818.18 
363 
6011.26 
363 
363 
363 
368.368 
363 
363 
1154.14 
884.778 
1411.09 
6341.34 
5238.56 
363 
5329.56 
635.573 
363 
363 
4557.16 
363 
363 
363 
363.025 
363 
674.415 
363 
3902.58 
363.065 
4806.79 
4169.33 
512.582 
363 
363 
363 
363 
363 
1015.79 
363 
363.014 
639.686 
363 
364.403 
363.006 
757.234 
363 
363 
945.721 
7115.4 
363 
366.059 
2546.95 
379.284 
363 
363 
363 
1162.5 
363 
8118.32 
375.089 
363 
365.522 
363 
6587.21 
363 
363.02 
1095.1 
3544.13 
363 
5234.64 
444.872 
363 
363.03 
