363 
4828.48 
13573.5 
6370.84 
368.858 
363 
363 
363 
363 
363 
370.225 
372.352 
363 
5844.08 
367.446 
363 
1832.14 
518.326 
3001.77 
363 
363 
5880.1 
363 
363 
363 
3606.64 
6062.83 
7429.28 
363.035 
363 
9760.32 
363 
363 
363 
4878.54 
363 
363 
1529.65 
5896.08 
1708.94 
6601.32 
5205.37 
363 
406.078 
363 
363 
2181.24 
363.029 
7742.37 
8044.31 
376.614 
2951.45 
363 
363 
363 
367.839 
363 
363.001 
363.212 
435.628 
3122.15 
363.605 
685.657 
363 
363.003 
363 
363 
363.141 
363 
363 
363.119 
416.955 
812.415 
363.001 
363 
363 
363 
372.418 
4266.85 
363.001 
363 
1075.15 
364.963 
363 
14308.5 
363 
363.003 
6039.38 
363.545 
4852.67 
363.001 
363 
367.931 
363 
5524.31 
363 
363 
363 
3304.95 
3666.17 
363.007 
363 
363 
363 
363 
363 
363 
363.487 
4781.35 
410.416 
3103.62 
7363.48 
363 
3357.36 
363 
396.368 
363.015 
363.005 
8578.01 
3107.83 
363 
363.503 
4770.97 
6068.61 
7389.91 
363 
363 
363 
363.404 
5901.22 
363 
363.002 
363 
363 
363.893 
3357.3 
3091.78 
363.054 
363 
363 
1676.76 
363 
1028.11 
363.087 
363.136 
363 
4715.49 
363 
363 
363 
363.202 
363 
4682.07 
363 
3173.82 
363 
11922 
363.169 
3829.82 
363 
363 
363.034 
371.6 
3955.83 
363 
363.458 
3455.69 
363.001 
369.164 
363 
11756.2 
363 
744.351 
365.785 
363 
455.689 
6092.83 
1656.75 
363 
363 
363 
364.22 
363 
363 
364.983 
407.448 
363 
363 
363 
3599.92 
767.121 
363 
363 
9284.43 
363 
363 
406.772 
363 
363 
363.007 
363 
363 
363 
363 
363 
363 
5271.25 
363 
363 
363 
363 
363.001 
3167.73 
436.116 
5308.25 
6152.82 
364.26 
3799.02 
363 
3644.89 
363 
1666.12 
363.072 
2301.66 
3920.05 
1652.74 
363 
370.656 
5486.24 
363 
3584.01 
363 
363 
1245.48 
378.868 
5968.09 
363 
5680.55 
363 
363 
363.131 
4780.88 
401.477 
4671.2 
363 
363 
402.391 
363 
3900.81 
363 
3499.96 
460.449 
363 
363 
363 
5501.21 
363 
363.781 
363.644 
363 
3338.25 
1403.23 
363 
363 
363 
363 
363 
386.929 
367.239 
3120.15 
363 
363 
363 
3619.63 
6643.71 
363 
363 
616.848 
7053.62 
1215.32 
930.057 
363 
363 
363.719 
363 
363 
363 
363 
1405.38 
363.001 
363 
363 
363 
363 
363 
363 
363 
363 
363 
3250.77 
363.001 
456.78 
369.571 
368.338 
363 
363 
363 
363.004 
1057.17 
4851.85 
3240.46 
4103.19 
5321.14 
363 
363 
3868.33 
2328.48 
363 
363 
363 
363 
3102.45 
363 
380.089 
4732.67 
2395.62 
1022.39 
363 
363.846 
5510.21 
363 
363 
363 
363 
4772.31 
363 
363 
363 
1122.93 
7347.27 
363.018 
363 
4834.15 
363.01 
363 
363 
363 
1028.02 
363 
3197.97 
363 
363.001 
363 
371.945 
363.012 
363 
6881.22 
363 
776.833 
363.002 
363 
3998.75 
1666.52 
363 
363 
363.002 
363 
363 
6168.88 
363.075 
363 
3358.75 
495.376 
369.445 
1940.23 
363 
363 
431.306 
363 
374.066 
363 
647.848 
363 
363 
3883.46 
2615.07 
3835.79 
369.834 
363 
510.519 
6074.18 
363 
363 
363.001 
4568.88 
741.496 
363 
363 
363.188 
363 
3238.91 
398.851 
363 
363 
363 
363 
363 
363 
1435.87 
363 
939.084 
363 
363.03 
5223.04 
363 
2413.98 
363.743 
363.058 
363 
363 
363 
363.013 
363 
363 
363.04 
363 
5390.09 
363 
363 
976.533 
4728.74 
5742.5 
5431.14 
363 
363 
363 
363.002 
363 
363 
965.888 
363 
6782.88 
363 
363 
363 
363 
363 
363 
1168.64 
1075.77 
1669.72 
8045.2 
5398 
363 
5955.16 
703.541 
363 
363 
4878.4 
363 
363 
363 
363 
363 
743.644 
363 
4074.29 
363.044 
5075.13 
4374.3 
363 
363 
363 
363 
363 
363 
1269.33 
363 
363 
711.507 
363 
364.869 
363.007 
845.198 
363 
363 
1124.59 
10088.9 
363 
363.012 
396.371 
382.169 
363 
363 
363 
1679.79 
363 
12592 
364.797 
363 
363 
363 
8741.57 
363 
363.026 
1069.14 
3633.82 
363 
5704.58 
461.29 
363 
363.038 
