363 
363 
363.037 
363 
363 
363 
3373.63 
363 
363 
363 
363 
363 
363 
363 
4752.01 
363 
363 
363 
363 
363 
363 
363 
363 
363 
363 
363 
363 
363 
363 
363 
363 
363 
363 
363 
363 
363 
363 
3911.92 
363 
363 
363 
363 
363 
363 
363 
363 
363.335 
363 
363 
363 
363 
363 
363 
363 
363 
363 
363 
363 
363 
3148.4 
363 
363 
363 
363 
363 
363 
363 
363 
363 
363 
363 
363 
363.128 
363 
363 
363 
363 
363 
363 
363 
363 
363 
363 
363 
363 
364.947 
363 
363 
363 
363 
363 
363 
363.005 
363 
363 
363 
363 
363.229 
363 
411.371 
363 
363 
363 
363 
374.276 
363 
363 
363 
363 
363 
381.806 
363 
363.007 
363 
363 
363 
363 
363 
363 
363.003 
363 
363 
363 
363 
363 
363 
363 
363 
363 
363 
363 
363 
363 
363 
363 
363 
363 
1017.29 
363 
363 
363 
363 
363 
363.001 
363 
363 
363 
363 
363 
363 
363 
363 
363 
726.93 
363 
363 
372.203 
3102.27 
363 
363 
363 
1645.65 
363 
363 
363 
363 
363 
363 
3340.4 
363 
363 
363 
363 
363 
3592.12 
363 
363 
363 
363 
363 
363 
363.01 
363 
363 
363 
363 
363 
363.132 
3831 
363.003 
363 
363 
363 
3230.34 
4683.02 
363 
788.742 
363 
363 
363 
363 
363.157 
363 
363 
363 
363 
363 
363 
363 
363 
363 
363 
363 
363 
363 
363 
363.005 
363 
363 
363 
363 
363 
363 
363 
363 
363 
363 
363 
363 
363 
363 
363 
363 
363 
363 
363 
363 
363 
363 
363 
363 
363 
363 
363 
363 
363.001 
2223.46 
363 
4788.5 
363 
363 
363 
363 
363 
412.413 
363 
363 
363 
363 
438.375 
363 
363 
363 
363 
363 
363 
363 
363 
363 
363 
363 
363 
363 
363 
363 
363 
363 
363 
363 
363.063 
363 
608.301 
363 
363 
363 
363 
363 
363.279 
3087.46 
363 
363 
363 
363 
363 
5187.57 
363 
363 
363 
363 
363 
363 
363 
415.625 
363 
363 
363 
363 
369.493 
363 
363 
363 
363 
363 
363 
363 
434.963 
363 
363 
363 
363 
363 
363 
363 
363 
363 
363 
363 
363 
363 
363 
363 
363 
363 
363 
367.028 
363 
363 
404 
363 
363 
363 
363 
363 
363 
363 
363.011 
3086 
363 
363 
363 
363 
363 
363.079 
363 
363 
363 
363 
363 
363 
363 
363 
363 
363 
363 
363 
363 
363 
363 
363 
7948.41 
363 
363 
363 
363 
363 
363 
363 
363 
363 
363 
9977.91 
363 
363 
363 
363 
363 
363 
363 
363 
363 
363 
363 
363 
363 
363 
363 
363 
363 
363 
363 
363 
363 
363 
365.928 
363 
363 
363.003 
363 
363 
363 
363 
363 
363 
363 
363 
363 
363 
363 
363 
1022.69 
363 
363 
363 
363 
363 
363 
363 
363 
363 
363 
363 
363 
363 
363 
363 
363 
363.147 
363 
363 
363 
363 
363 
363 
363 
363 
363 
363 
363 
363 
6548.58 
363 
363 
363 
363 
363 
363 
363 
363 
363 
363 
363 
363 
363 
363 
363 
363 
363 
363 
363 
363 
363 
1722.43 
363 
363 
363 
363 
363 
363 
363 
363 
363 
363 
363 
4391.69 
363 
363 
363 
363 
363 
363 
363 
3151.28 
363 
363 
2161.94 
363 
363 
363 
363 
363 
1521.11 
363 
363 
363 
363 
390.173 
363 
363 
363 
363 
363 
363 
