363.031 
4018.93 
5721.3 
4605.34 
3319.7 
363 
4566.53 
8318 
363 
7053.73 
440.239 
373.612 
8716.15 
4580.13 
367.926 
2105.29 
882.753 
454.348 
1099.24 
6011.49 
3225.87 
4468.6 
363 
363 
363.027 
3291.01 
4955.43 
4917.69 
363.022 
363 
5805.18 
9548.5 
523.342 
363 
4070.88 
1718.39 
363 
844.218 
4538.84 
768.162 
5157.87 
4457.88 
363 
413.464 
363.055 
363 
1094.85 
3334.13 
5200.03 
5474.68 
371.556 
1126.9 
363 
363 
363 
366.223 
363.029 
363.001 
363.119 
519.085 
1445.7 
363.422 
644.859 
3259.49 
363.002 
363 
363 
363.342 
3380.74 
3181.6 
363.136 
604.137 
608.733 
369.674 
363 
363 
3215.64 
369.402 
6069.21 
438.866 
1105.84 
693.736 
363.864 
363 
5631.47 
374.486 
363.003 
4396.63 
364.001 
4015.86 
363.001 
363 
917.421 
3563.2 
4445.36 
3429.65 
363 
13941.7 
3126.61 
3447.26 
363.018 
363 
539.547 
381.38 
363 
363 
363 
6769.96 
4083.13 
3483.71 
3157.64 
5111.04 
17068.1 
6094.82 
13176.8 
404.488 
363.009 
363.005 
4744.17 
1567.33 
363 
385.105 
4154.61 
4644.96 
4834.27 
4369.38 
363 
363 
814.347 
4682.17 
366.449 
363.014 
363 
363 
363.387 
3205.44 
6299.09 
363.035 
363 
363.352 
1045.63 
363.117 
3142.47 
363.047 
363.073 
398.59 
3882.61 
363.001 
363 
363 
4143.56 
363 
3875.39 
790.086 
1662.34 
3535.09 
5198.22 
5883.47 
3519.16 
363 
6298.02 
363.06 
369.129 
3488.27 
363 
363.213 
3246.65 
363.001 
366.04 
363.016 
5762.52 
7304.52 
865.49 
364.218 
363 
407.799 
4513.48 
782.063 
363.008 
3333.78 
363.109 
379.454 
363 
363 
364.397 
387.469 
363 
363 
363 
3308.2 
6015.63 
363 
363 
5629.69 
363 
363 
387.856 
363 
363 
363.004 
363 
3162.95 
363 
363 
372.995 
3174.16 
5693.35 
363 
6337.98 
364.358 
363.114 
363 
1173.36 
395.866 
6321.37 
4848.66 
363.603 
3560.47 
363 
3315.66 
412.997 
747.148 
363.031 
1748.81 
3453.88 
6498.13 
363 
367.8 
4564.34 
363 
3239.31 
363.157 
363.046 
1083.01 
370.804 
4606.15 
4606.31 
4399.88 
5364.57 
1644.28 
483.399 
4038.18 
6593.71 
3895.41 
1476.75 
363 
513.36 
363 
3788.57 
4013.85 
3202.63 
412.102 
7411.98 
363 
363 
4166.69 
363 
3164.48 
363.295 
363.001 
3108.06 
723.691 
402.613 
363 
512.449 
5537.3 
363 
377.626 
365.452 
1250.46 
363 
366.924 
1011.98 
3358.81 
4627.57 
363.027 
363 
494.101 
5360.17 
1113.29 
600.098 
363 
363 
363.359 
363 
3549.54 
363 
3876.55 
679.784 
363.002 
363.07 
363 
363 
363 
363 
363 
363 
363 
363 
2966.86 
363 
419.828 
366.02 
366.148 
363 
363 
581.27 
363.002 
619.717 
3932.87 
2579.32 
3669.77 
4232.41 
401.46 
7955.88 
3491.47 
1217.96 
363 
363.001 
363 
363 
1712.01 
363 
373.491 
3950.1 
918.526 
634.702 
366.728 
375.158 
4166.19 
363 
363 
404.672 
363 
3960.38 
363 
363 
1252.17 
677.41 
4786.68 
363.006 
363 
5299.25 
1371.27 
363.006 
363 
363 
835.803 
363 
1716.6 
363 
6562.47 
363 
368.162 
363.03 
363.011 
4583.37 
364.599 
563.119 
363.39 
363 
3505.37 
1054.23 
363 
364.968 
363.001 
363 
363 
4684.43 
363.033 
363 
2497.14 
425.808 
370.6 
818.432 
363.017 
7177.72 
6152.42 
1148.74 
369.995 
3099.04 
605.582 
363 
363 
3474.17 
3501.11 
3450.59 
5066.38 
363 
430.866 
4527.73 
3218.68 
10666.4 
363.003 
3794.58 
532.019 
3531.59 
363 
363.216 
363.371 
1878.77 
383.637 
363.002 
404.5 
363 
363 
363 
363 
1382.9 
1317.44 
627.741 
363 
363.013 
4207.76 
11796.2 
1055.92 
363.393 
363.025 
363 
598.974 
363 
6865.85 
1740.58 
363 
363.018 
370.903 
4420.74 
363 
363 
666.49 
3869.06 
4546.34 
4146.69 
5751.12 
363 
8249.61 
363.001 
3749.59 
9273.99 
591.298 
363 
4859.85 
363 
363.018 
363 
752.884 
363 
363 
1117.48 
615.472 
1031.36 
4677.85 
4285.83 
363 
4359.56 
511.88 
7713.7 
363 
3946.44 
363 
363 
363 
6638.3 
363 
544.227 
363.032 
3527.62 
363.13 
4258.32 
3734.61 
5984.74 
363 
363.012 
363 
363 
370.526 
686.166 
1597.94 
363.026 
511.142 
363 
363.656 
363.004 
626.015 
363 
384.656 
676.769 
4887.58 
363 
375.036 
1179.75 
373.154 
363 
363 
363 
671.909 
3801.68 
5160.73 
395.451 
363 
1678.75 
363 
4748.76 
363 
363.01 
1100.52 
3325.34 
363 
4418.16 
419.943 
363 
363.016 
