363 
4922.32 
16791 
6663.06 
363.04 
363 
363 
363 
363 
363 
363.439 
372.159 
363 
6014.06 
367.38 
363 
2040.48 
524.842 
3086.94 
363 
363 
6085.12 
363 
363 
363 
3636.16 
6197.33 
5561.56 
363.036 
363 
10458.3 
363 
363 
363 
4971.63 
363 
363 
1652.98 
6086.92 
1745.58 
6797.25 
5284 
363 
403.381 
363 
363 
2042.91 
363 
8258.13 
8547.22 
377.11 
1771.91 
363 
363 
363 
367.992 
363 
363.001 
363.222 
426.593 
3135.36 
363.602 
461.011 
363 
363.002 
363 
363 
363.123 
363 
363 
363.028 
368.534 
836.108 
363 
363 
363 
363 
372.702 
3184.77 
363 
363 
1131.14 
365.091 
363 
8180.88 
363 
363.003 
6305.98 
363.504 
4951.01 
363.001 
363 
363.086 
363 
5660.21 
363 
363 
363 
3320.35 
3685.2 
363.004 
363 
363 
363 
363 
363 
363 
363.003 
4857.47 
363.487 
1424.72 
7780.43 
363 
1660.58 
363 
370.609 
363.016 
363.005 
9924.13 
3118.89 
363 
363.018 
4835.22 
6271.8 
7627.03 
363 
363 
363 
363.005 
6060.3 
363 
363.002 
363 
363 
363.774 
3370.16 
512.4 
363.056 
363 
363 
1696.45 
363 
386.984 
363.091 
363.142 
363 
4814.48 
363 
363 
363 
363 
363 
4776.76 
363 
3189.61 
363 
14977 
363.001 
3858.44 
363 
363 
363.007 
371.807 
4003 
363 
363.486 
3474.04 
363.001 
369.508 
363 
4224.86 
363 
699.712 
365.968 
363 
461.091 
6337.96 
1684.53 
363 
363 
363 
363.065 
363 
363 
363.747 
409.561 
363 
363 
363 
3626.8 
365.89 
363 
363 
10296.3 
363 
363 
408.817 
363 
363 
363.008 
363 
363 
363 
363 
363 
363 
3341.5 
363 
363 
363 
363 
363.001 
3158.25 
440.804 
3361.06 
6325.98 
364.322 
3444.58 
363 
3666.02 
363 
1698.36 
363.076 
2722.41 
3967.26 
380.118 
363 
370.936 
5593.44 
363 
3491.96 
363 
363 
1275.48 
379.76 
6158.43 
363 
5857.78 
363 
363 
363.002 
4864.05 
363.989 
4760.67 
363 
363 
391.146 
363 
3391.11 
363 
3527.6 
465.795 
363 
363 
363 
5696.41 
363 
363.004 
363.684 
363 
3358.84 
1562.43 
363 
363 
363 
363 
363 
387.836 
367.422 
3135.39 
363 
363 
363 
3643.16 
7013.67 
363 
363 
630.716 
7300.32 
1229.39 
978.06 
363 
363 
363.758 
363 
363 
363 
363 
1597.71 
363 
363 
363 
363 
363 
363 
363 
363 
363 
363 
3265.63 
363.001 
460.5 
369.977 
368.426 
363 
363 
363 
363.004 
1137.82 
4965.3 
3128.59 
4145.67 
5461.78 
363 
363 
3904.49 
785.28 
363 
363 
363 
363 
3119.24 
363 
380.744 
4822.76 
3081.8 
1082.49 
363 
363.492 
5705.67 
363 
363 
363 
363 
4867.06 
363 
363 
363 
1196.29 
7908.83 
363.009 
363 
3350.17 
363 
363 
363 
363 
502.097 
363 
3213.93 
363 
363 
363 
369.754 
363.002 
363 
6423.77 
363 
803.264 
363 
363 
4049.31 
1692.36 
363 
363 
363.002 
363 
363 
4877.52 
363.08 
363 
3385.81 
503.355 
369.407 
2244.38 
363 
363 
363.325 
363 
368.171 
363 
651.95 
363 
363 
3923.51 
546.931 
3873.02 
363.027 
363 
493.878 
6310.29 
363 
363 
363 
4659.01 
768.24 
363 
363 
363.181 
363 
3256.52 
387.37 
363 
363 
363 
363 
363 
363 
1433.37 
363 
981.887 
363 
363.032 
5350.28 
363 
2709.06 
363.78 
363.062 
363 
363 
363 
363 
363 
363 
363.043 
363 
5506.41 
363 
363 
1004.37 
4832.49 
5899.36 
5615.22 
363 
363 
363 
363.002 
363 
363 
1021.93 
363 
6964.33 
363 
363 
363 
363 
363 
363 
1173.07 
1157.8 
1691.09 
9101.49 
4407.83 
363 
6210.29 
727.931 
363 
363 
4994.02 
363 
363 
363 
363 
363 
768.21 
363 
4131.93 
363.039 
5168.11 
4444.05 
363 
363 
363 
363 
363 
363 
1392.74 
363 
363 
737.483 
363 
365.043 
363.007 
879.83 
363 
363 
1198.63 
9581.34 
363 
363 
363.836 
383.131 
363 
363 
363 
1723.73 
363 
8998.78 
363.581 
363 
363 
363 
10284.5 
363 
363.028 
1053.71 
3662.51 
363 
5882.65 
467.377 
363 
363.04 
