363 
363 
1671.1 
363 
363 
363 
17688.1 
363 
363 
363 
363 
363 
363 
363 
5212.86 
363.003 
363 
363 
363 
363 
363 
363 
363 
363 
363 
363 
363 
363 
363 
363 
363 
363.006 
363 
363 
363 
363 
363 
4142.9 
363 
363 
363 
363 
363 
363 
363 
363 
487.963 
363.002 
363 
363 
363 
363 
363.001 
363 
363 
363 
363 
363 
363 
5020.38 
363 
363 
363 
363 
363 
363 
363 
363 
363 
363 
363 
363 
635.578 
363 
363 
363 
363 
363 
363 
363 
363 
363 
363 
363 
363 
390.294 
363 
363 
363 
363 
363 
363 
365.12 
363 
363 
363 
363 
363.808 
363 
2334.63 
364.242 
363 
363 
363 
3129.08 
363 
363 
363 
363 
363 
865.003 
363 
391.754 
363 
363 
363 
363 
363 
363 
363.014 
363 
363 
363 
363 
363 
363 
363 
363 
363 
363 
366.352 
363 
363 
363 
363 
363 
363 
3363.33 
363 
363 
363 
363 
363 
363.003 
363 
363 
363 
363 
363 
363 
363 
363 
363 
3380.57 
363 
363 
392.092 
3287.77 
363 
363 
363 
3104.53 
363 
363 
363 
363 
363 
363.311 
4565.96 
363 
363 
363 
363 
363 
5144.08 
363 
363 
363 
363 
363 
363 
363.618 
363 
363 
363 
363 
363 
1698.22 
4093.09 
514.842 
363 
363 
363 
3267.24 
14226.1 
363 
3900.59 
363 
363 
363 
363 
379.788 
363 
363 
363 
363 
363 
363 
363 
363 
363 
363 
363 
363 
363 
363 
452.313 
363 
363 
363.001 
363 
363 
363 
363 
363 
363 
363 
363 
363 
363 
363.007 
363 
363 
363 
364.904 
363 
363 
363 
363 
363 
363 
363 
363 
363 
363 
363.629 
6354.15 
363 
12253.7 
363 
363 
363 
363 
363 
424.625 
363 
363 
363 
363 
764.15 
364.611 
363 
363 
363 
363 
363 
363 
363 
363 
363 
363 
363 
363 
363 
363 
363 
363 
363 
363 
625.694 
363 
3640.19 
363 
363 
363 
363 
363 
1221.98 
3160.31 
363 
363 
363 
363 
363 
5979.79 
363 
363 
393.423 
363 
363 
363 
363 
429.307 
363 
363 
363 
363 
474.973 
363 
363 
363 
363 
363 
363 
363 
463.851 
363 
363 
363 
363 
363.031 
363 
363 
363 
363 
363 
363 
363 
363 
363 
363 
363 
363 
363 
3156.76 
363 
363 
3653.42 
363 
363 
363 
363 
363 
363 
363 
363.014 
5017.19 
363 
363 
363 
363 
363 
363.15 
363 
363 
363 
363 
363 
363 
363 
363 
363 
363 
363 
363 
363 
363 
363 
363 
9304.77 
363 
363 
363 
363 
363 
363 
363 
363 
363.015 
363 
9545.98 
363 
363.011 
363 
363 
363 
363 
363 
363 
363 
363 
363 
363 
363 
363 
363 
363 
363 
363 
363 
363 
363 
363 
3176.6 
363 
363 
367.345 
363 
363 
363 
363 
363 
363.142 
363 
363 
363 
363 
363 
363 
1127.94 
363 
363 
363 
363 
363 
363 
363 
363 
363 
363 
363.001 
363 
363 
363 
363 
363 
363.183 
363 
363 
363 
363 
363 
363 
363 
363 
363 
363 
363 
363 
7140.52 
363 
363 
363 
363 
363 
363 
363 
363 
363 
363 
363.541 
363 
363 
363 
363 
363 
363 
363 
363 
363 
363 
3186.83 
363 
372.696 
363 
363 
363 
363 
363 
363 
363 
363 
363 
6696.02 
363 
363 
363 
363 
363 
363 
364.979 
3168.83 
363 
363 
2149.97 
363 
363 
363 
363 
370.469 
3980.41 
363 
363 
363 
363 
470.125 
363 
363 
363 
363 
363 
363 
