363 
363 
363.004 
363 
363 
363 
3155.38 
363 
363 
363 
363 
363 
363 
363 
4376.31 
363 
363 
363 
363 
363 
363 
363 
363 
363 
363 
363 
363 
363 
363 
363 
363 
363 
363 
363 
363 
363 
363 
3725.61 
363 
363 
363 
363 
363 
363 
363 
363 
363.08 
363 
363 
363 
363 
363 
363 
363 
363 
363 
363 
363 
363 
3089.42 
363 
363 
363 
363 
363 
363 
363 
363 
363 
363 
363 
363 
363.023 
363 
363 
363 
363 
363 
363 
363 
363 
363 
363 
363 
363 
363.839 
363 
363 
363 
363 
363 
363 
363.001 
363 
363 
363 
363 
363.132 
363 
378.589 
363 
363 
363 
363 
365.239 
363 
363 
363 
363 
363 
370.017 
363 
363.001 
363 
363 
363 
363 
363 
363 
363.002 
363 
363 
363 
363 
363 
363 
363 
363 
363 
363 
363 
363 
363 
363 
363 
363 
363 
573.843 
363 
363 
363 
363 
363 
363.001 
363 
363 
363 
363 
363 
363 
363 
363 
363 
467.749 
363 
363 
368.442 
2953.91 
363 
363 
363 
988.489 
363 
363 
363 
363 
363 
363 
3201.92 
363 
363 
363 
363 
363 
3352.63 
363 
363 
363 
363 
363 
363 
363.003 
363 
363 
363 
363 
363 
363.017 
3651.49 
363 
363 
363 
363 
3191.16 
3825.08 
363 
470.11 
363 
363 
363 
363 
363.046 
363 
363 
363 
363 
363 
363 
363 
363 
363 
363 
363 
363 
363 
363 
363.001 
363 
363 
363 
363 
363 
363 
363 
363 
363 
363 
363 
363 
363 
363 
363 
363 
363 
363 
363 
363 
363 
363 
363 
363 
363 
363 
363 
363 
363 
1198.72 
363 
3930.16 
363 
363 
363 
363 
363 
401.804 
363 
363 
363 
363 
402.408 
363 
363 
363 
363 
363 
363 
363 
363 
363 
363 
363 
363 
363 
363 
363 
363 
363 
363 
363 
363.01 
363 
422.596 
363 
363 
363 
363 
363 
363.046 
2517.6 
363 
363 
363 
363 
363 
4648.1 
363 
363 
363 
363 
363 
363 
363 
404.179 
363 
363 
363 
363 
365.689 
363 
363 
363 
363 
363 
363 
363 
417.25 
363 
363 
363 
363 
363 
363 
363 
363 
363 
363 
363 
363 
363 
363 
363 
363 
363 
363 
363.65 
363 
363 
370.298 
363 
363 
363 
363 
363 
363 
363 
363.008 
1715.56 
363 
363 
363 
363 
363 
363.054 
363 
363 
363 
363 
363 
363 
363 
363 
363 
363 
363 
363 
363 
363 
363 
363 
6508.61 
363 
363 
363 
363 
363 
363 
363 
363 
363 
363 
8574.71 
363 
363 
363 
363 
363 
363 
363 
363 
363 
363 
363 
363 
363 
363 
363 
363 
363 
363 
363 
363 
363 
363 
363.431 
363 
363 
363.001 
363 
363 
363 
363 
363 
363 
363 
363 
363 
363 
363 
363 
878.338 
363 
363 
363 
363 
363 
363 
363 
363 
363 
363 
363 
363 
363 
363 
363 
363 
363.116 
363 
363 
363 
363 
363 
363 
363 
363 
363 
363 
363 
363 
5788.08 
363 
363 
363 
363 
363 
363 
363 
363 
363 
363 
363 
363 
363 
363 
363 
363 
363 
363 
363 
363 
363 
1216.36 
363 
363 
363 
363 
363 
363 
363 
363 
363 
363 
363 
3864.96 
363 
363 
363 
363 
363 
363 
363 
3128.31 
363 
363 
1784.81 
363 
363 
363 
363 
363 
708.289 
363 
363 
363 
363 
378.709 
363 
363 
363 
363 
363 
363 
