363 
363 
3169.82 
363 
363 
363 
20011.8 
363 
363 
363 
363 
363 
363 
363 
5132.29 
363.041 
363 
363 
363 
363 
363 
363 
363 
363 
363 
363 
363 
363 
363 
363 
363 
363.371 
363 
363 
363 
363 
363 
4107.25 
363 
363 
363 
363 
363 
363 
363 
363 
712.967 
363.097 
363 
363 
363 
363 
363.066 
363 
363 
363 
363 
363 
363 
5596.46 
363 
363 
363 
363 
363 
363.011 
363 
363 
363 
363 
363 
363 
1640.8 
363 
363 
363 
363 
363 
363 
363 
363 
363 
363 
363 
363 
396.606 
363 
363 
363 
363 
363 
363 
369.073 
363 
363 
363 
363 
363.828 
363 
3084.01 
390.029 
363 
363.001 
363 
3375.26 
363 
363 
363 
363 
363 
1116.6 
363 
533.103 
363 
363 
363 
363 
363 
363 
363.014 
363 
363 
363 
363 
363 
363 
363 
363 
363 
363 
467.295 
363 
363 
363 
363 
363 
363 
3611.78 
363 
363 
363 
363 
363 
363.004 
363 
363 
363 
363 
363 
363 
363 
363 
363 
3747.58 
363 
363 
392.32 
3296.19 
363 
363 
363 
3104.9 
363 
363 
363 
363 
363 
364.873 
4664.24 
363 
363.001 
363 
363 
363 
5188.84 
363 
363 
363 
363 
363 
363 
364.277 
363 
363 
363 
363 
363 
3147.9 
4064.35 
1747.24 
363 
363 
363 
3253.36 
13719.3 
363 
5254.48 
363 
363 
363 
363 
396.579 
363 
363 
363 
363 
363 
363 
363 
363 
363 
363 
363 
363 
363 
363 
1654.85 
363.001 
363 
363.025 
363.002 
363 
363 
363 
363 
363 
363 
363 
363 
363 
363.25 
363 
363 
363 
380.263 
363 
363 
363 
363 
363 
363 
363 
363 
363 
363 
364.886 
9854.48 
363 
11883.9 
363 
363 
363 
363 
363 
422.248 
363 
363 
363 
363 
783.427 
374.875 
363 
363 
363 
363 
363 
363 
363 
363 
363 
363 
363 
363 
363 
363 
363 
363 
363 
363.033 
1677.24 
363 
4681.78 
363 
363 
363 
363 
363 
3020.71 
3156.99 
363 
363 
363 
363 
363 
5846.21 
363 
363 
987.122 
363 
363 
363 
363 
426.825 
363 
363 
363 
363 
506.873 
363 
363 
363 
363 
363 
363 
363 
461.04 
363 
363 
363 
363 
364.366 
363 
363 
363 
363 
363.009 
363 
363 
363 
363 
363 
363 
363 
363 
3684.73 
363 
363 
5906.97 
363 
363 
363 
363 
363 
363 
363 
363.014 
6217.02 
363 
363 
363 
363 
363 
363.147 
363 
363 
363 
363 
363 
363 
363 
363 
363 
363 
363 
363 
363 
363 
363 
363 
8550.33 
363 
363 
363 
363 
363 
363 
363 
363 
363.048 
363 
8819.46 
363 
363.024 
363 
363 
363 
363 
363 
363 
363 
363 
363 
363 
363 
363 
363 
363 
363 
363 
363 
363 
363 
363 
3922.65 
363 
363 
381.118 
363 
363 
363 
363 
363 
365.279 
363 
363 
363 
363 
363 
363.002 
1074.69 
363 
363 
363 
363 
363 
363 
363 
363 
363 
363 
363.003 
363 
363 
363 
363 
363 
363.177 
363 
363 
363 
363 
363 
363 
363 
363 
363 
363 
363 
363 
6875.7 
363 
363 
363 
363 
363 
363 
363 
363 
363 
363.001 
380.656 
363 
363 
363 
363 
363 
363 
363 
363 
363 
363 
3210.7 
363 
505.23 
363 
363 
363 
363 
363 
363 
363 
363 
363 
6617.02 
363 
363 
363 
363 
363 
363 
392.357 
3157.55 
363 
363 
1950.54 
363 
363 
363 
363.005 
601.73 
4916.6 
363 
363 
363 
363 
490.451 
363 
363 
363 
363 
363 
363 
