363 
363 
13396.7 
363 
363 
363 
13391 
363 
363 
363 
363 
363 
363 
363 
4906.98 
369.805 
363 
363 
363.863 
363 
363 
363 
363 
363 
363 
363 
363 
363 
363 
363 
363 
3083.3 
363 
363 
363 
363 
363 
4002.26 
363 
363 
363 
363 
363 
363 
363 
363 
1338.11 
856.471 
363 
363 
363 
363 
892.748 
363 
363 
363 
363 
363 
363 
5594.94 
363.002 
363 
363 
363 
363 
368.705 
363 
363 
363 
363 
363 
363 
3117.1 
363 
363 
363 
363.002 
363 
363 
363 
363 
363 
363 
363 
363 
396.331 
363 
363 
363 
363 
363 
363 
381.041 
363 
363 
363 
363.494 
363.776 
363 
3084.54 
3140.38 
363 
363.001 
363.004 
4851.87 
363 
363 
363 
363.331 
363 
1240.02 
363 
1852.99 
363 
363 
363 
363 
363 
363 
363.013 
363 
363 
363 
363 
363 
363 
363 
363 
363 
363 
4079.86 
363 
363 
363 
363 
363 
363 
3854.31 
363 
363 
363.001 
363.258 
363 
363.005 
363 
363 
363 
363 
363 
363.044 
363 
363 
363 
4303.46 
363 
363 
389.632 
3270.62 
363 
363 
363 
2652.95 
363 
363 
363 
363 
363 
381.471 
4589.64 
363 
398.985 
363.989 
363 
363 
4990.74 
363 
363 
363 
363 
363 
363 
366.881 
363 
363 
363 
363 
363 
6625.98 
3976.48 
5072.32 
363 
363 
363 
3211.77 
10238.7 
363 
7823.61 
363 
363 
363 
363 
447.116 
363 
363 
363 
363 
363 
363 
363.116 
363 
363 
363 
363 
363 
363 
363 
5353.23 
363.009 
363 
380.682 
437.65 
363 
363 
363 
363 
363 
363.049 
363 
363.004 
363 
906.617 
363 
363 
363 
1091.82 
363 
363 
363 
363 
363 
363 
363 
363 
363 
363 
369.068 
10707.9 
363 
9413.37 
363 
363 
363 
363 
363 
415.398 
363 
363 
363 
363 
731.573 
658.991 
363 
363 
363 
363 
363 
363 
363 
363 
363 
363 
363 
363 
363 
363 
363 
363 
363 
1534.5 
3183.47 
363 
7204.32 
363 
363 
363 
363 
363 
3408.73 
3133.21 
363 
363 
363 
363.001 
363 
5482.62 
363 
363.004 
4932.89 
363 
363 
363 
363 
419.63 
363 
363 
363 
363 
512.532 
363 
363 
363 
363 
363 
363 
363 
452.279 
363 
363 
363 
363 
3088.4 
363 
370.256 
363 
363 
374.497 
363 
363 
363 
363 
363 
363 
363 
363 
10994.3 
363 
363 
16250.1 
363 
363 
363 
363 
363 
363 
363 
363.013 
6728.93 
363 
363 
363 
363 
363 
363.131 
363 
363 
363 
363 
363 
363 
363 
363 
363 
363 
363 
366.711 
363 
363 
363 
363 
7103.7 
363 
363 
363 
363 
363 
363 
363 
363 
363.183 
363 
7457.78 
363 
363.044 
363 
363 
363 
363 
363 
363 
363 
363 
363 
363 
363 
363 
363 
363 
363 
363 
363 
363 
363 
363 
15963 
363 
363 
477.479 
363 
363 
363 
363 
363 
823.575 
363 
363 
363 
363 
363.011 
363.373 
949.609 
363 
363 
363 
363 
363 
363 
363 
363 
363.012 
363 
363.018 
363 
363 
363 
363 
363 
363.156 
363 
364.201 
363 
363 
363 
363 
363 
363 
363 
363 
363 
363 
6247.5 
363 
363 
363 
363.005 
363 
363 
363 
363 
363 
376.015 
3251.34 
363 
363 
363 
363 
363 
363 
363 
363 
363 
363 
3190.54 
363 
3204.71 
363 
363 
363 
363 
363 
363 
363 
363 
363 
6126.93 
363 
363 
363 
363 
363 
363 
3011.04 
3123.63 
363 
363 
1707 
367.544 
363 
363 
560.71 
5603.77 
5978.69 
363 
363 
363.146 
363 
531.487 
363 
363 
363 
363 
363 
363 
