363.004 
4126.77 
6083.89 
4791.78 
3351.71 
363 
4686.61 
8195.28 
363 
8469.4 
449.723 
373.508 
11077.5 
4732.43 
367.864 
3083.94 
981.469 
463.372 
1264.5 
5438.72 
3119 
4630.39 
363 
363 
363.03 
3339.97 
5098.27 
5182.3 
363.024 
363 
6110.45 
3155.42 
484.934 
363 
4178.89 
1855.77 
363 
907.837 
4697.7 
846.912 
5330.72 
4562.49 
363 
414.138 
363.001 
363 
1238.7 
3386.57 
5438.11 
5720.25 
372.299 
1317.38 
363 
363 
363 
366.467 
363 
363.001 
363.132 
508.576 
1671.64 
363.464 
682.349 
3316.51 
363.002 
363 
363 
363.309 
1222.51 
3167.66 
363.155 
626.79 
635.229 
370.53 
363 
363 
3237.41 
369.861 
6438.61 
446.986 
1281.66 
736.474 
364.002 
363 
6035.93 
375.37 
363.003 
4572.24 
363.933 
4126.29 
363.002 
363 
1047.2 
1004.28 
4581.17 
3438.23 
363 
7045.86 
3155.96 
3483.03 
363.018 
363 
566.829 
384.009 
363 
363 
363 
7728.82 
4180.19 
3558.3 
3189.91 
5333.41 
3385.73 
6663.84 
5209.17 
409.967 
363.01 
363.005 
5008.38 
1684.62 
363 
386.498 
4243.05 
4809.98 
5064.58 
4493.48 
363 
363 
855.035 
4832.01 
363.334 
363.011 
363 
363 
363.452 
3230.77 
6736.6 
363.038 
363 
363.004 
1110.54 
363.055 
3178.98 
363.053 
363.082 
401.014 
3991.67 
363.001 
363 
363 
4267.24 
363 
3981.93 
604.315 
1730.96 
3583.85 
5523.64 
6487.16 
3567.88 
363 
7051.98 
363.065 
369.537 
3556.77 
363 
363.244 
3280.63 
363.001 
366.451 
363.008 
6245.33 
8402.62 
865.128 
364.413 
363 
413.995 
4687.02 
850.534 
363.009 
3391.26 
363.115 
381.638 
363 
363 
364.61 
390.212 
363 
363 
363 
3353.96 
6681.2 
363 
363 
5919.86 
363 
363 
390.421 
363 
363 
363.005 
363 
3188.55 
363 
363 
373.9 
3217.28 
6104.57 
363 
7315.93 
364.52 
363.129 
363 
1498.31 
400.906 
6751.21 
5007.13 
363.688 
3621.95 
363 
3366.51 
419.732 
816.793 
363.036 
1764.39 
3522.16 
7054.66 
363 
368.219 
4686.87 
363 
3294.56 
363.175 
363.052 
1099.31 
371.863 
4766.19 
1905.58 
4551.34 
5677.16 
1656.33 
484.476 
4139.51 
7287.12 
3999.12 
508.142 
363 
501.337 
363 
3861.04 
4077.5 
3248.97 
418.478 
8732.17 
363 
363 
4319 
363 
3197.45 
363.339 
363 
3144.96 
782.494 
363.429 
363 
364.499 
5888.27 
363 
378.994 
365.705 
1527.17 
363 
363.519 
504.496 
3400.36 
4827.59 
363.031 
363 
510.166 
5553.85 
1126.26 
636.475 
363 
363 
363.406 
363 
1522.27 
363 
3148.95 
738.288 
363.003 
363.067 
363 
363 
363 
363 
363 
363 
363 
363 
3106.78 
363 
425.14 
366.471 
366.461 
363 
363 
610.765 
363.002 
660.146 
4050.15 
3111.25 
3734.76 
4366.97 
407.274 
10887.7 
3548.86 
1582.47 
363 
363.001 
363 
363 
1728.61 
363 
374.451 
4054.84 
1040.4 
676.071 
363.513 
372.702 
4319.15 
363 
363 
408.208 
363 
4068.03 
363 
363 
1615.7 
723.693 
5015.14 
363.007 
363 
5612.72 
1675.21 
363.006 
363 
363 
922.823 
363 
1949.52 
363 
7329.3 
363 
368.758 
363.034 
363.013 
4801.86 
364.851 
589.431 
363.449 
363 
3577.02 
1098.76 
363 
365.258 
363.001 
363 
363 
4889.48 
363.038 
363 
3113.64 
434.691 
370.442 
912.496 
363.015 
8756.92 
6851.93 
1369.63 
370.998 
433.616 
611.599 
363 
363 
3535.61 
3568.75 
3508.93 
5423.35 
363 
441.176 
4699.45 
3106.64 
18279.4 
363.003 
3897.44 
556.977 
3604.15 
363 
363.218 
363.42 
2599.94 
386.176 
363.002 
364.461 
363 
363 
363 
363 
1396.49 
373.715 
663.709 
363 
363.016 
4336.01 
12612.8 
1199.12 
363.441 
363.029 
363 
543.828 
363 
7794.82 
540.988 
363 
363.021 
370.64 
4546.8 
363 
363 
709.357 
3980.47 
4692.9 
4295.22 
5241.92 
363 
4224.23 
363.001 
3159.73 
11546.1 
630.158 
363 
5060.26 
363 
363.021 
363 
818.314 
363 
363 
1125.58 
660.151 
1096.9 
4928.79 
4454.99 
363 
4531.71 
534.646 
9593.45 
363 
4064.98 
363 
363 
363 
7589.86 
363 
568.751 
363.002 
3605.43 
363.114 
4368.48 
3823.53 
6617.38 
363 
363.015 
363 
363 
364.269 
741.224 
472.065 
363.029 
534.573 
363 
363.781 
363.004 
647.516 
363 
377.631 
723.165 
5187.96 
363 
373.079 
1456.39 
374.379 
363 
363 
363 
734.813 
3568.62 
5513.85 
392.816 
363 
1855.36 
363 
5015.89 
363 
363.011 
1102.25 
3373.4 
363 
4570.27 
423.772 
363 
363.018 
