363 
5134.11 
7326.24 
7460.51 
363 
363 
363 
363 
363 
363 
363 
371.711 
363 
6423.87 
365.894 
363 
2956.75 
538.666 
1684.36 
363 
363 
6590.9 
363 
363 
363 
3698.13 
6506.71 
3098.17 
363.039 
363 
5783.03 
363 
363 
363 
5181.24 
363 
363 
1694.68 
6557.73 
2231.2 
7271.75 
5015.72 
363 
397.044 
363 
363 
645.23 
363 
9937.63 
10126 
378.156 
387.276 
363 
363 
363 
368.314 
363 
363.001 
363.242 
407.892 
3138.96 
363.577 
363.423 
363 
363 
363.001 
363 
363.085 
363 
363 
363 
363.002 
889.172 
363 
363 
363 
363 
373.094 
372.095 
363 
363 
1272.51 
365.372 
363 
3084.83 
363 
363.003 
7023.67 
363.42 
5174.17 
363.001 
363 
363 
363 
5977.83 
363 
363 
363 
3351.99 
3723.5 
363 
363 
363 
363 
363 
363 
363 
363 
5025.34 
363 
363.637 
9022.93 
363 
363.042 
363 
363.017 
363.017 
363.005 
10467.6 
3141.47 
363 
363 
4974.72 
6777.15 
4465.05 
363 
363 
363 
363 
6438.21 
363 
363.001 
363 
363 
363.087 
3381.49 
363.021 
363.06 
363 
363 
1738.54 
363 
363.001 
363.1 
363.156 
363 
5040.18 
363 
363 
363 
363 
363 
4991.53 
363 
3222.11 
363 
8620.81 
363 
3918.3 
363 
363 
363 
372.227 
4012.76 
363 
363.547 
3511.9 
363 
370.257 
363 
459.282 
363 
562.571 
366.371 
363 
472.901 
6978.56 
1745.07 
363 
363 
363 
363 
363 
363 
363.006 
414.108 
363 
363 
363 
3682.99 
363 
363 
363 
14730.8 
363 
363 
413.253 
363 
363 
363.008 
363 
363 
363 
363 
363 
363 
390.309 
363 
363 
363 
363 
363.001 
1742.17 
451.136 
394.914 
6740.77 
363.836 
1478.77 
363 
3366.85 
363 
1843.41 
363.087 
3006.22 
4068.81 
363 
363 
371.528 
5835.66 
363 
3088.43 
363 
363 
1360.43 
381.697 
6626.46 
363 
6291.37 
363 
363 
363 
5049.27 
363 
4962.19 
363 
363 
372.444 
363 
821.206 
363 
3585.52 
477.431 
363 
363 
363 
6188.71 
363 
363 
363.771 
363 
3401.53 
1696.29 
363 
363 
363 
363 
363 
389.745 
367.725 
3166.73 
363 
363 
363 
3692.06 
8107.93 
363 
363 
661.239 
7920.7 
1264.85 
1097.17 
363 
363 
363.844 
363 
363 
363 
363 
1712.21 
363 
363 
363 
363 
363 
363 
363 
363 
363 
363 
3296.17 
363.001 
468.411 
370.867 
365.386 
363 
363 
363 
363.005 
1371.5 
5228.11 
494.994 
4233.89 
5584.78 
363 
363 
3980.99 
363.249 
363 
363 
363 
363 
3153.28 
363 
382.129 
5025.54 
3115.76 
1238.42 
363 
363.099 
5652.22 
363 
363 
363 
363 
5081.5 
363 
363 
363 
1396.19 
8423.66 
363 
363 
502.269 
363 
363 
363 
363 
363.243 
363 
3246.8 
363 
363 
363 
363.431 
363 
363 
3383.48 
363 
863.676 
363 
363 
4158.48 
1749.48 
363 
363 
363.002 
363 
363 
3091.58 
363.091 
363 
3442.55 
520.857 
369.443 
1961.35 
363 
363 
363 
363 
363.068 
363 
660.23 
363 
363 
4008.75 
363.013 
3951.94 
363 
363 
379.767 
6921.05 
363 
363 
363 
4862.78 
829.911 
363 
363 
363.162 
363 
3292.87 
364.04 
363 
363 
363 
363 
363 
363 
1385.96 
363 
1085.3 
363 
363.032 
5647.06 
363 
1486.51 
363.86 
363.07 
363 
363 
363 
363 
363 
363 
363.049 
363 
5772.6 
363 
363 
1064.09 
5070.53 
6272.88 
6074.13 
363 
363 
363 
363.003 
363 
363 
878.08 
363 
4624.38 
363 
363 
363 
363 
363 
363 
1181.76 
1393.6 
1738.01 
12251.1 
3023.64 
363 
6869.04 
783.943 
363 
363 
5262.45 
363 
363 
363 
363 
363 
824.162 
363 
4257.58 
363.028 
5376.49 
4597.9 
363 
363 
363 
363 
363 
363 
1602.67 
363 
363 
797.56 
363 
365.451 
363.008 
966.336 
363 
363 
1401.05 
3524.27 
363 
363 
363 
385.205 
363 
363 
363 
2186.58 
363 
3141.36 
363.004 
363 
363 
363 
13978.5 
363 
363.033 
1003.45 
3722.64 
363 
6318.37 
481.474 
363 
363.046 
