363 
363 
435.865 
363 
363 
363 
10259.5 
363 
363 
363 
363 
363 
363 
363 
5266.94 
363 
363 
363 
363 
363 
363 
363 
363 
363 
363 
363 
363 
363 
363 
363 
363 
363 
363 
363 
363 
363 
363 
4165.52 
363 
363 
363 
363 
363 
363 
363 
363 
391.373 
363 
363 
363 
363 
363 
363 
363 
363 
363 
363 
363 
363 
4168.29 
363 
363 
363 
363 
363 
363 
363 
363 
363 
363 
363 
363 
398.316 
363 
363 
363 
363 
363 
363 
363 
363 
363 
363 
363 
363 
379.823 
363 
363 
363 
363 
363 
363 
363.47 
363 
363 
363 
363 
363.699 
363 
1612.86 
363.034 
363 
363 
363 
1730.15 
363 
363 
363 
363 
363 
606.33 
363 
365.952 
363 
363 
363 
363 
363 
363 
363.011 
363 
363 
363 
363 
363 
363 
363 
363 
363 
363 
363.063 
363 
363 
363 
363 
363 
363 
3166.19 
363 
363 
363 
363 
363 
363.002 
363 
363 
363 
363 
363 
363 
363 
363 
363 
3151.51 
363 
363 
388.878 
3246.73 
363 
363 
363 
3091.81 
363 
363 
363 
363 
363 
363.033 
4257.33 
363 
363 
363 
363 
363 
4844.08 
363 
363 
363 
363 
363 
363 
363.228 
363 
363 
363 
363 
363 
484.734 
4106.22 
369.583 
363 
363 
363 
3277.91 
12153.5 
363 
3254.14 
363 
363 
363 
363 
369.296 
363 
363 
363 
363 
363 
363 
363 
363 
363 
363 
363 
363 
363 
363 
368.21 
363 
363 
363 
363 
363 
363 
363 
363 
363 
363 
363 
363 
363 
363 
363 
363 
363 
363.126 
363 
363 
363 
363 
363 
363 
363 
363 
363 
363 
363.132 
4044.39 
363 
10832.8 
363 
363 
363 
363 
363 
426.279 
363 
363 
363 
363 
682.919 
363.132 
363 
363 
363 
363 
363 
363 
363 
363 
363 
363 
363 
363 
363 
363 
363 
363 
363 
363 
390.293 
363 
3181.04 
363 
363 
363 
363 
363 
461.986 
3151.1 
363 
363 
363 
363 
363 
6057.35 
363 
363 
363.875 
363 
363 
363 
363 
430.975 
363 
363 
363 
363 
428.046 
363 
363 
363 
363 
363 
363 
363 
464.756 
363 
363 
363 
363 
363 
363 
363 
363 
363 
363 
363 
363 
363 
363 
363 
363 
363 
363 
1691.67 
363 
363 
3124.79 
363 
363 
363 
363 
363 
363 
363 
363.015 
3878.41 
363 
363 
363 
363 
363 
363.147 
363 
363 
363 
363 
363 
363 
363 
363 
363 
363 
363 
363 
363 
363 
363 
363 
9999.96 
363 
363 
363 
363 
363 
363 
363 
363 
363.003 
363 
10412.1 
363 
363.003 
363 
363 
363 
363 
363 
363 
363 
363 
363 
363 
363 
363 
363 
363 
363 
363 
363 
363 
363 
363 
1694.25 
363 
363 
363.643 
363 
363 
363 
363 
363 
363.005 
363 
363 
363 
363 
363 
363 
1176.44 
363 
363 
363 
363 
363 
363 
363 
363 
363 
363 
363 
363 
363 
363 
363 
363 
363.188 
363 
363 
363 
363 
363 
363 
363 
363 
363 
363 
363 
363 
7379.75 
363 
363 
363 
363 
363 
363 
363 
363 
363 
363 
363.01 
363 
363 
363 
363 
363 
363 
363 
363 
363 
363 
3138.59 
363 
363.393 
363 
363 
363 
363 
363 
363 
363 
363 
363 
6433.97 
363 
363 
363 
363 
363 
363 
363.079 
3177.83 
363 
363 
2378.9 
363 
363 
363 
363 
363.138 
3350.33 
363 
363 
363 
363 
445.702 
363 
363 
363 
363 
363 
363 
