363.004 
4143.13 
6143.63 
4820.95 
3356.38 
363 
4704.8 
7506.12 
363 
8786.05 
451.174 
373.49 
11647.5 
4755.87 
367.854 
3088.53 
998.002 
464.737 
1294.33 
4970.04 
3094.53 
4655.45 
363 
363 
363.031 
3347.2 
5120.04 
5224.96 
363.024 
363 
6159.55 
3086.45 
461.269 
363 
4195.26 
1899.42 
363 
917.928 
4722.25 
859.89 
5357.35 
4578.23 
363 
414.193 
363 
363 
1263.85 
3394.33 
5475.8 
5759.07 
372.41 
1352.91 
363 
363 
363 
366.503 
363 
363.001 
363.134 
506.936 
1679.57 
363.471 
688.19 
3324.94 
363.002 
363 
363 
363.305 
669.433 
3145.57 
363.158 
630.225 
639.282 
370.661 
363 
363 
3230.29 
369.929 
6499.14 
448.218 
1313.81 
743.145 
364.023 
363 
6103.84 
375.501 
363.003 
4599.68 
363.922 
4143.07 
363.002 
363 
1069.91 
565.812 
4601.95 
3415.89 
363 
5340.3 
3160.24 
3488.26 
363.017 
363 
571.096 
384.414 
363 
363 
363 
7916.99 
4194.81 
3569.47 
3194.63 
5368.44 
3166.68 
6764.11 
4181.33 
410.808 
363.01 
363.005 
5051.14 
1691.5 
363 
386.703 
4256.3 
4835.52 
5101.2 
4512.36 
363 
363 
860.88 
4855.02 
363.189 
363.011 
363 
363 
363.462 
3234.45 
6809.69 
363.038 
363 
363.001 
1120.91 
363.037 
3184.33 
363.054 
363.083 
398.857 
4008.26 
363.001 
363 
363 
4286.13 
363 
3998.11 
537.574 
1741.48 
3591.03 
5577.15 
6595.73 
3575.05 
363 
7182.42 
363.066 
369.596 
3567 
363 
363.249 
3285.6 
363.001 
366.514 
363.005 
6328.6 
8621.25 
864.855 
364.443 
363 
414.949 
4714.05 
861.591 
363.009 
3399.79 
363.11 
381.972 
363 
363 
364.643 
390.63 
363 
363 
363 
3360.7 
6803.07 
363 
363 
5966.42 
363 
363 
390.812 
363 
363 
363.005 
363 
3191.5 
363 
363 
374.032 
3223.62 
6173.67 
363 
7513.25 
364.544 
363.131 
363 
1571.17 
401.687 
6822.79 
5031.49 
363.701 
3631.08 
363 
3374.02 
420.768 
828.129 
363.037 
1767.42 
3532.35 
7151.07 
363 
368.282 
4705.46 
363 
3302.76 
363.175 
363.053 
1101.85 
372.026 
4790.9 
1152.22 
4574.72 
5714.18 
1529.01 
483.947 
4154.82 
7412.6 
4014.84 
435.075 
363 
499.363 
363 
3871.84 
4035.14 
3255.8 
419.456 
9013.13 
363 
363 
4342.61 
363 
3202.27 
363.346 
363 
3150.37 
791.916 
363.14 
363 
363.481 
5945.96 
363 
379.199 
365.744 
1584.4 
363 
363.263 
444.371 
3406.46 
4859.09 
363.031 
363 
512.629 
5583.87 
1128.21 
642.191 
363 
363 
363.414 
363 
771.479 
363 
3098.78 
747.741 
363.003 
363.059 
363 
363 
363 
363 
363 
363 
363 
363 
3110.92 
363 
425.94 
366.541 
366.509 
363 
363 
614.236 
363.002 
666.661 
4068.05 
3117.21 
3744.41 
4387.6 
408.041 
11661.4 
3557.36 
1652.22 
363 
363.001 
363 
363 
1731.02 
363 
374.595 
4070.72 
1061.47 
682.588 
363.262 
372.352 
4342.86 
363 
363 
407.035 
363 
4084.37 
363 
363 
1656.02 
730.993 
5051.47 
363.007 
363 
5663.87 
1685.96 
363.005 
363 
363 
937.213 
363 
2019.36 
363 
7471.71 
363 
368.849 
363.035 
363.013 
4836.59 
364.89 
593.5 
363.458 
363 
3587.73 
1105.98 
363 
365.303 
363.001 
363 
363 
4921.79 
363.039 
363 
3120.3 
436.062 
370.415 
928.366 
363.015 
9122.24 
6980.89 
1407.79 
371.152 
385.042 
612.509 
363 
363 
3544.74 
3578.83 
3517.59 
5483.05 
363 
442.776 
4726.16 
3085.65 
19423.2 
363.003 
3913.04 
560.865 
3612.27 
363 
363.219 
363.427 
2822.36 
386.563 
363.002 
363.58 
363 
363 
363 
363 
1398.43 
366.5 
669.315 
363 
363.016 
4355.62 
9875.85 
1224.28 
363.448 
363.03 
363 
506.682 
363 
7974.59 
444.902 
363 
363.021 
370.587 
4565.99 
363 
363 
715.975 
3997.44 
4715.4 
4318.2 
4823.18 
363 
3694.92 
363.001 
3106.77 
10412.5 
636.319 
363 
5091.67 
363 
363.021 
363 
828.873 
363 
363 
1126.77 
667.28 
1109.31 
4969.22 
4481.39 
363 
4558.58 
538.197 
9685.36 
363 
4083.08 
363 
363 
363 
7743.9 
363 
572.548 
363.001 
3617.11 
363.112 
4385.16 
3836.92 
6731.9 
363 
363.015 
363 
363 
363.676 
750.009 
413.425 
363.03 
538.238 
363 
363.801 
363.004 
650.975 
363 
376.309 
730.484 
5237.21 
363 
372.773 
1513.7 
374.565 
363 
363 
363 
745.325 
3448.22 
5572.67 
392.346 
363 
1936.85 
363 
5059.2 
363 
363.012 
1102.42 
3380.49 
363 
4593.75 
424.408 
363 
363.019 
