363.007 
4094.81 
5970.99 
4735.48 
3342.44 
363 
4651.03 
8828.17 
363 
7950.88 
446.895 
373.541 
10159.3 
4686.88 
367.883 
2762.4 
950.437 
460.7 
1210.35 
6043.3 
3175.17 
4581.81 
363 
363 
363.029 
3325.69 
5055.8 
5100.95 
363.023 
363 
6016.73 
3682.4 
516.794 
363 
4146.88 
1777.81 
363 
888.462 
4650.08 
822.379 
5279 
4531.63 
363 
413.994 
363.004 
363 
1192.39 
3371.26 
5365.69 
5645.64 
372.08 
1253.85 
363 
363 
363 
366.395 
363.003 
363.001 
363.128 
511.748 
1656.14 
363.452 
671.049 
3299.83 
363.002 
363 
363 
363.319 
3080.73 
3194.21 
363.15 
620.074 
627.331 
370.275 
363 
363 
3237.38 
369.727 
6323.96 
444.578 
1223.65 
723.578 
363.96 
363 
5908.63 
375.111 
363.003 
4519.25 
363.953 
4093.53 
363.001 
363 
1005.37 
2920.86 
4540.7 
3451.12 
363 
11591.5 
3147.47 
3472.67 
363.018 
363 
558.584 
383.22 
363 
363 
363 
7400.03 
4151.54 
3536.36 
3180.56 
5265.97 
4923.7 
6479.77 
8593.98 
408.331 
363.01 
363.005 
4926.96 
1671.13 
363 
386.093 
4217.03 
4760.48 
4994.36 
4456.63 
363 
363 
843.826 
4787.27 
363.847 
363.012 
363 
363 
363.433 
3223.45 
6599.29 
363.037 
363 
363.024 
1090.57 
363.09 
3168.38 
363.051 
363.079 
401.967 
3959.29 
363.001 
363 
363 
4230.43 
363 
3950.32 
722.212 
1710.48 
3569.66 
5422.44 
6289.65 
3553.69 
363 
6802.86 
363.064 
369.418 
3536.67 
363 
363.235 
3270.78 
363.001 
366.328 
363.013 
6091.03 
8022.44 
865.484 
364.354 
363 
412.14 
4634.75 
829.455 
363.008 
3374.44 
363.117 
380.985 
363 
363 
364.546 
389.398 
363 
363 
363 
3340.63 
6461.28 
363 
363 
5830.9 
363 
363 
389.659 
363 
363 
363.005 
363 
3181.42 
363 
363 
373.637 
3204.73 
5975.06 
363 
6975.72 
364.472 
363.124 
363 
1379.42 
399.391 
6616.55 
4959.76 
363.662 
3603.97 
363 
3351.67 
417.718 
795.252 
363.035 
1758.58 
3502.12 
6876.34 
363 
368.096 
4650.54 
363 
3278.41 
363.171 
363.051 
1094.4 
371.547 
4718.22 
3153.04 
4505.97 
5585.06 
1675.29 
484.912 
4109.54 
7059.49 
3968.39 
781.611 
363 
505.085 
363 
3839.78 
4089.84 
3235.46 
416.575 
8260.3 
363 
363 
4273.25 
363 
3187.91 
363.326 
363 
3134.24 
764.474 
365.78 
363 
373.115 
5779.02 
363 
378.591 
365.631 
1429.83 
363 
364.446 
679.079 
3388.29 
4766.94 
363.029 
363 
505.371 
5495.68 
1122.42 
625.454 
363 
363 
363.392 
363 
3094.18 
363 
3339.58 
720.266 
363.002 
363.074 
363 
363 
363 
363 
363 
363 
363 
363 
3098.57 
363 
423.573 
366.336 
366.369 
363 
363 
602.256 
363.002 
647.707 
4015.24 
3099.46 
3715.73 
4326.81 
405.568 
9672.24 
3532.09 
1446.15 
363 
363.001 
363 
363 
1723.81 
363 
374.168 
4023.81 
1001.39 
663.519 
364.408 
373.403 
4273.2 
363 
363 
408.094 
363 
4036.11 
363 
363 
1480.27 
709.642 
4945.48 
363.007 
363 
5515.67 
1654.32 
363.007 
363 
363 
895.664 
363 
1831.38 
363 
7073.97 
363 
368.581 
363.033 
363.012 
4735.24 
364.775 
581.534 
363.431 
363 
3555.97 
1084.94 
363 
365.171 
363.001 
363 
363 
4827.28 
363.037 
363 
3100.48 
432.029 
370.492 
882.792 
363.016 
8167.17 
6619.93 
1295.89 
370.698 
858.956 
609.819 
363 
363 
3517.63 
3548.91 
3491.87 
5311.24 
363 
438.075 
4647.77 
3160.26 
15458.4 
363.003 
3866.94 
549.455 
3583.74 
363 
363.218 
363.405 
2297.32 
385.42 
363.002 
369.469 
363 
363 
363 
363 
1392.59 
432.083 
652.866 
363 
363.015 
4297.81 
15415.4 
1152.89 
363.427 
363.028 
363 
594.701 
363 
7478.62 
954.57 
363 
363.02 
370.734 
4509.34 
363 
363 
696.504 
3947.36 
4649.12 
4250.65 
5774.72 
363 
5823.63 
363.001 
3341.38 
11937.5 
618.321 
363 
4999.67 
363 
363.02 
363 
798.18 
363 
363 
1123.22 
646.489 
1074.81 
4851.68 
4403.98 
363 
4479.8 
527.778 
9038.59 
363 
4029.69 
363 
363 
363 
7273.26 
363 
561.387 
363.008 
3582.52 
363.119 
4335.86 
3797.28 
6409.61 
363 
363.014 
363 
363 
366.221 
724.389 
724.746 
363.028 
527.492 
363 
363.743 
363.004 
640.907 
363 
379.985 
709.076 
5094.7 
363 
373.674 
1359 
374.014 
363 
363 
363 
715.048 
3748.67 
5403.21 
393.683 
363 
1743.57 
363 
4933.5 
363 
363.011 
1101.84 
3359.4 
363 
4524.71 
422.57 
363 
363.017 
