363.001 
4283.89 
6725.45 
5082.87 
3394.69 
363 
4846.42 
3089.15 
363 
15017.7 
463.745 
373.313 
8980.65 
4961.67 
367.768 
3098.98 
1163.59 
476.396 
1647.97 
1518.75 
366.536 
4877.5 
363 
363 
363.035 
3407.28 
5308.68 
5625.9 
363.027 
363 
6619.24 
363.011 
363.438 
363 
4336.04 
2460.99 
363.001 
1010.25 
4938.87 
985.686 
5591.38 
4712.27 
363 
414.173 
363 
363 
1539.96 
3458.87 
5820.42 
6112.89 
373.351 
1667.9 
363 
363 
363 
366.807 
363 
363.001 
363.151 
492.458 
1747.85 
363.519 
740.111 
3303.58 
363.002 
363 
363 
363.265 
363.001 
441.307 
363.185 
659.691 
674.452 
371.795 
363 
363 
1672.35 
370.5 
7083.27 
458.779 
1546.29 
802.669 
364.21 
363 
6787.33 
374.309 
363.003 
4845.56 
363.835 
4287.69 
363.002 
363 
1318.52 
363 
4782.81 
1781.55 
363 
409.147 
3195.28 
3531.13 
363.016 
363 
609.026 
382.328 
363 
363 
363 
10704.8 
4319.47 
3664.06 
3233.34 
5686.32 
363.056 
7874.11 
373.899 
418.112 
363.011 
363.005 
5455.6 
1750.51 
363 
388.397 
4368.47 
5061.23 
5437.98 
4633.98 
363 
363 
913.49 
5056.18 
363 
363.008 
363 
363 
363.552 
3264.5 
7538.7 
363.042 
363 
363 
1210.07 
363 
3228.41 
363.061 
363.094 
364.343 
4151.5 
363.001 
363 
363 
4449.99 
363 
4137.61 
363.241 
2280.89 
3578.29 
6096.5 
7848.6 
3634.54 
363 
5164.25 
363.073 
370.085 
3653.14 
363 
363.291 
3326.41 
363.001 
367.062 
363 
7210.19 
8931.75 
859.51 
364.71 
363 
423.267 
4955.2 
965.44 
363.01 
3466.46 
363.006 
384.88 
363 
363 
364.934 
394.213 
363 
363 
363 
3416.56 
8278.82 
363 
363 
6400.72 
363 
363 
394.175 
363 
363 
363.005 
363 
3097.56 
363 
363 
374.655 
3275.57 
6870.42 
363 
10446.3 
364.192 
363.151 
363 
1738.51 
408.558 
7532.73 
5245.05 
363.816 
3707.46 
363 
3436.56 
429.552 
935.749 
363.044 
1796.31 
3618.22 
8181.12 
363 
368.813 
4865.52 
363 
3371.27 
363.028 
363.062 
1124.67 
373.439 
5008.88 
363.001 
4780.59 
3924.13 
373.486 
473.325 
4285.9 
8887.6 
4150.03 
363.003 
363 
480.971 
363 
3962.75 
3097.91 
3312.54 
427.94 
13609.5 
363 
363 
4551.89 
363 
3241.73 
363.406 
363 
3194.97 
879.178 
363 
363 
363 
5832.49 
363 
380.931 
366.07 
1714.24 
363 
363 
363.007 
3456.84 
5144.7 
363.015 
363 
534.01 
5849.88 
1145.06 
693.505 
363 
363 
363.477 
363 
363.001 
363 
363.372 
836.251 
363.003 
363.001 
363 
363 
363 
363 
363 
363 
363 
363 
3144.8 
363.001 
432.728 
367.152 
366.911 
363 
363 
452.498 
363.003 
727.117 
4223.49 
3166.53 
3825.35 
4567.9 
382.133 
8206.53 
3628.35 
1757.48 
363 
363.001 
363 
363 
1753.27 
363 
375.815 
4207.19 
1286.2 
741.355 
363 
369.619 
4553.22 
363 
363 
366.39 
363 
4225.13 
363 
363 
1745.94 
797 
5385.67 
363.01 
363 
6153.96 
1901.94 
363 
363 
363 
1077.92 
363 
3084.65 
363 
9201.49 
363 
369.626 
363.039 
363.014 
5155.98 
365.216 
629.276 
363.537 
363 
3678.17 
1169.45 
363 
365.693 
363.001 
363 
363 
5215.15 
363.046 
363 
3175.63 
448.05 
370.174 
1088.55 
363.01 
11356.5 
8570.35 
832.82 
372.501 
363 
620.273 
363 
363 
3621.22 
3663.71 
3589.93 
6079.84 
363 
456.862 
4964.05 
364.877 
3962.93 
363.003 
4047.42 
595.312 
3236.86 
363 
363.218 
363.492 
3115.03 
389.909 
363.001 
363 
363 
363 
363 
363 
1413.65 
363 
719.143 
363 
363.019 
4526.21 
933.902 
1503.35 
363.511 
363.036 
363 
363.527 
363 
10488.1 
363.002 
363 
363.025 
369.986 
4731.98 
363 
363 
773.753 
4144.3 
4912.36 
4521.5 
1473.79 
363 
373.194 
363.001 
363.732 
3083.33 
692.27 
363 
5374.5 
363 
363.024 
363 
922.529 
363 
363 
1136.67 
732.659 
1232.06 
5348.78 
4717.58 
363 
4799 
569.707 
3524.1 
363 
4240.37 
363 
363 
363 
4640.54 
363 
605.95 
363 
3716.11 
363.093 
4528.3 
3951.12 
7446.37 
363 
363.018 
363 
363 
363 
830.59 
363.002 
363.034 
570.87 
363 
363.985 
363.005 
682.935 
363 
364.469 
796.705 
5713.02 
363 
370.235 
1713.85 
376.175 
363 
363 
363 
848.93 
528.255 
6156.44 
387.586 
363 
3085.32 
363 
5469.88 
363 
363.014 
1102.79 
3439.34 
363 
4800.52 
430.453 
363 
363.022 
