363.04 
4004.41 
5676.11 
4580.95 
3315.22 
363 
4550.34 
8172.23 
363 
6917.16 
438.975 
373.624 
8511.69 
4559.9 
367.934 
2031.09 
870.642 
453.132 
1080.22 
5937.04 
3222.52 
4447.24 
363 
363 
363.027 
3284.24 
4936.28 
4884.05 
363.022 
363 
5766.27 
10517.2 
521.066 
363 
4056.32 
1711.16 
363 
836.013 
4517.82 
758.372 
5134.93 
4443.68 
363 
413.332 
363.07 
363 
1077.83 
3326.9 
5169.24 
5442.87 
371.454 
1105.56 
363 
363 
363 
366.189 
363.035 
363.001 
363.118 
520.455 
1407.59 
363.416 
639.947 
3251.65 
363.002 
363 
363 
363.346 
3450.27 
3175.39 
363.133 
601.088 
605.199 
369.56 
363 
363 
3210.99 
369.339 
6022.94 
437.775 
1085.81 
688.144 
363.846 
363 
5581.92 
374.365 
363.003 
4373.63 
364.011 
4001.01 
363.001 
363 
902.111 
3719.78 
4427.21 
3424.39 
363 
13174.4 
3122.5 
3442.26 
363.018 
363 
535.99 
381.034 
363 
363 
363 
6667.32 
4069.96 
3473.54 
3153.13 
5082.15 
17479.9 
6028.05 
12674 
403.76 
363.009 
363.005 
4710.7 
1525.82 
363 
384.911 
4142.56 
4623.15 
4804.6 
4352.71 
363 
363 
808.024 
4662.21 
367.071 
363.014 
363 
363 
363.379 
3201.88 
6245.25 
363.035 
363 
363.448 
1037.58 
363.116 
3137.38 
363.047 
363.072 
397.84 
3867.96 
363.001 
363 
363 
4127.01 
363 
3861.05 
784.954 
1653.2 
3528.33 
5157.58 
5813.89 
3512.4 
363 
6213.5 
363.059 
369.073 
3478.9 
363 
363.208 
3241.91 
363.001 
365.985 
363.016 
5704.78 
7188.81 
865.37 
364.193 
363 
406.979 
4490.69 
773.385 
363.007 
3325.87 
363.108 
379.164 
363 
363 
364.369 
387.101 
363 
363 
363 
3301.86 
5940.09 
363 
363 
5592.63 
363 
363 
387.512 
363 
363 
363.004 
363 
3159.29 
363 
363 
372.868 
3168.18 
5643.02 
363 
6235.65 
364.336 
363.112 
363 
1141.81 
395.203 
6268.31 
4827.59 
363.591 
3552.02 
363 
3308.63 
412.103 
738.391 
363.031 
1748.1 
3444.54 
6431.83 
363 
367.742 
4547.85 
363 
3231.71 
363.154 
363.045 
1080.86 
370.664 
4584.96 
5014.29 
4379.81 
5324.33 
1586.26 
482.773 
4024.48 
6514.21 
3881.43 
1481.09 
363 
514.84 
363 
3778.64 
3997.52 
3196.21 
411.254 
7279.61 
363 
363 
4146.59 
363 
3159.87 
363.289 
363.001 
3102.92 
716.188 
413.141 
363 
551.825 
5493.55 
363 
377.44 
365.418 
1221.91 
363 
367.041 
1021.76 
3353.03 
4601.57 
363.026 
363 
491.964 
5334.61 
1111.53 
595.373 
363 
363 
363.352 
363 
3659.29 
363 
3907.48 
672.385 
363.002 
363.069 
363 
363 
363 
363 
363 
363 
363 
363 
2741.6 
363 
419.108 
365.96 
366.105 
363 
363 
577.321 
363.002 
614.6 
3917.17 
2387.96 
3660.84 
4214.48 
400.688 
7732.64 
3483.57 
1183.73 
363 
363.001 
363 
363 
1709.69 
363 
373.361 
3935.98 
903.989 
629.34 
366.836 
375.507 
4146.02 
363 
363 
403.975 
363 
3945.89 
363 
363 
1217.83 
671.415 
4757.26 
363.006 
363 
5259.83 
1327.13 
363.006 
363 
363 
825.009 
363 
1707.03 
363 
6476.49 
363 
368.082 
363.03 
363.011 
4555.22 
364.566 
559.648 
363.382 
363 
3495.58 
1048.75 
363 
364.93 
363.001 
363 
363 
4657.8 
363.032 
363 
2308.39 
424.635 
370.619 
806.987 
363.018 
7030.14 
6073.5 
1124.48 
369.863 
3113.01 
604.769 
363 
363 
3465.73 
3491.85 
3442.55 
5022.5 
363 
429.511 
4505.14 
3215.45 
10160.9 
363.003 
3780.74 
528.751 
3521.49 
363 
363.215 
363.364 
1822.43 
383.298 
363.002 
409.963 
363 
363 
363 
363 
1380.97 
1545.9 
623.031 
363 
363.013 
4190.61 
10951.4 
1039.05 
363.387 
363.025 
363 
593.496 
363 
6765.25 
1755.49 
363 
363.017 
370.927 
4403.82 
363 
363 
660.832 
3854.11 
4526.83 
4127.06 
5687.57 
363 
8141.39 
363.001 
3763.71 
8854.35 
586.296 
363 
4833.68 
363 
363.018 
363 
744.588 
363 
363 
1116.36 
609.756 
1024.18 
4645.92 
4263.65 
363 
4336.99 
508.904 
7521.72 
363 
3930.58 
363 
363 
363 
6535.18 
363 
540.995 
363.035 
3517.03 
363.132 
4243.45 
3722.55 
5912.26 
363 
363.012 
363 
363 
370.669 
679.12 
1625.17 
363.026 
508.087 
363 
363.64 
363.004 
623.291 
363 
385.426 
670.763 
4849.98 
363 
375.283 
1151.25 
372.99 
363 
363 
363 
664.203 
3788.48 
5117.16 
395.742 
363 
1666.72 
363 
4714.97 
363 
363.009 
1100.22 
3318.69 
363 
4398 
419.477 
363 
363.015 
