363 
5213.24 
4090.63 
7828.24 
363 
363 
363 
363 
363 
363 
363 
371.542 
363 
6587.8 
364.66 
363 
3084.96 
543.511 
802.652 
363 
363 
6739.78 
363 
363 
363 
3719.72 
6624.54 
1159.57 
363.04 
363 
3983.5 
363 
363 
363 
5259.37 
363 
363 
1709.36 
6750.84 
2572.9 
7462.49 
4436.76 
363 
394.735 
363 
363 
419.961 
363 
10908.1 
10999 
378.522 
365.028 
363 
363 
363 
368.426 
363 
363 
363.249 
401.611 
3114.09 
363.562 
363.025 
363 
363 
363.001 
363 
363.071 
363 
363 
363 
363 
908.23 
363 
363 
363 
363 
372.521 
363.25 
363 
363 
1332.17 
365.474 
363 
732.522 
363 
363.003 
7349.15 
363.391 
5258 
363.001 
363 
363 
363 
6100.8 
363 
363 
363 
3362.8 
3730.04 
363 
363 
363 
363 
363 
363 
363 
363 
5086.65 
363 
363.019 
9657.68 
363 
363 
363 
363.001 
363.017 
363.005 
7316.33 
3149.13 
363 
363 
5024.89 
6986.29 
3498.95 
363 
363 
363 
363 
6587.04 
363 
363.001 
363 
363 
363.018 
3346.34 
363.002 
363.061 
363 
363 
1765.59 
363 
363 
363.103 
363.161 
363 
5125.38 
363 
363 
363 
363 
363 
5072.18 
363 
3233.22 
363 
4628.48 
363 
3939.07 
363 
363 
363 
372.367 
3846.1 
363 
363.569 
3524.8 
363 
370.525 
363 
365.871 
363 
503.537 
366.517 
363 
477.072 
7259.01 
1829.95 
363 
363 
363 
363 
363 
363 
363 
415.725 
363 
363 
363 
3702.49 
363 
363 
363 
16901.7 
363 
363 
414.842 
363 
363 
363.009 
363 
363 
363 
363 
363 
363 
363.845 
363 
363 
363 
363 
363 
792.998 
454.888 
364.022 
6905.58 
363.43 
480.406 
363 
3189.22 
363 
1991.62 
363.091 
2089.89 
4105.01 
363 
363 
371.734 
5926.27 
363 
1512.38 
363 
363 
1400.23 
382.392 
6817.75 
363 
6467.59 
363 
363 
363 
5117.56 
363 
5037.33 
363 
363 
368.287 
363 
399.278 
363 
3605.67 
481.612 
363 
363 
363 
6395.65 
363 
363 
363.803 
363 
3416.24 
1717.22 
363 
363 
363 
363 
363 
390.411 
367.52 
3177.46 
363 
363 
363 
3708.93 
8667.49 
363 
363 
672.333 
8177.89 
1279.71 
1146.36 
363 
363 
363.875 
363 
363 
363 
363 
1737.42 
363 
363 
363 
363 
363 
363 
363 
363 
363 
363 
3306.6 
363 
471.195 
371.188 
363.974 
363 
363 
363 
363.005 
1488.44 
5328.95 
373.831 
4249.15 
5212.85 
363 
363 
4007.82 
363.007 
363 
363 
363 
363 
3161.32 
363 
382.615 
5101.1 
3127.4 
1306.33 
363 
363.045 
4975.57 
363 
363 
363 
363 
5161.84 
363 
363 
363 
1488.82 
7095.05 
363 
363 
377.939 
363 
363 
363 
363 
363.011 
363 
3258.04 
363 
363 
363 
363.07 
363 
363 
3111.55 
363 
886.491 
363 
363 
4197.54 
1850.51 
363 
363 
363.002 
363 
363 
1079.25 
363.094 
363 
3462.3 
526.687 
369.493 
1605.9 
363 
363 
363 
363 
363.006 
363 
662.939 
363 
363 
4038.82 
363 
3979.69 
363 
363 
366.66 
7185.31 
363 
363 
363 
4939.05 
853.392 
363 
363 
363.155 
363 
3305.34 
363.145 
363 
363 
363 
363 
363 
363 
1268.03 
363 
1126.76 
363 
363.027 
5761.71 
363 
694.402 
363.888 
363.073 
363 
363 
363 
363 
363 
363 
363.051 
363 
5873.41 
363 
363 
1079.31 
5160.96 
6420.35 
6264.57 
363 
363 
363 
363.003 
363 
363 
662.832 
363 
3636.93 
363 
363 
363 
363 
363 
363 
1184.5 
1510.84 
1771.12 
11188 
884.961 
363 
7043.7 
805.165 
363 
363 
5365.67 
363 
363 
363 
363 
363 
845.207 
363 
4302.94 
363.025 
5453.8 
4654.05 
363 
363 
363 
363 
363 
363 
1393.37 
363 
363 
820.486 
363 
365.607 
363.008 
1001.95 
363 
363 
1495.22 
3125.14 
363 
363 
363 
385.942 
363 
363 
363 
2580.77 
363 
1630.27 
363 
363 
363 
363 
11331.6 
363 
363.035 
978.646 
3743.55 
363 
6495.48 
486.802 
363 
363.048 
