363.024 
4033.67 
5767.95 
4630.24 
3324.2 
363 
4582.95 
8470.8 
363 
7201.73 
441.524 
373.599 
8941.73 
4600.71 
367.918 
2191.2 
895.3 
455.582 
1119.2 
6084.12 
3226.93 
4490.36 
363 
363 
363.027 
3297.83 
4974.87 
4952.27 
363.022 
363 
5845.14 
8168.69 
525.389 
363 
4085.64 
1725.72 
363 
852.627 
4560.26 
778.278 
5181.22 
4472.26 
363 
413.588 
363.04 
363 
1112.62 
3341.43 
5231.55 
5507.24 
371.658 
1149.4 
363 
363 
363 
366.256 
363.022 
363.001 
363.121 
517.683 
1487.18 
363.428 
649.876 
3267.41 
363.002 
363 
363 
363.337 
3301.83 
3187.6 
363.139 
607.231 
612.328 
369.79 
363 
363 
3220.32 
369.466 
6116.92 
439.974 
1126.9 
699.448 
363.883 
363 
5682.81 
374.608 
363.003 
4420.11 
363.992 
4030.94 
363.001 
363 
933.414 
3407.64 
4463.8 
3434.92 
363 
14597.3 
3130.74 
3452.29 
363.018 
363 
543.185 
381.734 
363 
363 
363 
6879.2 
4096.46 
3494 
3162.17 
5140.59 
15404.8 
6164.63 
13399 
405.229 
363.01 
363.005 
4778.6 
1612.69 
363 
385.299 
4166.81 
4667.18 
4864.67 
4386.3 
363 
363 
820.586 
4702.46 
365.834 
363.013 
363 
363 
363.396 
3209.01 
6354.83 
363.035 
363 
363.254 
1053.98 
363.118 
3147.59 
363.048 
363.074 
399.353 
3897.49 
363.001 
363 
363 
4160.38 
363 
3889.93 
793.173 
1671.64 
3541.9 
5240.15 
5956.48 
3525.96 
363 
6387.3 
363.061 
369.186 
3497.75 
363 
363.217 
3251.42 
363.001 
366.096 
363.016 
5822.66 
7428.03 
865.575 
364.244 
363 
408.635 
4536.74 
790.992 
363.008 
3341.76 
363.111 
379.749 
363 
363 
364.425 
387.843 
363 
363 
363 
3314.59 
6095.13 
363 
363 
5667.74 
363 
363 
388.205 
363 
363 
363.004 
363 
3166.61 
363 
363 
373.122 
3180.18 
5745.52 
363 
6447.35 
364.38 
363.116 
363 
1207.48 
396.542 
6376.25 
4870.1 
363.614 
3569.01 
363 
3322.74 
413.906 
756.175 
363.032 
1749.47 
3463.32 
6567.22 
363 
367.857 
4581.08 
363 
3246.99 
363.16 
363.047 
1085.2 
370.947 
4627.73 
4177.5 
4420.32 
5406.03 
1656.94 
483.933 
4052.06 
6677.22 
3909.59 
1425.5 
363 
511.824 
363 
3798.6 
4030.4 
3209.09 
412.965 
7554.51 
363 
363 
4187.17 
363 
3169.12 
363.301 
363.001 
3113.23 
731.401 
391.687 
363 
471.477 
5582.46 
363 
377.814 
365.487 
1281.03 
363 
366.669 
986.258 
3364.63 
4654.16 
363.027 
363 
496.277 
5386.22 
1115.07 
604.934 
363 
363 
363.365 
363 
3427.16 
363 
3817.19 
687.403 
363.002 
363.072 
363 
363 
363 
363 
363 
363 
363 
363 
3082.39 
363 
420.557 
366.08 
366.191 
363 
363 
585.302 
363.002 
624.987 
3948.82 
2844.34 
3678.79 
4250.65 
402.249 
8207.26 
3499.45 
1255.15 
363 
363.001 
363 
363 
1714.35 
363 
373.623 
3964.42 
933.676 
640.191 
366.494 
374.808 
4186.75 
363 
363 
405.382 
363 
3975.08 
363 
363 
1289.45 
683.548 
4816.84 
363.006 
363 
5339.86 
1420.02 
363.007 
363 
363 
846.961 
363 
1726.36 
363 
6653.18 
363 
368.243 
363.031 
363.011 
4612.21 
364.632 
566.658 
363.398 
363 
3515.27 
1059.93 
363 
365.007 
363.001 
363 
363 
4711.67 
363.034 
363 
2759.69 
427.005 
370.581 
830.313 
363.017 
7338.47 
6235.58 
1174.47 
370.131 
3085.54 
606.405 
363 
363 
3482.7 
3510.47 
3458.69 
5111.82 
363 
432.248 
4550.76 
3218.99 
11282.1 
363.003 
3808.63 
535.358 
3541.81 
363 
363.216 
363.377 
1941.59 
383.982 
363.002 
397.294 
363 
363 
363 
363 
1384.83 
1063.13 
632.553 
363 
363.014 
4225.18 
12755.6 
1073.54 
363.4 
363.026 
363 
604.078 
363 
6972.7 
1718.42 
363 
363.018 
370.876 
4437.92 
363 
363 
672.259 
3884.24 
4566.18 
4166.68 
5812.94 
363 
8216.24 
363.001 
3714.32 
9764.76 
596.429 
363 
4886.58 
363 
363.019 
363 
761.419 
363 
363 
1118.61 
621.343 
1038.98 
4710.66 
4308.47 
363 
4382.6 
514.922 
7926.62 
363 
3962.55 
363 
363 
363 
6748.21 
363 
547.523 
363.028 
3538.34 
363.128 
4273.39 
3746.82 
6060.89 
363 
363.012 
363 
363 
370.159 
693.401 
1506.58 
363.026 
514.266 
363 
363.672 
363.004 
628.821 
363 
383.837 
682.921 
4926.36 
363 
374.779 
1210.27 
373.32 
363 
363 
363 
679.899 
3812.97 
5205.81 
395.14 
363 
1691.08 
363 
4783.53 
363 
363.01 
1100.82 
3332.05 
363 
4438.68 
420.428 
363 
363.016 
