363 
7121.4 
363 
606.483 
363 
363 
363 
363 
363 
363 
363 
367.69 
363 
12759.4 
363 
363 
363 
445.402 
363 
363 
363 
363 
363 
363 
363 
1901.94 
10092.7 
363 
363.054 
363 
363 
363 
363 
363 
7105.87 
363 
363 
365.959 
387.124 
363.258 
2174 
363 
363 
363.003 
363 
363 
363 
363 
363.035 
363.002 
364.059 
363 
363 
363 
363 
368.975 
363 
363 
363.22 
363 
363 
363.002 
363 
363 
363 
363 
363 
363 
363 
363 
363 
363 
363 
363 
363 
363 
363 
363 
363 
363 
363 
2178.31 
366.951 
363 
363 
363 
363.002 
365.141 
363.039 
7346.55 
363 
363 
363 
363 
10704.5 
363 
363 
363 
363.034 
363.01 
363 
363 
363 
363 
363 
363 
363 
363 
6322.87 
363 
363 
363 
363 
363 
363 
363 
363.023 
363.002 
363 
3255.87 
363 
363 
5943.03 
929.905 
363 
363 
363 
363 
363 
6074.98 
363 
363 
363 
363 
363 
363 
363 
363 
363 
363 
3126.98 
363 
363 
363 
363 
363 
6808.55 
363 
363 
363 
363 
363 
5412.18 
363 
437.143 
363 
363 
363 
3998.29 
363 
363 
363 
374.2 
363 
363 
363.95 
363 
363 
363.442 
363 
363 
363 
363 
363.833 
363 
363 
364.281 
1381.85 
363 
363 
363 
363 
363 
363 
363 
442.355 
363 
363 
363 
3999.67 
363 
363 
363 
363 
363 
363 
363.095 
363 
363 
363.01 
363 
363 
363 
363 
363 
363 
363 
363 
363 
363 
363 
363 
363 
363 
363 
15781.1 
363 
363 
363 
363 
363 
3103.31 
363.159 
363 
4734.82 
363 
363 
374.91 
8132.63 
363 
363 
363 
363 
2059.6 
394.195 
3176.51 
363 
3213.01 
363 
363 
363 
6593.59 
363 
6817.79 
363 
363 
363 
363 
363 
363 
3162.1 
553.709 
363 
363 
363 
6551.06 
363 
363 
363 
363 
3616.92 
3148.15 
363 
363 
363 
363 
363 
400.512 
363 
3330.83 
363 
363 
363 
3354.25 
366.239 
363 
363 
536.453 
363 
1699.7 
381.681 
363 
363 
364.391 
363 
363 
363 
363 
363 
363 
363 
363 
363 
363 
363 
363 
363 
363 
363 
365.693 
363 
515.398 
370.385 
363 
363 
363 
363 
363 
3130.11 
8242.56 
363 
363 
363 
363 
363 
4310.68 
363 
363 
363 
363 
363 
363 
363 
363.003 
6880.48 
3295.82 
2774.43 
363 
363 
363 
363 
363 
363 
363 
7122.02 
363 
363 
363 
547.141 
363 
363 
363 
363 
363 
363 
363 
363 
363 
363 
3269.91 
363 
363 
363 
363 
363 
363 
363 
363 
1485.73 
363 
363 
4882.14 
363.033 
363 
363 
363.003 
363 
363 
363 
363 
363 
3590.1 
363 
363 
363 
363 
363 
363 
363 
363 
363 
659.746 
363 
363 
4534.63 
363 
3083.63 
363 
363 
363 
3387.84 
363 
363 
363 
6807.63 
1289.74 
363 
363 
363.012 
363 
3486.17 
363 
363 
363 
363 
363 
363 
363 
363 
363 
363 
363 
363 
9770.58 
363 
363 
364.357 
363.128 
363 
363 
363 
363 
363 
363 
363.088 
363 
364.159 
363 
363 
1146.96 
7745.65 
557.354 
6331.84 
363 
363 
363 
363.005 
363 
363 
363 
363 
363 
363 
363 
363 
363 
363 
363 
1048.97 
564.087 
364.012 
363 
363 
363 
363 
1344.16 
363 
363 
3937.09 
363 
363 
363 
363 
363 
1157.26 
363 
363.136 
363.001 
7207.52 
363.005 
363 
363 
363 
363 
363 
363 
363 
363 
363 
1470.15 
363 
363.144 
363.013 
1707.61 
363 
363 
364.831 
363 
363 
363 
363 
398.123 
363 
363 
363 
3263.91 
363 
363 
363 
363 
363 
363 
363 
363 
363.069 
363 
4065.9 
363 
4929.62 
363 
363 
363.002 
