363 
363 
363.301 
363 
363 
363 
3905.59 
363 
363 
363 
363 
363 
363 
363 
5021.86 
363 
363 
363 
363 
363 
363 
363 
363 
363 
363 
363 
363 
363 
363 
363 
363 
363 
363 
363 
363 
363 
363 
4044.24 
363 
363 
363 
363 
363 
363 
363 
363 
364.229 
363 
363 
363 
363 
363 
363 
363 
363 
363 
363 
363 
363 
3267.72 
363 
363 
363 
363 
363 
363 
363 
363 
363 
363 
363 
363 
363.634 
363 
363 
363 
363 
363 
363 
363 
363 
363 
363 
363 
363 
366.96 
363 
363 
363 
363 
363 
363 
363.02 
363 
363 
363 
363 
363.349 
363 
494.406 
363 
363 
363 
363 
412.707 
363 
363 
363 
363 
363 
404.488 
363 
363.037 
363 
363 
363 
363 
363 
363 
363.005 
363 
363 
363 
363 
363 
363 
363 
363 
363 
363 
363 
363 
363 
363 
363 
363 
363 
1708.63 
363 
363 
363 
363 
363 
363.001 
363 
363 
363 
363 
363 
363 
363 
363 
363 
1464.89 
363 
363 
376.706 
3134.78 
363 
363 
363 
1871.47 
363 
363 
363 
363 
363 
363 
3535.18 
363 
363 
363 
363 
363 
3899.59 
363 
363 
363 
363 
363 
363 
363.027 
363 
363 
363 
363 
363 
363.884 
3964.96 
363.022 
363 
363 
363 
3257.78 
6054.25 
363 
1672.91 
363 
363 
363 
363 
363.471 
363 
363 
363 
363 
363 
363 
363 
363 
363 
363 
363 
363 
363 
363 
363.034 
363 
363 
363 
363 
363 
363 
363 
363 
363 
363 
363 
363 
363 
363 
363 
363 
363 
363.001 
363 
363 
363 
363 
363 
363 
363 
363 
363 
363 
363.005 
3112.04 
363 
6050.92 
363 
363 
363 
363 
363 
419.862 
363 
363 
363 
363 
489.49 
363.001 
363 
363 
363 
363 
363 
363 
363 
363 
363 
363 
363 
363 
363 
363 
363 
363 
363 
363 
363.348 
363 
1243.42 
363 
363 
363 
363 
363 
364.473 
3105.02 
363 
363 
363 
363 
363 
5608.87 
363 
363 
363.002 
363 
363 
363 
363 
423.743 
363 
363 
363 
363 
376.729 
363 
363 
363 
363 
363 
363 
363 
448.771 
363 
363 
363 
363 
363 
363 
363 
363 
363 
363 
363 
363 
363 
363 
363 
363 
363 
363 
384.938 
363 
363 
564.57 
363 
363 
363 
363 
363 
363 
363 
363.013 
3143.6 
363 
363 
363 
363 
363 
363.104 
363 
363 
363 
363 
363 
363 
363 
363 
363 
363 
363 
363 
363 
363 
363 
363 
9126.79 
363 
363 
363 
363 
363 
363 
363 
363 
363 
363 
10759.5 
363 
363 
363 
363 
363 
363 
363 
363 
363 
363 
363 
363 
363 
363 
363 
363 
363 
363 
363 
363 
363 
363 
380.393 
363 
363 
363.014 
363 
363 
363 
363 
363 
363 
363 
363 
363 
363 
363 
363 
1120.87 
363 
363 
363 
363 
363 
363 
363 
363 
363 
363 
363 
363 
363 
363 
363 
363 
363.169 
363 
363 
363 
363 
363 
363 
363 
363 
363 
363 
363 
363 
7069.18 
363 
363 
363 
363 
363 
363 
363 
363 
363 
363 
363 
363 
363 
363 
363 
363 
363 
363 
363 
363 
363 
2563.56 
363 
363.001 
363 
363 
363 
363 
363 
363 
363 
363 
363 
4993.31 
363 
363 
363 
363 
363 
363 
363 
3167.54 
363 
363 
2401.35 
363 
363 
363 
363 
363 
2455.4 
363 
363 
363 
363 
403.55 
363 
363 
363 
363 
363 
363 
