363 
5341.61 
3096.19 
8550.93 
363 
363 
363 
363 
363 
363 
363 
371.268 
363 
6868.64 
363.365 
363 
3081.97 
550.997 
388.955 
363 
363 
6466.33 
363 
363 
363 
3753.04 
6818.5 
373.902 
363.042 
363 
3125.57 
363 
363 
363 
5385.91 
363 
363 
1732.18 
7088.86 
3087.99 
7790.61 
3477.47 
363 
391.075 
363 
363 
365.146 
363 
13102.9 
13004.7 
379.088 
363.019 
363 
363 
363 
368.599 
363 
363 
363.261 
392.338 
2365.07 
363.53 
363 
363 
363 
363.001 
363 
363.05 
363 
363 
363 
363 
924.691 
363 
363 
363 
363 
369.302 
363 
363 
363 
1439.69 
365.636 
363 
365.681 
363 
363.003 
7976.88 
363.349 
5394.57 
363.001 
363 
363 
363 
6305.87 
363 
363 
363 
3379.23 
3672.69 
363 
363 
363 
363 
363 
363 
363 
363 
5184.42 
363 
363 
10873.4 
363 
363 
363 
363 
363.018 
363.004 
3816.53 
3160.77 
363 
363 
5104.06 
7355.33 
3082.75 
363 
363 
363 
363 
6838.69 
363 
363 
363 
363 
363.001 
3212.13 
363 
363.058 
363 
363 
1883.62 
363 
363 
363.108 
363.169 
363 
5264.65 
363 
363 
363 
363 
363 
5203.52 
363 
3250.14 
363 
3138.36 
363 
3971.05 
363 
363 
363 
372.579 
3398.7 
363 
363.604 
3541.1 
363 
370.946 
363 
363.005 
363 
423.299 
366.748 
363 
481.299 
7780.4 
2029.8 
363 
363 
363 
363 
363 
363 
363 
418.251 
363 
363 
363 
3732.5 
363 
363 
363 
16693.2 
363 
363 
417.337 
363 
363 
363.009 
363 
363 
363 
363 
363 
363 
363.002 
363 
363 
363 
363 
363 
379.026 
460.828 
363.002 
7186.28 
363.073 
364.509 
363 
2132.8 
363 
2324.84 
363.097 
1130.65 
4161.77 
363 
363 
372.054 
6073.37 
363 
401.726 
363 
363 
1477.64 
383.484 
7151.56 
363 
6773.63 
363 
363 
363 
5227.26 
363 
5159.05 
363 
363 
364.569 
363 
363.305 
363 
3636.73 
488.188 
363 
363 
363 
6766.07 
363 
363 
363.852 
363 
3438.77 
1751.43 
363 
363 
363 
363 
363 
391.437 
366.095 
3193.8 
363 
363 
363 
3734.82 
9910.63 
363 
363 
689.939 
8551.12 
1306.1 
1233.1 
363 
363 
363.923 
363 
363 
363 
363 
1883.25 
363 
363 
363 
363 
363 
363 
363 
363 
363 
363 
3322.48 
363 
475.517 
371.695 
363.11 
363 
363 
363 
363.005 
1660.91 
5495.91 
363.096 
4129.3 
4068.43 
363 
363 
4049.44 
363 
363 
363 
363 
363 
3148.92 
363 
383.367 
5223.43 
3145.18 
1432.59 
363 
363.01 
3690.3 
363 
363 
363 
363 
5292.43 
363 
363 
363 
1652.85 
4379.99 
363 
363 
363.146 
363 
363 
363 
363 
363 
363 
3275.18 
363 
363 
363 
363.002 
363 
363 
688.269 
363 
923.765 
363 
363 
4258.94 
2060.11 
363 
363 
363.002 
363 
363 
373.548 
363.095 
363 
3492.77 
527.419 
369.541 
558.644 
363 
363 
363 
363 
363 
363 
666.845 
363 
363 
4085.64 
363 
4022.78 
363 
363 
363.149 
7671.45 
363 
363 
363 
5062.93 
891.973 
363 
363 
363.143 
363 
3324.39 
363.003 
363 
363 
363 
363 
363 
363 
891.938 
363 
1197.15 
363 
363.012 
5952.6 
363 
384.406 
363.933 
363.078 
363 
363 
363 
363 
363 
363 
363.054 
363 
6036.18 
363 
363 
1087.9 
5309.53 
6670.22 
6601.45 
363 
363 
363 
363.003 
363 
363 
425.89 
363 
3103.56 
363 
363 
363 
363 
363 
363 
1188.32 
1663.16 
1908.49 
6105.94 
370.59 
363 
6572.63 
839.889 
363 
363 
5536.87 
363 
363 
363 
363 
363 
879.473 
363 
4374.52 
363.02 
5578.54 
4741.12 
363 
363 
363 
363 
363 
363 
778.022 
363 
363 
858.203 
363 
365.864 
363.009 
1064.12 
363 
363 
1654.08 
663.557 
363 
363 
363 
387.096 
363 
363 
363 
3091 
363 
377.41 
363 
363 
363 
363 
5082.36 
363 
363.038 
931.141 
3775.81 
363 
6803.1 
495.325 
363 
363.052 
