363 
363 
363 
363 
363 
363 
1305.64 
363 
363 
363 
363 
363 
363 
363 
3474.74 
363 
363 
363 
363 
363 
363 
363 
363 
363 
363 
363 
363 
363 
363 
363 
363 
363 
363 
363 
363 
363 
363 
3268.14 
363 
363 
363 
363 
363 
363 
363 
363 
363.003 
363 
363 
363 
363 
363 
363 
363 
363 
363 
363 
363 
363 
909.672 
363 
363 
363 
363 
363 
363 
363 
363 
363 
363 
363 
363 
363 
363 
363 
363 
363 
363 
363 
363 
363 
363 
363 
363 
363 
363.082 
363 
363 
363 
363 
363 
363 
363 
363 
363 
363 
363 
363.022 
363 
363.895 
363 
363 
363 
363 
363.052 
363 
363 
363 
363 
363 
363.409 
363 
363 
363 
363 
363 
363 
363 
363 
363 
363 
363 
363 
363 
363 
363 
363 
363 
363 
363 
363 
363 
363 
363 
363 
363 
363 
375.055 
363 
363 
363 
363 
363 
363 
363 
363 
363 
363 
363 
363 
363 
363 
363 
367.872 
363 
363 
363.967 
1047.83 
363 
363 
363 
438.171 
363 
363 
363 
363 
363 
363 
2318.13 
363 
363 
363 
363 
363 
3096.89 
363 
363 
363 
363 
363 
363 
363 
363 
363 
363 
363 
363 
363 
3238.47 
363 
363 
363 
363 
3095.91 
3140.78 
363 
366.878 
363 
363 
363 
363 
363.002 
363 
363 
363 
363 
363 
363 
363 
363 
363 
363 
363 
363 
363 
363 
363 
363 
363 
363 
363 
363 
363 
363 
363 
363 
363 
363 
363 
363 
363 
363 
363 
363 
363 
363 
363 
363 
363 
363 
363 
363 
363 
363 
363 
363 
400.004 
363 
3165.93 
363 
363 
363 
363 
363 
375.38 
363 
363 
363 
363 
368.542 
363 
363 
363 
363 
363 
363 
363 
363 
363 
363 
363 
363 
363 
363 
363 
363 
363 
363 
363 
363 
363 
365.024 
363 
363 
363 
363 
363 
363.001 
1012.88 
363 
363 
363 
363 
363 
3504.91 
363 
363 
363 
363 
363 
363 
363 
376.032 
363 
363 
363 
363 
363.245 
363 
363 
363 
363 
363 
363 
363 
378.805 
363 
363 
363 
363 
363 
363 
363 
363 
363 
363 
363 
363 
363 
363 
363 
363 
363 
363 
363.01 
363 
363 
363.138 
363 
363 
363 
363 
363 
363 
363 
363.003 
480.035 
363 
363 
363 
363 
363 
363.012 
363 
363 
363 
363 
363 
363 
363 
363 
363 
363 
363 
363 
363 
363 
363 
363 
3907.05 
363 
363 
363 
363 
363 
363 
363 
363 
363 
363 
4812.91 
363 
363 
363 
363 
363 
363 
363 
363 
363 
363 
363 
363 
363 
363 
363 
363 
363 
363 
363 
363 
363 
363 
363.006 
363 
363 
363 
363 
363 
363 
363 
363 
363 
363 
363 
363 
363 
363 
363 
523.751 
363 
363 
363 
363 
363 
363 
363 
363 
363 
363 
363 
363 
363 
363 
363 
363 
363.037 
363 
363 
363 
363 
363 
363 
363 
363 
363 
363 
363 
363 
3926.33 
363 
363 
363 
363 
363 
363 
363 
363 
363 
363 
363 
363 
363 
363 
363 
363 
363 
363 
363 
363 
363 
454.388 
363 
363 
363 
363 
363 
363 
363 
363 
363 
363 
363 
3202.49 
363 
363 
363 
363 
363 
363 
363 
2630.86 
363 
363 
985.532 
363 
363 
363 
363 
363 
379.897 
363 
363 
363 
363 
364.839 
363 
363 
363 
363 
363 
363 
