363 
4713.63 
10509.1 
6049.39 
1094.26 
363 
363.584 
363 
363 
363.264 
422.676 
372.581 
363 
5644.29 
367.51 
363 
1723.23 
510.037 
2294.99 
363 
363 
5644.66 
363 
363 
363.001 
3568.68 
5900.19 
7516.13 
363.033 
363 
8774.73 
363 
363 
363 
4764.45 
363.1 
363.001 
1385.66 
5674.72 
1663.8 
6371.65 
5104.97 
363 
408.834 
363 
363 
1956.67 
382.713 
7216.78 
7524.38 
375.98 
2718.16 
363 
363 
363 
367.641 
363 
363.001 
363.2 
447.17 
3104.73 
363.602 
884.865 
363 
363.003 
363 
363 
363.164 
363 
363 
363.238 
610.363 
783.32 
363.104 
363 
363 
363 
372.052 
7906.87 
363.234 
363 
1010.95 
364.805 
363 
13003.9 
363 
363.003 
5744.12 
363.6 
4732.74 
363.001 
363 
550.798 
363 
5361.59 
363 
363 
363 
3284.84 
3641.33 
363.01 
363 
363.041 
363 
363 
363 
363 
752.766 
4686.76 
2470.39 
3251.9 
6923.05 
363 
8648.89 
363 
431.957 
363.014 
363.005 
7494.38 
3093.31 
363 
370.635 
4690.29 
5834 
6851.34 
363.053 
363 
363 
388.741 
5712.62 
363 
363.003 
363 
363 
363.841 
3340.42 
4158.44 
363.052 
363 
363 
1651.77 
363 
3114.86 
363.082 
363.127 
363 
4595.11 
363 
363 
363 
473.903 
363 
4566.56 
363 
3153.2 
363 
9361.83 
436.542 
3792.9 
363 
363 
363.08 
371.327 
3896 
363 
363.424 
3431.8 
363.001 
368.732 
363 
18487.6 
363 
786.803 
365.558 
363 
448.965 
5817.24 
1460.27 
363 
363.1 
363 
374.672 
363 
363 
365.754 
404.784 
363 
363 
363 
3565.26 
3391.96 
363 
363 
8387.96 
363 
363 
404.209 
363 
363 
363.007 
363 
363 
363 
363 
363 
363.629 
10096.5 
363 
363.545 
363 
363 
363.001 
3144.06 
430.314 
10100.2 
5948.54 
364.169 
3910.27 
363 
3605.37 
363.001 
1484.72 
363.066 
2051.27 
3860.37 
3563.93 
363 
370.298 
5355.14 
363 
3558.92 
363 
363 
1213.53 
377.752 
5746.91 
363 
5473.99 
363 
363 
368.453 
4678.21 
1690.64 
4561.56 
363 
363 
417.888 
363 
4190.47 
363 
3464.38 
453.768 
363.111 
363 
363 
5277.55 
363 
528.707 
363.594 
363 
3311.54 
1251.67 
363 
363 
363 
363 
363 
385.767 
367.008 
3100.27 
363 
363 
363 
3589.16 
6251.6 
363 
363 
599.638 
6770.56 
1199.17 
874.599 
363 
363 
363.669 
363 
363 
363 
363 
1232.74 
363.003 
363 
363 
363 
363 
363 
363 
363 
363 
363 
3231.35 
363.001 
452.049 
369.066 
368.062 
363 
363 
363 
363.004 
970.874 
4715.28 
3291.07 
4049.1 
5153.66 
363 
363 
3822.08 
3114.5 
363 
363 
363 
363 
3080.59 
363 
379.254 
4622.22 
1950.51 
954.504 
363 
364.488 
5284.28 
363 
363 
363 
363 
4656.53 
363 
363 
363.008 
1041.97 
6790.33 
363.021 
363 
7684.5 
366.837 
363 
363 
363 
1660.93 
363 
3177.14 
363 
366.565 
363 
371.905 
363.04 
363 
6493.42 
363 
744.81 
363.06 
363 
3935.01 
1543.45 
363 
363.001 
363.002 
363 
363 
6338.03 
363.069 
363 
3323.95 
485.481 
369.535 
1732.16 
363 
363 
3144.46 
363 
376.46 
363 
642.514 
363 
363 
3832.45 
3332.48 
3788.24 
1702.82 
363 
501.774 
5807.32 
363 
363 
363.001 
4458.68 
709.299 
363 
363 
363.197 
363.009 
3215.99 
399.821 
363 
363 
363 
363 
363 
363 
1436.78 
363 
888.863 
363 
363.027 
5070.49 
363 
2035.02 
363.696 
363.053 
363 
363 
363 
388.712 
363 
363 
363.037 
363.001 
5248.98 
363 
363 
942.41 
4603.09 
5556.79 
5218.89 
363 
363 
363 
363.002 
363 
363 
899.214 
363 
6432.21 
363 
363 
363 
363.001 
363 
363 
1162.76 
987.462 
1595.8 
7163.92 
5557.07 
363 
5671.18 
674.117 
363 
363 
4739.4 
363 
363 
363 
363 
363 
713.823 
363 
4002.1 
363.052 
4960.8 
4287.63 
363.003 
363 
363 
363 
363 
363 
1145.67 
363 
363 
680.314 
363 
364.664 
363.007 
805.632 
363 
363 
1042.98 
8564.45 
363 
363.372 
1159.85 
380.958 
363 
363 
363 
1484.02 
363 
10741.5 
367.721 
363 
363 
363 
7579.56 
363 
363.023 
1083.18 
3596.89 
363 
5497.06 
454.056 
363 
363.034 
