363 
5608.25 
363 
363 
363 
363 
363 
363 
363 
363 
363 
363 
363 
363.558 
363 
363 
363 
363 
363 
363 
363 
363 
363 
363 
363 
363 
12831.9 
363 
363 
363 
363 
363 
363 
363 
7199.76 
363 
363 
363 
363 
363 
363 
363 
363 
363 
363 
363 
363 
363 
363 
363 
363 
363 
363 
363 
363 
363 
363 
363 
363 
363 
363 
363 
363 
363 
363 
363 
363 
363 
363 
363 
363 
363 
363 
363 
363 
363 
363 
363 
363 
363 
363 
3091.82 
363 
363 
363 
363 
363.001 
363 
363 
1093.45 
363 
363 
363 
363 
3284.08 
363 
363 
363 
363 
363 
363 
363 
363 
363 
363 
363 
363 
363 
4962.48 
363 
363 
363 
363 
363 
363 
363 
363.007 
363 
363 
3162.74 
363 
363 
3129.68 
363 
363 
363 
363 
363 
363 
363.002 
363 
363 
363 
363 
363 
363 
363 
363 
363 
363 
367.08 
363 
363 
363 
363 
363 
367.699 
363 
363 
363 
363 
363 
363.044 
363 
363 
363 
363 
363 
363.201 
363 
363 
363 
374.591 
363 
363 
364.005 
363 
363 
363 
363 
363 
363 
363 
363 
363 
363 
363 
363 
363 
363 
363 
363 
363 
363 
363 
365.106 
363 
363 
363 
3678.15 
363 
363 
363 
363 
363 
363 
363 
363 
363 
363 
363 
363 
363 
363 
363 
363 
363 
363 
363 
363 
363 
363 
363 
363 
363 
392.786 
363 
363 
363 
363 
363 
363 
363.028 
363 
4917.02 
363 
363 
363.064 
14609.5 
363 
363 
363 
363 
2682.53 
390.159 
363 
363 
363 
363 
363 
363 
8956.69 
363 
3374.03 
363 
363 
363 
363 
363 
363 
363 
604.046 
363 
363 
363 
363 
363 
363 
363 
363 
396.178 
733.641 
363 
363 
363 
363 
363 
379.099 
363 
1140.75 
363 
363 
363 
363 
363 
363 
363 
363 
363 
501.417 
363 
363 
363 
364.733 
363 
363 
363 
363 
363 
363 
363 
363 
363 
363 
363 
363 
363 
363 
363 
363 
363 
387.561 
363 
363 
363 
363 
363 
363 
3192.61 
411.736 
363 
363 
363 
363 
363 
365.925 
363 
363 
363 
363 
363 
363 
363 
363 
11636.6 
1512.59 
364.938 
363 
363 
363 
363 
363 
363 
363 
1418.65 
363 
363 
363 
363 
363 
363 
363 
363 
363 
363 
363 
363 
363 
363 
363.017 
363 
363 
363 
363 
363 
363 
363 
363 
1759.35 
363 
363 
874.042 
363 
363 
363 
363.003 
363 
363 
363 
363 
363 
363.084 
363 
363 
363 
363 
363 
363 
363 
363 
363 
364.465 
363 
363 
4875.5 
363 
363 
363 
363 
363 
363 
363 
363 
363 
10524 
363.003 
363 
363 
363 
363 
3579.24 
363 
363 
363 
363 
363 
363 
363 
363 
363 
363 
363 
363 
1034.41 
363 
363 
364.242 
363.007 
363 
363 
363 
363 
363 
363 
363.026 
363 
363 
363 
363 
534.727 
3250.03 
363 
363 
363 
363 
363 
363.006 
363 
363 
363 
363 
363 
363 
363 
363 
363 
363 
363 
363.002 
363 
363 
363 
363 
363 
363 
363.715 
363 
363 
363 
363 
363 
363 
363 
363 
363.002 
363 
363 
363 
3478.48 
363 
363 
363 
363 
363 
363 
363 
363 
363 
363 
1962.09 
363 
363 
363 
363.003 
363 
363 
363 
363 
363 
363 
363 
396.134 
363 
363 
363 
3096.24 
363 
363 
363 
363 
363 
363 
363 
363 
363.099 
363 
4246.93 
363 
363 
363 
363 
363 
