363.051 
3990.1 
5632.35 
4557.09 
3310.77 
363 
4534.39 
8035.26 
363 
6790.66 
437.734 
373.635 
8325.3 
4540.04 
367.942 
1966.15 
858.956 
451.935 
1062.07 
5864.43 
3218.08 
4426.3 
363 
363 
363.026 
3277.52 
4917.44 
4851.33 
363.021 
363 
5728.42 
10956 
518.741 
363 
4041.98 
1704.04 
363 
828.01 
4497.2 
748.903 
5112.42 
4429.67 
363 
413.193 
363.082 
363 
1061.51 
3319.73 
5139.19 
5411.81 
371.354 
1085.31 
363 
363 
363 
366.156 
363.039 
363.001 
363.116 
521.793 
1372.42 
363.41 
635.14 
3243.88 
363.002 
363 
363 
363.351 
3502.85 
3169.14 
363.131 
598.087 
601.727 
369.448 
363 
363 
3206.36 
369.277 
5978.09 
436.7 
1066.74 
682.675 
363.829 
363 
5534.1 
374.245 
363.003 
4351.12 
364.02 
3986.38 
363.001 
363 
887.448 
3855.47 
4409.37 
3419.15 
363 
12425.5 
3118.42 
3437.29 
363.018 
363 
532.515 
380.695 
363 
363 
363 
6570.69 
4056.98 
3463.5 
3148.65 
5053.92 
17040.9 
5964.16 
12068.9 
403.046 
363.009 
363.005 
4678.17 
1487.63 
363 
384.72 
4130.65 
4601.76 
4775.67 
4336.3 
363 
363 
801.652 
4642.61 
367.688 
363.015 
363 
363 
363.371 
3198.35 
6193.24 
363.034 
363 
363.529 
1029.83 
363.114 
3132.34 
363.046 
363.071 
397.106 
3853.53 
363.001 
363 
363 
4110.73 
363 
3846.94 
779.058 
1605.38 
3521.62 
5118.22 
5747.53 
3505.71 
363 
6133.39 
363.058 
369.016 
3469.63 
363 
363.204 
3237.19 
363.001 
365.932 
363.016 
5649.32 
7080.17 
865.217 
364.168 
363 
406.175 
4468.36 
764.955 
363.007 
3318.04 
363.106 
378.879 
363 
363 
364.341 
386.739 
363 
363 
363 
3295.57 
5868.26 
363 
363 
5556.56 
363 
363 
387.175 
363 
363 
363.004 
363 
3155.66 
363 
363 
372.743 
3162.25 
5594.45 
363 
6139.67 
364.315 
363.11 
363 
1112.52 
394.555 
6217.04 
4806.9 
363.58 
3543.65 
363 
3301.67 
411.227 
729.9 
363.03 
1747.35 
3435.3 
6368.22 
363 
367.686 
4531.6 
363 
3224.18 
363.151 
363.044 
1078.75 
370.526 
4564.17 
5345.99 
4360.12 
5285.3 
1534.1 
482.067 
4010.97 
6438.47 
3867.66 
1454.98 
363 
516.263 
363 
3768.82 
3981.46 
3189.85 
410.422 
7156.29 
363 
363 
4126.89 
363 
3155.29 
363.283 
363.001 
3097.82 
708.889 
421.877 
363 
585.498 
5451.18 
363 
377.256 
365.385 
1195.16 
363 
367.062 
1021.8 
3347.3 
4576.17 
363.025 
363 
489.865 
5309.56 
1109.79 
590.761 
363 
363 
363.346 
363 
3744 
363 
3918.14 
665.202 
363.002 
363.067 
363 
363 
363 
363 
363 
363 
363 
363 
2569.83 
363 
418.398 
365.902 
366.063 
363 
363 
573.456 
363.002 
609.634 
3901.73 
2240.37 
3652 
4196.86 
399.931 
7532.64 
3475.73 
1152.11 
363 
363.001 
363 
363 
1707.38 
363 
373.233 
3922.07 
890.038 
624.108 
366.855 
375.854 
4126.24 
363 
363 
403.289 
363 
3931.61 
363 
363 
1186.08 
665.565 
4728.56 
363.005 
363 
5221.58 
1286.89 
363.006 
363 
363 
814.57 
363 
1697.63 
363 
6394.91 
363 
368.004 
363.029 
363.011 
4527.76 
364.533 
556.248 
363.375 
363 
3485.9 
1043.47 
363 
364.892 
363.001 
363 
363 
4631.78 
363.032 
363 
2163.17 
423.485 
370.636 
795.965 
363.018 
6894.08 
5998.53 
1101.58 
369.733 
3124.8 
603.969 
363 
363 
3457.37 
3482.69 
3434.6 
4980.12 
363 
428.186 
4483.02 
3210.74 
9738.19 
363.003 
3767.1 
525.555 
3511.51 
363 
363.215 
363.358 
1771.49 
382.965 
363.002 
413.427 
363 
363 
363 
363 
1379.06 
1657.89 
618.422 
363 
363.013 
4173.75 
10242.4 
1022.89 
363.381 
363.024 
363 
587.995 
363 
6670.35 
1759.65 
363 
363.017 
370.947 
4387.17 
363 
363 
655.291 
3839.41 
4507.67 
4107.81 
5625.33 
363 
7961.8 
363.001 
3764.07 
8496.61 
581.424 
363 
4808.09 
363 
363.018 
363 
736.529 
363 
363 
1115.24 
604.195 
1017.17 
4614.86 
4241.94 
363 
4314.9 
505.995 
7347.6 
363 
3914.98 
363 
363 
363 
6438.25 
363 
537.83 
363.036 
3506.57 
363.134 
4228.79 
3710.65 
5843.21 
363 
363.011 
363 
363 
370.665 
672.265 
1605.5 
363.025 
505.103 
363 
363.625 
363.004 
620.647 
363 
386.147 
664.902 
4813.53 
363 
375.522 
1124.57 
372.829 
363 
363 
363 
656.775 
3774.71 
5075.04 
396.014 
363 
1654.97 
363 
4682.14 
363 
363.009 
1099.91 
3312.1 
363 
4378.23 
419.029 
363 
363.015 
