363 
4423.99 
7477.41 
5366.16 
3423.83 
363 
3876.61 
363.174 
363 
10698.1 
476.295 
373.102 
2740.65 
5174.41 
367.682 
679.547 
1394.65 
487.754 
1710.4 
363.068 
363 
5111.14 
363 
363 
363.039 
3463.43 
5498.79 
6103.32 
363.029 
363 
7161.98 
363 
363 
363 
4475.96 
2405.22 
363.001 
1113.85 
5165.16 
1145.78 
5833.87 
4843.11 
363 
413.29 
363 
363 
1687.02 
3436.17 
6207 
6507.47 
374.251 
1734.3 
363 
363 
363 
367.095 
363 
363.001 
363.167 
477.64 
2133.91 
363.557 
794.731 
1688.51 
363.003 
363 
363 
363.229 
363 
363.001 
363.211 
688.709 
709.817 
372.728 
363 
363 
363.314 
371.038 
7821.86 
462.614 
507.244 
865.847 
364.402 
363 
7746.44 
363.749 
363.003 
5110.44 
363.753 
4432.19 
363.002 
363 
1664.29 
363 
4966.8 
363.336 
363 
363 
3227.19 
3570.29 
363.015 
363 
584.294 
363.942 
363 
363 
363 
17074.7 
4441.47 
3751.36 
3268.74 
6037.43 
363 
9945.26 
363 
425.435 
363.012 
363.005 
5944.06 
2070.39 
363 
389.956 
4476.83 
5297.81 
5820.68 
3506.02 
363 
363 
949.281 
5262.63 
363 
363.006 
363 
363 
363.645 
3291.69 
8535.54 
363.045 
363 
363 
1310.29 
363 
3268.96 
363.068 
363.105 
363 
4295.03 
363 
363 
363 
4403.68 
363 
4276.92 
363 
3094.08 
3098.35 
6762.32 
7880.36 
3689.88 
363 
1713.91 
363.08 
370.531 
3735.64 
363 
363.334 
3363.77 
363.001 
367.612 
363 
8635.8 
3251.76 
847.214 
364.984 
363 
431.661 
5212.63 
1088.47 
363.01 
3230.56 
363 
387.79 
363 
363 
365.23 
397.742 
363 
363 
363 
3468.53 
11918 
363 
363 
6909.35 
363 
363 
397.503 
363 
363 
363.006 
363 
387.091 
363 
363 
365.664 
3205.58 
7852.51 
363 
6765.92 
363.033 
363.133 
363 
2396.03 
415.584 
8492.2 
5465.14 
363.931 
3779.73 
363 
3495.16 
404.339 
1066.05 
363.051 
1836.13 
3700.47 
9865.68 
363 
369.321 
5024.99 
363 
3435.99 
363 
363.053 
1149.73 
374.857 
5236.25 
363 
4994.84 
784.716 
363 
457.08 
4415.15 
11068.7 
4284.41 
363 
363 
460.79 
363 
4049.6 
364.635 
3365.46 
436.435 
6640.62 
363 
363 
4772.45 
363 
3268.18 
363.467 
363 
3236.07 
979.157 
363 
363 
363 
3209.27 
363 
382.588 
366.387 
1943.19 
363 
363 
363 
3503.37 
5459.71 
363 
363 
555.476 
6130.02 
1162.02 
748.377 
363 
363 
363.54 
363 
363 
363 
363 
939.631 
363.003 
363 
363 
363 
363 
363 
363 
363 
363 
363 
3175.65 
363.001 
439.285 
367.774 
367.301 
363 
363 
363.319 
363.003 
795.722 
4380.79 
3212.25 
3902.1 
4752.57 
363.097 
1669.74 
3695.23 
2566.34 
363 
363.001 
363 
363 
1874.2 
363 
376.987 
4342.78 
1652.04 
804.844 
363 
367.42 
4775.12 
363 
363 
363.001 
363 
4365.49 
363 
363 
1601.78 
868.859 
5765.64 
363.013 
363 
6763.63 
2489.05 
363 
363 
363 
1261.79 
363 
3117.55 
363 
6967.37 
363 
370.392 
363.044 
363.002 
5518.77 
364.109 
666.044 
363.616 
363 
3765.1 
1241.58 
363 
365.613 
363.001 
363 
363 
5539.5 
363.054 
363 
3227.28 
460.212 
369.932 
1317.85 
363.001 
3274.16 
12453.4 
365.623 
373.864 
363 
627.829 
363 
363 
3693.71 
3744.81 
3658.25 
6685.61 
363 
471.314 
5217.11 
363 
372.688 
363.003 
4181.33 
631.174 
458.429 
363 
363.214 
363.55 
3150.8 
393.228 
363 
363 
363 
363 
363 
363 
1425.56 
363 
771.525 
363 
363.022 
4699.51 
363.001 
1686.38 
363.572 
363.041 
363 
363 
363 
11025.2 
363 
363 
363.029 
367.101 
4898.76 
363 
363 
831.707 
4292.05 
5114.74 
4734.75 
363.015 
363 
363 
363.002 
363 
363.064 
753.371 
363 
5682.06 
363 
363.012 
363 
635.976 
363 
363 
1145.86 
805.512 
1319.04 
5799.7 
4971.18 
363 
5057.22 
602.56 
379.872 
363 
4399.75 
363 
363 
363 
938.4 
363 
640.3 
363 
3812.08 
363.078 
4670.08 
4062.89 
3542.93 
363 
363.005 
363 
363 
363 
920.202 
363 
363.036 
605.096 
363 
364.189 
363.005 
718.706 
363 
363.003 
868.861 
6316.34 
363 
368.025 
2011.83 
377.766 
363 
363 
363 
983.392 
363.001 
6946.84 
381.702 
363 
1379.21 
363 
5968.71 
363 
363.017 
1100.61 
3494.25 
363 
5015.73 
437.396 
363 
363.026 
