363 
4361.76 
7115.78 
5237.24 
3414.29 
363 
4606.45 
395.959 
363 
18061.2 
470.726 
373.2 
3622.16 
5078.88 
367.72 
1812.6 
1280.52 
482.747 
1683.52 
371.93 
363.004 
5005.68 
363 
363 
363.038 
3438.93 
5414.05 
5879.59 
363.028 
363 
6908.31 
363 
363.002 
363 
4413.84 
2855.75 
363.001 
1066.19 
5063.24 
1069.17 
5724.92 
4785.32 
363 
413.787 
363 
363 
1664.04 
3484 
6029.13 
6326.24 
373.856 
1704.79 
363 
363 
363 
366.969 
363 
363.001 
363.16 
484.249 
1930.85 
363.541 
770.107 
3122.1 
363.003 
363 
363 
363.245 
363 
363.299 
363.199 
675.872 
694.078 
372.416 
363 
363 
388.379 
370.803 
7469.13 
464.163 
981.447 
837.282 
364.316 
363 
7272.67 
367.266 
363.003 
4990.05 
363.789 
4367.94 
363.002 
363 
1528.02 
363 
4884.57 
394.139 
363 
363.025 
3213.37 
3553.31 
363.016 
363 
622.723 
369.281 
363 
363 
363 
14381.9 
4387.55 
3715.1 
3253.39 
5876.64 
363 
8819.11 
363.004 
422.182 
363.012 
363.005 
5714.14 
1910.3 
363 
389.28 
4429.11 
5191.15 
5643.9 
4213.87 
363 
363 
937.732 
5170.13 
363 
363.007 
363 
363 
363.603 
3279.93 
8048.15 
363.044 
363 
363 
1262.19 
363 
3251.36 
363.065 
363.1 
363.018 
4231.16 
363 
363 
363 
4522.12 
363 
4214.99 
363 
3073.64 
3286.12 
6442.93 
8655.64 
3665.76 
363 
3272.76 
363.077 
370.338 
3699.4 
363 
363.315 
3347.56 
363.001 
367.368 
363 
7897.29 
4708.98 
853.702 
364.861 
363 
427.926 
5095.93 
1030.92 
363.011 
3411.13 
363 
386.498 
363 
363 
365.098 
396.181 
363 
363 
363 
3445.88 
9805.39 
363 
363 
6672.22 
363 
363 
396.029 
363 
363 
363.006 
363 
937.948 
363 
363 
370.761 
3278.68 
7366.67 
363 
10899.4 
363.289 
363.158 
363 
1994.99 
412.447 
8024.06 
5366.4 
363.88 
3748.09 
363 
3469.57 
426.886 
1004.7 
363.048 
1816.33 
3664.34 
8997.41 
363 
369.098 
4954.14 
363 
3407.67 
363.001 
363.064 
1138.25 
374.227 
5133.88 
363 
4898.45 
3112.14 
363.055 
465.534 
4357.9 
10233.7 
4224.75 
363 
363 
469.921 
363 
4011.47 
493.92 
3342.38 
432.662 
13214.4 
363 
363 
4672.85 
363 
3261.64 
363.44 
363 
3218.21 
932.898 
363 
363 
363 
4050.68 
363 
381.861 
366.247 
1772.63 
363 
363 
363 
3483.13 
5315.52 
363.002 
363 
545.933 
6003.54 
1154.44 
723.534 
363 
363 
363.512 
363 
363 
363 
363 
891.542 
363.003 
363 
363 
363 
363 
363 
363 
363 
363 
363 
3162.29 
363.001 
436.4 
367.497 
367.129 
363 
363 
370.321 
363.003 
764.144 
4310.59 
3192.35 
3868.47 
4669.87 
364.893 
3355.06 
3665.98 
2085.81 
363 
363.001 
363 
363 
1810.18 
363 
376.472 
4282.59 
1465.57 
776.005 
363 
368.331 
4674.89 
363 
363 
363.074 
363 
4303.11 
363 
363 
1746.59 
836.131 
5590.1 
363.012 
363 
6473.97 
2264.64 
363 
363 
363 
1172.97 
363 
3103.29 
363 
9528.11 
363 
370.053 
363.042 
363.008 
5351.21 
365.002 
649.587 
363.581 
363 
3726.87 
1206.53 
363 
365.865 
363.001 
363 
363 
5390.91 
363.05 
363 
3204.75 
454.792 
370.037 
1202.94 
363.004 
5216.33 
10267 
408.322 
373.258 
363 
624.5 
363 
363 
3661.95 
3709.21 
3628.36 
6486.99 
363 
464.854 
5102.51 
363.002 
1571.62 
363.003 
4121.84 
615.069 
1796.9 
363 
363.216 
363.528 
3135.28 
391.758 
363 
363 
363 
363 
363 
363 
1420.72 
363 
747.918 
363 
363.02 
4622.08 
363.659 
1661.06 
363.545 
363.039 
363 
363.002 
363 
12616.7 
363 
363 
363.027 
369.135 
4824.49 
363 
363 
806.021 
4226.23 
5024.02 
4638.58 
367.067 
363 
363.005 
363.002 
363 
380.34 
725.544 
363 
5541.87 
363 
363.022 
363 
868.58 
363 
363 
1141.85 
772.128 
1289.23 
5588.53 
4856.03 
363 
4939.96 
587.803 
1601.97 
363 
4328.6 
363 
363 
363 
3151.58 
363 
624.924 
363 
3769.78 
363.084 
4607.2 
4013.49 
5262.74 
363 
363.013 
363 
363 
363 
879.208 
363 
363.036 
589.697 
363 
364.096 
363.005 
702.325 
363 
363.079 
835.989 
6027.94 
363 
368.957 
1800.33 
377.062 
363 
363 
363 
918.871 
363.458 
6560.95 
384.444 
363 
2722.27 
363 
5733.49 
363 
363.016 
1101.95 
3470.3 
363 
4918.9 
434.207 
363 
363.024 
