363 
4382.12 
7228.55 
5278.85 
3418.83 
363 
4407.27 
369.54 
363 
16969.3 
472.55 
373.168 
3284.77 
5109.95 
367.708 
1620.43 
1315.43 
484.393 
1692.32 
364.941 
363 
5039.87 
363 
363 
363.038 
3447.02 
5441.72 
5950.53 
363.028 
363 
6988.88 
363 
363 
363 
4434.17 
2834.1 
363.001 
1081.47 
5096.33 
1093.13 
5760.34 
4804.29 
363 
413.642 
363 
363 
1671.59 
3480.42 
6086.16 
6384.42 
373.986 
1714.44 
363 
363 
363 
367.011 
363 
363.001 
363.163 
482.09 
1990.89 
363.547 
778.099 
3091.44 
363.003 
363 
363 
363.24 
363 
363.054 
363.203 
680.082 
699.223 
372.562 
363 
363 
369.686 
370.88 
7579.63 
464.915 
786.519 
846.536 
364.344 
363 
7417.69 
365.666 
363.003 
5028.93 
363.777 
4388.95 
363.002 
363 
1598.8 
363 
4911.38 
370.837 
363 
363.003 
3217.95 
3558.94 
363.015 
363 
618.359 
366.734 
363 
363 
363 
15509.2 
4405.23 
3728.05 
3258.48 
5928.35 
363 
9138.2 
363 
423.246 
363.012 
363.005 
5786.84 
1958.8 
363 
389.504 
4444.79 
5225.75 
5700.45 
3982.04 
363 
363 
942.574 
5200.25 
363 
363.007 
363 
363 
363.617 
3283.83 
8198.82 
363.044 
363 
363 
1277.23 
363 
3257.19 
363.066 
363.102 
363.004 
4252.03 
363 
363 
363 
4516.81 
363 
4235.24 
363 
3084.61 
3205.12 
6542.69 
8648.26 
3673.73 
363 
3143.1 
363.078 
370.402 
3711.32 
363 
363.322 
3352.93 
363.001 
367.448 
363 
8115.28 
3978.56 
851.775 
364.901 
363 
429.147 
5133.68 
1049.19 
363.011 
3360.73 
363 
386.921 
363 
363 
365.141 
396.693 
363 
363 
363 
3453.37 
10388.8 
363 
363 
6747.65 
363 
363 
396.512 
363 
363 
363.006 
363 
589.482 
363 
363 
368.966 
3263.81 
7515.23 
363 
9860.71 
363.157 
363.154 
363 
2101.47 
413.471 
8168.61 
5398.52 
363.897 
3758.52 
363 
3478.02 
421.758 
1024.1 
363.049 
1822.36 
3676.23 
9258.01 
363 
369.171 
4977.32 
363 
3417.01 
363 
363.063 
1141.94 
374.433 
5167.12 
363 
4929.76 
2551.36 
363.011 
463.081 
4376.66 
10618.3 
4244.27 
363 
363 
466.958 
363 
4024.03 
397.597 
3350.01 
433.897 
11195.5 
363 
363 
4705.13 
363 
3265.82 
363.449 
363 
3224.12 
947.683 
363 
363 
363 
3660.1 
363 
382.101 
366.293 
1823.72 
363 
363 
363 
3489.83 
5361.89 
363.001 
363 
549.054 
6044.55 
1156.91 
731.578 
363 
363 
363.521 
363 
363 
363 
363 
906.864 
363.003 
363 
363 
363 
363 
363 
363 
363 
363 
363 
3166.72 
363.001 
437.349 
367.587 
367.185 
363 
363 
365.92 
363.003 
774.274 
4333.5 
3198.93 
3879.56 
4696.8 
363.795 
3158.09 
3675.63 
2209.04 
363 
363.001 
363 
363 
1828.92 
363 
376.642 
4302.29 
1523.81 
785.325 
363 
368.021 
4707.37 
363 
363 
363.021 
363 
4323.51 
363 
363 
1721.67 
846.691 
5646.25 
363.012 
363 
6565.02 
2368.5 
363 
363 
363 
1200.57 
363 
3108.02 
363 
8979.58 
363 
370.164 
363.043 
363.006 
5404.82 
364.767 
654.95 
363.593 
363 
3739.44 
1217.26 
363 
365.855 
363.001 
363 
363 
5438.68 
363.052 
363 
3212.19 
456.563 
370.002 
1237.71 
363.002 
4204.96 
10906.9 
382.362 
373.456 
363 
625.595 
363 
363 
3672.42 
3720.94 
3638.21 
6587.95 
363 
466.961 
5139.6 
363 
639.8 
363.003 
4141.3 
620.308 
1240.75 
363 
363.215 
363.537 
3140.42 
392.239 
363 
363 
363 
363 
363 
363 
1422.39 
363 
755.581 
363 
363.021 
4647.33 
363.087 
1669.36 
363.554 
363.04 
363 
363 
363 
12681.8 
363 
363 
363.028 
368.63 
4848.75 
363 
363 
814.444 
4247.73 
5053.55 
4669.78 
363.72 
363 
363.001 
363.002 
363 
366.056 
734.525 
363 
5587.07 
363 
363.019 
363 
806.785 
363 
363 
1143.18 
782.863 
1298.32 
5655.52 
4893.24 
363 
4977.85 
592.603 
701.827 
363 
4351.81 
363 
363 
363 
3087.1 
363 
629.935 
363 
3783.67 
363.082 
4627.79 
4029.69 
4547.95 
363 
363.011 
363 
363 
363 
892.411 
363 
363.036 
594.702 
363 
364.126 
363.005 
707.597 
363 
363.03 
846.594 
6118.23 
363 
368.642 
1862.53 
377.293 
363 
363 
363 
939.037 
363.076 
6680.05 
383.569 
363 
2145.63 
363 
5807.78 
363 
363.016 
1101.58 
3478.21 
363 
4950.35 
435.232 
363 
363.025 
