363 
4584.06 
8739.42 
5724.55 
3185.7 
363 
1154.37 
363 
363 
1664.7 
484.537 
372.826 
363.04 
5428.56 
367.585 
363.557 
1672.87 
500.296 
1894 
363 
363 
5396.47 
363 
363 
363.016 
3523.34 
5719.14 
6797.6 
363.031 
363 
7940.73 
363 
363 
363 
4635.52 
426.4 
363.001 
1251.79 
5438.99 
1408.5 
6124.36 
4989.32 
363 
411.262 
363 
363 
1744.73 
2617.51 
6721.06 
7027.87 
375.229 
2092.03 
363 
363 
363 
367.405 
363 
363.001 
363.186 
460.652 
3083.47 
363.588 
860.687 
363.222 
363.003 
363 
363 
363.192 
363 
363 
363.241 
716.616 
750.426 
366.325 
363 
363 
363 
371.615 
8943.65 
380.249 
363.076 
943.366 
364.625 
363 
9665.97 
363 
363.003 
5443.81 
363.665 
4597.96 
363.002 
363 
1658.04 
363 
5182.39 
363 
363 
363 
3260.34 
3611.11 
363.012 
363 
373.875 
363 
363 
363 
363 
3974.5 
4578.2 
3425.5 
3303.74 
6494.36 
363 
15468.6 
363 
433.688 
363.013 
363.005 
6670.98 
2797.85 
363 
388.283 
4596.56 
5585.31 
6339.12 
528.608 
363 
363 
698.893 
5507.11 
363 
363.004 
363 
363 
363.753 
3319.78 
8585.39 
363.049 
363 
363 
1470.94 
363 
3276.59 
363.076 
363.118 
363 
4460.27 
363 
363 
363 
3161.9 
363 
4436.7 
363 
3128.08 
366.219 
7862.92 
3202.74 
3748.63 
363 
363.031 
363.087 
370.99 
3825.95 
363 
363.384 
3402.81 
363.001 
368.236 
363 
12723.7 
366.001 
820.955 
365.301 
363 
441.264 
5532.82 
1266.16 
363.001 
524.097 
363 
389.378 
363 
363 
365.571 
401.685 
363 
363 
363 
3523.69 
11425.2 
363 
363 
7630.05 
363 
363 
401.247 
363 
363 
363.007 
363 
363 
363 
363 
363.004 
779.625 
9775.6 
363 
1676.59 
363 
363.006 
363.001 
3110.36 
423.721 
10203.1 
5727.1 
364.063 
3857.81 
363 
3557.82 
363.567 
1260.59 
363.059 
1917.14 
3790.51 
8727.75 
363 
369.873 
5207.36 
363 
3505.8 
363 
363.002 
1182.5 
376.468 
5510.91 
363 
5252.93 
363.013 
363 
408.902 
4561.24 
4209.66 
4437.68 
363 
363 
436.81 
363 
4144.35 
363 
3421.81 
446.081 
972.633 
363 
363 
5042.3 
363 
3099.83 
363.538 
363 
3279.27 
1115.51 
363 
363 
363 
368.002 
363 
384.388 
366.736 
2828.39 
363 
363 
363 
3552.43 
5868.8 
363 
363 
579.977 
6472.43 
1182.05 
815.882 
363 
363 
363.612 
363 
363 
363 
363 
1084.03 
363.004 
363 
363 
363 
363 
363 
363 
363 
363 
363 
3207.68 
363.001 
446.481 
368.49 
367.729 
363 
363 
363 
363.003 
886.123 
4563.98 
3260.6 
3985.25 
4970.72 
363 
363.006 
3767.19 
3113.86 
363 
363.001 
363 
363 
2200.04 
363 
378.268 
4497.36 
1727.48 
884.153 
363 
365.546 
5046.96 
363 
363 
363 
363 
4526.18 
363 
363 
373.404 
959.81 
6280.77 
363.017 
363 
7701.74 
815.319 
363 
363 
363 
1580.41 
363 
3151.8 
363 
2964.25 
363 
371.246 
363.05 
363 
6010 
363.008 
709.18 
363.47 
363 
3860.62 
1371.18 
363 
363.204 
363.002 
363 
363 
5962.22 
363.062 
363 
3282.33 
474.202 
369.688 
1669.81 
363 
365.26 
7675.28 
363 
375.423 
363 
636.135 
363 
363 
3772.2 
3774.18 
3731.92 
3822.66 
363 
488.121 
5530.43 
363 
363 
363.002 
4334.51 
673.759 
363.001 
363 
363.206 
363.227 
3188.2 
396.962 
363 
363 
363 
363 
363 
363 
1434.2 
363 
834.806 
363 
363.025 
4902.25 
363 
1753.89 
363.641 
363.048 
363 
363 
363 
3177.77 
363 
363 
363.033 
363.112 
5091.35 
363 
363 
895.806 
4462.96 
5354.72 
4994.18 
363 
363 
363 
363.002 
363 
363 
830.399 
363 
6073.96 
363 
363 
363 
364.839 
363 
363 
1155.55 
899.986 
1432.96 
6453.23 
5288.97 
363 
5380.93 
641.581 
363 
363 
4585.64 
363 
363 
363 
363.003 
363 
680.586 
363 
3918.5 
363.062 
4831.16 
4188.16 
397.524 
363 
363 
363 
363 
363 
1034.12 
363 
363.009 
646.001 
363 
364.443 
363.006 
764.532 
363 
363 
960.288 
7293.54 
363 
365.593 
2489.23 
379.551 
363 
363 
363 
1202.25 
363 
8405.81 
373.836 
363 
363.594 
363 
6718.08 
363 
363.021 
1093.66 
3552.71 
363 
5274.97 
446.276 
363 
363.031 
