363 
3129.45 
363 
363 
363 
363 
363 
363 
363 
363 
363 
363 
363 
363 
363 
363 
363 
363 
363 
363 
363 
363 
363 
363 
363 
363 
3312.07 
363 
363 
363 
363 
363 
363 
363 
3321.23 
363 
363 
363 
363 
363 
363 
363 
363 
363 
363 
363 
363 
363 
363 
363 
363 
363 
363 
363 
363 
363 
363 
363 
363 
363 
363 
363 
363 
363 
363 
363 
363 
363 
363 
363 
363 
363 
363 
363 
363 
363 
363 
363 
363 
363 
363 
1032.93 
363 
363 
363 
363 
363 
363 
363 
363.281 
363 
363 
363 
363 
410.384 
363 
363 
363 
363 
363 
363 
363 
363 
363 
363 
363 
363 
363 
3127.34 
363 
363 
363 
363 
363 
363 
363 
363 
363 
363 
1151.31 
363 
363 
395.104 
363 
363 
363 
363 
363 
363 
363 
363 
363 
363 
363 
363 
363 
363 
363 
363 
363 
363.001 
363 
363 
363 
363 
363 
363 
363 
363 
363 
363 
363 
363 
363 
363 
363 
363 
363 
363 
363 
363 
363 
366.771 
363 
363 
363.167 
363 
363 
363 
363 
363 
363 
363 
363 
363 
363 
363 
363 
363 
363 
363 
363 
363 
363 
363 
363.006 
363 
363 
363 
3091.12 
363 
363 
363 
363 
363 
363 
363 
363 
363 
363 
363 
363 
363 
363 
363 
363 
363 
363 
363 
363 
363 
363 
363 
363 
363 
363.001 
363 
363 
363 
363 
363 
363 
363 
363 
3389.71 
363 
363 
363 
7588.92 
363 
363 
363 
363 
525.322 
365.845 
363 
363 
363 
363 
363 
363 
5449.43 
363 
609.064 
363 
363 
363 
363 
363 
363 
363 
454.154 
363 
363 
363 
363 
363 
363 
363 
363 
363.059 
363.741 
363 
363 
363 
363 
363 
363.564 
363 
364.532 
363 
363 
363 
363 
363 
363 
363 
363 
363 
363.511 
363 
363 
363 
363.668 
363 
363 
363 
363 
363 
363 
363 
363 
363 
363 
363 
363 
363 
363 
363 
363 
363 
363.277 
363 
363 
363 
363 
363 
363 
2595.24 
363.005 
363 
363 
363 
363 
363 
363 
363 
363 
363 
363 
363 
363 
363 
363 
7872.96 
366.16 
363 
363 
363 
363 
363 
363 
363 
363 
363.51 
363 
363 
363 
363 
363 
363 
363 
363 
363 
363 
363 
363 
363 
363 
363 
363 
363 
363 
363 
363 
363 
363 
363 
1193.53 
363 
363 
363.267 
363 
363 
363 
363 
363 
363 
363 
363 
363 
363 
363 
363 
363 
363 
363 
363 
363 
363 
363 
363.002 
363 
363 
3753.55 
363 
363 
363 
363 
363 
363 
363 
363 
363 
4368.95 
363 
363 
363 
363 
363 
3236.22 
363 
363 
363 
363 
363 
363 
363 
363 
363 
363 
363 
363 
363.179 
363 
363 
363.156 
363 
363 
363 
363 
363 
363 
363 
363 
363 
363 
363 
363 
365.171 
442.624 
363 
363 
363 
363 
363 
363.003 
363 
363 
363 
363 
363 
363 
363 
363 
363 
363 
363 
363 
363 
363 
363 
363 
363 
363 
363 
363 
363 
363 
363 
363 
363 
363 
363 
363 
363 
363 
363 
747.578 
363 
363 
363 
363 
363 
363 
363 
363 
363 
363 
1509.22 
363 
363 
363 
363 
363 
363 
363 
363 
363 
363 
363 
367.485 
363 
363 
363 
464.069 
363 
363 
363 
363 
363 
363 
363 
363 
363.041 
363 
3483.39 
363 
363 
363 
363 
363 
