363 
4955.25 
17403.3 
6773.15 
363.006 
363 
363 
363 
363 
363 
363.134 
372.09 
363 
6075.28 
367.333 
363 
2131.09 
527.072 
3086.43 
363 
363 
6160.1 
363 
363 
363 
3646.21 
6244.89 
4795.07 
363.037 
363 
10419.7 
363 
363 
363 
5004.26 
363 
363 
1659.7 
6156.25 
1788.49 
6867.93 
5307.26 
363 
402.383 
363 
363 
1847.75 
363 
8463.7 
8745.47 
377.279 
1658.62 
363 
363 
363 
368.045 
363 
363.001 
363.225 
423.521 
3139.6 
363.6 
416.354 
363 
363.002 
363 
363 
363.117 
363 
363 
363.014 
365.034 
844.401 
363 
363 
363 
363 
372.799 
3100.1 
363 
363 
1151.65 
365.136 
363 
6107.62 
363 
363.003 
6405.95 
363.49 
4985.59 
363.001 
363 
363.017 
363 
5708.57 
363 
363 
363 
3325.54 
3691.62 
363.003 
363 
363 
363 
363 
363 
363 
363.001 
4883.93 
363.081 
788.228 
7942.17 
363 
700.823 
363 
366.723 
363.016 
363.005 
10489.6 
3122.61 
363 
363.005 
4857.41 
6345.84 
7496.33 
363 
363 
363 
363.001 
6117.26 
363 
363.002 
363 
363 
363.669 
3374.45 
397.231 
363.057 
363 
363 
1703.2 
363 
369.132 
363.092 
363.144 
363 
4849.36 
363 
363 
363 
363 
363 
4810.05 
363 
3194.94 
363 
15813.3 
363 
3868.17 
363 
363 
363.003 
371.877 
4018.81 
363 
363.496 
3480.24 
363 
369.627 
363 
3510.84 
363 
681.72 
366.031 
363 
462.964 
6428.92 
1694.14 
363 
363 
363 
363.019 
363 
363 
363.442 
410.289 
363 
363 
363 
3635.93 
363.428 
363 
363 
10748.2 
363 
363 
409.523 
363 
363 
363.008 
363 
363 
363 
363 
363 
363 
3164.86 
363 
363 
363 
363 
363.001 
3144.03 
442.434 
3174.77 
6388.18 
364.329 
3316.76 
363 
3662.05 
363 
1709.57 
363.078 
2942.08 
3983.5 
366.106 
363 
371.032 
5631.07 
363 
3421.43 
363 
363 
1286.98 
380.068 
6227.49 
363 
5921.96 
363 
363 
363 
4893.07 
363.215 
4792.03 
363 
363 
387.58 
363 
3255.46 
363 
3537 
467.645 
363 
363 
363 
5767.91 
363 
363 
363.698 
363 
3365.81 
1629.77 
363 
363 
363 
363 
363 
388.145 
367.484 
3140.53 
363 
363 
363 
3651.13 
7156.83 
363 
363 
635.535 
7390.6 
1234.54 
995.538 
363 
363 
363.772 
363 
363 
363 
363 
1654.04 
363 
363 
363 
363 
363 
363 
363 
363 
363 
363 
3270.65 
363.001 
461.774 
370.118 
368.324 
363 
363 
363 
363.004 
1168.81 
5005.52 
3098.45 
4160.22 
5511.24 
363 
363 
3916.85 
531.024 
363 
363 
363 
363 
3124.91 
363 
380.967 
4854.34 
3087.36 
1104.73 
363 
363.398 
5773.06 
363 
363 
363 
363 
4900.35 
363 
363 
363 
1223.88 
8128.07 
363.006 
363 
3180.31 
363 
363 
363 
363 
428.749 
363 
3219.32 
363 
363 
363 
368.432 
363.001 
363 
5951.51 
363 
812.589 
363 
363 
4066.73 
1701.35 
363 
363 
363.002 
363 
363 
4341.18 
363.082 
363 
3395.01 
506.127 
369.402 
2355.8 
363 
363 
363.042 
363 
366.338 
363 
653.33 
363 
363 
3937.23 
415.11 
3885.75 
363.003 
363 
477.842 
6397.58 
363 
363 
363 
4690.66 
777.711 
363 
363 
363.178 
363 
3262.47 
381.587 
363 
363 
363 
363 
363 
363 
1432.16 
363 
997.315 
363 
363.032 
5395.52 
363 
2701.42 
363.793 
363.063 
363 
363 
363 
363 
363 
363 
363.044 
363 
5547.45 
363 
363 
1014.36 
4869.14 
5955.58 
5682.35 
363 
363 
363 
363.003 
363 
363 
1037.75 
363 
6905.6 
363 
363 
363 
363 
363 
363 
1174.55 
1189.21 
1698.51 
9583.52 
4004.12 
363 
6305.61 
736.556 
363 
363 
5035.05 
363 
363 
363 
363 
363 
776.867 
363 
4151.87 
363.037 
5200.65 
4468.3 
363 
363 
363 
363 
363 
363 
1441.63 
363 
363 
746.694 
363 
365.105 
363.008 
892.497 
363 
363 
1226.52 
8579.65 
363 
363 
363.189 
383.463 
363 
363 
363 
1739.16 
363 
7091.45 
363.338 
363 
363 
363 
11009.1 
363 
363.029 
1047.35 
3672.27 
363 
5947.15 
469.542 
363 
363.041 
