363 
6255.71 
363 
7657.07 
363 
363 
363 
363 
363 
363 
363 
369.493 
363 
9890.09 
363 
363 
363.001 
590.045 
363 
363 
363 
364.724 
363 
363 
363 
3758.96 
8329.29 
363 
363.05 
363 
363 
363 
363 
363 
6278.18 
363 
363 
1658.34 
3911.52 
1718.43 
7315.31 
363 
363 
366.345 
363 
363 
363 
363 
1352.64 
2107.34 
380.441 
363 
363 
363 
363 
369.547 
363 
363 
363.325 
363.187 
363 
363.151 
363 
363 
363 
363.001 
363 
363 
363 
363 
363 
363 
363.105 
363 
363 
363 
363 
363 
363 
363 
363 
1741.43 
366.614 
363 
363 
363 
363.003 
3466.55 
363.139 
6391.09 
363 
363 
363 
363 
8054.18 
363 
363 
363 
1688.26 
409.631 
363 
363 
363 
363 
363 
363 
363 
363 
5819.71 
363 
363 
815.43 
363 
363 
363 
363 
363.021 
363.003 
363 
3221.55 
363 
363 
5591.61 
5866.71 
363 
363 
363 
363 
363 
9195.09 
363 
363 
363 
363 
363 
363 
363 
363 
363 
363 
3096.09 
363 
363 
363.001 
363.052 
363 
6303.41 
363 
363 
363 
363 
363 
6157.93 
363 
3189.16 
363 
363 
363 
4147.69 
363 
363 
363 
373.642 
363 
363 
363.811 
444.642 
363 
372.173 
363 
363 
363 
363 
367.992 
363 
363.033 
3342.35 
3116.34 
363 
363 
363 
363 
363 
363 
363 
432.923 
363 
363 
363 
3898.38 
363 
363 
363 
363.133 
363 
363 
395.557 
363 
363 
363.011 
363 
363 
363 
363 
363 
363 
363 
363 
363 
363 
363 
363 
363 
370.331 
363 
10042.2 
363 
363 
363 
363 
363 
3148.95 
363.134 
363 
4501.19 
363 
363 
373.838 
7125.93 
363 
363 
363 
363 
1731.23 
389.944 
9182.57 
363 
8848.09 
363 
363 
363 
5966.68 
363 
6018.46 
363 
363 
363 
363 
363 
363 
3786.35 
527.455 
363 
363 
363 
13167 
363 
363 
363.007 
363 
3560.75 
3104.27 
363 
363 
363 
363 
363 
397.103 
363 
3280.69 
363 
363 
363 
3871.39 
4217.72 
363 
363 
797.607 
721.127 
1628.6 
1650.28 
363 
363 
364.206 
363 
363 
363 
363 
388.658 
363 
363 
363 
363 
363 
363 
363 
363 
363 
363 
3107.55 
363 
500.04 
374.732 
363 
363 
363 
363 
363.002 
2907.48 
6848.53 
363 
363.711 
363.001 
363 
363 
4286.64 
363 
363 
363 
363 
363 
363.021 
363 
368.991 
6084.52 
3240.33 
1850.77 
363 
363 
363 
363 
363 
363 
363 
6233.58 
363 
363 
363 
1915.1 
363 
363 
363 
363 
363 
363 
363 
363 
363 
363 
3365.88 
363 
363 
363 
363 
363 
363 
363 
363 
1199.3 
363 
363 
4630.46 
413.038 
363 
363 
363.003 
363 
363 
363 
363 
363 
3662.48 
363.008 
363.025 
363 
363 
363 
363 
363 
363 
363 
674.52 
363 
363 
4356.91 
363 
4087.01 
363 
363 
363 
15716.5 
363 
363 
363 
5951.84 
1186.22 
363 
363 
363.066 
363 
3426.47 
363 
363 
363 
363 
363 
363 
363 
363 
363 
371.702 
363 
363 
7560.15 
363 
363 
364.191 
363.108 
363 
363 
363 
363 
363 
363 
363.074 
363 
2908.55 
363 
363 
1121.02 
6452.68 
4640.43 
11659.8 
363 
363 
363 
363.004 
363 
363 
363 
363 
363 
363 
363 
363 
363 
363 
363 
1189.73 
2343.74 
931.637 
363 
363 
363 
363.626 
1096.49 
363 
363 
6855.1 
363 
363 
363 
363 
363 
1126.66 
363 
3091.25 
363.004 
6440.52 
1669.18 
363 
363 
363 
363 
363 
363 
363 
363 
363 
1146.86 
363 
366.909 
363.011 
1669.61 
363 
363 
1359.17 
363 
363 
363 
363 
393.803 
363 
363 
363 
3199.73 
363 
363 
363 
363 
363 
363 
363 
363 
363.056 
395.175 
3955.25 
363 
10387.6 
364.37 
363 
363.059 
