363 
363 
3973.01 
363 
363 
363 
18395.7 
363 
363 
363 
363 
363 
363 
363 
5052.86 
363.365 
363 
363 
363 
363 
363 
363 
363 
363 
363 
363 
363 
363 
363 
363 
363 
377.809 
363 
363 
363 
363 
363 
4071.14 
363 
363 
363 
363 
363 
363 
363 
363 
1018.61 
365.765 
363 
363 
363 
363 
365.239 
363 
363 
363 
363 
363 
363 
5764.55 
363 
363 
363 
363 
363 
363.144 
363 
363 
363 
363 
363 
363 
2654.57 
363 
363 
363 
363 
363 
363 
363 
363 
363 
363 
363 
363 
398.209 
363 
363 
363 
363 
363 
363 
374.626 
363 
363 
363 
363.002 
363.815 
363 
3090.95 
713.171 
363 
363.001 
363.001 
3878.78 
363 
363 
363 
363.001 
363 
1247.92 
363 
986.026 
363 
363 
363 
363 
363 
363 
363.014 
363 
363 
363 
363 
363 
363 
363 
363 
363 
363 
1726.87 
363 
363 
363 
363 
363 
363 
3789.43 
363 
363 
363 
363 
363 
363.004 
363 
363 
363 
363 
363 
363 
363 
363 
363 
4087.46 
363 
363 
391.531 
3290.04 
363 
363 
363 
3096.31 
363 
363 
363 
363 
363 
368.62 
4658.08 
363 
363.039 
363.001 
363 
363 
5134.34 
363 
363 
363 
363 
363 
363 
365.121 
363 
363 
363 
363 
363 
3570.8 
4034.33 
3171.39 
363 
363 
363 
3239.29 
12363.4 
363 
6836.39 
363 
363 
363 
363 
414.245 
363 
363 
363 
363 
363 
363 
363 
363 
363 
363 
363 
363 
363 
363 
3139.81 
363.002 
363 
363.415 
363.095 
363 
363 
363 
363 
363 
363 
363 
363 
363 
368.422 
363 
363 
363 
458.319 
363 
363 
363 
363 
363 
363 
363 
363 
363 
363 
366.753 
12026.6 
363 
10941.2 
363 
363 
363 
363 
363 
419.873 
363 
363 
363 
363 
771.162 
416.801 
363 
363 
363 
363 
363 
363 
363 
363 
363 
363 
363 
363 
363 
363 
363 
363 
363 
364.843 
3084.48 
363 
6027.65 
363 
363 
363 
363 
363 
3151.93 
3149.53 
363 
363 
363 
363 
363 
5715.04 
363 
363 
3101.15 
363 
363 
363 
363 
424.333 
363 
363 
363 
363 
517.565 
363 
363 
363 
363 
363 
363 
363 
458.04 
363 
363 
363 
363 
400.144 
363 
363.002 
363 
363 
363.159 
363 
363 
363 
363 
363 
363 
363 
363 
5337.72 
363 
363 
11120.3 
363 
363 
363 
363 
363 
363 
363 
363.013 
6860.82 
363 
363 
363 
363 
363 
363.141 
363 
363 
363 
363 
363 
363 
363 
363 
363 
363 
363 
363.008 
363 
363 
363 
363 
7947.27 
363 
363 
363 
363 
363 
363 
363 
363 
363.103 
363 
8259.72 
363 
363.037 
363 
363 
363 
363 
363 
363 
363 
363 
363 
363 
363 
363 
363 
363 
363 
363 
363 
363 
363 
363 
6640.87 
363 
363 
411.241 
363 
363 
363 
363 
363 
384.856 
363 
363 
363 
363 
363 
363.018 
1027.29 
363 
363 
363 
363 
363 
363 
363 
363 
363 
363 
363.008 
363 
363 
363 
363 
363 
363.17 
363 
363 
363 
363 
363 
363 
363 
363 
363 
363 
363 
363 
6639.19 
363 
363 
363 
363 
363 
363 
363 
363 
363 
363.025 
706.472 
363 
363 
363 
363 
363 
363 
363 
363 
363 
363 
3211.34 
363 
1603.01 
363 
363 
363 
363 
363 
363 
363 
363 
363 
6448.5 
363 
363 
363 
363 
363 
363 
624.054 
3146.1 
363 
363 
1797.67 
363.002 
363 
363 
363.304 
3006.15 
5693.62 
363 
363 
363 
363 
507.106 
363 
363 
363 
363 
363 
363 
