363 
4660.08 
9641.86 
5910.81 
2683.02 
363 
378.357 
363 
363 
375.153 
458.765 
372.684 
363 
5553.96 
367.54 
363.005 
1702.49 
506.06 
2101.02 
363 
363 
5540.02 
363 
363 
363.003 
3550.27 
5825.06 
7210 
363.033 
363 
8400.54 
363 
363 
363 
4711.19 
364.946 
363.001 
1327.33 
5575.63 
1593.92 
6268.02 
5057.48 
363 
409.923 
363 
363 
1853.18 
598.62 
7001.4 
7309.35 
375.674 
2416.87 
363 
363 
363 
367.545 
363 
363.001 
363.194 
452.695 
3096.16 
363.597 
888.128 
363.001 
363.003 
363 
363 
363.175 
363 
363 
363.25 
686.711 
769.73 
363.59 
363 
363 
363 
371.875 
8962.36 
364.881 
363 
982.443 
364.73 
363 
11369.3 
363 
363.003 
5616.24 
363.626 
4676.97 
363.001 
363 
932.788 
363 
5287 
363 
363 
363 
3274.95 
3629.13 
363.011 
363 
363.557 
363 
363 
363 
363 
3087.74 
4642.13 
3144.27 
3296.13 
6738.31 
363 
13914.4 
363 
435.856 
363.014 
363.005 
7118.24 
3086.15 
363 
378.656 
4651.9 
5729.32 
6627.19 
364.975 
363 
363 
462.298 
5626.8 
363 
363.004 
363 
363 
363.805 
3332.11 
5865.8 
363.051 
363 
363 
1574.79 
363 
3188.43 
363.079 
363.123 
363 
4539.26 
363 
363 
363 
1544.8 
363 
4512.83 
363 
3143.07 
363.017 
8634.14 
1309 
3774.95 
363 
363 
363.088 
371.191 
3867.38 
363 
363.407 
3420.09 
363.001 
368.528 
363 
16510.3 
363.008 
802.53 
365.452 
363 
445.794 
5696.61 
1372.46 
363 
365.832 
363 
382.808 
363 
363 
365.72 
403.514 
363 
363 
363 
3548.4 
4858.54 
363 
363 
8049.81 
363 
363 
402.993 
363 
363 
363.007 
363 
363 
363 
363 
363 
375.454 
10677.4 
363 
382.313 
363 
363 
363.001 
3130.44 
427.593 
10841.3 
5855.93 
364.125 
3892.54 
363 
3586.05 
363.015 
1381.54 
363.063 
1984.03 
3831.83 
4925.63 
363 
370.125 
5294.05 
363 
3537.44 
363 
363 
1200.13 
377.225 
5647.76 
363 
5381.2 
363 
363 
380.381 
4630.01 
3147.64 
4510.38 
363 
363 
425.579 
363 
4184.23 
363 
3447.11 
450.608 
368.168 
363 
363 
5178.31 
363 
1457.09 
363.571 
363 
3298.49 
1191.84 
363 
363 
363 
363.019 
363 
385.206 
366.897 
3090.51 
363 
363 
363 
3574.29 
6086.77 
363 
363 
591.54 
6644.84 
1191.97 
849.864 
363 
363 
363.646 
363 
363 
363 
363 
1166.77 
363.004 
363 
363 
363 
363 
363 
363 
363 
363 
363 
3221.8 
363.001 
449.777 
368.829 
367.926 
363 
363 
363 
363.003 
934.414 
4652.41 
3281.47 
4023.08 
5077.32 
363 
363 
3799.75 
3123.75 
363 
363.001 
363 
363 
2567.52 
363 
378.852 
4570.65 
1813.05 
924.694 
363 
364.88 
5184.12 
363 
363 
363 
363 
4602.63 
363 
363 
363.213 
1006.96 
6567.23 
363.02 
363 
8038.02 
400.179 
363 
363 
363 
1662.91 
363 
3166.92 
363 
453.885 
363 
371.64 
363.048 
363 
6282.75 
363 
730.016 
363.185 
363 
3904.58 
1462.05 
363 
363.014 
363.002 
363 
363 
6186.31 
363.066 
363 
3307.06 
480.831 
369.592 
1706.41 
363 
363.005 
3708.71 
363 
376.134 
363 
639.92 
363 
363 
3807.9 
3564.05 
3765.32 
3137.05 
363 
496.149 
5690.06 
363 
363 
363.002 
4407.35 
694.505 
363 
363 
363.201 
363.047 
3204.77 
398.695 
363 
363 
363 
363 
363 
363 
1436.2 
363 
866.202 
363 
363.026 
5000.49 
363 
1904.96 
363.673 
363.051 
363 
363 
363 
887.647 
363 
363 
363.036 
363.006 
5183.64 
363 
363 
924.064 
4544.97 
5472.37 
5124.26 
363 
363 
363 
363.002 
363 
363 
870.007 
363 
6279 
363 
363 
363 
363.034 
363 
363 
1159.85 
949.936 
1517.13 
6843.47 
5451.15 
363 
5547.74 
660.579 
363 
363 
4675.48 
363 
363 
363 
363 
363 
700.029 
363 
3967.83 
363.056 
4907.31 
4246.74 
363.193 
363 
363 
363 
363 
363 
1096.49 
363 
363.001 
666.014 
363 
364.571 
363.006 
788.202 
363 
363 
1007.73 
7959.71 
363 
364.065 
1727.9 
380.381 
363 
363 
363 
1349.91 
363 
9585.07 
369.997 
363 
363.004 
363 
7184.14 
363 
363.022 
1088.13 
3578.97 
363 
5403.83 
450.785 
363 
363.033 
