363.003 
4176.62 
6270.5 
4881.45 
3365.8 
363 
4742.05 
5670.27 
363 
9594.99 
454.154 
373.451 
12934.4 
4804.17 
367.834 
3097.58 
1033.38 
467.527 
1360.78 
3991.42 
1781.28 
4707.24 
363 
363 
363.032 
3361.83 
5164.72 
5314.64 
363.025 
363 
6262.66 
810.273 
412.097 
363 
4228.78 
1998.61 
363 
938.981 
4772.9 
887.424 
5412.23 
4610.35 
363 
414.269 
363 
363 
1318.88 
3410.04 
5554.42 
5839.94 
372.637 
1433.56 
363 
363 
363 
366.577 
363 
363.001 
363.138 
503.547 
1695.81 
363.483 
700.276 
3341.55 
363.002 
363 
363 
363.295 
389.464 
3098.58 
363.165 
637.253 
647.606 
370.93 
363 
363 
3193.92 
370.068 
6627.36 
450.739 
1385.76 
756.964 
364.067 
363 
6249.35 
375.76 
363.003 
4656.55 
363.901 
4177.43 
363.002 
363 
1119.6 
376.726 
4644.64 
3327.49 
363 
3574.89 
3168.86 
3498.79 
363.017 
363 
579.936 
385.223 
363 
363 
363 
8356.38 
4224.66 
3592.23 
3204.14 
5441.34 
1670.37 
6984.23 
3263.43 
412.536 
363.011 
363.005 
5141.21 
1705.54 
363 
387.118 
4283.28 
4888.23 
5177.7 
4551.05 
363 
363 
873.088 
4902.35 
363.049 
363.01 
363 
363 
363.483 
3241.86 
6965.91 
363.039 
363 
363 
1142.41 
363.013 
3195.13 
363.055 
363.086 
390.101 
4042.26 
363.001 
363 
363 
4324.91 
363 
4031.26 
430.696 
1811.08 
3605.39 
5690.67 
6836.7 
3589.57 
363 
7394.05 
363.068 
369.716 
3587.79 
363 
363.259 
3295.62 
363.001 
366.644 
363.002 
6509.37 
9121.47 
864.092 
364.506 
363 
416.911 
4770.01 
884.841 
363.009 
3417.09 
363.087 
382.661 
363 
363 
364.712 
391.484 
363 
363 
363 
3374.33 
7076.22 
363 
363 
6064.09 
363 
363 
391.612 
363 
363 
363.005 
363 
3192.66 
363 
363 
374.298 
3236.46 
6321.81 
363 
7982.2 
364.59 
363.136 
363 
1662.48 
403.299 
6975.55 
5081.67 
363.728 
3649.6 
363 
3389.24 
422.897 
852.04 
363.039 
1773.77 
3553.08 
7360.88 
363 
368.41 
4743.53 
363 
3319.38 
363.162 
363.055 
1107.11 
372.36 
4841.89 
421.172 
4622.92 
5706.56 
1048.85 
482.102 
4186.12 
7692 
4047.03 
375.4 
363 
495.207 
363 
3893.8 
3836.25 
3269.63 
421.464 
9705.06 
363 
363 
4391.39 
363 
3211.97 
363.36 
363 
3161.29 
811.649 
363.01 
363 
363.034 
6065.93 
363 
379.616 
365.822 
1658.6 
363 
363.047 
380.743 
3418.79 
4924.62 
363.032 
363 
517.688 
5645.89 
1132.22 
654.055 
363 
363 
363.429 
363 
397.223 
363 
1654.81 
767.609 
363.003 
363.037 
363 
363 
363 
363 
363 
363 
363 
363 
3119.26 
363 
427.571 
366.685 
366.605 
363 
363 
614.258 
363.002 
680.326 
4104.81 
3129.27 
3764.02 
4430.06 
408.655 
13372.1 
3574.6 
1675.33 
363 
363.001 
363 
363 
1735.89 
363 
374.888 
4103.21 
1107.28 
696.132 
363.048 
371.656 
4391.88 
363 
363 
400.171 
363 
4117.84 
363 
363 
1677.55 
746.174 
5127.37 
363.008 
363 
5771.99 
1708.14 
363.003 
363 
363 
967.808 
363 
2190.25 
363 
7793.44 
363 
369.034 
363.036 
363.013 
4909.15 
364.971 
601.893 
363.476 
363 
3609.53 
1120.91 
363 
365.395 
363.001 
363 
363 
4989.04 
363.041 
363 
3133.78 
438.885 
370.359 
962.412 
363.014 
10043.4 
7271.07 
1464.76 
371.471 
364.461 
614.367 
363 
363 
3563.27 
3599.33 
3535.14 
5610.75 
363 
446.078 
4781.43 
1684.72 
19934.5 
363.003 
3945 
568.902 
3611.52 
363 
363.219 
363.443 
3085.57 
387.358 
363.001 
363.063 
363 
363 
363 
363 
1402.3 
363.255 
680.914 
363 
363.017 
4395.91 
5314.38 
1279.48 
363.463 
363.031 
363 
432.102 
363 
8390.72 
375.025 
363 
363.022 
370.468 
4605.35 
363 
363 
729.601 
4032.25 
4761.73 
4365.67 
3933.59 
363 
3183.3 
363.001 
1711.01 
6999.12 
649.153 
363 
5156.88 
363 
363.022 
363 
851.059 
363 
363 
1129.19 
682.175 
1137.02 
5054.19 
4536.09 
363 
4614.25 
545.543 
8974.04 
363 
4120.27 
363 
363 
363 
7902.73 
363 
580.38 
363 
3640.9 
363.107 
4419.28 
3864.26 
6985.87 
363 
363.016 
363 
363 
363.135 
768.365 
370.562 
363.031 
545.828 
363 
363.843 
363.004 
658.223 
363 
373.304 
745.71 
5341.57 
363 
372.149 
1650.38 
374.948 
363 
363 
363 
767.752 
3224.58 
5698.23 
391.328 
363 
2145.66 
363 
5150.49 
363 
363.012 
1102.7 
3394.84 
363 
4642.16 
425.755 
363 
363.02 
