363 
5254.67 
3473.66 
8041.89 
363 
363 
363 
363 
363 
363 
363 
371.453 
363 
6676.32 
364.103 
363 
3086.06 
545.977 
556.712 
363 
363 
6753.05 
363 
363 
363 
3730.7 
6686.75 
580.497 
363.041 
363 
3507.97 
363 
363 
363 
5300.24 
363 
363 
1716.86 
6856.36 
2841.17 
7565.72 
4084.18 
363 
393.542 
363 
363 
384.431 
363 
11535.4 
11558.4 
378.709 
363.483 
363 
363 
363 
368.483 
363 
363 
363.253 
398.492 
3098.34 
363.553 
363.005 
363 
363 
363.001 
363 
363.064 
363 
363 
363 
363 
916.986 
363 
363 
363 
363 
371.79 
363.034 
363 
363 
1365.28 
365.527 
363 
444.598 
363 
363.003 
7536.5 
363.377 
5302 
363.001 
363 
363 
363 
6166.21 
363 
363 
363 
3368.26 
3725.16 
363 
363 
363 
363 
363 
363 
363 
363 
5118.43 
363 
363.003 
10037.2 
363 
363 
363 
363 
363.017 
363.005 
5765.03 
3152.99 
363 
363 
5050.74 
7101.07 
3260.73 
363 
363 
363 
363 
6666.81 
363 
363 
363 
363 
363.007 
3310.73 
363 
363.061 
363 
363 
1801.65 
363 
363 
363.104 
363.164 
363 
5170.17 
363 
363 
363 
363 
363 
5114.5 
363 
3238.82 
363 
3742.75 
363 
3949.62 
363 
363 
363 
372.438 
3709.13 
363 
363.581 
3531.1 
363 
370.663 
363 
363.406 
363 
474.413 
366.592 
363 
479.035 
7417.38 
1888.9 
363 
363 
363 
363 
363 
363 
363 
416.553 
363 
363 
363 
3712.39 
363 
363 
363 
17628.2 
363 
363 
415.659 
363 
363 
363.009 
363 
363 
363 
363 
363 
363 
363.122 
363 
363 
363 
363 
363 
526.058 
456.826 
363.15 
6994.27 
363.266 
394.317 
363 
3128.33 
363 
2083.43 
363.093 
1717.61 
4123.59 
363 
363 
371.84 
5973.73 
363 
787.061 
363 
363 
1423.29 
382.749 
6922.09 
363 
6563.46 
363 
363 
363 
5153.11 
363 
5076.64 
363 
363 
366.719 
363 
371.404 
363 
3615.91 
483.763 
363 
363 
363 
6510.11 
363 
363 
363.819 
363 
3423.68 
1728.01 
363 
363 
363 
363 
363 
390.749 
367.213 
3182.87 
363 
363 
363 
3717.48 
9013.28 
363 
363 
678.069 
8313.74 
1287.91 
1173.34 
363 
363 
363.89 
363 
363 
363 
363 
1752.16 
363 
363 
363 
363 
363 
363 
363 
363 
363 
363 
3311.86 
363 
472.616 
371.354 
363.53 
363 
363 
363 
363.005 
1560.03 
5382.36 
365.557 
4238.59 
4877.98 
363 
363 
4021.51 
363.001 
363 
363 
363 
363 
3161.8 
363 
382.862 
5140.62 
3133.29 
1344.64 
363 
363.029 
4522.29 
363 
363 
363 
363 
5203.95 
363 
363 
363 
1542.95 
6141.27 
363 
363 
366.571 
363 
363 
363 
363 
363.002 
363 
3263.72 
363 
363 
363 
363.024 
363 
363 
2457.06 
363 
898.485 
363 
363 
4217.62 
1912.44 
363 
363 
363.002 
363 
363 
563.209 
363.096 
363 
3472.34 
528.861 
369.521 
1121.4 
363 
363 
363 
363 
363.002 
363 
664.267 
363 
363 
4054.19 
363 
3993.85 
363 
363 
364.426 
7333.63 
363 
363 
363 
4979 
865.777 
363 
363 
363.151 
363 
3311.64 
363.045 
363 
363 
363 
363 
363 
363 
1164.16 
363 
1149.15 
363 
363.022 
5822.64 
363 
513.311 
363.903 
363.075 
363 
363 
363 
363 
363 
363 
363.052 
363 
5926.41 
363 
363 
1084.07 
5208.65 
6499.48 
6369.23 
363 
363 
363 
363.003 
363 
363 
561.405 
363 
3350.87 
363 
363 
363 
363 
363 
363 
1185.82 
1582.4 
1812.01 
9670.54 
508.204 
363 
7031.22 
816.333 
363 
363 
5420.4 
363 
363 
363 
363 
363 
856.25 
363 
4326.34 
363.023 
5494.15 
4683.05 
363 
363 
363 
363 
363 
363 
1200.06 
363 
363 
832.588 
363 
365.69 
363.009 
1021.39 
363 
363 
1550.4 
2628.49 
363 
363 
363 
386.32 
363 
363 
363 
2910.37 
363 
689.693 
363 
363 
363 
363 
8980.32 
363 
363.036 
964.3 
3754.19 
363 
6591.84 
489.589 
363 
363.049 
