363.003 
4193.77 
6337.99 
4912.85 
3370.55 
363 
4761.1 
4790.41 
363 
10127.4 
455.683 
373.431 
13496.4 
4829.06 
367.823 
3101.76 
1052.35 
468.953 
1398.06 
3612.47 
1378.07 
4734 
363 
363 
363.033 
3369.25 
5187.65 
5361.85 
363.025 
363 
6316.87 
469.369 
392.859 
363 
4245.94 
2055.56 
363.001 
949.972 
4799.05 
902.054 
5440.52 
4626.75 
363 
414.288 
363 
363 
1349.16 
3418.01 
5595.45 
5882.11 
372.752 
1479.83 
363 
363 
363 
366.614 
363 
363.001 
363.14 
501.797 
1704.13 
363.489 
706.529 
3348.96 
363.002 
363 
363 
363.29 
369.41 
3080.96 
363.168 
640.849 
651.88 
371.068 
363 
363 
3165.84 
370.138 
6695.38 
452.029 
1425.89 
764.123 
364.089 
363 
6327.5 
375.874 
363.003 
4686.06 
363.891 
4195.04 
363.002 
363 
1146.92 
365.938 
4666.58 
3266.61 
363 
3258.07 
3173.21 
3504.11 
363.017 
363 
584.514 
385.583 
363 
363 
363 
8616.68 
4239.9 
3603.82 
3208.94 
5479.3 
722.615 
7105.66 
3125.7 
413.424 
363.011 
363.005 
5188.7 
1712.71 
363 
387.327 
4297.03 
4915.45 
5217.7 
4570.82 
363 
363 
879.468 
4926.72 
363.022 
363.01 
363 
363 
363.494 
3245.59 
7049.61 
363.04 
363 
363 
1153.5 
363.006 
3200.59 
363.056 
363.087 
384.11 
4059.69 
363.001 
363 
363 
4344.83 
363 
4048.25 
398.775 
1867.46 
3612.24 
5751 
6971.26 
3596.92 
363 
7411.31 
363.069 
369.777 
3598.36 
363 
363.264 
3300.67 
363.001 
366.71 
363.001 
6607.89 
9390.45 
863.588 
364.538 
363 
417.921 
4798.99 
897.076 
363.009 
3425.87 
363.07 
383.014 
363 
363 
364.747 
391.921 
363 
363 
363 
3381.23 
7230.48 
363 
363 
6115.38 
363 
363 
392.022 
363 
363 
363.005 
363 
3188.2 
363 
363 
374.43 
3242.95 
6401.43 
363 
8265.63 
364.605 
363.138 
363 
1674.39 
404.131 
7057.26 
5107.51 
363.742 
3659 
363 
3396.96 
423.991 
864.667 
363.04 
1777.12 
3563.62 
7475.5 
363 
368.475 
4763.03 
363 
3327.82 
363.147 
363.056 
1109.85 
372.532 
4868.21 
375.977 
4647.78 
5613.79 
816.553 
480.846 
4202.12 
7848.6 
4063.5 
367.272 
363 
493.021 
363 
3904.97 
3684.79 
3276.64 
422.496 
10140.5 
363 
363 
4416.61 
363 
3216.86 
363.367 
363 
3166.81 
821.991 
363.002 
363 
363.007 
6124.19 
363 
379.829 
365.862 
1667.46 
363 
363.017 
369.518 
3425.02 
4958.74 
363.031 
363 
520.286 
5677.95 
1134.27 
660.214 
363 
363 
363.436 
363 
371.161 
363 
833.941 
778.057 
363.003 
363.025 
363 
363 
363 
363 
363 
363 
363 
363 
3123.46 
363 
428.402 
366.759 
366.654 
363 
363 
606.581 
363.002 
687.494 
4123.69 
3135.36 
3773.98 
4451.91 
407.833 
14079.6 
3583.35 
1687.29 
363 
363.001 
363 
363 
1738.34 
363 
375.038 
4119.85 
1132.29 
703.173 
363.017 
371.31 
4417.22 
363 
363 
394.286 
363 
4134.99 
363 
363 
1688.67 
754.072 
5167.06 
363.008 
363 
5829.23 
1719.59 
363.002 
363 
363 
984.104 
363 
2297.73 
363 
7976.75 
363 
369.129 
363.036 
363.014 
4947.08 
365.012 
606.221 
363.486 
363 
3620.63 
1128.6 
363 
365.442 
363.001 
363 
363 
5024.07 
363.042 
363 
3140.61 
440.339 
370.33 
980.718 
363.014 
10601 
7435.67 
1463.05 
371.634 
363.309 
615.317 
363 
363 
3572.68 
3609.76 
3544.05 
5679.2 
363 
447.782 
4810.04 
1066.5 
18443.2 
363.003 
3961.37 
573.058 
3592.75 
363 
363.219 
363.451 
3090.4 
387.766 
363.001 
363.017 
363 
363 
363 
363 
1404.23 
363.057 
686.916 
363 
363.017 
4416.61 
4122.95 
1309.93 
363.471 
363.032 
363 
404.083 
363 
8634.69 
366.819 
363 
363.022 
370.402 
4625.54 
363 
363 
736.614 
4050.1 
4785.58 
4390.19 
3582.66 
363 
3100.14 
363.001 
1039.13 
5470.16 
655.84 
363 
5190.75 
363 
363.022 
363 
862.723 
363 
363 
1130.41 
689.959 
1151.78 
5098.89 
4564.45 
363 
4643.11 
549.343 
8077.87 
363 
4139.36 
363 
363 
363 
7797.86 
363 
584.42 
363 
3653.03 
363.105 
4436.74 
3878.23 
7125.26 
363 
363.016 
363 
363 
363.05 
777.958 
365.452 
363.031 
549.758 
363 
363.865 
363.004 
662.02 
363 
371.631 
753.632 
5396.95 
363 
371.833 
1660.43 
375.144 
363 
363 
363 
779.731 
3147.8 
5765.39 
390.778 
363 
2283.56 
363 
5198.66 
363 
363.013 
1102.8 
3402.1 
363 
4667.13 
426.468 
363 
363.02 
