363 
5641.59 
363.509 
11473 
363 
363 
363 
363 
363 
363 
363 
370.641 
363 
7616.26 
363.001 
363 
679.798 
566.707 
363.003 
363 
363 
3528.96 
363 
363 
363 
3823.3 
7286.93 
363 
363.045 
363 
366.622 
363 
363 
363 
5680.52 
363 
363 
1902.48 
7966.19 
3121.96 
8671.75 
655.273 
363 
382.711 
363 
363 
363 
363 
11876.4 
14489.8 
380.282 
363 
363 
363 
363 
368.96 
363 
363 
363.285 
375.45 
379.044 
363.43 
363 
363 
363 
363.001 
363 
363.011 
363 
363 
363 
363 
609.033 
363 
363 
363 
363 
363.253 
363 
363 
363 
1664.03 
365.99 
363 
363 
363 
363.003 
9831.76 
363.264 
5716.66 
363.001 
363 
363 
363 
6816.41 
363 
363 
363 
3383.31 
3158.11 
363 
363 
363 
363 
363 
363 
363.001 
363 
5404.77 
363 
363 
8128.55 
363 
363 
363 
363 
363.019 
363.004 
497.273 
3184.55 
363 
363 
5278.49 
8410.67 
363.939 
363 
363 
363 
363 
7486.69 
363 
363 
363 
363 
363 
897.181 
363 
363.014 
363 
363 
2265 
363 
363 
363.1 
363.185 
363 
5595.8 
363 
363 
363 
363 
363 
5513.06 
363 
3284.79 
363 
364.525 
363 
4038.18 
363 
363 
363 
373.005 
958.971 
363 
363.68 
3361.77 
363 
371.86 
363 
363 
363 
364.216 
367.256 
363 
420.147 
9033.38 
2935.67 
363 
363 
363 
363 
363 
363 
363 
423.689 
363 
363 
363 
3795.51 
363 
363 
363 
3625.69 
363 
363 
422.72 
363 
363 
363.01 
363 
363 
363 
363 
363 
363 
363 
363 
363 
363 
363 
363 
363.001 
469.343 
363 
7922.54 
363 
363 
363 
364.947 
363 
3096.38 
363.11 
371.408 
4285.24 
363 
363 
372.729 
6417.78 
363 
363.001 
363 
363 
1662.63 
385.856 
8085.21 
363 
7618.34 
363 
363 
363 
5478.18 
363 
5442.57 
363 
363 
363.022 
363 
363 
363 
3702.13 
502.532 
363 
363 
363 
7881.7 
363 
363 
363.759 
363 
3485.6 
2195.17 
363 
363 
363 
363 
363 
393.594 
363.137 
3227.49 
363 
363 
363 
3788.79 
15678.2 
363 
363 
729.074 
6158.21 
1381.36 
1485.04 
363 
363 
364.027 
363 
363 
363 
363 
2080.34 
363 
363 
363 
363 
363 
363 
363 
363 
363 
363 
3352.43 
363 
484.716 
372.806 
363 
363 
363 
363 
363.006 
1736.95 
5904.6 
363 
3207.23 
1729.3 
363 
363 
4138.06 
363 
363 
363 
363 
363 
1692.04 
363 
384.868 
5508.04 
3181.95 
1673.16 
363 
363 
869.62 
363 
363 
363 
363 
5599 
363 
363 
363 
1709.41 
1298.98 
363 
363 
363 
363 
363 
363 
363 
363 
363 
3310.48 
363 
363 
363 
363 
363 
363 
363.012 
363 
1012.12 
363 
363 
4393.19 
2055.8 
363 
363 
363.002 
363 
363 
363 
363.029 
363 
3556.97 
414.186 
366.698 
363.179 
363 
363 
363 
363 
363 
363 
673.429 
363 
363 
4186.06 
363 
4114.76 
363 
363 
363 
9270.24 
363 
363 
363 
5353.26 
984.53 
363 
363 
363.116 
363 
3363.8 
363 
363 
363 
363 
363 
363 
363 
372.699 
363 
1180.88 
363 
363 
6425.91 
363 
363.003 
364.029 
363.089 
363 
363 
363 
363 
363 
363 
363.061 
363 
5811.29 
363 
363 
1099.58 
5666.76 
7304.54 
7581.09 
363 
363 
363 
363.003 
363 
363 
363.112 
363 
365.784 
363 
363 
363 
363 
363 
363 
1194 
1735.89 
2388.11 
1860.02 
363 
363 
3397.75 
922.325 
363 
363 
5957.68 
363 
363 
363 
363 
363 
960.029 
363 
4411.33 
363.013 
5866.7 
4504.39 
363 
363 
363 
363 
363 
363 
366.391 
363 
363 
948.865 
363 
366.47 
363.01 
1236.04 
363 
363 
1710.77 
363.006 
363 
363 
363 
389.581 
363 
363 
363 
3132.83 
363 
363 
363 
363 
363 
363 
946.278 
363 
363.044 
783.175 
3843.73 
363 
7652.54 
486.846 
363 
363.059 
