363.01 
4079.18 
5917.56 
4708.28 
3337.85 
363 
4633.63 
8847.93 
363 
7734.33 
445.517 
373.557 
9793.25 
4664.74 
367.892 
2565.97 
935.845 
459.392 
1185.64 
6157.68 
3198.54 
4558.26 
363 
363 
363.029 
3318.64 
5035.08 
5062.12 
363.023 
363 
5971.96 
4324.99 
523.951 
363 
4131.24 
1748.35 
363 
879.154 
4626.97 
810.768 
5253.87 
4516.5 
363 
413.907 
363.008 
363 
1170.99 
3363.71 
5330.87 
5609.74 
371.973 
1225.24 
363 
363 
363 
366.36 
363.005 
363.001 
363.127 
513.282 
1638.64 
363.446 
665.583 
3291.61 
363.002 
363 
363 
363.324 
3110.72 
3197.84 
363.147 
616.791 
623.483 
370.151 
363 
363 
3233.88 
369.661 
6269.58 
443.401 
1197.32 
717.345 
363.94 
363 
5848.82 
374.983 
363.003 
4493.65 
363.963 
4077.52 
363.001 
363 
986.05 
3112.03 
4520.98 
3449.14 
363 
13528.9 
3143.26 
3467.53 
363.018 
363 
554.602 
382.837 
363 
363 
363 
7255.03 
4137.5 
3525.58 
3175.93 
5233.49 
6714.57 
6394.96 
10546.9 
407.534 
363.01 
363.005 
4888.16 
1664.52 
363 
385.892 
4204.25 
4736.46 
4960.65 
4438.64 
363 
363 
838.367 
4765.5 
364.234 
363.012 
363 
363 
363.423 
3219.82 
6534.66 
363.037 
363 
363.051 
1080.98 
363.104 
3163.13 
363.051 
363.078 
401.533 
3943.48 
363.001 
363 
363 
4212.48 
363 
3934.88 
760.097 
1700.51 
3562.64 
5374.5 
6199.39 
3546.68 
363 
6689 
363.063 
369.36 
3526.78 
363 
363.23 
3265.9 
363.001 
366.268 
363.015 
6019.32 
7855.99 
865.578 
364.326 
363 
411.239 
4609.47 
819.401 
363.008 
3366.16 
363.116 
380.668 
363 
363 
364.515 
389 
363 
363 
363 
3334.05 
6361.51 
363 
363 
5788.36 
363 
363 
389.287 
363 
363 
363.005 
363 
3177.71 
363 
363 
373.507 
3198.52 
5914.25 
363 
6827.4 
364.448 
363.122 
363 
1329.8 
398.656 
6553.09 
4936.73 
363.65 
3595.1 
363 
3344.35 
416.739 
785.008 
363.034 
1755.79 
3492.26 
6793.61 
363 
368.035 
4632.78 
363 
3270.44 
363.168 
363.05 
1092.03 
371.393 
4694.94 
3275.29 
4483.95 
5538.4 
1674.96 
484.871 
4094.87 
6955.72 
3953.36 
968.728 
363 
506.862 
363 
3829.32 
4078.58 
3228.79 
415.648 
8059.08 
363 
363 
4251.08 
363 
3183.17 
363.319 
363 
3128.94 
755.851 
368.902 
363 
385.046 
5727.3 
363 
378.393 
365.594 
1387.82 
363 
365.069 
778 
3382.31 
4737.73 
363.029 
363 
503.037 
5467.49 
1120.55 
620.14 
363 
363 
363.385 
363 
3138.62 
363 
3470.6 
711.671 
363.002 
363.075 
363 
363 
363 
363 
363 
363 
363 
363 
3094.49 
363 
422.804 
366.27 
366.323 
363 
363 
597.905 
363.002 
641.768 
3998.23 
3093.63 
3706.36 
4307.26 
404.714 
9211.53 
3523.82 
1390.35 
363 
363.001 
363 
363 
1721.43 
363 
374.029 
4008.63 
983.284 
657.473 
365 
373.755 
4250.93 
363 
363 
407.506 
363 
4020.51 
363 
363 
1424.65 
702.876 
4912.04 
363.007 
363 
5469.56 
1605.09 
363.007 
363 
363 
882.829 
363 
1780.65 
363 
6958.8 
363 
368.495 
363.032 
363.012 
4703.27 
364.738 
577.703 
363.423 
363 
3545.62 
1078.36 
363 
365.129 
363.001 
363 
363 
4797.33 
363.036 
363 
3093.98 
430.736 
370.515 
868.864 
363.016 
7924.86 
6514.97 
1262.34 
370.552 
1446.45 
608.947 
363 
363 
3508.77 
3539.14 
3483.46 
5258.5 
363 
436.573 
4622.75 
3184.88 
14129.7 
363.003 
3852.03 
545.816 
3573.14 
363 
363.218 
363.398 
2186.7 
385.051 
363.002 
374.453 
363 
363 
363 
363 
1390.65 
509.242 
647.621 
363 
363.015 
4279.19 
15324.8 
1131.56 
363.42 
363.028 
363 
605.787 
363 
7338.37 
1272.92 
363 
363.019 
370.775 
4491.06 
363 
363 
690.264 
3931.2 
4627.83 
4229.04 
5874.45 
363 
6705.16 
363.001 
3454.65 
11511.4 
612.633 
363 
4970.42 
363 
363.02 
363 
788.572 
363 
363 
1122.05 
639.94 
1064.92 
4814.86 
4379.32 
363 
4454.7 
524.457 
8723.98 
363 
4012.48 
363 
363 
363 
7127.41 
363 
557.816 
363.012 
3571.28 
363.121 
4319.91 
3784.42 
6314.92 
363 
363.014 
363 
363 
367.422 
716.319 
921.826 
363.028 
524.072 
363 
363.724 
363.004 
637.749 
363 
381.043 
702.294 
5050.48 
363 
373.961 
1316.99 
373.836 
363 
363 
363 
705.745 
3794.9 
5351.07 
394.08 
363 
1729.94 
363 
4894.26 
363 
363.011 
1101.61 
3352.48 
363 
4502.59 
422.003 
363 
363.017 
