363 
7601.75 
363 
365.321 
363 
363 
363 
363 
363 
363 
363 
365.616 
363 
7523.19 
363 
363 
363 
378.923 
363 
363 
363 
363 
363 
363 
363 
455.216 
11321.4 
363 
363.049 
363 
363 
363 
363 
363 
7556.46 
363 
363 
363.038 
363.12 
363.001 
416.582 
363 
363 
363 
363 
363 
363 
363 
363 
363 
363.064 
363 
363 
363 
363 
366.326 
363 
363 
363.075 
363 
363 
363 
363 
363 
363 
363 
363 
363 
363 
363 
363 
363 
363 
363 
363 
363 
363 
363 
363 
363 
363 
2529.61 
365.85 
363 
363 
363 
363.002 
363.005 
363.014 
7430.71 
363 
363 
363 
363 
12979.7 
363 
363 
363 
363 
363 
363 
363 
363 
363 
363 
363 
363 
363 
6562.74 
363 
363 
363 
363 
363 
363 
363 
363.024 
363.002 
363 
3269.1 
363 
363 
6078.62 
369.337 
363 
363 
363 
363 
363 
3656.5 
363 
363 
363 
363 
363 
363 
363 
363 
363 
363 
3121.91 
363 
363 
363 
363 
363 
5487.28 
363 
363 
363 
363 
363 
3864.78 
363 
364.19 
363 
363 
363 
3514.93 
363 
363 
363 
374.405 
363 
363 
364.008 
363 
363 
363.024 
363 
363 
363 
363 
363.089 
363 
363 
363.003 
435.924 
363 
363 
363 
363 
363 
363 
363 
445.564 
363 
363 
363 
4040.42 
363 
363 
363 
363 
363 
363 
363.001 
363 
363 
363.005 
363 
363 
363 
363 
363 
363 
363 
363 
363 
363 
363 
363 
363 
363 
363 
14741.8 
363 
363 
363 
363 
363 
1738.09 
363.169 
363 
4835.82 
363 
363 
374.951 
8696.66 
363 
363 
363 
363 
2381.51 
395.959 
1011.99 
363 
1315.42 
363 
363 
363 
6909.12 
363 
7243.25 
363 
363 
363 
363 
363 
363 
1713.7 
564.722 
363 
363 
363 
3364.33 
363 
363 
363 
363 
3531.59 
3163.54 
363 
363 
363 
363 
363 
401.865 
363 
3346.68 
363 
363 
363 
3105.8 
363.007 
363 
363 
397.312 
363 
1720.16 
363.544 
363 
363 
364.467 
363 
363 
363 
363 
363 
363 
363 
363 
363 
363 
363 
363 
363 
363 
363 
363.016 
363 
521.558 
365.247 
363 
363 
363 
363 
363 
3150.75 
7456.88 
363 
363 
363 
363 
363 
3897.03 
363 
363 
363 
363 
363 
363 
363 
363 
7312.45 
3315.49 
3081.31 
363 
363 
363 
363 
363 
363 
363 
7270.78 
363 
363 
363 
374.917 
363 
363 
363 
363 
363 
363 
363 
363 
363 
363 
3123.34 
363 
363 
363 
363 
363 
363 
363 
363 
1651.74 
363 
363 
4867.11 
363 
363 
363 
363.003 
363 
363 
363 
363 
363 
3299.41 
363 
363 
363 
363 
363 
363 
363 
363 
363 
632.859 
363 
363 
4609.12 
363 
610.064 
363 
363 
363 
1681.05 
363 
363 
363 
7290.25 
894.31 
363 
363 
363.002 
363 
3509.63 
363 
363 
363 
363 
363 
363 
363 
363 
363 
363 
363 
363 
10347.5 
363 
363 
364.425 
363.136 
363 
363 
363 
363 
363 
363 
363.093 
363 
363.008 
363 
363 
1159.13 
8557.5 
364.761 
3414.99 
363 
363 
363 
363.005 
363 
363 
363 
363 
363 
363 
363 
363 
363 
363 
363 
768.365 
374.208 
363.012 
363 
363 
363 
363 
1347.07 
363 
363 
3156.47 
363 
363 
363 
363 
363 
790.713 
363 
363 
363 
7602 
363 
363 
363 
363 
363 
363 
363 
363 
363 
363 
1654.85 
363 
363.007 
363.014 
1319.84 
363 
363 
363.022 
363 
363 
363 
363 
399.898 
363 
363 
363 
3289.16 
363 
363 
363 
363 
363 
363 
363 
363 
363.075 
363 
4110.66 
363 
3260.97 
363 
363 
363 
