363 
5586.89 
366.457 
10750.8 
363 
363 
363 
363 
363 
363 
363 
370.753 
363 
7468.53 
363.003 
363 
1033.74 
564.026 
363.018 
363 
363 
3903.13 
363 
363 
363 
3811.24 
7199.8 
363.001 
363.044 
363 
381.271 
363 
363 
363 
5626.92 
363 
363 
1858.04 
7820.23 
3117.15 
8497.44 
1312.66 
363 
384.271 
363 
363 
363.001 
363 
13896.3 
15730.8 
380.077 
363 
363 
363 
363 
368.899 
363 
363 
363.281 
377.999 
416.083 
363.45 
363 
363 
363 
363.001 
363 
363.016 
363 
363 
363 
363 
697.222 
363 
363 
363 
363 
363.57 
363 
363 
363 
1656.11 
365.928 
363 
363 
363 
363.003 
9561.28 
363.278 
5657.6 
363.001 
363 
363 
363 
6719.66 
363 
363 
363 
3393.5 
3232.16 
363 
363 
363 
363 
363 
363 
363.001 
363 
5365.45 
363 
363 
9568.93 
363 
363 
363 
363 
363.019 
363.004 
922.763 
3180.54 
363 
363 
5247.77 
8196.2 
368.406 
363 
363 
363 
363 
7361.3 
363 
363 
363 
363 
363 
1656.29 
363 
363.021 
363 
363 
2179.67 
363 
363 
363.107 
363.183 
363 
5534.78 
363 
363 
363 
363 
363 
5456.33 
363 
3278.99 
363 
372.575 
363 
4026.68 
363 
363 
363 
372.934 
1695.37 
363 
363.666 
3430.37 
363 
371.701 
363 
363 
363 
365.934 
367.167 
363 
438.609 
8920.8 
2675.53 
363 
363 
363 
363 
363 
363 
363 
422.745 
363 
363 
363 
3784.72 
363 
363 
363 
4396.06 
363 
363 
421.8 
363 
363 
363.01 
363 
363 
363 
363 
363 
363 
363 
363 
363 
363 
363 
363 
363.005 
469.721 
363 
7778.42 
363 
363 
363 
372.048 
363 
3090.69 
363.108 
393.124 
4263.65 
363 
363 
372.613 
6354.91 
363 
363.01 
363 
363 
1655.57 
385.442 
7894.88 
363 
7447.57 
363 
363 
363 
5433.01 
363 
5390.97 
363 
363 
363.053 
363 
363 
363 
3690.91 
500.025 
363 
363 
363 
7642.91 
363 
363 
363.829 
363 
3477.62 
2093.06 
363 
363 
363 
363 
363 
393.225 
363.304 
3221.78 
363 
363 
363 
3779.58 
14438.2 
363 
363 
722.154 
7030.82 
1365.99 
1432.24 
363 
363 
364.009 
363 
363 
363 
363 
2157.11 
363 
363 
363 
363 
363 
363 
363 
363 
363 
363 
3348.7 
363 
483.129 
372.611 
363 
363 
363 
363 
363.006 
1723.48 
5827.95 
363 
3326.93 
3084.67 
363 
363 
4122.76 
363 
363 
363 
363 
363 
2269.84 
363 
384.657 
5456.28 
3175.7 
1663.35 
363 
363 
1689.76 
363 
363 
363 
363 
5542.94 
363 
363 
363 
1699.54 
2262.83 
363 
363 
363 
363 
363 
363 
363 
363 
363 
3304.5 
363 
363 
363 
363 
363 
363 
363.091 
363 
995.879 
363 
363 
4369.65 
2217.17 
363 
363 
363.002 
363 
363 
363.001 
363.044 
363 
3545.95 
438.709 
367.627 
363.784 
363 
363 
363 
363 
363 
363 
672.507 
363 
363 
4168.65 
363 
4098.86 
363 
363 
363 
8907.56 
363 
363 
363 
5300.23 
967.394 
363 
363 
363.121 
363 
3357.11 
363 
363 
363 
363 
363 
363 
363 
392.826 
363 
1238.8 
363 
363 
6336.44 
363 
363.018 
364.012 
363.087 
363 
363 
363 
363 
363 
363 
363.06 
363 
6025.05 
363 
363 
1097.51 
5600.49 
7187.81 
7376.2 
363 
363 
363 
363.003 
363 
363 
363.44 
363 
377.557 
363 
363 
363 
363 
363 
363 
1193.33 
1723.03 
2290.56 
3100.65 
363 
363 
3718.89 
907.165 
363 
363 
5878.56 
363 
363 
363 
363 
363 
945.296 
363 
4448.63 
363.014 
5814.52 
4658.37 
363 
363 
363 
363 
363 
363 
373.239 
363 
363 
932.065 
363 
366.36 
363.01 
1201.34 
363 
363 
1701.04 
363.054 
363 
363 
363 
389.149 
363 
363 
363 
3125.71 
363 
363.001 
363 
363 
363 
363 
1812.12 
363 
363.043 
814.568 
3832.07 
363 
7480.73 
496.302 
363 
363.058 
