363 
4769.69 
11760.3 
6201.85 
447.559 
363 
363.013 
363 
363 
363.003 
388.77 
372.471 
363 
5740.74 
367.478 
363 
1744.84 
514.125 
2571.95 
363 
363 
5757.61 
363 
363 
363 
3587.47 
5979.31 
7712.35 
363.034 
363 
9223.97 
363 
363 
363 
4820.16 
363.003 
363 
1452.28 
5781.2 
1685.88 
6482.44 
5154.23 
363 
407.562 
363 
363 
2076.2 
363.982 
7461.22 
7767.07 
376.293 
2998.89 
363 
363 
363 
367.739 
363 
363.001 
363.206 
441.478 
3113.4 
363.604 
823.706 
363 
363.003 
363 
363 
363.152 
363 
363 
363.193 
503.189 
797.532 
363.011 
363 
363 
363 
372.234 
6005.61 
363.018 
363 
1041.73 
364.882 
363 
14521.2 
363 
363.003 
5884.41 
363.573 
4791.22 
363.001 
363 
401.87 
363 
5440.54 
363 
363 
363 
3294.83 
3653.67 
363.009 
363 
363.002 
363 
363 
363 
363 
379.102 
4733.12 
887.142 
3175.35 
7129.76 
363 
4742.13 
363 
418.211 
363.015 
363.005 
7964.66 
3100.53 
363 
365.466 
4729.95 
5946.72 
7107.57 
363.001 
363 
363 
367.14 
5803.88 
363 
363.003 
363 
363 
363.876 
3348.82 
3325.79 
363.053 
363 
363 
1664.09 
363 
2364.33 
363.084 
363.131 
363 
4653.76 
363 
363 
363 
369.157 
363 
4622.89 
363 
3163.45 
363 
10397.8 
367.775 
3811.18 
363 
363 
363.061 
371.463 
3925.47 
363 
363.441 
3443.67 
363.001 
368.944 
363 
17830.2 
363 
767.648 
365.669 
363 
452.261 
5948.71 
1568.23 
363 
363.002 
363 
367.703 
363 
363 
365.566 
406.094 
363 
363 
363 
3582.43 
3089.11 
363 
363 
8790.99 
363 
363 
405.468 
363 
363 
363.007 
363 
363 
363 
363 
363 
363.019 
7886.22 
363 
363.009 
363 
363 
363.001 
3157.4 
433.153 
7878 
6047.26 
364.214 
3897.87 
363 
3625.07 
363 
1616.6 
363.069 
2149.68 
3889.76 
3134.54 
363 
370.475 
5419.12 
363 
3578.47 
363 
363 
1228.53 
378.3 
5853.36 
363 
5573.48 
363 
363 
364.056 
4728.44 
545.116 
4615.09 
363 
363 
410.125 
363 
4120.88 
363 
3482 
457.046 
363.001 
363 
363 
5384.79 
363 
377.717 
363.619 
363 
3324.79 
1321.06 
363 
363 
363 
363 
363 
386.342 
367.122 
3110.15 
363 
363 
363 
3604.27 
6435.79 
363 
363 
608.068 
6906.33 
1206.92 
901.243 
363 
363 
363.694 
363 
363 
363 
363 
1310.71 
363.003 
363 
363 
363 
363 
363 
363 
363 
363 
363 
3241 
363.001 
454.382 
369.314 
368.201 
363 
363 
363 
363.004 
1011.5 
4781.64 
3283.58 
4075.79 
5234.75 
363 
363 
3844.94 
3092.28 
363 
363 
363 
363 
3091.45 
363 
379.666 
4676.16 
2132.76 
986.928 
363 
364.143 
5392.57 
363 
363 
363 
363 
4713.02 
363 
363 
363 
1080.41 
7047.03 
363.021 
363 
6465.63 
363.245 
363 
363 
363 
1487.87 
363 
3187.49 
363 
363.082 
363 
372.104 
363.026 
363 
6719.14 
363 
760.394 
363.012 
363 
3966.38 
1650.19 
363 
363 
363.002 
363 
363 
6407.36 
363.072 
363 
3341.18 
490.326 
369.485 
1791.81 
363 
363 
1604.54 
363 
376.09 
363 
645.158 
363 
363 
3857.62 
3152.8 
3811.73 
504.164 
363 
507.287 
5934.8 
363 
363 
363.001 
4512.45 
724.938 
363 
363 
363.193 
363.001 
3227.37 
400.435 
363 
363 
363 
363 
363 
363 
1436.68 
363 
913.093 
363 
363.029 
5144.53 
363 
2201.35 
363.719 
363.056 
363 
363 
363 
363.744 
363 
363 
363.039 
363 
5317.69 
363 
363 
959.543 
4664.25 
5646.62 
5320.83 
363 
363 
363 
363.002 
363 
363 
931.052 
363 
6601 
363 
363 
363 
363 
363 
363 
1165.69 
1029.12 
1656.15 
7553.97 
5595.79 
363 
5806.29 
688.417 
363 
363 
4806.92 
363 
363 
363 
363 
363 
728.342 
363 
4037.57 
363.048 
5016.68 
4330.11 
363 
363 
363 
363 
363 
363 
1202.8 
363 
363 
695.454 
363 
364.763 
363.007 
824.567 
363 
363 
1081.71 
9331.03 
363 
363.084 
570.826 
381.554 
363 
363 
363 
1652.3 
363 
12043.9 
366.004 
363 
363 
363 
8079.1 
363 
363.025 
1076.94 
3615.17 
363 
5597.01 
457.553 
363 
363.036 
