363 
4696.56 
363 
363 
363 
363 
363 
363 
363 
363 
363 
363 
363 
363.076 
363 
363 
363 
363 
363 
363 
363 
363 
363 
363 
363 
363 
9300 
363 
363 
363 
363 
363 
363 
363 
6119.39 
363 
363 
363 
363 
363 
363 
363 
363 
363 
363 
363 
363 
363 
363 
363 
363 
363 
363 
363 
363 
363 
363 
363 
363 
363 
363 
363 
363 
363 
363 
363 
363 
363 
363 
363 
363 
363 
363 
363 
363 
363 
363 
363 
363 
363 
363 
3083.81 
363 
363 
363 
363 
363.001 
363 
363 
560.844 
363 
363 
363 
363 
3129.87 
363 
363 
363 
363 
363 
363 
363 
363 
363 
363 
363 
363 
363 
4342.02 
363 
363 
363 
363 
363 
363 
363 
363.004 
363 
363 
3126.34 
363 
363 
3080.87 
363 
363 
363 
363 
363 
363 
363 
363 
363 
363 
363 
363 
363 
363 
363 
363 
363 
363.947 
363 
363 
363 
363 
363 
363.818 
363 
363 
363 
363 
363 
363.006 
363 
363 
363 
363 
363 
363.03 
363 
363 
363 
373.912 
363 
363 
363.863 
363 
363 
363 
363 
363 
363 
363 
363 
363 
363 
363 
363 
363 
363 
363 
363 
363 
363 
363 
363.838 
363 
363 
363 
3510.42 
363 
363 
363 
363 
363 
363 
363 
363 
363 
363 
363 
363 
363 
363 
363 
363 
363 
363 
363 
363 
363 
363 
363 
363 
363 
368.261 
363 
363 
363 
363 
363 
363 
363.015 
363 
4680.47 
363 
363 
363.021 
14862.8 
363 
363 
363 
363 
2017.88 
384.601 
363 
363 
363 
363 
363 
363 
8882.52 
363 
3193.16 
363 
363 
363 
363 
363 
363 
363 
594.746 
363 
363 
363 
363 
363 
363 
363 
363 
376.248 
501.858 
363 
363 
363 
363 
363 
373.499 
363 
654.16 
363 
363 
363 
363 
363 
363 
363 
363 
363 
427.676 
363 
363 
363 
364.669 
363 
363 
363 
363 
363 
363 
363 
363 
363 
363 
363 
363 
363 
363 
363 
363 
363 
375.898 
363 
363 
363 
363 
363 
363 
3172.39 
372.995 
363 
363 
363 
363 
363 
363.538 
363 
363 
363 
363 
363 
363 
363 
363 
12090.7 
824.851 
363.455 
363 
363 
363 
363 
363 
363 
363 
662.985 
363 
363 
363 
363 
363 
363 
363 
363 
363 
363 
363 
363 
363 
363 
363.003 
363 
363 
363 
363 
363 
363 
363 
363 
1744.83 
363 
363 
509.971 
363 
363 
363 
363.002 
363 
363 
363 
363 
363 
363.012 
363 
363 
363 
363 
363 
363 
363 
363 
363 
363.553 
363 
363 
4806.78 
363 
363 
363 
363 
363 
363 
363 
363 
363 
9766.5 
363.001 
363 
363 
363 
363 
3554.43 
363 
363 
363 
363 
363 
363 
363 
363 
363 
363 
363 
363 
532.017 
363 
363 
364.019 
363.003 
363 
363 
363 
363 
363 
363 
363.015 
363 
363 
363 
363 
459.295 
3127.34 
363 
363 
363 
363 
363 
363.006 
363 
363 
363 
363 
363 
363 
363 
363 
363 
363 
363 
363 
363 
363 
363 
363 
363 
363 
363.182 
363 
363 
363 
363 
363 
363 
363 
363 
363 
363 
363 
363 
3248.11 
363 
363 
363 
363 
363 
363 
363 
363 
363 
363 
1967.17 
363 
363 
363 
363 
363 
363 
363 
363 
363 
363 
363 
390.503 
363 
363 
363 
2717.51 
363 
363 
363 
363 
363 
363 
363 
363 
363.096 
363 
4193.32 
363 
363 
363 
363 
363 
