0.000610018 0.000270514 1.26602e-05 
0.000511559 0.000239294 1.28074e-05 
0.000679755 0.000341294 1.36567e-05 
0.000273508 0.000451354 1.6163e-05 
0.00041136 9.13251e-05 1.87598e-05 
0.000164141 0.000460516 1.08869e-05 
0.0004118 0.000119161 1.49547e-05 
7.1474e-05 0.000223595 1.37278e-05 
0.000190036 0.000305279 1.4163e-05 
0.000528476 6.02202e-05 1.15766e-05 
0.000445051 0.000319021 9.57309e-06 
0.000665934 0.000462209 1.01256e-05 
0.000448543 0.000427601 1.22735e-05 
0.000253563 0.000464233 1.69711e-05 
0.000465552 9.22496e-05 1.05587e-05 
0.000513478 0.000446983 1.54586e-05 
0.000987522 0.000333311 1.22844e-05 
0.000790637 0.000265909 1.33219e-05 
0.000148107 0.000205148 1.25901e-05 
0.000322429 0.000446967 1.40868e-05 
0.0007837 0.000366913 1.48483e-05 
0.000225298 0.000277052 1.2845e-05 
0.000203844 0.000404767 1.5374e-05 
0.000561016 0.000147368 1.85742e-05 
0.000443402 0.000115939 1.64443e-05 
0.000934626 0.00031724 1.35858e-05 
0.000291701 0.000176874 1.25665e-05 
0.000781165 4.79868e-05 1.51862e-05 
0.000349677 0.000116758 1.26471e-05 
0.000100569 0.000342039 1.12983e-05 
0.000903542 0.000131017 1.67374e-05 
0.000860243 0.000470241 1.23326e-05 
0.00072421 0.000272562 1.68568e-05 
8.92792e-05 0.000438722 1.40132e-05 
0.000425113 0.0004455 1.19276e-05 
0.000648508 9.71386e-05 1.25053e-05 
7.51668e-05 0.000379299 1.17711e-05 
0.000826966 0.000254106 1.60553e-05 
0.000969257 0.000297234 1.41563e-05 
0.000546116 0.000229942 1.5879e-05 
0.000465568 0.000442637 1.42961e-05 
0.000770616 0.000442454 1.49705e-05 
0.000365926 0.00029424 1.41836e-05 
0.000879571 0.000288099 1.43376e-05 
0.00053479 0.000395024 1.08492e-05 
0.00029618 0.00042716 1.11186e-05 
0.000473563 0.000175746 1.16025e-05 
0.000185466 0.000285204 1.41269e-05 
0.000967069 7.45054e-05 1.30461e-05 
0.000302168 0.000464527 1.50889e-05 
0.000407508 0.000441269 1.45268e-05 
0.000920023 0.00022444 1.2587e-05 
0.000629199 0.00036528 1.0476e-05 
0.000956816 0.000377087 1.47732e-05 
0.000730892 0.000256703 1.13324e-05 
0.000656174 0.000256799 7.84559e-06 
0.000214182 0.000127869 1.49415e-05 
0.000986931 0.000256603 1.14339e-05 
0.000222171 0.00038855 1.18791e-05 
0.000182554 0.000237578 1.00708e-05 
0.000268827 0.000123367 1.39487e-05 
0.00010653 0.000146882 1.66659e-05 
0.000562089 0.000413621 1.80101e-05 
0.000893462 0.000468105 7.76461e-06 
0.000298165 0.000483755 1.38453e-05 
0.000495614 6.39779e-05 1.58531e-05 
0.00022944 0.000306676 1.26511e-05 
0.000364224 0.000344704 1.64418e-05 
0.000303256 0.000239044 1.3795e-05 
0.000843017 0.000472286 1.41281e-05 
0.000682706 0.000210601 1.67728e-05 
0.000792085 0.000337251 1.18907e-05 
0.0005802 0.000199108 1.26872e-05 
2.31319e-05 0.000477905 1.21981e-05 
0.000587971 0.000463756 1.75259e-05 
0.000134564 0.000415774 1.31864e-05 
7.61165e-05 0.000289149 1.33788e-05 
0.000325044 2.81861e-05 1.13273e-05 
0.000356221 0.000484277 1.52794e-05 
0.000139414 3.13641e-05 1.33269e-05 
0.000966292 0.000216883 9.78147e-06 
7.96604e-05 0.000324379 1.38756e-05 
0.000682305 0.000181075 1.70727e-05 
6.1479e-05 0.000330939 1.44966e-05 
0.000151182 0.000258577 1.27479e-05 
0.000934841 0.000258639 1.31166e-05 
0.000549973 0.000313856 1.50569e-05 
0.00013183 0.000479515 1.46591e-05 
0.000231402 0.000171211 1.36921e-05 
0.000190994 0.000445581 1.21004e-05 
0.000147243 0.000363555 1.42794e-05 
0.000868128 0.000151819 1.87227e-05 
0.000497256 0.00016788 1.27517e-05 
0.000189174 0.000135265 1.43955e-05 
0.00023467 0.000362335 1.1557e-05 
0.000644888 0.000284133 9.7772e-06 
0.000475361 7.26256e-05 1.33868e-05 
0.000406178 0.000420898 1.67606e-05 
0.000379156 5.76086e-05 1.24155e-05 
0.000559026 5.48293e-05 1.15305e-05 
0.000661647 0.000447623 1.18318e-05 
0.000856804 0.000347996 1.23639e-05 
0.000956307 0.000469001 1.223e-05 
0.000953634 0.000417727 1.15413e-05 
2.55125e-05 9.61966e-05 1.63865e-05 
0.000824289 0.000225963 1.29309e-05 
0.000450783 0.000350566 1.1601e-05 
0.000489978 1.6876e-05 1.39065e-05 
0.00062101 0.000148958 1.22713e-05 
0.000120387 0.000300834 1.22235e-05 
0.000260632 0.000402303 1.01979e-05 
0.000976451 0.000474935 1.14828e-05 
0.000245058 0.00039855 1.30872e-05 
0.000137586 0.000296245 1.57997e-05 
8.04856e-05 3.92519e-05 1.36186e-05 
0.000228361 0.000144619 1.4218e-05 
0.000948711 0.000154228 1.302e-05 
0.000751513 0.000136663 1.16902e-05 
0.00031808 0.000483549 1.16343e-05 
0.000101423 0.000106363 1.32376e-05 
0.000421515 1.65588e-05 1.25399e-05 
0.000596405 0.000397249 1.30135e-05 
0.000881893 0.000204713 1.38339e-05 
0.000631038 0.000447861 1.0568e-05 
0.000332925 0.000459137 1.27838e-05 
0.000890341 0.000178439 1.13627e-05 
0.000879742 0.000377519 1.33727e-05 
0.000141381 0.00015921 1.57931e-05 
0.000123342 0.000164214 1.32213e-05 
0.000534492 0.000183183 1.12806e-05 
0.000930403 0.0002739 1.05941e-05 
0.000641005 0.000120255 1.52474e-05 
9.71462e-05 0.000277044 1.53941e-05 
0.000506196 0.000410077 1.61362e-05 
0.000526453 0.000220344 1.21279e-05 
0.000121113 0.000102959 1.34767e-05 
0.000555455 0.000448768 1.31087e-05 
0.000844858 0.000334444 1.28213e-05 
0.000360481 0.000434194 1.34033e-05 
0.000345827 0.000132979 1.24593e-05 
0.000107234 0.000361114 1.11462e-05 
0.000390553 0.000172678 1.38491e-05 
0.00031688 8.35822e-05 1.37536e-05 
0.000255734 0.000104951 1.1339e-05 
0.000553498 0.00025927 1.28535e-05 
0.000765072 0.000343851 1.38179e-05 
0.000668992 0.000319373 1.35671e-05 
4.39648e-05 0.000395718 1.20156e-05 
2.81678e-05 0.00022246 1.77649e-05 
0.000307785 0.000387404 1.3632e-05 
0.000517204 0.000341345 1.35619e-05 
3.52951e-05 7.75008e-05 1.2216e-05 
6.58882e-05 0.00048091 1.56082e-05 
0.00020175 0.000221316 1.26553e-05 
9.69261e-05 0.000294665 1.27388e-05 
0.000919635 3.05514e-05 1.45687e-05 
0.000938856 0.000109895 1.61101e-05 
0.000970394 0.000201634 1.29862e-05 
0.000848119 0.000243846 1.52267e-05 
0.000718655 0.000301646 1.47868e-05 
0.000727181 0.000358531 1.42241e-05 
0.000679592 0.000258602 9.25162e-06 
0.000285981 0.000375236 1.20277e-05 
0.000696191 0.000238864 1.30593e-05 
0.000481609 0.000334895 8.36318e-06 
0.000692345 8.77307e-05 1.18434e-05 
0.000912287 7.97528e-05 1.57376e-05 
0.000649334 2.46934e-05 1.64491e-05 
0.00065218 0.000175632 1.14723e-05 
0.000976083 0.000439322 1.31367e-05 
0.000536264 0.00047795 1.67841e-05 
0.00080609 0.000267113 1.14177e-05 
0.000817741 0.000153864 1.62574e-05 
0.000707093 0.00036793 1.38578e-05 
1.99499e-05 0.00020786 9.87349e-06 
0.000692221 0.000421861 1.38597e-05 
0.000305109 3.01511e-05 1.24684e-05 
0.000898115 0.000449063 1.46381e-05 
3.8401e-05 0.000352131 1.35349e-05 
0.000849605 0.000449994 9.95293e-06 
0.000660848 0.000484214 1.46924e-05 
0.000674405 0.00039315 1.29077e-05 
0.000573398 3.29108e-05 1.49202e-05 
0.000399049 0.000331028 1.27725e-05 
0.00015491 0.000394103 1.05122e-05 
0.000416916 0.000457981 1.1049e-05 
0.000751556 9.58569e-05 1.62739e-05 
0.000582969 0.000176703 1.20696e-05 
0.000432966 0.00035653 1.39408e-05 
0.000838098 0.000398337 1.19192e-05 
7.30873e-05 0.000305151 1.35882e-05 
0.000344178 0.000215214 1.10306e-05 
0.000726946 0.000471711 1.22882e-05 
0.000943622 0.000365562 9.46872e-06 
0.000549928 2.44401e-05 1.60335e-05 
0.000379878 0.000196241 1.49121e-05 
0.000920308 0.000409765 1.46133e-05 
0.000755963 0.000436111 1.18332e-05 
0.00066922 0.000359922 1.33624e-05 
0.000793998 0.000477637 9.24214e-06 
0.000930862 0.00012943 1.42588e-05 
0.000805679 0.000223914 1.58623e-05 
0.000180724 0.000216891 1.25456e-05 
0.000375748 0.000164901 1.04361e-05 
0.000706512 0.000458674 1.19741e-05 
0.000198997 0.000370041 9.30183e-06 
0.000275206 4.85204e-05 1.02096e-05 
0.000554195 0.000276318 1.34414e-05 
0.00025108 0.000431816 1.23537e-05 
0.000200257 0.000422683 1.46899e-05 
0.000235511 0.000483292 1.53949e-05 
0.000167229 9.46712e-05 1.29924e-05 
0.000971734 0.0002468 1.16198e-05 
0.000279914 8.12228e-05 7.66095e-06 
0.000733172 9.87425e-05 1.3815e-05 
0.000723179 0.000344304 9.50571e-06 
0.000515983 8.65779e-05 1.51285e-05 
0.000766173 5.97368e-05 1.3477e-05 
0.000839355 0.00036863 1.35508e-05 
0.000122056 6.2278e-05 1.10488e-05 
0.000121959 0.000376274 1.33158e-05 
0.000453273 0.000477908 1.04605e-05 
0.000900519 0.000380521 1.30647e-05 
0.000726925 0.000219873 1.39891e-05 
5.21295e-05 0.000313388 1.05528e-05 
0.000360995 0.000145899 1.34777e-05 
0.000894652 5.97913e-05 1.51338e-05 
0.000495897 0.000450879 1.14532e-05 
0.000825517 9.82409e-05 1.47488e-05 
0.000842252 0.000169598 1.24346e-05 
4.31811e-05 0.000415892 1.34988e-05 
0.000224194 3.6766e-05 1.24777e-05 
0.000894759 0.000277535 1.25948e-05 
0.000109391 0.000324759 1.48876e-05 
0.000248369 7.22355e-05 1.47474e-05 
0.000734411 3.23829e-05 1.77056e-05 
6.21643e-05 0.000108869 1.18532e-05 
0.00018845 0.000187259 1.32174e-05 
0.000305685 0.000354899 1.13092e-05 
0.000484143 0.00015626 1.28776e-05 
7.40607e-05 0.000129033 1.46528e-05 
0.000896314 0.000161495 1.3051e-05 
0.000769179 0.000214412 1.25554e-05 
0.000931809 0.000372049 1.42005e-05 
0.000686273 4.5702e-05 1.66334e-05 
0.000639382 0.000436843 1.17453e-05 
0.000527975 0.000375204 1.37945e-05 
0.000844398 9.56858e-05 1.41266e-05 
0.000164192 2.66172e-05 1.79308e-05 
0.000171191 0.00033414 9.92233e-06 
0.000479542 0.000205336 1.02112e-05 
0.000878397 0.000348978 1.27048e-05 
0.00056644 0.00032186 1.32205e-05 
4.74051e-05 0.000210923 1.4537e-05 
0.000737774 0.000414562 1.53662e-05 
0.000988744 0.000133077 1.02893e-05 
0.000646093 4.67145e-05 1.36086e-05 
0.000379098 0.0003892 1.42363e-05 
0.00085786 0.000266911 1.37262e-05 
0.000492617 0.000236883 1.59523e-05 
0.000200872 0.000342869 1.34603e-05 
0.000530285 0.000154785 1.64195e-05 
0.000315788 0.000204131 1.33341e-05 
0.000626888 3.48814e-05 1.20091e-05 
0.000985415 0.000463747 1.17567e-05 
0.000534549 7.48781e-05 1.45603e-05 
0.000477294 0.000456434 1.20919e-05 
2.96306e-05 0.000180163 1.24257e-05 
0.000922535 0.000151481 1.25662e-05 
0.000413643 0.000300592 1.28676e-05 
0.000807341 0.000136132 1.38206e-05 
0.0003698 0.00023888 1.29231e-05 
0.000181647 0.000479364 1.30352e-05 
0.000191436 0.000323534 1.27847e-05 
0.000727531 0.000137334 1.41172e-05 
0.000594315 0.00028936 1.46819e-05 
0.00062749 0.000409267 1.43461e-05 
0.000320932 0.000289192 1.50652e-05 
0.00031678 0.000338252 1.55202e-05 
0.000323782 0.000104922 1.52136e-05 
0.000403335 7.48901e-05 1.10272e-05 
0.000967544 2.46521e-05 8.25297e-06 
0.000283181 0.000478866 1.16207e-05 
0.000761303 0.0003797 1.3178e-05 
0.000626982 0.000308566 1.64525e-05 
0.000928045 8.78927e-05 1.0073e-05 
0.000839293 0.00013248 1.1474e-05 
0.000864418 0.00040264 1.14857e-05 
0.000667398 7.94156e-05 1.28546e-05 
0.000646521 0.00030207 1.45996e-05 
0.00048421 0.000367278 1.87799e-05 
0.000908945 0.000470182 1.60625e-05 
0.000425583 0.000232857 1.65865e-05 
0.00036676 0.000181961 1.66921e-05 
0.000153346 0.000483001 1.45717e-05 
0.000926757 0.000481624 1.40336e-05 
0.000372155 0.000463127 1.4022e-05 
0.000951883 1.96306e-05 1.4292e-05 
0.000787267 0.000235031 1.59068e-05 
0.000263497 0.0002077 1.25677e-05 
4.20661e-05 0.000125536 1.43577e-05 
6.26694e-05 0.000179006 1.02313e-05 
0.000762661 0.000163955 1.28705e-05 
0.000200941 0.000251272 1.36445e-05 
0.000750519 0.00046042 1.28177e-05 
0.000225351 8.67568e-05 1.30981e-05 
0.000946328 0.000330386 1.23949e-05 
0.000901797 0.000228809 1.34417e-05 
0.000687628 0.000381054 1.29876e-05 
0.000152876 0.00032848 1.26576e-05 
0.000261887 0.00030362 1.34811e-05 
0.000166135 0.000270148 1.40226e-05 
0.000317936 0.000258535 1.93365e-05 
0.000895454 0.000309628 1.30032e-05 
0.000111486 0.000201341 1.15789e-05 
0.000839632 0.000315511 1.56044e-05 
8.87093e-05 5.96415e-05 1.30259e-05 
0.000580828 0.000367359 1.16286e-05 
0.000127015 0.00022602 1.29405e-05 
0.00087301 0.000250123 1.52307e-05 
0.000132242 0.00044373 1.25291e-05 
0.000200942 7.43771e-05 1.36413e-05 
0.000647843 0.000224309 1.44651e-05 
0.000693473 0.000349782 9.14821e-06 
4.65123e-05 0.000235341 1.45157e-05 
0.00037755 1.66742e-05 1.30193e-05 
0.000188834 0.00011488 1.2445e-05 
0.000780868 0.000319113 1.54929e-05 
0.000165347 0.000242993 1.11466e-05 
0.000251829 0.00014519 1.52944e-05 
0.000102303 8.51458e-05 1.07219e-05 
0.000349709 0.000308071 1.23091e-05 
9.62846e-05 0.000131179 1.08661e-05 
1.77397e-05 0.000240941 9.44719e-06 
0.000901669 0.00021265 1.23321e-05 
0.000844557 4.7292e-05 1.43548e-05 
0.000492265 0.000119866 1.54262e-05 
0.000918674 0.00044926 1.15106e-05 
0.000245669 0.000375056 1.61148e-05 
0.000598307 5.5507e-05 1.31216e-05 
0.00083807 0.000148013 1.35148e-05 
0.000762781 0.000110651 1.32752e-05 
0.000901241 0.000360166 1.42389e-05 
0.000586374 0.000143014 1.1176e-05 
0.000248475 0.000230387 2.06873e-05 
0.000625758 0.000460939 1.06536e-05 
0.00056669 0.000384268 1.18906e-05 
0.000944443 6.28219e-05 1.10833e-05 
0.000519467 3.59491e-05 1.44689e-05 
0.000843991 0.000113283 1.49771e-05 
0.000167294 0.000155397 1.43056e-05 
3.2039e-05 2.94929e-05 1.39108e-05 
0.000462652 0.000247252 1.33401e-05 
0.000749593 0.000353914 1.26319e-05 
0.000346646 0.000415308 1.35537e-05 
0.000203972 5.12436e-05 1.14395e-05 
0.000868194 0.000455805 1.56191e-05 
0.000477588 4.37111e-05 1.54978e-05 
0.000441067 1.39937e-05 1.17311e-05 
0.000824819 0.000454003 1.06023e-05 
8.36825e-05 0.000110432 1.52416e-05 
0.000659842 0.000126801 1.41894e-05 
0.000285624 0.000119062 1.41976e-05 
0.000599041 0.000241254 1.10771e-05 
0.000481192 0.000259676 1.63671e-05 
0.000672366 9.78433e-05 1.18265e-05 
0.000828767 0.000344977 1.26982e-05 
0.00029392 0.000271377 1.11053e-05 
0.000819964 0.000478051 1.40365e-05 
0.000948987 0.000346463 1.25545e-05 
0.000730693 0.000120694 1.04788e-05 
0.000300981 0.000140594 1.3731e-05 
0.000425056 0.000475696 1.29782e-05 
0.000877845 0.00032992 1.15425e-05 
8.71537e-05 0.000465955 1.13068e-05 
0.00071887 0.000203254 1.32454e-05 
0.000869372 0.00021958 1.60334e-05 
0.000256262 0.000278701 1.34406e-05 
0.000938899 0.000392194 1.68577e-05 
2.59294e-05 0.000303219 1.51552e-05 
0.000197987 0.000150092 1.37857e-05 
0.000535851 0.000441803 1.08805e-05 
0.000497415 0.000307846 1.02104e-05 
0.000314826 0.000147175 1.11836e-05 
0.000587216 1.3487e-05 1.01465e-05 
0.000867323 8.97472e-05 9.29054e-06 
0.000270932 0.00015298 1.44348e-05 
0.000684591 0.0002693 9.17581e-06 
0.000111675 0.000218383 1.38115e-05 
0.000549449 0.000367194 1.19686e-05 
0.000512737 0.000471616 1.23173e-05 
0.000598369 0.000442136 1.92324e-05 
0.000336142 0.000370259 1.90912e-05 
0.000526623 0.000322025 1.41915e-05 
0.000444038 0.000273026 1.03372e-05 
0.000757827 2.06411e-05 8.88255e-06 
0.000460816 0.000319296 1.21227e-05 
0.00061871 0.000235527 1.60659e-05 
0.000923691 0.000189835 1.34522e-05 
0.000214315 0.000306817 1.22112e-05 
1.72872e-05 0.000395798 1.59072e-05 
0.00091182 0.000314012 1.55097e-05 
2.28721e-05 0.000154561 1.39623e-05 
0.00073078 0.000158187 1.39903e-05 
0.000601318 0.000349683 1.09442e-05 
0.000529794 0.000116544 1.30869e-05 
0.000601943 2.18595e-05 1.4519e-05 
0.000224823 0.000427865 1.16045e-05 
0.000387802 0.000108534 1.73187e-05 
0.000487531 0.000412323 1.42896e-05 
0.000278708 0.000416645 1.36464e-05 
0.000667656 0.000265153 1.33034e-05 
0.000953698 9.30519e-05 1.80932e-05 
0.000948936 0.00018827 1.30538e-05 
0.000576433 0.000119827 1.47655e-05 
0.000875145 4.36048e-05 1.59559e-05 
0.000314272 4.31572e-05 1.35675e-05 
0.000869118 0.000189078 1.22075e-05 
0.000748025 0.000198958 1.89778e-05 
0.000357358 0.000254183 1.58933e-05 
0.000898971 3.49285e-05 1.35923e-05 
0.000618936 0.000119873 1.04728e-05 
0.000909822 0.0004197 1.03602e-05 
0.000102288 0.000466287 1.43452e-05 
0.000608778 7.702e-05 1.39035e-05 
0.000431932 0.00016912 1.58251e-05 
0.000446839 4.20192e-05 1.34061e-05 
0.000257876 0.000181798 1.50589e-05 
0.000563865 9.25552e-05 1.95577e-05 
0.000135954 0.000391593 1.42474e-05 
0.000331211 0.000275174 1.01234e-05 
7.31819e-05 7.21412e-05 1.17044e-05 
0.000576329 0.000346373 7.88962e-06 
0.000166786 0.000384495 1.17722e-05 
0.000478534 0.000189812 1.03325e-05 
9.62402e-05 0.000184418 1.35812e-05 
0.000372684 0.000272841 1.58017e-05 
0.000594909 0.00020167 1.15055e-05 
0.000622178 0.000207055 1.43766e-05 
0.000598006 0.000134737 1.20618e-05 
0.000355908 7.33872e-05 1.26742e-05 
0.000596817 0.000415158 1.14054e-05 
0.000844005 7.39362e-05 1.80901e-05 
0.000138659 6.32016e-05 1.39472e-05 
0.000465839 0.000213449 1.05882e-05 
0.000734954 0.000436979 1.35607e-05 
0.000295847 0.000448961 1.25187e-05 
0.000587194 0.000216823 9.98568e-06 
0.000560635 0.000200182 1.33556e-05 
0.000981082 3.45573e-05 1.44765e-05 
0.000381475 0.000317158 1.39027e-05 
0.000713984 1.15751e-05 1.15381e-05 
0.000653117 0.000382165 1.52016e-05 
0.000428033 0.000371711 1.13516e-05 
0.00092441 5.09858e-05 1.26594e-05 
0.00039224 0.000231067 1.53785e-05 
0.000432145 0.000338855 1.43348e-05 
0.000569009 0.000296204 1.60604e-05 
0.000239845 0.000264428 1.6102e-05 
0.000674065 0.000294047 1.29166e-05 
0.00044653 0.000254395 7.22549e-06 
0.000846413 0.000193208 1.03583e-05 
0.000438636 0.000455837 1.2056e-05 
0.000934879 0.000235411 1.32159e-05 
0.000924244 9.93301e-05 9.48541e-06 
0.000865847 0.00036704 9.50091e-06 
0.000610649 0.000190096 1.44562e-05 
0.000462703 0.000155399 1.33594e-05 
0.000277958 0.00026183 1.00105e-05 
2.36827e-05 0.000329983 1.45364e-05 
0.000748694 0.000254909 1.30514e-05 
0.000231545 0.000450795 1.19362e-05 
0.000410592 0.000285179 1.168e-05 
0.000820747 0.000382644 1.80746e-05 
0.000973023 5.84466e-05 1.30254e-05 
0.000496106 0.000187273 8.07916e-06 
0.000298306 0.000216432 1.33507e-05 
0.000161935 0.000116863 1.15676e-05 
0.000630389 0.000479552 1.55056e-05 
0.000775571 0.000288579 1.15633e-05 
0.000341633 0.000325885 1.39532e-05 
0.000519934 0.000295261 1.45709e-05 
0.000586909 0.000484841 1.02121e-05 
6.53787e-05 0.000364662 1.47248e-05 
0.000501255 0.000253709 1.11086e-05 
0.000289304 7.0401e-05 1.21052e-05 
0.000685471 0.000401596 1.05478e-05 
0.000714467 8.08756e-05 1.45714e-05 
0.000972632 0.000357972 8.86325e-06 
0.000636039 0.000378792 1.28339e-05 
0.000394675 5.07992e-05 1.49011e-05 
0.000316249 0.000366781 8.80503e-06 
0.000344488 0.000472605 1.18804e-05 
0.000811669 0.00030262 1.74599e-05 
6.86295e-05 2.60785e-05 1.31415e-05 
0.00066479 0.000409627 1.39786e-05 
0.000466463 0.000137408 1.50601e-05 
0.000605582 0.000157789 1.34581e-05 
0.000132608 0.000314975 1.37643e-05 
0.000805696 3.26822e-05 1.0829e-05 
0.000617137 0.000487289 1.10422e-05 
0.000904076 9.9611e-05 1.42679e-05 
0.000242573 0.000191771 1.41264e-05 
0.000412984 0.00021366 1.14339e-05 
0.000664007 0.000152649 1.1619e-05 
0.000692641 0.000112181 1.35345e-05 
0.000346701 0.0004422 1.23338e-05 
4.67422e-05 0.000443731 1.41625e-05 
0.000694113 0.000259498 1.16154e-05 
0.000433958 7.7879e-05 1.4159e-05 
0.000214594 0.000211375 1.31459e-05 
0.000692421 0.000166557 1.04508e-05 
