2.31879e-05 
2.64998e-05 
1.71526e-05 
1.95575e-05 
2.75374e-05 
2.54927e-05 
3.27305e-05 
2.40809e-05 
2.99313e-05 
2.8793e-05 
2.80526e-05 
3.12821e-05 
2.1734e-05 
3.30637e-05 
1.94415e-05 
3.40257e-05 
3.09543e-05 
2.38569e-05 
1.70983e-05 
3.34159e-05 
3.07742e-05 
2.72023e-05 
1.92919e-05 
2.56776e-05 
1.92968e-05 
3.41105e-05 
2.52907e-05 
3.12467e-05 
1.84863e-05 
3.41349e-05 
2.35584e-05 
3.12137e-05 
2.79085e-05 
3.06082e-05 
2.76357e-05 
2.79885e-05 
2.79738e-05 
1.80437e-05 
1.92279e-05 
2.55965e-05 
3.11581e-05 
2.2204e-05 
3.0621e-05 
2.36103e-05 
2.83486e-05 
2.03314e-05 
3.59923e-05 
3.10294e-05 
3.10892e-05 
3.54991e-05 
1.86816e-05 
2.4333e-05 
2.29511e-05 
1.94934e-05 
2.23426e-05 
2.91384e-05 
3.382e-05 
3.17014e-05 
3.57945e-05 
1.86572e-05 
2.85238e-05 
2.9429e-05 
2.46113e-05 
1.93847e-05 
2.41816e-05 
1.78045e-05 
3.05527e-05 
3.17716e-05 
3.02878e-05 
3.65227e-05 
2.70589e-05 
3.10489e-05 
3.30979e-05 
2.9139e-05 
2.21949e-05 
2.45857e-05 
1.83141e-05 
2.08936e-05 
1.92297e-05 
2.24903e-05 
2.12091e-05 
2.42518e-05 
2.47841e-05 
3.23935e-05 
1.85656e-05 
1.90301e-05 
2.16443e-05 
1.98059e-05 
3.29416e-05 
1.95672e-05 
3.02957e-05 
2.29401e-05 
2.26288e-05 
3.68938e-05 
2.46998e-05 
2.45674e-05 
1.9895e-05 
2.90957e-05 
1.77721e-05 
3.12705e-05 
3.58702e-05 
3.16702e-05 
3.27012e-05 
3.00943e-05 
1.87731e-05 
2.58369e-05 
3.64739e-05 
2.86532e-05 
2.6827e-05 
1.97515e-05 
2.48414e-05 
2.24415e-05 
1.9682e-05 
2.49733e-05 
2.30537e-05 
2.09711e-05 
2.58174e-05 
2.08777e-05 
2.33723e-05 
2.53242e-05 
2.96615e-05 
3.62401e-05 
1.81396e-05 
2.39106e-05 
2.93038e-05 
3.15866e-05 
1.90386e-05 
1.71202e-05 
1.81237e-05 
3.6646e-05 
2.35487e-05 
1.96936e-05 
2.84609e-05 
1.73339e-05 
3.34928e-05 
1.89172e-05 
1.94378e-05 
2.26343e-05 
2.84274e-05 
1.84826e-05 
2.06744e-05 
1.86553e-05 
1.83556e-05 
1.74273e-05 
1.73009e-05 
1.7014e-05 
2.34003e-05 
2.3498e-05 
1.70476e-05 
1.89288e-05 
3.13516e-05 
3.15915e-05 
1.98394e-05 
2.96115e-05 
1.73003e-05 
2.5486e-05 
2.09393e-05 
2.78609e-05 
2.46986e-05 
2.60054e-05 
2.40663e-05 
1.78032e-05 
2.21851e-05 
2.76748e-05 
2.73452e-05 
2.49958e-05 
2.18647e-05 
3.44529e-05 
2.8995e-05 
1.77575e-05 
1.90649e-05 
3.15299e-05 
2.81393e-05 
3.43809e-05 
2.0672e-05 
3.36826e-05 
1.96997e-05 
2.36219e-05 
2.2594e-05 
1.86297e-05 
2.3144e-05 
3.25632e-05 
3.27689e-05 
2.11096e-05 
3.32285e-05 
2.6957e-05 
1.92108e-05 
2.67e-05 
2.08563e-05 
3.43833e-05 
2.51967e-05 
2.06866e-05 
3.35563e-05 
1.88525e-05 
3.21598e-05 
3.17649e-05 
1.71593e-05 
2.93801e-05 
2.12958e-05 
1.91455e-05 
1.7495e-05 
2.17621e-05 
1.9284e-05 
3.10745e-05 
2.28614e-05 
1.76049e-05 
2.10138e-05 
1.7871e-05 
2.0412e-05 
1.77001e-05 
2.13556e-05 
2.83755e-05 
1.78063e-05 
1.95983e-05 
2.13178e-05 
1.73137e-05 
1.83446e-05 
2.64082e-05 
2.22699e-05 
1.89343e-05 
1.906e-05 
2.8442e-05 
2.6194e-05 
2.2345e-05 
2.32185e-05 
2.3241e-05 
1.75115e-05 
2.13959e-05 
2.43849e-05 
2.02991e-05 
1.9458e-05 
2.01727e-05 
2.36488e-05 
2.69484e-05 
1.74596e-05 
1.87817e-05 
2.35773e-05 
1.96093e-05 
1.72515e-05 
2.60146e-05 
1.74859e-05 
1.71422e-05 
3.08347e-05 
2.39381e-05 
2.59975e-05 
1.92926e-05 
1.86309e-05 
1.99078e-05 
3.04465e-05 
2.68727e-05 
2.93185e-05 
2.31538e-05 
2.64565e-05 
1.87853e-05 
1.80077e-05 
2.11694e-05 
1.8897e-05 
2.08185e-05 
2.29017e-05 
1.70592e-05 
2.22889e-05 
1.90643e-05 
2.16211e-05 
2.73153e-05 
2.80562e-05 
1.86016e-05 
1.81615e-05 
2.13959e-05 
2.05871e-05 
1.94024e-05 
2.64333e-05 
2.84847e-05 
2.44178e-05 
1.93572e-05 
1.83556e-05 
1.73626e-05 
1.92962e-05 
2.77218e-05 
1.86773e-05 
1.81292e-05 
2.67031e-05 
1.99737e-05 
2.13233e-05 
1.75371e-05 
2.4449e-05 
1.71276e-05 
2.44331e-05 
2.64424e-05 
2.8633e-05 
1.83959e-05 
1.84246e-05 
2.28058e-05 
2.16675e-05 
1.76e-05 
1.94152e-05 
1.94287e-05 
1.73522e-05 
1.85259e-05 
2.33991e-05 
2.62941e-05 
2.89596e-05 
2.02337e-05 
1.85308e-05 
3.12772e-05 
2.87215e-05 
2.0534e-05 
1.80254e-05 
2.49049e-05 
1.76873e-05 
1.81902e-05 
2.18939e-05 
2.40003e-05 
1.90826e-05 
2.14111e-05 
1.79882e-05 
2.39796e-05 
1.8236e-05 
2.32178e-05 
2.62196e-05 
2.02289e-05 
2.07935e-05 
1.85046e-05 
2.01996e-05 
1.7285e-05 
2.03784e-05 
2.79513e-05 
2.65297e-05 
1.99359e-05 
2.1977e-05 
1.8576e-05 
2.69942e-05 
1.86828e-05 
1.96698e-05 
1.87493e-05 
3.05459e-05 
2.6509e-05 
1.70977e-05 
2.26307e-05 
3.1594e-05 
1.7528e-05 
2.16516e-05 
2.12482e-05 
1.89855e-05 
2.06384e-05 
1.8482e-05 
2.0885e-05 
1.84148e-05 
1.81469e-05 
1.70665e-05 
2.26539e-05 
2.22272e-05 
1.92364e-05 
2.07977e-05 
2.0694e-05 
2.12988e-05 
1.84978e-05 
1.90753e-05 
1.88256e-05 
1.84814e-05 
1.79772e-05 
1.96185e-05 
1.88195e-05 
1.74529e-05 
1.73998e-05 
2.0473e-05 
1.8167e-05 
2.279e-05 
1.81908e-05 
1.73198e-05 
1.71831e-05 
2.00207e-05 
1.9447e-05 
1.96722e-05 
2.15033e-05 
1.74724e-05 
1.99505e-05 
2.42054e-05 
1.75493e-05 
1.91155e-05 
2.22028e-05 
2.15375e-05 
2.66152e-05 
1.93438e-05 
2.34034e-05 
2.24415e-05 
1.93304e-05 
2.79751e-05 
1.8214e-05 
2.25794e-05 
1.86474e-05 
1.8485e-05 
2.22962e-05 
2.59047e-05 
2.30146e-05 
1.88024e-05 
1.98468e-05 
2.02154e-05 
1.99139e-05 
2.64424e-05 
2.13251e-05 
1.80382e-05 
1.78716e-05 
1.77068e-05 
2.64827e-05 
1.90325e-05 
2.02569e-05 
1.8532e-05 
1.76635e-05 
1.72661e-05 
1.83361e-05 
1.7614e-05 
2.37428e-05 
1.79784e-05 
1.82665e-05 
2.07806e-05 
2.12964e-05 
1.76403e-05 
2.3321e-05 
1.78161e-05 
2.02142e-05 
1.9461e-05 
1.70671e-05 
1.77422e-05 
2.12482e-05 
2.17975e-05 
1.76146e-05 
1.77373e-05 
1.7296e-05 
1.8474e-05 
2.26288e-05 
1.71056e-05 
2.17279e-05 
2.10168e-05 
2.35932e-05 
1.99951e-05 
2.04669e-05 
1.78533e-05 
2.02832e-05 
2.1236e-05 
2.29084e-05 
2.13141e-05 
2.12817e-05 
2.01599e-05 
1.70507e-05 
2.0578e-05 
1.85131e-05 
1.81145e-05 
1.7976e-05 
1.75414e-05 
2.01019e-05 
1.79809e-05 
1.90582e-05 
2.03418e-05 
1.86633e-05 
2.21088e-05 
2.09369e-05 
1.90081e-05 
2.2577e-05 
1.74016e-05 
2.26441e-05 
2.20197e-05 
1.79174e-05 
1.91412e-05 
2.24384e-05 
1.80651e-05 
2.1203e-05 
1.70299e-05 
1.9154e-05 
1.8634e-05 
1.99792e-05 
1.7119e-05 
2.15863e-05 
1.74309e-05 
2.45399e-05 
1.75377e-05 
1.87389e-05 
2.12146e-05 
1.74767e-05 
1.97583e-05 
1.97497e-05 
2.00781e-05 
2.28718e-05 
1.84228e-05 
2.21033e-05 
1.98095e-05 
1.7882e-05 
2.46571e-05 
1.74761e-05 
2.32929e-05 
1.95733e-05 
1.77178e-05 
2.0741e-05 
1.80974e-05 
1.71489e-05 
1.73436e-05 
2.1106e-05 
1.94787e-05 
1.83196e-05 
1.74901e-05 
1.8803e-05 
1.73247e-05 
1.71868e-05 
1.75182e-05 
1.87011e-05 
1.72399e-05 
1.7625e-05 
2.039e-05 
2.07458e-05 
1.78954e-05 
1.74187e-05 
2.02435e-05 
1.81615e-05 
