363 
374.822 
5859.74 
363 
363 
363.212 
6560.59 
15576 
363.727 
5451.37 
363 
3132.83 
363 
363 
4165.48 
387.154 
363.001 
363.037 
5416.36 
363 
363 
363 
363.003 
363 
367.568 
363 
363 
1513.32 
363.087 
363 
363 
7751.06 
363.456 
363 
363 
363.018 
363 
3597.84 
1664.1 
363 
363 
363 
363 
363 
363 
364.952 
949.054 
4050.43 
363 
363 
3384.97 
3093.75 
3837.28 
363 
363 
363 
363 
363.128 
363 
4460.36 
8982.85 
363 
363 
363 
3316.46 
404.056 
363.002 
363 
363 
363 
363.255 
363 
1839.75 
363.003 
365.765 
363 
4421.81 
363 
363 
363 
363 
363 
363 
363 
363 
381.758 
363 
363 
363 
363 
8226.46 
363 
374.695 
363 
363 
363 
444.306 
363.535 
3373.48 
1654.87 
3893.13 
363 
363.001 
363.004 
4242.39 
363 
3829.55 
1435.63 
434.353 
363 
924.895 
363 
1119.35 
363 
3302.18 
363.003 
3098.21 
363 
363 
363.009 
363 
3470.8 
363 
363.032 
363 
469.629 
363 
363 
363 
363 
6822.84 
363 
363 
363 
363 
363 
363.004 
3563.21 
363 
1305.72 
2534.15 
5614.47 
363 
363.008 
363 
363 
363 
363 
363 
3383.31 
363 
363 
10329.4 
3971.21 
363 
363 
378.805 
3134.26 
363.057 
363 
363 
1043.05 
363 
363 
11287.9 
363 
363.001 
445.652 
4153.47 
363 
4495.84 
3147.14 
363 
363 
4242.36 
369.681 
363.045 
363 
363 
6255.77 
4343.63 
374.989 
363 
363 
363.097 
363.445 
363 
6039.46 
3625.15 
6733.75 
3154.89 
591.378 
363 
1788.08 
6233.02 
363 
5008.62 
3119.5 
363 
363 
363 
531.567 
363 
392.371 
363.136 
363 
363 
5572.36 
392.45 
363 
363 
363 
363 
363 
13167.7 
5406.36 
5939.47 
363.009 
363 
974.03 
4899.39 
363 
675.526 
363 
6627.78 
363 
797.446 
363 
8332.59 
363 
3093.52 
363 
363 
363 
848.366 
367.817 
363 
363 
363 
363 
363 
363 
363 
363.002 
363 
366.662 
5417.92 
363.985 
6021.61 
363 
363 
363.002 
363 
363 
391.443 
363 
363 
363 
2379.12 
541.437 
646.928 
363 
363 
363 
363 
363 
363 
363 
363 
401.53 
363 
363 
363 
363 
363 
363 
2738.49 
1674.68 
6761.22 
2123.53 
363 
5076.52 
363 
4107.88 
363 
8993.9 
363 
3343.09 
1731.62 
363 
363 
363 
363.001 
363.492 
4439.44 
363.006 
363.026 
6071.82 
363 
363 
363.001 
363 
394.25 
363 
363 
442.86 
367.07 
457.661 
363 
363 
363 
363 
363.044 
363.001 
363 
419.089 
363 
679.352 
363 
363 
6416.27 
679.563 
7485.02 
363 
363 
602.542 
13563.8 
363 
363 
363 
363 
363 
363 
363.01 
6551.38 
363 
363 
6092.43 
363 
363 
363 
365.595 
363.007 
6794.94 
363 
363.007 
4827.65 
363 
363 
3117.78 
363 
854.003 
363.074 
363 
363 
3516.15 
363 
363.004 
363 
365.563 
363 
363 
363 
363 
1821.71 
363 
363 
363 
363 
4841.17 
363 
363 
363 
363 
363 
800.897 
363 
363 
363.112 
5126.98 
5176.65 
363 
363.026 
426.355 
363 
413.185 
363 
363 
363 
363 
363.717 
471.193 
363.001 
363 
1096.55 
363 
9134.02 
372.092 
6437.66 
363 
363 
5013.06 
363 
6506.05 
3457.67 
363 
436.097 
1127.47 
363 
363 
363 
363 
1028.21 
363 
363 
363 
6188.4 
592.905 
364.172 
689.123 
399.2 
363 
363 
1138.82 
363 
363 
363 
363 
407.903 
363 
363.011 
363 
363 
363 
363.003 
363 
363.085 
363 
6695.07 
365.398 
14464.6 
363 
363.001 
363 
363 
363 
363.882 
363 
363.003 
4762.14 
997.296 
363 
363 
364.541 
363 
363 
1682.32 
363 
363 
6043.17 
6196.65 
363 
363 
430.86 
363 
363.092 
363 
363.05 
363 
363.091 
371.257 
1770.83 
363 
3561.05 
3515.98 
363 
369.845 
363 
365.082 
447.632 
363 
363.064 
6874.66 
4800.61 
363 
11074.4 
363 
363 
363 
363 
1739.67 
1515.92 
363 
363 
840.827 
6619.61 
363 
363 
5503.02 
6492.2 
4552.29 
363 
3157.06 
3167.09 
363 
548.344 
363 
363.013 
365.399 
363 
363 
363 
