363 
369.431 
7504.78 
363 
363 
363 
7713.71 
1462.19 
363.754 
3191.27 
363 
363 
363 
363 
4430.16 
390.767 
363 
363.045 
6273 
363 
363 
363 
363 
363 
363 
363 
363 
398.209 
363.012 
363 
363 
11136.1 
363 
363 
363 
363 
363 
3752.88 
363 
363 
363 
363 
363 
363 
363 
363.401 
1085.69 
4191.08 
363 
363 
3295.19 
363.489 
3991.18 
363 
363 
363 
363 
363 
363 
4834.25 
13327.1 
363 
363 
363 
364.924 
416.706 
363.001 
363 
363 
363 
363 
363 
2938.61 
363 
363.077 
363 
4292.39 
363 
363 
363 
363 
363 
363 
363 
363 
387.058 
363 
363 
363 
363 
3795.93 
363 
377.408 
363 
363 
363 
452.628 
363.628 
397.331 
1747.29 
3995.96 
363 
363.001 
363.005 
4540.91 
363 
363 
363.001 
448.457 
363 
1034.38 
363 
1657.05 
363 
363.013 
363.003 
564.863 
363 
363 
363.01 
363 
363.004 
363 
363 
363 
363 
363 
363 
363 
363 
9267.51 
363 
363 
363 
363 
363 
363.003 
3679.99 
363 
363 
3122.42 
6390.19 
363 
363.008 
363 
363 
363 
363 
363 
3460.06 
363 
363 
3098.96 
4107.82 
363 
363 
382.81 
3190.64 
363.032 
363 
363 
1556.37 
363 
363 
380.864 
363 
363.001 
429.077 
4321.86 
363 
4865.67 
3195.71 
363 
363 
4509.89 
366.32 
363 
363 
363 
4394.75 
363.6 
372.361 
363 
363 
363 
363 
363 
7039.75 
3762.17 
7965.47 
443.297 
363 
363 
3104.03 
7145.27 
363 
5721 
3105.5 
363 
363 
363 
515.128 
363 
363 
363.167 
363 
363 
1715.65 
400.168 
363 
363 
363 
363 
363 
1687.15 
363.006 
7534.11 
363.01 
363 
1244.01 
5451.57 
363 
363 
363 
3139.07 
363 
992.956 
363 
12138 
363 
3171.09 
363 
363 
363 
1093.66 
363.002 
363 
363 
363 
363 
363 
363 
363 
363.003 
363 
367.674 
6361.91 
363 
6849.46 
363 
363 
363.002 
363 
363 
400.039 
363 
363 
363 
432.971 
604.736 
727.848 
363 
363 
363 
363 
363 
363 
363 
363 
402.206 
363 
363 
363 
363 
363 
363 
363.559 
1526.63 
10488.8 
3133.49 
363 
5701.72 
363 
408.99 
363 
3396.79 
363 
3419.73 
2445.58 
363 
363 
363 
363.002 
363.634 
4789.95 
363.001 
363.038 
7861.43 
363 
363 
363 
363 
403.405 
363 
363 
363 
363 
478.252 
363 
363 
363 
363 
363.056 
363 
363 
431.551 
363 
363.065 
363 
363 
8474.75 
364.099 
14122.6 
363 
363 
653.213 
363.402 
363 
363 
363 
363 
363 
363 
363 
7813.63 
363 
363 
7418.72 
363 
363 
363 
363 
363 
6385.25 
363 
363.009 
5374 
363 
363 
2379.5 
363 
643.502 
363.095 
363 
363 
363.041 
363 
363 
363 
363 
363 
363 
363 
363 
3100.56 
363 
363 
363 
363 
5444.97 
363 
363 
363 
363 
363 
363 
363 
363 
363.144 
4389.82 
5800.44 
363 
363.033 
363 
363 
363 
363 
363 
363 
363 
363 
492.538 
363 
363 
1349.67 
363 
5131.96 
363 
621.681 
363 
363 
456.152 
363 
8007.9 
363 
363 
457.991 
363 
363 
363 
363 
363 
1501.78 
363 
363 
363 
3943.67 
633.554 
364.525 
760.949 
368.678 
363 
363 
496.778 
363 
363 
363 
363 
420.974 
363 
363.015 
363 
363 
363 
363.001 
363 
363.111 
363 
8818.21 
363.015 
366.786 
363 
363 
363 
363 
363 
363.34 
363 
363.001 
5223.14 
363.099 
363 
363 
365.074 
363 
363 
1756.84 
363 
363 
7185.56 
7716.96 
363 
363 
363 
363 
363.001 
363 
363 
363 
363 
363 
3096.22 
363 
3667.95 
3103.37 
363 
363 
363 
363.001 
367.61 
363 
363.003 
403.698 
5227.36 
363 
3633.13 
363 
363 
363 
363 
3101.37 
1826.29 
363 
363 
1081.4 
8798.59 
363 
363 
6613.83 
9199.52 
5001.3 
363 
363 
3243.61 
363 
559.87 
363 
363 
363 
363 
363 
363 
