4513.8 
369.046 
4063.5 
363.057 
363.001 
363.113 
4860.29 
5215.91 
363.402 
4356.95 
680.297 
6082.5 
11259.3 
1659.06 
3530.41 
377.301 
363 
363.016 
3945.32 
363.805 
363 
3098.33 
3541.17 
376.92 
853.046 
363 
363 
795.163 
363.033 
363.005 
7540.14 
5095.6 
465.287 
4515.89 
363 
3467.3 
363 
3176.56 
2654.88 
3665.62 
6655.43 
363 
363.209 
363.852 
366.366 
363.69 
672.07 
3646.48 
7868.84 
366.568 
2048.06 
1039.31 
3409.84 
970.046 
404.009 
363.001 
363 
380.876 
4225.08 
3655.3 
5157.28 
365.25 
1689.05 
366.241 
3119.08 
378.039 
363.002 
8112.62 
363 
363 
365.589 
363.338 
965.224 
6204.84 
364.247 
363 
3625.78 
363 
6361.04 
1728.19 
363.002 
363 
3178.92 
363 
363 
370.365 
363 
366.105 
363.001 
6558.95 
5139.89 
579.829 
368.334 
7188.12 
363 
8214.33 
414.861 
363.291 
1950.95 
805.974 
3580.71 
364.088 
363 
363.002 
3552.57 
7752.55 
6286.13 
1116.08 
399.394 
363 
625.79 
363 
594.746 
1674.18 
3375.81 
363.001 
1053.21 
4069.95 
363 
363.004 
363 
4278.81 
363 
645.127 
363 
6423.6 
363 
7159.64 
373.091 
363 
4589.2 
8215.93 
363.033 
364.687 
363.004 
363 
363.002 
3223.57 
11156.6 
4416.91 
828.67 
4074.01 
363 
363.006 
370.948 
363 
363 
363 
363 
2092.94 
11539.3 
363 
4744.42 
3578.94 
363 
4098.81 
369.76 
1293.38 
363.068 
363 
4211.56 
557.908 
363 
7907.84 
5430.74 
363 
363 
451.295 
3689.64 
7846.36 
3681.92 
1636.26 
363 
363 
3598.98 
373.092 
363.073 
15347.7 
363 
4230.39 
4174.09 
377.31 
7186.54 
5665.97 
363.128 
1697.49 
2812.89 
4510.89 
3239.2 
4960.73 
1257.38 
558.813 
1300.82 
839.573 
4738.95 
363 
3819.65 
1275.77 
363 
363 
363.004 
494.746 
6973.04 
3206.29 
363.063 
363 
3938.67 
4041.4 
375.289 
363 
363.02 
363 
539.681 
3868.5 
4962.54 
4848.81 
4144.37 
363.004 
363.006 
661.7 
3852.17 
363 
3210.89 
363 
4535.58 
6691.77 
500.163 
378.234 
4870.95 
6064.28 
845.249 
363 
1706.78 
363 
512.393 
365.068 
363 
1750.06 
363 
3234.16 
3112.71 
5221.44 
363 
363.001 
363.177 
364.461 
4015.1 
492.093 
4618.36 
363 
363.061 
363.001 
791.521 
363.013 
373.568 
363 
363 
363 
1140.92 
423.247 
482.288 
363 
363 
363 
363 
4098.44 
363.025 
813.187 
3119.35 
378.335 
495.528 
3875.47 
363.391 
380.244 
3783.77 
3397.49 
908.34 
799.299 
4329.62 
736.184 
363 
3951.61 
5988.5 
3508.98 
363.001 
4461.79 
363 
3103.78 
872.085 
363.001 
363 
363 
363.001 
363.176 
3665.68 
363.002 
363.007 
4184.44 
363 
8044.72 
366.63 
5534.09 
374.932 
363 
3139.5 
418.613 
4123.09 
408.629 
1319.59 
363 
682.594 
363 
363.017 
363 
935.034 
389.508 
363.164 
518.105 
363 
1475.67 
4374.72 
750.731 
4528.41 
369.758 
363 
483.771 
5581.28 
363.002 
363.028 
3789.87 
372.06 
363 
363 
2158.36 
4790.25 
363 
363.308 
4376.87 
363 
363 
363 
3530.4 
4903.02 
4442.91 
363 
363.003 
3801.49 
363 
392.947 
1022.65 
442.982 
529.67 
363.029 
363 
363.123 
3547.2 
363 
874.528 
363 
4876.09 
1675.47 
3759.71 
363 
7519.84 
893.517 
1816.73 
363 
363 
363 
3760.74 
363 
363 
363 
363 
363 
954.824 
371.022 
363 
363.044 
4045 
4042.21 
363 
363.01 
588.668 
6084.21 
437.324 
374.008 
363 
463.83 
1110.9 
5170.75 
410.771 
363.279 
8026.47 
579.943 
5904.66 
4693.94 
369.26 
4689.45 
363 
363 
3919.51 
363.001 
4637.32 
5229.95 
4535.72 
390.638 
3963.16 
363 
363 
363 
1214.81 
557.111 
363 
6124.81 
363 
4162.82 
488.351 
363.433 
531.803 
377.457 
1164.97 
363 
616.692 
363 
363 
5692.17 
2628.61 
380.041 
363 
363.004 
644.551 
363.143 
1352.09 
363.003 
719.077 
363.032 
1638.12 
4454.13 
364.12 
5125.69 
3598.9 
363.001 
5804.27 
363 
786.435 
363.332 
363 
363.01 
3830.34 
621.156 
8054.45 
363 
363.507 
719.352 
2549.61 
672.107 
363 
1697.14 
4364.55 
4378.42 
4744.12 
3344.98 
4921.61 
363 
363.04 
363.25 
396.069 
363 
367.18 
393.588 
733.975 
3847.41 
3244.19 
3116.5 
5770.49 
5377.89 
363 
364.031 
396.902 
363 
363.123 
4460.99 
3905.22 
363 
4618.14 
363 
363 
363 
363 
681.681 
666.68 
363 
363 
509.504 
4429.44 
363 
392.954 
3988.56 
4287.59 
3651.58 
363 
3612.69 
1280.23 
363 
478.327 
363 
363.013 
690.304 
363 
4709.37 
363 
