363 
374.503 
5709.83 
363 
363 
363.217 
6435.84 
13454 
363.71 
5384 
363 
3610.77 
363 
363 
4129.96 
386.642 
363.001 
363.035 
5305.15 
363 
363 
363 
363.148 
363 
384.679 
363 
363 
1445.17 
363.084 
363 
363 
7503.47 
366.514 
363 
363 
363.667 
363 
3576.11 
3087.46 
363 
363.039 
363 
363 
363 
363 
364.87 
931.81 
4030.33 
363 
363 
3368.37 
3094.7 
3815.52 
363 
363 
363 
363 
363.48 
363 
4412.22 
8515.39 
363 
363 
363 
3356.71 
402.398 
363.002 
363 
363 
363 
363.903 
363 
1766.9 
363.192 
365.682 
363 
4374.3 
363 
363 
363 
363 
363 
363 
363 
363 
381.054 
363 
363 
363 
363 
7908.81 
363 
374.326 
363 
363 
363 
442.996 
363.521 
3375.14 
1589.31 
3878.21 
363 
363.001 
363.004 
4202.89 
363 
6002.62 
1806.65 
432.405 
363 
907.485 
363 
1072.21 
363 
3504.2 
363.002 
3089.92 
363 
363 
363.008 
363 
3973.42 
363 
363.512 
363 
1733.67 
363 
363 
363 
363 
6624.24 
363 
363 
363 
363 
363 
363.004 
3546.48 
363 
3096.74 
2232.79 
5497.03 
363 
363.008 
363 
363 
363 
363 
363 
3366.95 
363 
363 
9394.38 
3951.72 
363 
363 
378.265 
3125.92 
363.06 
363 
363 
999.85 
363 
363 
12186 
363 
363.001 
447.001 
4129.77 
363 
4447.12 
3139.66 
363 
363 
4206.42 
370.078 
363.091 
363 
363 
6077.89 
4879.96 
375.292 
363 
363 
363.155 
371.01 
363 
5929.24 
3605.71 
6602.16 
3147.39 
734.962 
363 
1734.36 
6128.96 
363 
4926.63 
3111.74 
363 
363 
363 
533.235 
363 
666.73 
363.132 
363 
363 
5489.01 
391.414 
363 
363 
363 
363.002 
363 
11597.7 
8803.5 
5791.4 
363.008 
363 
947.254 
4831.4 
363 
1737.66 
363 
6456.76 
363 
774.947 
363 
7924.76 
363 
3082.22 
363 
363 
363 
822.079 
368.015 
363 
363 
363 
363 
363 
363 
363 
363.002 
363 
366.527 
5315.41 
370.123 
5925.61 
363 
363 
363.002 
363 
363 
390.312 
363 
363 
363 
2185.12 
533.449 
636.51 
363 
363 
363 
363 
363 
363 
363 
363 
400.101 
363 
363 
363 
363 
363 
363 
2614.48 
1660.01 
6522.88 
1930.62 
363 
5001.98 
363 
4157.71 
363 
8274.26 
363 
3331.87 
1715.77 
363 
363 
363 
363.001 
363.472 
4393.86 
363.006 
363.025 
5912.22 
363 
363 
363.009 
363 
393.041 
363 
363 
471.974 
444.874 
454.852 
363 
363 
363 
363 
363.043 
363.001 
363 
417.389 
363 
699.083 
363 
363 
6239.7 
708.754 
7160.12 
363 
363 
595.698 
17659.8 
363 
363 
363 
363.002 
363 
363 
363.362 
6418.77 
363 
363 
5958.81 
363 
363 
363 
411.808 
363.399 
6573.7 
363 
363.007 
4761.24 
363 
363 
3107.77 
363 
829.665 
363.071 
363 
363 
3836.84 
363 
363.108 
363 
426.204 
363 
363 
363 
363 
1743.17 
363 
363 
363 
363 
4769.37 
363 
363 
363 
363 
363 
1675.47 
363 
363 
363.108 
5057.17 
5101.92 
363 
363.025 
546.53 
363 
461.421 
363 
363 
363 
363.001 
385.445 
467.592 
363.008 
363 
1049.89 
363 
8463.01 
375.33 
6499.89 
363 
363 
5084.37 
363 
6358.03 
5417.65 
363 
433.223 
3086.13 
363 
363 
363 
363 
986.941 
363 
363 
363 
6008.7 
587.235 
364.125 
680.903 
397.867 
363 
363 
1093.04 
363 
363 
363 
363 
406.152 
363 
363.011 
363 
363 
363 
363.003 
363 
363.082 
363 
6491.45 
365.35 
15638.9 
363.001 
363.001 
363 
363 
363 
363.848 
363 
363.003 
4704.3 
1092.58 
363 
363 
364.472 
363 
363 
1660.75 
363 
363 
5913.79 
6050.26 
363 
363 
1309.62 
363 
363.089 
363 
363.502 
363 
363.12 
386.757 
1731.39 
363 
3545.65 
3495.64 
363.03 
518.702 
363 
365.145 
444.567 
363 
363.071 
7179.28 
4746.23 
363 
9709.23 
363 
363 
363 
363 
1713.9 
1412.39 
363 
363 
814.947 
6423.29 
363 
363 
5387.36 
6289.09 
4496.14 
363 
3390.12 
3154.59 
363 
545.783 
363 
363.021 
377.822 
363 
363 
363 
