363 
363 
365.14 
363 
363 
363 
5029 
363 
363 
363 
363 
363 
363 
363 
5182.28 
363 
363 
363 
363 
363 
363 
363 
363 
363 
363 
363 
363 
363 
363 
363 
363 
363 
363 
363 
363 
363 
363 
4122.53 
363 
363 
363 
363 
363 
363 
363 
363 
366.969 
363 
363 
363 
363 
363 
363 
363 
363 
363 
363 
363 
363 
3472.9 
363 
363 
363 
363 
363 
363 
363 
363 
363 
363 
363 
363 
365.756 
363 
363 
363 
363 
363 
363 
363 
363 
363 
363 
363 
363 
370.147 
363 
363 
363 
363 
363 
363 
363.064 
363 
363 
363 
363 
363.479 
363 
677.842 
363.001 
363 
363 
363 
555.303 
363 
363 
363 
363 
363 
446.471 
363 
363.181 
363 
363 
363 
363 
363 
363 
363.007 
363 
363 
363 
363 
363 
363 
363 
363 
363 
363 
363.001 
363 
363 
363 
363 
363 
363 
2871.42 
363 
363 
363 
363 
363 
363.002 
363 
363 
363 
363 
363 
363 
363 
363 
363 
2212.1 
363 
363 
381.393 
3173.3 
363 
363 
363 
2597.51 
363 
363 
363 
363 
363 
363.002 
3773.03 
363 
363 
363 
363 
363 
4241.86 
363 
363 
363 
363 
363 
363 
363.061 
363 
363 
363 
363 
363 
368.208 
4049.43 
363.169 
363 
363 
363 
3273.15 
7938.45 
363 
2996.47 
363 
363 
363 
363 
364.249 
363 
363 
363 
363 
363 
363 
363 
363 
363 
363 
363 
363 
363 
363 
363.196 
363 
363 
363 
363 
363 
363 
363 
363 
363 
363 
363 
363 
363 
363 
363 
363 
363 
363.005 
363 
363 
363 
363 
363 
363 
363 
363 
363 
363 
363.017 
3229.61 
363 
7646.66 
363 
363 
363 
363 
363 
424.181 
363 
363 
363 
363 
552.671 
363.006 
363 
363 
363 
363 
363 
363 
363 
363 
363 
363 
363 
363 
363 
363 
363 
363 
363 
363 
364.697 
363 
2117.68 
363 
363 
363 
363 
363 
369.819 
3123.28 
363 
363 
363 
363 
363 
5882.57 
363 
363 
363.015 
363 
363 
363 
363 
428.516 
363 
363 
363 
363 
388.74 
363 
363 
363 
363 
363 
363 
363 
457.919 
363 
363 
363 
363 
363 
363 
363 
363 
363 
363 
363 
363 
363 
363 
363 
363 
363 
363 
467.925 
363 
363 
1229.52 
363 
363 
363 
363 
363 
363 
363 
363.014 
3269.83 
363 
363 
363 
363 
363 
363.124 
363 
363 
363 
363 
363 
363 
363 
363 
363 
363 
363 
363 
363 
363 
363 
363 
9851.26 
363 
363 
363 
363 
363 
363 
363 
363 
363 
363 
10968.1 
363 
363.001 
363 
363 
363 
363 
363 
363 
363 
363 
363 
363 
363 
363 
363 
363 
363 
363 
363 
363 
363 
363 
453.548 
363 
363 
363.058 
363 
363 
363 
363 
363 
363 
363 
363 
363 
363 
363 
363 
1172.12 
363 
363 
363 
363 
363 
363 
363 
363 
363 
363 
363 
363 
363 
363 
363 
363 
363.182 
363 
363 
363 
363 
363 
363 
363 
363 
363 
363 
363 
363 
7343.93 
363 
363 
363 
363 
363 
363 
363 
363 
363 
363 
363 
363 
363 
363 
363 
363 
363 
363 
363 
363 
363 
3090.44 
363 
363.009 
363 
363 
363 
363 
363 
363 
363 
363 
363 
5585.73 
363 
363 
363 
363 
363 
363 
363.002 
3176.49 
363 
363 
2491.08 
363 
363 
363 
363 
363.001 
3109.13 
363 
363 
363 
363 
417.803 
363 
363 
363 
363 
363 
363 
