363 
375.633 
6317.08 
363 
363 
363.09 
6920.68 
11717.3 
363.772 
5403.89 
363 
374.653 
363 
363 
4259.83 
388.484 
363 
363.04 
5741.2 
363 
363 
363 
363 
363 
363.012 
363 
363 
1492.55 
363.092 
363 
363 
8552.19 
363 
363 
363 
363 
363 
3654.5 
367.722 
363 
363 
363 
363 
363 
363 
365.119 
996.034 
4102.44 
363 
363 
3427.54 
1704.93 
3893.85 
363 
363 
363 
363 
363.001 
363 
4590.44 
10847.8 
363 
363 
363 
3101.73 
408.517 
363.002 
363 
363 
363 
363.001 
363 
2079.05 
363 
365.5 
363 
4549.87 
363 
363 
363 
363 
363 
363 
363 
363 
383.641 
363 
363 
363 
363 
8983.55 
363 
375.672 
363 
363 
363 
447.568 
363.569 
3187.75 
1688.5 
3931.45 
363 
363.001 
363.004 
4347.95 
363 
828.614 
391.323 
439.475 
363 
970.412 
363 
1267.83 
363 
1668.01 
363.003 
3102.27 
363 
363 
363.009 
363 
1590.38 
363 
363 
363 
363.007 
363 
363 
363 
363 
7448.54 
363 
363 
363 
363 
363 
363.004 
3606.41 
363 
364.987 
3095.94 
5958.63 
363 
363.008 
363 
363 
363 
363 
363 
3425.6 
363 
363 
10076.7 
4021.63 
363 
363 
380.238 
3155.49 
363.05 
363 
363 
1177.45 
363 
363 
4270.51 
363 
363.001 
441.246 
4215.16 
363 
4627.54 
3166.14 
363 
363 
4337.77 
368.642 
363.001 
363 
363 
6777.69 
3153.1 
374.117 
363 
363 
363.005 
363 
363 
6355.54 
3675.57 
7115.23 
3123.82 
374.651 
363 
2205.96 
6527.72 
363 
5240.03 
3139.01 
363 
363 
363 
526.305 
363 
363.009 
363.147 
363 
363 
4806.16 
395.208 
363 
363 
363 
363 
363 
10287.9 
2885.64 
6388.68 
363.009 
363 
1053.96 
5087.56 
363 
363.32 
363 
6403.83 
363 
861.741 
363 
9904.3 
363 
3122.49 
363 
363 
363 
924.597 
364.734 
363 
363 
363 
363 
363 
363 
363 
363.002 
363 
367.022 
5713.42 
363.001 
6291.84 
363 
363 
363.002 
363 
363 
394.48 
363 
363 
363 
2327.7 
563.274 
675.135 
363 
363 
363 
363 
363 
363 
363 
363 
405.347 
363 
363 
363 
363 
363 
363 
1537.73 
1712.92 
7557.04 
3083.71 
363 
5284.14 
363 
3411.47 
363 
10874.9 
363 
3371.78 
1863.52 
363 
363 
363 
363.001 
363.547 
4562.1 
363.007 
363.03 
6561.82 
363 
363 
363 
363 
397.492 
363 
363 
370.672 
363 
465.083 
363 
363 
363 
363 
363.049 
363.001 
363 
423.581 
363 
462.478 
363 
363 
6964.54 
546.831 
8665.61 
363 
363 
620.696 
3444.98 
363 
363 
363 
363 
363 
363 
363 
6938.05 
363 
363 
6487.53 
363 
363 
363 
363 
363 
7508.97 
363 
363.008 
5011.25 
363 
363 
3140.69 
363 
921.81 
363.082 
363 
363 
2300.29 
363 
363 
363 
363 
363 
363 
363 
363 
2221.3 
363 
363 
363 
363 
5041.37 
363 
363 
363 
363 
363 
365.312 
363 
363 
363.124 
5316.68 
5384.43 
363 
363.028 
363.564 
363 
364.443 
363 
363 
363 
363 
363 
480.778 
363 
363 
1243.43 
363 
11989.5 
363.895 
4420.64 
363 
363 
3752.11 
363 
6946.84 
445.503 
363 
443.823 
363.533 
363 
363 
363 
363 
1155.44 
363 
363 
363 
6681.89 
608.249 
364.297 
712.506 
401.356 
363 
363 
1244 
363 
363 
363 
363 
412.604 
363 
363.013 
363 
363 
363 
363.002 
363 
363.094 
363 
7344.26 
364.718 
4033.95 
363 
363 
363 
363 
363 
363.968 
363 
363.002 
4920.07 
487.733 
363 
363 
364.728 
363 
363 
1740.49 
363 
363 
6424.02 
6635.85 
363 
363 
363.009 
363 
363.076 
363 
363 
363 
363.016 
363.075 
2141.23 
363 
3600.72 
3543.26 
363 
363 
363 
363.786 
446.145 
363 
363.04 
3958.95 
4948.16 
363 
16004.2 
363 
363 
363 
363 
2091.14 
1678.97 
363 
363 
915.788 
7241.04 
363 
363 
5842.28 
7145.01 
4705.81 
363 
496.177 
3199.11 
363 
554.12 
363 
363.001 
363.003 
363 
363 
363 
