4472.96 
368.883 
4026.96 
363.064 
363.001 
363.11 
4821.48 
5146.89 
363.393 
4328.09 
670.791 
5985.28 
14718.1 
1627.23 
3511.66 
376.999 
363 
363.015 
3912.62 
363.788 
363 
3094.96 
3522.04 
376.525 
856.663 
363 
363 
782.446 
363.032 
363.005 
7250.37 
5046.64 
462.565 
5081.56 
363 
3455.1 
363 
3163.08 
2288.02 
3649.02 
6517.18 
363 
363.204 
363.827 
366.278 
363.662 
664.865 
3633.08 
9960.3 
366.946 
1880.22 
1007.53 
3396 
937.06 
402.684 
363.001 
363 
380.988 
4204.48 
3633.03 
5101.29 
365.755 
1672.34 
366.228 
3109.68 
377.438 
363.002 
7823.28 
363 
363 
365.521 
363.33 
944.404 
6092.37 
364.207 
363 
3603.73 
363 
6177.04 
1708.2 
363.002 
363 
3206.2 
363 
363 
370.089 
363 
366.763 
363.001 
6355.38 
5087.78 
580.53 
368.166 
7029.88 
363 
7938.96 
413.807 
363.284 
1800.42 
792.121 
3569.92 
364.063 
363 
363.002 
3532.67 
7457.41 
6190.91 
1082.38 
398.414 
363 
617.557 
363 
585.451 
1657.94 
3362.47 
363.001 
1022.14 
4040.37 
363 
363.004 
363 
4257.47 
363 
635.474 
363 
6304.62 
363 
6839.46 
372.691 
363 
4546.26 
7746.81 
363.032 
364.618 
363.004 
363 
363.002 
3212.19 
10146.1 
4370.14 
807.596 
4040.03 
363 
363.006 
371.021 
363 
363 
363 
363 
1915.28 
10684.7 
363 
4686.68 
3565.91 
363 
4098.21 
369.53 
1242.2 
363.067 
363 
4181.48 
549.464 
363 
7609.14 
5359.41 
363 
363 
450.557 
3674.67 
7411.74 
3659.43 
1546.95 
363 
363 
3579.96 
373.049 
363.07 
13315.1 
363 
4191.03 
4143.9 
377.25 
7009.49 
5557.95 
363.125 
1681.73 
3085 
4475.43 
3226.56 
4920.67 
1202.35 
551.35 
1258.08 
827.931 
4703.17 
363 
3790.89 
1229.6 
363 
363 
363.004 
492.315 
6713.14 
3198.1 
363.061 
363 
3912.15 
4007.15 
374.86 
363 
363.02 
363 
531.234 
3842.16 
4898.47 
4777.1 
4107.48 
363.004 
363.008 
656.332 
3825.38 
363 
3201.15 
363 
4494.01 
6505.3 
494.301 
377.718 
4818.7 
5918.65 
821.782 
363 
1688.53 
363 
505.951 
364.99 
363 
1726.19 
363 
3224.23 
3101.74 
5125.1 
363 
363.001 
363.312 
364.407 
3982.94 
487.245 
4584.19 
363 
363.059 
363.001 
816.684 
363.013 
373.15 
363 
363 
363 
1127.27 
420.692 
478.296 
363 
363 
363 
363 
4063.56 
363.024 
809.22 
3108.53 
377.771 
492.895 
3856.99 
363.38 
379.608 
3757.83 
3717.48 
887.702 
784.815 
4286.66 
718.358 
363 
3923.37 
5856.1 
3488.68 
363.001 
4409.22 
363 
3095.34 
854.652 
363.002 
363 
363 
363.001 
363.169 
3643.96 
363.002 
363.007 
4146.5 
363 
7800.38 
366.797 
5431.34 
374.473 
363 
3131.36 
416.65 
4086.28 
407.302 
1238.66 
363 
689.432 
363 
363.017 
363 
914.997 
388.714 
363.158 
513.127 
363 
1377.73 
4334.5 
740.519 
4481.06 
369.481 
363 
480.534 
5499.58 
363.002 
363.05 
3764.07 
372.059 
363 
363 
1961.04 
4750.98 
363 
363.579 
4339.76 
363 
363 
363 
3513.22 
4834.58 
4399.86 
363 
363.003 
3775.15 
363 
399.069 
990.525 
440.155 
523.075 
363.028 
363 
363.147 
3527.13 
363 
848.175 
363 
4805.44 
1654.83 
3957.21 
363 
7141.33 
881.529 
2386.93 
363 
363 
363 
3733.69 
363 
363 
363 
363 
363 
923.818 
370.785 
363 
363.043 
4017.16 
4013.59 
363 
363.01 
579.572 
8128.86 
434.646 
373.731 
363 
460.526 
1062.26 
5084.48 
409.22 
363.287 
8616.02 
570.922 
5770.34 
4639.56 
369.037 
4647.81 
363 
363 
3888.99 
363.001 
4597.51 
5142.31 
4488.21 
389.57 
3930.93 
363 
363 
363 
1165.72 
548.786 
363 
5976.81 
363 
4123.82 
485.185 
363.416 
526.764 
376.927 
1105.13 
363 
607.123 
363 
363 
5562.24 
2247.29 
379.383 
363 
363.004 
849.303 
363.138 
1285.68 
363.003 
704.148 
363.03 
1524.77 
4411.85 
364.085 
5053.05 
3580.43 
363.001 
5660.6 
363 
798.422 
363.319 
363 
363.011 
3805.47 
610.916 
7605.3 
363 
363.485 
972.856 
3086.42 
658.634 
363 
1672.95 
4327.89 
4340.25 
4680.37 
3330.72 
4862.59 
363 
363.039 
363.239 
394.829 
363 
367.339 
392.31 
717.692 
3818.3 
3233.42 
3103.62 
5640.57 
5290.01 
363 
364.019 
395.669 
363 
363.122 
4412.1 
3880.81 
363 
4560.6 
363 
363 
363 
363 
666.711 
654.567 
363 
363 
503.155 
4387.59 
363 
404.744 
3955.2 
4246.49 
3627.63 
363 
3589.96 
1252.42 
363 
475.571 
363 
363.013 
693.157 
363 
4654.51 
363 
