363 
363.053 
10074.7 
363 
363 
363 
8842.05 
363.003 
363.077 
368.34 
363 
363 
363 
363 
4603.8 
392.874 
363 
363.02 
3676.71 
363 
363 
363 
363 
363 
363 
363 
363 
363.004 
363 
363 
363 
15699.8 
363 
363 
363 
363 
363 
3848.09 
363 
363 
363 
363 
363 
363 
363 
363 
1184.88 
4050.56 
363 
363 
909.581 
363 
3911.08 
363 
363 
363 
363 
363 
363 
5096.53 
3239.29 
363 
363 
363 
363 
424.365 
363 
363 
363 
363 
363 
363 
3101.45 
363 
363 
363 
3088.52 
363 
363 
363 
363 
363 
363 
363 
363 
390.513 
363 
363 
363 
363 
423.683 
363 
379.123 
363 
363 
363 
445.643 
363.685 
363 
2050.49 
4046.15 
363 
363.001 
363.005 
4741.17 
363 
363 
363 
441.418 
363 
1098.59 
363 
1733.32 
363 
363 
363.003 
363.014 
363 
363 
363.011 
363 
363 
363 
363 
363 
363 
363 
363 
363 
363 
14203 
363 
363 
363 
363 
363 
363.002 
3749.44 
363 
363 
1338.64 
3488.53 
363 
363.007 
363 
363 
363 
363 
363 
3104.98 
363 
363 
363.178 
4189.52 
363 
363 
385.375 
3222.66 
363.01 
363 
363 
1718.86 
363 
363 
363 
363 
363 
411.712 
4424.56 
363 
4076.91 
3113.99 
363 
363 
4685.18 
363.145 
363 
363 
363 
951.172 
363 
370.448 
363 
363 
363 
363 
363 
7979.51 
3844.87 
9194.37 
363.004 
363 
363 
3146.7 
7943.34 
363 
6333.5 
451.068 
363 
363 
363 
499.285 
363 
363 
363.148 
363 
363 
363.101 
397.069 
363 
363 
363 
363 
363 
363.007 
363 
9836.01 
363.011 
363 
1390.24 
4562.08 
363 
363 
363 
364.268 
363 
694.934 
363 
3267.49 
363 
3204.89 
363 
363 
363 
1337.85 
363 
363 
363 
363 
363 
363 
363 
363 
363.003 
363 
368.33 
7278.27 
363 
7550.36 
363 
363 
363.002 
363 
363 
405.716 
363 
363 
363 
363.016 
649.308 
783.703 
363 
363 
363 
363 
363 
363 
363 
363 
365.174 
363 
363 
363 
363 
363 
363 
363 
375.752 
14758.4 
3179.68 
363 
6203.89 
363 
363 
363 
369.691 
363 
3463.93 
3093.58 
363 
363 
363 
363.002 
363.223 
5031.87 
363 
363.046 
10755 
363 
363 
363 
363 
409.418 
363 
363 
363 
363 
491.247 
363 
363 
363 
363 
363.035 
363 
363 
439.407 
363 
363 
363 
363 
10323.1 
363 
8247.38 
363 
363 
674.977 
363 
363 
363 
363 
363 
363 
363 
363 
9134.9 
363 
363 
8960.49 
363 
363 
363 
363 
363 
3091.42 
363 
363.011 
5797.56 
363 
363 
367.457 
363 
364.872 
363.108 
363 
363 
363 
363 
363 
363 
363 
363 
363 
363 
363 
3093.39 
363 
363 
363 
363 
5932.35 
363 
363 
363 
363 
363 
363 
363 
363 
363.164 
1751.3 
6296.92 
363 
363.037 
363 
363 
363 
363 
363 
363 
363 
363 
393.101 
363 
363 
417.534 
363 
573.408 
363 
363.064 
363 
363 
363 
363 
9860.08 
363 
363 
472.512 
363 
363 
363 
363 
363 
1707.31 
363 
363 
363 
581.308 
476.368 
364.753 
819.687 
363.005 
363 
363 
363.104 
363 
363 
363 
363 
398.537 
363 
363.017 
363 
363 
363 
363 
363 
363.128 
363 
4161.94 
363 
363 
363 
363 
363 
363 
363 
363.001 
363 
363 
5561.04 
363 
363 
363 
364.899 
363 
363 
435.71 
363 
363 
4337.11 
9330.81 
363 
363 
363 
363 
363 
363 
363 
363 
363 
363 
3133.79 
363 
3729.64 
368.006 
363 
363 
363 
363 
363.001 
363 
363 
363 
5532 
363 
369.068 
363 
363 
363 
363 
3146.49 
2553.35 
363 
363 
1318.67 
4692.86 
363 
363 
5724.67 
16202.7 
5332.29 
363 
363 
3096.19 
363 
557.956 
363 
363 
363 
363 
363 
363 
