4534.78 
369.129 
4082.27 
363.054 
363.001 
363.115 
4880.17 
5251.82 
363.407 
4371.67 
685.186 
6133.54 
8699.21 
1665.15 
3539.93 
377.454 
363 
363.016 
3962.07 
363.814 
363 
3097.09 
3550.89 
377.121 
851.078 
363 
363 
801.721 
363.034 
363.005 
7703.7 
5120.8 
466.677 
4158.84 
363 
3473.46 
363 
3183.38 
2951.41 
3674.03 
6729.11 
363 
363.211 
363.865 
366.411 
363.705 
675.751 
3653.25 
6557.14 
366.177 
2154.81 
1056.23 
3416.84 
987.702 
404.689 
363.001 
363 
380.809 
4235.52 
3666.63 
5186.21 
364.997 
1697.14 
366.156 
3123.82 
378.349 
363.002 
8274.45 
363 
363 
365.624 
363.342 
976.08 
6264.27 
364.267 
363 
3637.01 
363 
6461.69 
1738.48 
363.002 
363 
3155.94 
363 
363 
370.506 
363 
365.606 
363.001 
6671.06 
5166.76 
579.447 
368.42 
7272.79 
363 
8248.48 
415.393 
363.294 
2044.86 
813.132 
3586.16 
364.1 
363 
363.002 
3562.68 
7918.18 
6335.98 
1134.03 
399.895 
363 
630.008 
363 
599.56 
1682.5 
3382.56 
363.001 
1069.71 
4083.53 
363 
363.004 
363 
4289.64 
363 
650.106 
363 
6486.56 
363 
7344.21 
373.298 
363 
4611.28 
8498.18 
363.033 
364.723 
363.004 
363 
363.002 
3229.32 
11816 
4441.04 
839.738 
4091.43 
363 
363.006 
370.904 
363 
363 
363 
363 
2207.24 
11848.7 
363 
4774.37 
3585.53 
363 
4075.23 
369.879 
1321.36 
363.068 
363 
4226.93 
562.288 
363 
8076.08 
5467.86 
363 
363 
451.652 
3697.21 
8106.34 
3693.37 
1654.55 
363 
363 
3608.63 
373.11 
363.074 
16106.5 
363 
4250.63 
4189.51 
377.337 
7282.07 
5723.21 
363.129 
1705.56 
2261.09 
4529.04 
3245.6 
4981.24 
1287.69 
562.669 
1323.85 
845.724 
4757.25 
363 
3834.35 
1300.82 
363 
363 
363.004 
495.964 
7119.16 
3210.41 
363.064 
363 
3952.19 
4058.97 
375.51 
363 
363.021 
363 
544.077 
3881.56 
4995.85 
4886.3 
4163.31 
363.004 
363.005 
664.489 
3865.85 
363 
3215.8 
363 
4556.93 
6792.8 
503.199 
378.459 
4897.94 
6142.69 
857.634 
363 
1716.15 
363 
515.731 
365.108 
363 
1807.17 
363 
3239.17 
3116.08 
5272.4 
363 
363.001 
363.118 
364.488 
4031.56 
494.592 
4635.83 
363 
363.062 
363.001 
756.581 
363.013 
373.783 
363 
363 
363 
1148.27 
424.567 
484.338 
363 
363 
363 
363 
4116.32 
363.025 
801.751 
3124.44 
378.625 
496.873 
3884.84 
363.397 
380.571 
3797.01 
3264.39 
919.216 
806.798 
4351.74 
745.531 
363 
3966.02 
6059.35 
3519.3 
363.001 
4489.03 
363 
3108.04 
881.145 
363.001 
363 
363 
363.001 
363.18 
3676.73 
363.003 
363.007 
4203.93 
363 
8077.44 
366.546 
5588.45 
375.168 
363 
3143.6 
419.622 
4142 
409.308 
1366.35 
363 
678.99 
363 
363.018 
363 
944.251 
389.915 
363.168 
520.66 
363 
1533.52 
4395.39 
755.773 
4552.85 
369.901 
363 
485.424 
5623.98 
363.002 
363.019 
3803.03 
372.055 
363 
363 
2288.48 
4810.37 
363 
363.194 
4395.89 
363 
363 
363 
3539.12 
4938.72 
4465.07 
363 
363.003 
3814.93 
363 
387.86 
1039.77 
444.435 
533.078 
363.03 
363 
363.11 
3557.41 
363 
888.504 
363 
4913 
1686.11 
3615.28 
363 
7742.29 
899.856 
1685.06 
363 
363 
363 
3774.55 
363 
363 
363 
363 
363 
971.364 
371.143 
363 
363.045 
4059.2 
4056.83 
363 
363.01 
593.377 
5069.04 
438.701 
374.15 
363 
465.525 
1137.6 
5216.12 
411.566 
363.275 
7336.05 
584.619 
5976.69 
4722.09 
369.375 
4710.83 
363 
363 
3935.13 
363.001 
4657.74 
5276.05 
4560.23 
391.188 
3979.67 
363 
363 
363 
1241.57 
561.429 
363 
6204.53 
363 
4182.88 
489.945 
363.442 
534.357 
377.729 
1198.46 
363 
621.639 
363 
363 
5761.85 
2946.11 
380.38 
363 
363.004 
548.944 
363.146 
1389.36 
363.004 
726.854 
363.032 
1656.94 
4475.88 
364.138 
5163.6 
3608.28 
363.001 
5877.91 
363 
778.534 
363.338 
363 
363.01 
3843.02 
626.444 
8323.46 
363 
363.519 
599.372 
1916.99 
679.125 
363 
1709.68 
4383.34 
4398.01 
4777.31 
3351 
4952.2 
363 
363.041 
363.255 
396.707 
363 
367.097 
394.249 
742.489 
3862.3 
3249.62 
3123.02 
5840.1 
5424.07 
363 
364.038 
397.536 
363 
363.123 
4486.25 
3917.65 
363 
4648 
363 
363 
363 
363 
689.507 
672.966 
363 
363 
512.794 
4450.97 
363 
385.638 
4005.65 
4308.74 
3663.79 
363 
3624.27 
1295.98 
363 
479.716 
363 
363.013 
688.769 
363 
4737.78 
363 
