363 
375.751 
6427.19 
363 
363 
363.059 
7002.75 
8691.77 
363.782 
5237.34 
363 
364.973 
363 
363 
4279.74 
388.758 
363 
363.04 
5816.07 
363 
363 
363 
363 
363 
363.002 
363 
363 
1370.75 
363.09 
363 
363 
8757.18 
363 
363 
363 
363 
363 
3666.25 
364.025 
363 
363 
363 
363 
363 
363 
365.095 
1006.17 
4113.15 
363 
363 
3435.51 
1324.91 
3905.55 
363 
363 
363 
363 
363 
363 
4618.31 
11432.1 
363 
363 
363 
2875.04 
409.466 
363.002 
363 
363 
363 
363 
363 
2141.49 
363 
365.207 
363 
4576.48 
363 
363 
363 
363 
363 
363 
363 
363 
384.039 
363 
363 
363 
363 
8896.3 
363 
375.877 
363 
363 
363 
448.214 
363.576 
3139.88 
1695.5 
3939.3 
363 
363.001 
363.004 
4370.33 
363 
470.085 
372.996 
440.544 
363 
979.502 
363 
1304.85 
363 
895.031 
363.003 
3095.94 
363 
363 
363.009 
363 
758.444 
363 
363 
363 
363.001 
363 
363 
363 
363 
7604.22 
363 
363 
363 
363 
363 
363.004 
3615.29 
363 
363.391 
3101.32 
6038.15 
363 
363.008 
363 
363 
363 
363 
363 
3434.29 
363 
363 
8737.17 
4032.02 
363 
363 
380.541 
3159.8 
363.048 
363 
363 
1210.5 
363 
363 
3641.2 
363 
363.001 
440.145 
4227.94 
363 
4655.76 
3169.99 
363 
363 
4357.89 
368.426 
363 
363 
363 
6857.11 
3094.04 
373.921 
363 
363 
363.002 
363 
363 
6427.14 
3685.98 
7202.55 
3106.59 
367.55 
363 
2344.54 
6593.68 
363 
5291.67 
3142.59 
363 
363 
363 
525.104 
363 
363.001 
363.15 
363 
363 
4409.68 
395.791 
363 
363 
363 
363 
363 
8014.26 
1600.38 
6496.22 
363.009 
363 
1072.73 
5128.78 
363 
363.055 
363 
6007.36 
363 
876.229 
363 
10382.2 
363 
3128.41 
363 
363 
363 
942.027 
364.09 
363 
363 
363 
363 
363 
363 
363 
363.002 
363 
367.098 
5780.68 
363 
6351.97 
363 
363 
363.002 
363 
363 
395.126 
363 
363 
363 
2033.91 
567.989 
681.179 
363 
363 
363 
363 
363 
363 
363 
363 
406.146 
363 
363 
363 
363 
363 
363 
1040.89 
1720.16 
7767.7 
3089.77 
363 
5329.9 
363 
3271.43 
363 
10590.8 
363 
3377.63 
1911.41 
363 
363 
363 
363.001 
363.558 
4588.28 
363.007 
363.031 
6680.55 
363 
363 
363 
363 
398.18 
363 
363 
366.445 
363 
466.639 
363 
363 
363 
363 
363.049 
363 
363 
424.523 
363 
423.144 
363 
363 
7098.92 
507.257 
9009.36 
363 
363 
624.516 
3188.78 
363 
363 
363 
363 
363 
363 
363 
7027.05 
363 
363 
6579.73 
363 
363 
363 
363 
363 
7680.68 
363 
363.008 
5051.43 
363 
363 
3142.38 
363 
933.864 
363.083 
363 
363 
1566.99 
363 
363 
363 
363 
363 
363 
363 
363 
2350.45 
363 
363 
363 
363 
5085.52 
363 
363 
363 
363 
363 
363.553 
363 
363 
363.126 
5351.86 
5430.14 
363 
363.029 
363.151 
363 
363.501 
363 
363 
363 
363 
363 
482.8 
363 
363 
1279.75 
363 
12607.1 
363.404 
3935.34 
363 
363 
3486.03 
363 
7050.43 
378.101 
363 
445.467 
363.084 
363 
363 
363 
363 
1186.43 
363 
363 
363 
6719.18 
611.534 
364.323 
717.739 
400.449 
363 
363 
1234.37 
363 
363 
363 
363 
413.603 
363 
363.013 
363 
363 
363 
363.002 
363 
363.096 
363 
7507.73 
364.362 
3457.69 
363 
363 
363 
363 
363 
363.975 
363 
363.002 
4954.23 
431.916 
363 
363 
364.768 
363 
363 
1762.35 
363 
363 
6512.49 
6739.83 
363 
363 
363.001 
363 
363.064 
363 
363 
363 
363.008 
363.02 
2254.19 
363 
3608.86 
3526.28 
363 
363 
363 
363.5 
439.701 
363 
363.035 
3551.26 
4979.9 
363 
16354.7 
363 
363 
363 
363 
2213.7 
1689.1 
363 
363 
932.906 
7396.4 
363 
363 
5920.82 
7310.88 
4739.06 
363 
397.883 
3205.64 
363 
555.124 
363 
363 
363.001 
363 
363 
363 
