363 
367.505 
7728.75 
363 
363 
363 
7841.33 
624.927 
363.688 
3110.97 
363 
363 
363 
363 
4453.41 
391.067 
363 
363.045 
6177.27 
363 
363 
363 
363 
363 
363 
363 
363 
376.915 
363.006 
363 
363 
11736.1 
363 
363 
363 
363 
363 
3765.93 
363 
363 
363 
363 
363 
363 
363 
363.22 
1098.48 
4201.98 
363 
363 
3231.63 
363.099 
4003.52 
363 
363 
363 
363 
363 
363 
4868.51 
11396.7 
363 
363 
363 
363.383 
417.83 
363.001 
363 
363 
363 
363 
363 
3081.27 
363 
363.031 
363 
4071.38 
363 
363 
363 
363 
363 
363 
363 
363 
387.523 
363 
363 
363 
363 
3418.22 
363 
377.642 
363 
363 
363 
453.233 
363.636 
371.825 
1773.22 
4004.31 
363 
363.001 
363.005 
4567.51 
363 
363 
363 
449.61 
363 
1042.34 
363 
1667.27 
363 
363.002 
363.003 
438.746 
363 
363 
363.01 
363 
363 
363 
363 
363 
363 
363 
363 
363 
363 
9654.29 
363 
363 
363 
363 
363 
363.003 
3689.6 
363 
363 
3115.83 
6199.33 
363 
363.007 
363 
363 
363 
363 
363 
3435.14 
363 
363 
1912.35 
4119.11 
363 
363 
383.157 
3195.14 
363.029 
363 
363 
1635.69 
363 
363 
366.211 
363 
363.001 
426.742 
4335.96 
363 
4884.33 
3197 
363 
363 
4533.37 
365.751 
363 
363 
363 
3881.16 
363.094 
372.111 
363 
363 
363 
363 
363 
7148.18 
3773.56 
8103.79 
389.011 
363 
363 
3109.99 
7240.4 
363 
5794.58 
3090.13 
363 
363 
363 
513.438 
363 
363 
363.17 
363 
363 
1007.84 
400.814 
363 
363 
363 
363 
363 
770.963 
363.001 
7746.11 
363.01 
363 
1276.31 
5489.67 
363 
363 
363 
3084.52 
363 
1005.01 
363 
10623 
363 
3177.36 
363 
363 
363 
1121.01 
363 
363 
363 
363 
363 
363 
363 
363 
363.003 
363 
367.762 
6465.96 
363 
6934.23 
363 
363 
363.002 
363 
363 
400.801 
363 
363 
363 
398.568 
610.578 
735.209 
363 
363 
363 
363 
363 
363 
363 
363 
396.932 
363 
363 
363 
363 
363 
363 
363.132 
1215 
11231.8 
3139.93 
363 
5763.85 
363 
373.899 
363 
3186.93 
363 
3425.91 
2578.85 
363 
363 
363 
363.002 
363.631 
4821.74 
363.001 
363.039 
8111.89 
363 
363 
363 
363 
404.213 
363 
363 
363 
363 
480.02 
363 
363 
363 
363 
363.057 
363 
363 
432.62 
363 
363.015 
363 
363 
8773.84 
363.334 
15144.9 
363 
363 
657.607 
363.051 
363 
363 
363 
363 
363 
363 
363 
7958.14 
363 
363 
7578.26 
363 
363 
363 
363 
363 
5547.8 
363 
363.01 
5427.18 
363 
363 
1717.23 
363 
554.863 
363.097 
363 
363 
363.006 
363 
363 
363 
363 
363 
363 
363 
363 
3105.41 
363 
363 
363 
363 
5505.15 
363 
363 
363 
363 
363 
363 
363 
363 
363.147 
4022 
5862.11 
363 
363.033 
363 
363 
363 
363 
363 
363 
363 
363 
488.699 
363 
363 
1228.07 
363 
4116.9 
363 
438.741 
363 
363 
385.285 
363 
8193.4 
363 
363 
459.936 
363 
363 
363 
363 
363 
1571.36 
363 
363 
363 
3555.17 
632.627 
364.557 
768.235 
365.96 
363 
363 
432.343 
363 
363 
363 
363 
421.733 
363 
363.015 
363 
363 
363 
363.001 
363 
363.113 
363 
8724.92 
363.005 
363.568 
363 
363 
363 
363 
363 
363.214 
363 
363.001 
5266.53 
363.028 
363 
363 
365.12 
363 
363 
1707.3 
363 
363 
7175.31 
7909.9 
363 
363 
363 
363 
363 
363 
363 
363 
363 
363 
3101.49 
363 
3676.7 
2809.53 
363 
363 
363 
363 
365.011 
363 
363.001 
371.424 
5266.89 
363 
3264.12 
363 
363 
363 
363 
3107.71 
1888.87 
363 
363 
1108.1 
8848.96 
363 
363 
6724.73 
9677.81 
5043.71 
363 
363 
3240.2 
363 
560.106 
363 
363 
363 
363 
363 
363 
