363.009 
373.889 
5450.28 
363 
363 
363.208 
6212.07 
10320.3 
363.676 
5255.78 
363 
8930.83 
363 
363.031 
4062.33 
385.65 
363.001 
363.033 
5107.23 
363.005 
363 
363 
438.067 
363 
510.657 
363 
363 
1329.03 
363.077 
363 
363 
7089.26 
412.697 
363 
363 
560.973 
363 
3534.14 
3234.62 
363 
423.595 
363 
363 
363 
363 
364.716 
899.609 
3991.26 
363 
363 
3336.08 
3080.31 
3773.37 
363 
363 
363 
363 
365.496 
363 
4321.75 
7809.37 
363 
363 
363 
3351.74 
399.284 
363.002 
363 
363 
363 
366.322 
363 
1724.65 
534.611 
365.513 
363 
4284.96 
363 
363 
363 
363 
363 
363 
363 
363 
379.725 
363 
363 
363 
363 
7393.9 
363 
373.622 
363.004 
363 
363 
440.381 
363.496 
3344.94 
1433.43 
3849.01 
363.014 
363.001 
363.004 
4128.01 
363 
13728.4 
2471.23 
428.67 
363 
875.754 
363 
992.001 
363.015 
3702.16 
363.002 
2677.09 
363 
363 
363.008 
363 
4741.33 
363 
391.812 
363 
4102.62 
363 
363 
363.006 
363 
6286.88 
363 
363 
363 
363 
363 
363.004 
3513.92 
363 
3844.31 
1881.05 
5288.49 
363 
363.008 
363 
363 
363 
363 
363 
3335.13 
363 
363 
8092.05 
3913.83 
363 
363 
377.242 
3109.48 
363.064 
363 
363 
925.901 
363 
363 
10547.5 
363 
363.001 
449.315 
4083.9 
363 
4355.58 
3124.9 
363 
363 
4137.99 
370.842 
363.15 
363 
363 
5774.54 
5140.13 
375.824 
363.001 
363.855 
363.2 
923.964 
363 
5730.67 
3568.02 
6366.83 
3128.84 
839.631 
363 
1689.75 
5939.89 
363 
4777.32 
3096.46 
363 
363 
363.001 
534.662 
363 
3098.53 
363.124 
363 
363 
5278.67 
389.452 
363 
363 
363 
363.619 
363 
9312.13 
12191.8 
5534.15 
363.008 
363 
900.46 
4705.85 
363 
3189.26 
363 
6146.73 
363 
734.415 
363 
7299.24 
363 
2254.01 
363 
363.167 
363 
775.169 
367.735 
363 
363 
363 
363 
363 
363 
363 
363.002 
363 
366.272 
5131.35 
452.548 
5750.42 
363 
363 
363.001 
363 
363.006 
388.186 
363 
363 
363 
1909.04 
518.618 
616.996 
363 
363 
363 
363 
363 
363 
363 
363 
397.403 
363 
363 
363 
363 
363 
363 
2117.2 
1520.63 
6130.85 
1732.08 
363 
4864.97 
363 
4102.64 
363 
7304.7 
363 
3309.87 
1685.46 
363 
363 
363 
363.001 
363.434 
4307.96 
363.006 
363.022 
5636.96 
363 
363 
363.115 
363 
390.763 
363 
363 
483.74 
3096.3 
449.492 
363 
363 
363 
363 
363.039 
363.001 
363 
414.145 
363 
684.06 
363 
363 
5937.2 
756.89 
6647.67 
363 
363 
582.669 
15016.1 
363 
363 
363.004 
363.159 
363 
363 
458.584 
6182.5 
363 
363 
5722.89 
363 
363 
363 
2581.03 
598.42 
6204.67 
363 
363.007 
4638.53 
363 
363 
3088.12 
363.064 
785.84 
363.066 
363 
363 
4102.88 
363 
380.703 
363 
3104.02 
363 
363 
363 
363 
1701.89 
363 
363 
363 
363 
4637.48 
363 
363 
363 
363 
363 
3045.97 
363 
363 
363.1 
4928.06 
4964.36 
363 
363.023 
852.512 
363 
519.615 
363 
363 
363 
363.637 
3029.63 
460.762 
363.06 
363 
970.552 
363 
7545.88 
376.607 
6260.5 
363 
363 
4958.2 
363 
6097.89 
16940.5 
363 
427.82 
3596.61 
363 
363 
363 
363 
915.931 
363 
363.004 
363 
5703.1 
576.62 
364.037 
666.087 
395.341 
363 
363 
1014.52 
363 
363 
363.202 
363 
402.855 
363 
363.01 
363 
363 
363 
363.003 
363.281 
363.075 
363 
6147.96 
365.209 
12259.1 
365.112 
363.001 
363 
363 
363 
363.783 
363 
363.004 
4596.45 
1058.26 
363 
363 
364.344 
363 
363 
1450.36 
363 
363 
5684.71 
5794.14 
363 
363 
3342.09 
363 
363.083 
363 
374.591 
363 
363.202 
426.069 
1687.76 
363.005 
3515.61 
3456.09 
420.857 
3167.89 
363 
365.001 
438.642 
363 
363.085 
6789.84 
4644.37 
363 
8139.98 
363 
363 
363 
363 
1665.94 
1256.68 
363 
363 
768.73 
6090.73 
363 
363 
5182.07 
5947.98 
4391.53 
363 
4048.9 
3130.12 
363 
540.42 
363 
363.027 
458.401 
363 
363 
363 
