363 
363 
15037.1 
363 
363 
363 
10266 
363 
363.001 
363 
363 
363 
363 
363 
4745.87 
389.764 
363 
363.001 
1653.43 
363 
363 
363 
363 
363 
363 
363 
363 
363 
363 
363 
363 
6081.09 
363 
363 
363 
363 
363 
3922.21 
363 
363 
363 
363 
363 
363 
363 
363 
1273.31 
3265.77 
363 
363 
363.728 
363 
3251.04 
363 
363 
363 
363 
363 
363 
5323.29 
402.465 
363 
363 
363 
363 
408.411 
363 
363 
363 
363 
363 
363 
3118.34 
363 
363 
363 
379.451 
363 
363 
363 
363 
363 
363 
363 
363 
393.285 
363 
363 
363 
363 
363.006 
363 
380.469 
363 
363 
363 
385.986 
363.729 
363 
2458.66 
3769.39 
363 
363.001 
363.006 
4905.65 
363 
363 
363 
381.881 
363 
1160.17 
363 
1972.94 
363 
363 
363.001 
363 
363 
363 
363.012 
363 
363 
363 
363 
363 
363 
363 
363 
363 
363 
15745.7 
363 
363 
363 
363 
363 
363.001 
3802.3 
363 
363 
368.572 
981.594 
363 
363.006 
363 
363 
363 
363 
363 
458.402 
363 
363 
363 
4251.93 
363 
363 
387.41 
3246.3 
363.001 
363 
363 
1933.79 
363 
363 
363 
363 
363 
397.89 
4504.13 
363 
3114.94 
813.231 
363 
363 
4828.45 
363.001 
363 
363 
363 
363.223 
363 
368.81 
363 
363 
363 
363 
363 
8863.05 
3908.51 
9629.63 
363 
363 
363 
3178.59 
8808.78 
363 
6983.61 
363.083 
363 
363 
363 
479.787 
363 
363 
363.03 
363 
363 
363 
370.531 
363 
363 
363 
363 
363 
363 
363 
11971.8 
363.012 
363 
713.06 
3163.64 
363 
363 
363 
363 
363 
381.083 
363 
420.695 
363 
3121.11 
363 
363 
363 
1588.42 
363 
363 
363 
363 
363 
363 
363 
363 
363.002 
363 
368.853 
8421.13 
363 
8281.46 
363 
363 
363.001 
363 
363 
410.305 
363 
363 
363 
363 
687.227 
820.83 
363 
363 
363 
363 
363 
363 
363 
363 
363.009 
363 
363 
363 
363 
363 
363 
363 
363.013 
4601.84 
3212.53 
363 
6697.44 
363 
363 
363 
363 
363 
3494.3 
3113.15 
363 
363 
363 
363.002 
363.007 
5238.17 
363 
363.033 
13091.4 
363 
363 
363 
363 
414.266 
363 
363 
363 
363 
501.478 
363 
363 
363 
363 
363.003 
363 
363 
445.584 
363 
363 
363 
363 
5177.35 
363 
3125.08 
363 
363 
534.437 
363 
363 
363 
363 
363 
363 
363 
363 
10896.8 
363 
363 
11528.9 
363 
363 
363 
363 
363 
370.937 
363 
363.012 
6199.48 
363 
363 
363.001 
363 
363.001 
363.119 
363 
363 
363 
363 
363 
363 
363 
363 
363 
363 
363 
1005.11 
363 
363 
363 
363 
6414.58 
363 
363 
363 
363 
363 
363 
363 
363 
363.18 
365.27 
6780.85 
363 
363.041 
363 
363 
363 
363 
363 
363 
363 
363 
363.572 
363 
363 
363.22 
363 
363.026 
363 
363 
363 
363 
363 
363 
13116.9 
363 
363 
484.072 
363 
363 
363 
363 
363 
1715.84 
363 
363 
363 
363.058 
367.843 
364.593 
875.812 
363 
363 
363 
363 
363 
363 
363 
363 
365.81 
363 
363.019 
363 
363 
363 
363 
363 
363.141 
363 
1745.11 
363 
363 
363 
363 
363 
363 
363 
363 
363 
363 
5864.85 
363 
363 
363 
363.382 
363 
363 
363.186 
363 
363 
3055.83 
6716.3 
363 
363 
363 
363 
363 
363 
363 
363 
363 
363 
3161.7 
363 
3667.58 
363.001 
363 
363 
363 
363 
363 
363 
363 
363 
5799.45 
363 
363 
363 
363 
363 
363 
3155.94 
3096.39 
363 
363 
1628.66 
3081.49 
363 
363 
3302.09 
21324.4 
5631.42 
363 
363 
530.65 
363 
549.471 
363 
363 
363 
363 
363 
363 
