363 
363.374 
9007.56 
363 
363 
363 
8453.15 
363.222 
363.235 
469.607 
363 
363 
363 
363 
4551.48 
392.294 
363 
363.034 
4586.36 
363 
363 
363 
363 
363 
363 
363 
363 
363.096 
363 
363 
363 
14986.3 
363 
363 
363 
363 
363 
3819.94 
363 
363 
363 
363 
363 
363 
363 
363.006 
1154.05 
4190.77 
363 
363 
2306.97 
363 
4012.87 
363 
363 
363 
363 
363 
363 
5015.9 
4142.05 
363 
363 
363 
363 
422.495 
363 
363 
363 
363 
363 
363 
3094.67 
363 
363 
363 
3230.19 
363 
363 
363 
363 
363 
363 
363 
363 
389.478 
363 
363 
363 
363 
1310.61 
363 
378.614 
363 
363 
363 
453.342 
363.669 
363.01 
1942.18 
4037.41 
363 
363.001 
363.005 
4680.43 
363 
363 
363 
450.589 
363 
1078.05 
363 
1710.36 
363 
363 
363.003 
363.421 
363 
363 
363.011 
363 
363 
363 
363 
363 
363 
363 
363 
363 
363 
12154.5 
363 
363 
363 
363 
363 
363.002 
3729.08 
363 
363 
2369.29 
4300.05 
363 
363.007 
363 
363 
363 
363 
363 
3203.46 
363 
363 
370.219 
4165.54 
363 
363 
384.61 
3213.39 
363.017 
363 
363 
1694.21 
363 
363 
363.001 
363 
363 
416.859 
4394.25 
363 
4588.26 
3159.71 
363 
363 
4632.38 
363.57 
363 
363 
363 
3086.71 
363 
371.035 
363 
363 
363 
363 
363 
7660.83 
3820.53 
8772.74 
363.102 
363 
363 
3134.28 
7679.35 
363 
6132.12 
947.167 
363 
363 
363 
504.88 
363 
363 
363.17 
363 
363 
366.315 
401.494 
363 
363 
363 
363 
363 
363.471 
363 
8924.14 
363.011 
363 
1406.55 
5204.71 
363 
363 
363 
396.882 
363 
888.671 
363 
4206.58 
363 
3201.07 
363 
363 
363 
1253.04 
363 
363 
363 
363 
363 
363 
363 
363 
363.003 
363 
368.134 
6963.36 
363 
7321.16 
363 
363 
363.002 
363 
363 
404.01 
363 
363 
363 
363.385 
635.659 
766.673 
363 
363 
363 
363 
363 
363 
363 
363 
371.254 
363 
363 
363 
363 
363 
363 
363.001 
445.79 
14758.7 
3166.22 
363 
6042.61 
363 
363.009 
363 
524.034 
363 
3451.09 
3085.88 
363 
363 
363 
363.002 
363.419 
4957.86 
363 
363.044 
9572.28 
363 
363 
363 
363 
407.614 
363 
363 
363 
363 
487.385 
363 
363 
363 
363 
363.05 
363 
363 
437.073 
363 
363 
363 
363 
10199 
363.001 
13968.8 
363 
363 
674.468 
363 
363 
363 
363 
363 
363 
363 
363 
8667.57 
363 
363 
8391.7 
363 
363 
363 
363 
363 
3317.09 
363 
363.01 
5663.12 
363 
363 
417.929 
363 
377.114 
363.104 
363 
363 
363 
363 
363 
363 
363 
363 
363 
363 
363 
3108.92 
363 
363 
363 
363 
5775.56 
363 
363 
363 
363 
363 
363 
363 
363 
363.158 
3139.64 
6137.96 
363 
363.036 
363 
363 
363 
363 
363 
363 
363 
363 
430.155 
363 
363 
573.16 
363 
2268.64 
363 
364.228 
363 
363 
363.02 
363 
9160.05 
363 
363 
468.142 
363 
363 
363 
363 
363 
1684.16 
363 
363 
363 
1899.61 
557.539 
364.688 
800.911 
363.066 
363 
363 
364.499 
363 
363 
363 
363 
414.023 
363 
363.017 
363 
363 
363 
363 
363 
363.123 
363 
5842.33 
363 
363 
363 
363 
363 
363 
363 
363.011 
363 
363 
5455.72 
363 
363 
363 
365.175 
363 
363 
694.547 
363 
363 
5648.22 
8884.18 
363 
363 
363 
363 
363 
363 
363 
363 
363 
363 
3122.89 
363 
3712.45 
441.547 
363 
363 
363 
363 
363.021 
363 
363 
363.004 
5437.84 
363 
537.595 
363 
363 
363 
363 
3133.54 
2245.72 
363 
363 
1236.47 
6587.73 
363 
363 
6609.86 
13137.8 
5228.93 
363 
363 
3152.82 
363 
559.459 
363 
363 
363 
363 
363 
363 
