4963.68 
370.734 
4465.1 
363 
363.001 
363.146 
5276.97 
6071.3 
363.5 
4656.35 
493.238 
7400.4 
363 
1906.79 
3718.83 
380.334 
363.001 
363.021 
4298.32 
363.978 
363 
363.001 
3733.87 
380.749 
795.953 
363 
363 
939.102 
363.047 
363 
4674.98 
5643.5 
493.617 
363 
363 
3585.18 
363 
3308.75 
3180.18 
3671.53 
8913.58 
363 
363.258 
364.123 
363.105 
364.008 
747.628 
3776.37 
363 
363 
3158 
1556.75 
3545.08 
531.673 
371.218 
363.002 
363 
378.157 
4392.35 
3883.29 
5805.38 
363 
363.407 
363 
3208.89 
384.726 
363.002 
18182.6 
363 
363 
366.294 
363.024 
1227.88 
7851.86 
364.672 
363 
3851.5 
363 
11005 
3101.55 
363.003 
363 
363 
363 
363 
373.378 
363 
363 
363 
4926.17 
5731.46 
370.869 
370.115 
9924.12 
363 
364.354 
424.956 
363.364 
3156.96 
965.51 
3683.99 
364.336 
363 
363.003 
3753.91 
2347.6 
7541.51 
1652.66 
409.557 
363 
713.226 
363 
702.591 
2456.29 
3505.93 
363.002 
1545.58 
424.775 
363 
363.005 
363 
4492.13 
363 
753.994 
363 
8193.41 
363 
7917.05 
377.647 
363 
5066.22 
3459.76 
363.042 
365.397 
363 
363 
363.003 
3333.56 
1398.7 
4953.57 
1113.1 
4441.45 
363 
363.007 
369.138 
363 
363 
363 
363 
3159.33 
365.157 
363 
5437.31 
3705.21 
363 
363.196 
372.233 
1717.26 
363.073 
363 
3908.63 
657.002 
363 
9583.07 
6312.7 
363 
363.001 
455.943 
3836.08 
5330.79 
3912.26 
1872.36 
363 
363 
3790.05 
372.972 
363.101 
363.185 
363 
4666.82 
4491.9 
377.447 
10693.6 
7304.65 
363.155 
2696.57 
363 
4890.18 
3362.3 
5391.68 
1729.41 
643.597 
1693.2 
1000.3 
5118.9 
363 
4124.25 
1702.87 
363 
363 
363.006 
516.396 
16484.3 
3283.8 
363.083 
363 
3203.48 
4412.94 
379.932 
363 
363.018 
363 
641.083 
505.325 
5748.58 
5780.71 
4549.07 
363.006 
363 
725.461 
4132.11 
363 
3304.05 
363 
4994.96 
1737.09 
567.698 
363.002 
5473.42 
8446.51 
1179.34 
363 
3088.32 
363 
586.992 
365.925 
363 
519.201 
363 
3149.78 
363.027 
5518.25 
363 
363.001 
363 
365.047 
4359.95 
546.098 
4979.77 
363 
363.076 
363.001 
363 
363.019 
378.193 
363 
363 
363 
1371.1 
452.2 
525.604 
363 
363 
363 
363 
3948.11 
363.016 
363 
364.489 
384.492 
491.562 
3090.65 
363 
374.488 
4045.53 
363 
1195.57 
969.217 
4813.69 
970.066 
363 
4248.01 
8276.01 
3715.19 
363 
5085.59 
363 
3183.94 
1084.52 
363 
363 
363 
363.001 
363.257 
3887.14 
363.003 
363.011 
4602.43 
363 
364.781 
365.066 
5455.08 
379.982 
363 
664.959 
439.963 
4527.16 
422.559 
2084.93 
363 
595.021 
363 
363.025 
363 
363.846 
397.877 
363.235 
571.801 
363 
2210.49 
4819.52 
824.864 
5069.99 
363.05 
363 
517.555 
6639.73 
363 
363 
4058.4 
371.251 
363 
363 
3164.22 
5213.94 
363 
363 
4779.8 
363 
363 
363 
3701.44 
5769.72 
4925.26 
363 
363.004 
4076.43 
363 
363 
1557.81 
473.871 
604.624 
363.041 
363 
363 
3750.59 
363 
1274.21 
363 
5785.64 
1500.49 
363 
363 
12806.3 
1060.76 
363 
363 
363 
363 
4044.86 
363 
363 
363 
363 
363 
1470.83 
368.05 
363 
363.063 
4335.46 
4342.34 
363 
363.014 
693.83 
363 
466.596 
376.846 
363 
488.165 
1717.79 
6366.55 
427.355 
363.198 
363.002 
685.23 
7865.69 
5335.64 
371.687 
5146.53 
363 
363 
4244.96 
363.001 
5070.95 
6448.02 
3136.54 
402.432 
4309.74 
363 
363 
363 
369.116 
654.512 
363 
8978.37 
363 
4595.99 
521.882 
363.624 
581.044 
383.239 
1809.97 
363 
726.517 
363 
363 
8024.62 
396.494 
387.299 
363 
363.006 
363 
363.165 
1733.98 
363.004 
902.907 
363.045 
1727.69 
4925.33 
364.488 
6052.14 
3783.92 
363.001 
518.518 
363 
363.016 
363.475 
363 
363.009 
4087.42 
738.002 
3931.37 
363 
363.761 
363 
363 
837.058 
363 
2196.59 
4761.77 
4795.45 
5451.17 
366.943 
5626.5 
363 
363.054 
363.232 
409.677 
363 
365.43 
407.968 
941.524 
4156.01 
3347.73 
3242.57 
8067.64 
6582.28 
363 
364.244 
410.363 
363 
363.124 
5027.59 
4156.06 
363 
5314.21 
363 
363 
363 
363 
871.136 
810.291 
363 
363 
583.086 
4894.73 
363 
363 
4349.35 
4746.58 
3899.35 
363 
3846.38 
1697.41 
363 
504.597 
363 
363.018 
648.74 
363 
3290.35 
363 
