363 
364.627 
8271.92 
363 
363 
363 
8124.3 
372.942 
363.476 
1625.76 
363 
363 
363 
363 
4501.38 
391.676 
363 
363.043 
5591.92 
363 
363 
363 
363 
363 
363 
363 
363 
364.494 
363.001 
363 
363 
13262.7 
363 
363 
363 
363 
363 
3792.55 
363 
363 
363 
363 
363 
363 
363 
363.046 
1125.32 
4216.67 
363 
363 
3123.24 
363.003 
4023.32 
363 
363 
363 
363 
363 
363 
4940.01 
6888.62 
363 
363 
363 
363.01 
420.147 
363.001 
363 
363 
363 
363 
363 
3087.94 
363 
363.003 
363 
3581.04 
363 
363 
363 
363 
363 
363 
363 
363 
388.482 
363 
363 
363 
363 
3111.25 
363 
378.12 
363 
363 
363 
454.212 
363.652 
363.395 
1851.2 
4021.17 
363 
363.001 
363.005 
4622.6 
363 
363 
363 
451.477 
363 
1059.37 
363 
1688.36 
363 
363 
363.003 
370.308 
363 
363 
363.011 
363 
363 
363 
363 
363 
363 
363 
363 
363 
363 
10665.1 
363 
363 
363 
363 
363 
363.003 
3709.13 
363 
363 
3093.72 
5392.56 
363 
363.007 
363 
363 
363 
363 
363 
3336.26 
363 
363 
535.566 
4142.06 
363 
363 
383.871 
3204.21 
363.023 
363 
363 
1670.67 
363 
363 
363.07 
363 
363 
421.87 
4364.72 
363 
4845.18 
3189.37 
363 
363 
4581.81 
364.502 
363 
363 
363 
3272.87 
363.002 
371.589 
363 
363 
363 
363 
363 
7386.8 
3796.76 
8412.07 
364.958 
363 
363 
3122.04 
7446.97 
363 
5953.83 
1899.76 
363 
363 
363 
509.552 
363 
363 
363.173 
363 
363 
427.113 
401.87 
363 
363 
363 
363 
363 
381.062 
363 
8254.01 
363.011 
363 
1346.46 
5481.87 
363 
363 
363 
900.922 
363 
993.084 
363 
6794.92 
363 
3189.88 
363 
363 
363 
1181.87 
363 
363 
363 
363 
363 
363 
363 
363 
363.003 
363 
367.944 
6696.3 
363 
7117.2 
363 
363 
363.002 
363 
363 
402.372 
363 
363 
363 
368.788 
622.761 
750.518 
363 
363 
363 
363 
363 
363 
363 
363 
383.224 
363 
363 
363 
363 
363 
363 
363.009 
695.928 
13048.9 
3152.97 
363 
5896.67 
363 
363.413 
363 
1843.62 
363 
3438.41 
2957.69 
363 
363 
363 
363.002 
363.571 
4887.91 
363 
363.041 
8727.32 
363 
363 
363 
363 
405.878 
363 
363 
363 
363 
483.642 
363 
363 
363 
363 
363.056 
363 
363 
434.811 
363 
363.001 
363 
363 
9480.66 
363.022 
16251.4 
363 
363 
666.519 
363.001 
363 
363 
363 
363 
363 
363 
363 
8282.66 
363 
363 
7943.73 
363 
363 
363 
363 
363 
4080.55 
363 
363.01 
5540.15 
363 
363 
771.495 
363 
428.468 
363.1 
363 
363 
363 
363 
363 
363 
363 
363 
363 
363 
363 
3111.97 
363 
363 
363 
363 
5633.89 
363 
363 
363 
363 
363 
363 
363 
363 
363.152 
3425.09 
5993.71 
363 
363.035 
363 
363 
363 
363 
363 
363 
363 
363 
467.667 
363 
363 
882.459 
363 
3241.41 
363 
373.108 
363 
363 
363.861 
363 
8623.14 
363 
363 
463.951 
363 
363 
363 
363 
363 
1661.36 
363 
363 
363 
3161.4 
613.32 
364.621 
783.82 
363.564 
363 
363 
376.058 
363 
363 
363 
363 
421.118 
363 
363.016 
363 
363 
363 
363.001 
363 
363.118 
363 
7722.34 
363 
363.009 
363 
363 
363 
363 
363 
363.061 
363 
363 
5357.8 
363.002 
363 
363 
365.196 
363 
363 
1310.16 
363 
363 
6745.42 
8358.08 
363 
363 
363 
363 
363 
363 
363 
363 
363 
363 
3112.12 
363 
3694.45 
1099.17 
363 
363 
363 
363 
363.264 
363 
363 
363.243 
5349.64 
363 
2213.59 
363 
363 
363 
363 
3120.53 
2040.28 
363 
363 
1167.37 
8255.97 
363 
363 
6856.47 
11009.2 
5132.99 
363 
363 
3210.65 
363 
560.131 
363 
363 
363 
363 
363 
363 
