363 
363 
3085.54 
363 
363 
363 
19602.2 
363 
363 
363 
363 
363 
363 
363 
5173.08 
363.011 
363 
363 
363 
363 
363 
363 
363 
363 
363 
363 
363 
363 
363 
363 
363 
363.048 
363 
363 
363 
363 
363 
4125.43 
363 
363 
363 
363 
363 
363 
363 
363 
583.721 
363.015 
363 
363 
363 
363 
363.009 
363 
363 
363 
363 
363 
363 
5362.17 
363 
363 
363 
363 
363 
363.002 
363 
363 
363 
363 
363 
363 
991.551 
363 
363 
363 
363 
363 
363 
363 
363 
363 
363 
363 
363 
394.128 
363 
363 
363 
363 
363 
363 
366.788 
363 
363 
363 
363 
363.825 
363 
2907.15 
369.185 
363 
363.001 
363 
3220.89 
363 
363 
363 
363 
363 
1000.93 
363 
437.352 
363 
363 
363 
363 
363 
363 
363.014 
363 
363 
363 
363 
363 
363 
363 
363 
363 
363 
382.974 
363 
363 
363 
363 
363 
363 
3489.08 
363 
363 
363 
363 
363 
363.003 
363 
363 
363 
363 
363 
363 
363 
363 
363 
3554.66 
363 
363 
392.434 
3294.94 
363 
363 
363 
3106.24 
363 
363 
363 
363 
363 
363.807 
4635.53 
363 
363 
363 
363 
363 
5187.76 
363 
363 
363 
363 
363 
363 
363.916 
363 
363 
363 
363 
363 
3085.75 
4079.24 
962.144 
363 
363 
363 
3260.4 
14185.6 
363 
4497.6 
363 
363 
363 
363 
387.536 
363 
363 
363 
363 
363 
363 
363 
363 
363 
363 
363 
363 
363 
363 
719.546 
363 
363 
363.005 
363 
363 
363 
363 
363 
363 
363 
363 
363 
363 
363.044 
363 
363 
363 
369.107 
363 
363 
363 
363 
363 
363 
363 
363 
363 
363 
364.151 
8081.55 
363 
12213.4 
363 
363 
363 
363 
363 
423.453 
363 
363 
363 
363 
779.936 
367.655 
363 
363 
363 
363 
363 
363 
363 
363 
363 
363 
363 
363 
363 
363 
363 
363 
363 
363.004 
1036.05 
363 
4088.35 
363 
363 
363 
363 
363 
1749.11 
3159.58 
363 
363 
363 
363 
363 
5914.24 
363 
363 
510.25 
363 
363 
363 
363 
428.086 
363 
363 
363 
363 
493.753 
363 
363 
363 
363 
363 
363 
363 
462.515 
363 
363 
363 
363 
363.217 
363 
363 
363 
363 
363.002 
363 
363 
363 
363 
363 
363 
363 
363 
3327.99 
363 
363 
4449.48 
363 
363 
363 
363 
363 
363 
363 
363.014 
5656.42 
363 
363 
363 
363 
363 
363.149 
363 
363 
363 
363 
363 
363 
363 
363 
363 
363 
363 
363 
363 
363 
363 
363 
8912.28 
363 
363 
363 
363 
363 
363 
363 
363 
363.028 
363 
9159.43 
363 
363.017 
363 
363 
363 
363 
363 
363 
363 
363 
363 
363 
363 
363 
363 
363 
363 
363 
363 
363 
363 
363 
3405.56 
363 
363 
372.408 
363 
363 
363 
363 
363 
363.608 
363 
363 
363 
363 
363 
363.001 
1100.78 
363 
363 
363 
363 
363 
363 
363 
363 
363 
363 
363.002 
363 
363 
363 
363 
363 
363.18 
363 
363 
363 
363 
363 
363 
363 
363 
363 
363 
363 
363 
7005.54 
363 
363 
363 
363 
363 
363 
363 
363 
363 
363 
366.289 
363 
363 
363 
363 
363 
363 
363 
363 
363 
363 
3202.34 
363 
402.615 
363 
363 
363 
363 
363 
363 
363 
363 
363 
6679.31 
363 
363 
363 
363 
363 
363 
371.131 
3163.27 
363 
363 
2044 
363 
363 
363 
363.001 
408.112 
4434.6 
363 
363 
363 
363 
480.781 
363 
363 
363 
363 
363 
363 
