363 
363 
363 
363 
363 
363 
2970.52 
363 
363 
363 
363 
363 
363 
363 
3930.59 
363 
363 
363 
363 
363 
363 
363 
363 
363 
363 
363 
363 
363 
363 
363 
363 
363 
363 
363 
363 
363 
363 
3501.32 
363 
363 
363 
363 
363 
363 
363 
363 
363.016 
363 
363 
363 
363 
363 
363 
363 
363 
363 
363 
363 
363 
1748.94 
363 
363 
363 
363 
363 
363 
363 
363 
363 
363 
363 
363 
363.003 
363 
363 
363 
363 
363 
363 
363 
363 
363 
363 
363 
363 
363.306 
363 
363 
363 
363 
363 
363 
363 
363 
363 
363 
363 
363.064 
363 
367.294 
363 
363 
363 
363 
363.385 
363 
363 
363 
363 
363 
365.078 
363 
363 
363 
363 
363 
363 
363 
363 
363.001 
363 
363 
363 
363 
363 
363 
363 
363 
363 
363 
363 
363 
363 
363 
363 
363 
363 
420.949 
363 
363 
363 
363 
363 
363 
363 
363 
363 
363 
363 
363 
363 
363 
363 
388.836 
363 
363 
365.705 
1742.21 
363 
363 
363 
617.079 
363 
363 
363 
363 
363 
363 
3116.75 
363 
363 
363 
363 
363 
3190.97 
363 
363 
363 
363 
363 
363 
363.001 
363 
363 
363 
363 
363 
363.002 
3444.69 
363 
363 
363 
363 
3144.14 
3359.74 
363 
386.161 
363 
363 
363 
363 
363.011 
363 
363 
363 
363 
363 
363 
363 
363 
363 
363 
363 
363 
363 
363 
363 
363 
363 
363 
363 
363 
363 
363 
363 
363 
363 
363 
363 
363 
363 
363 
363 
363 
363 
363 
363 
363 
363 
363 
363 
363 
363 
363 
363 
363 
564.169 
363 
3424.5 
363 
363 
363 
363 
363 
388.915 
363 
363 
363 
363 
380.351 
363 
363 
363 
363 
363 
363 
363 
363 
363 
363 
363 
363 
363 
363 
363 
363 
363 
363 
363 
363.001 
363 
375.464 
363 
363 
363 
363 
363 
363.007 
1711.46 
363 
363 
363 
363 
363 
4059.13 
363 
363 
363 
363 
363 
363 
363 
390.393 
363 
363 
363 
363 
363.944 
363 
363 
363 
363 
363 
363 
363 
397.646 
363 
363 
363 
363 
363 
363 
363 
363 
363 
363 
363 
363 
363 
363 
363 
363 
363 
363 
363.091 
363 
363 
364.125 
363 
363 
363 
363 
363 
363 
363 
363.005 
896.871 
363 
363 
363 
363 
363 
363.031 
363 
363 
363 
363 
363 
363 
363 
363 
363 
363 
363 
363 
363 
363 
363 
363 
5086.35 
363 
363 
363 
363 
363 
363 
363 
363 
363 
363 
6736.62 
363 
363 
363 
363 
363 
363 
363 
363 
363 
363 
363 
363 
363 
363 
363 
363 
363 
363 
363 
363 
363 
363 
363.055 
363 
363 
363 
363 
363 
363 
363 
363 
363 
363 
363 
363 
363 
363 
363 
703.834 
363 
363 
363 
363 
363 
363 
363 
363 
363 
363 
363 
363 
363 
363 
363 
363 
363.077 
363 
363 
363 
363 
363 
363 
363 
363 
363 
363 
363 
363 
4869.14 
363 
363 
363 
363 
363 
363 
363 
363 
363 
363 
363 
363 
363 
363 
363 
363 
363 
363 
363 
363 
363 
689.509 
363 
363 
363 
363 
363 
363 
363 
363 
363 
363 
363 
3465.45 
363 
363 
363 
363 
363 
363 
363 
3101.36 
363 
363 
1660.61 
363 
363 
363 
363 
363 
450.462 
363 
363 
363 
363 
370.086 
363 
363 
363 
363 
363 
363 
