363 
371.385 
7304.63 
363 
363 
363 
7593.98 
2811.51 
363.792 
3337.63 
363 
363 
363 
363 
4407.38 
390.471 
363 
363.045 
6276.5 
363 
363 
363 
363 
363 
363 
363 
363 
441.896 
363.022 
363 
363 
10631.5 
363 
363 
363 
363 
363 
3740.02 
363 
363 
363 
363 
363 
363 
363 
363.658 
1073.31 
4179.76 
363 
363 
3353.1 
365.117 
3978.63 
363 
363 
363 
363 
363 
363 
4800.93 
14431 
363 
363 
363 
371.484 
415.605 
363.001 
363 
363 
363 
363 
363 
2753.03 
363 
363.173 
363 
4460.15 
363 
363 
363 
363 
363 
363 
363 
363 
386.601 
363 
363 
363 
363 
4391.08 
363 
377.179 
363 
363 
363 
452.012 
363.621 
480.41 
1739.57 
3987.67 
363 
363.001 
363.005 
4514.92 
363 
363.001 
363.005 
447.287 
363 
1026.76 
363 
1626.62 
363 
363.09 
363.003 
838.271 
363 
363 
363.01 
363 
363.028 
363 
363 
363 
363 
363 
363 
363 
363 
8935.66 
363 
363 
363 
363 
363 
363.003 
3670.47 
363 
363 
3125.1 
6457.95 
363 
363.008 
363 
363 
363 
363 
363 
3470.84 
363 
363 
3192.4 
4096.65 
363 
363 
382.468 
3186.16 
363.035 
363 
363 
1488.15 
363 
363 
449.464 
363 
363.001 
431.16 
4307.94 
363 
4837.98 
3192.88 
363 
363 
4486.89 
366.79 
363 
363 
363 
5005.96 
366.35 
372.604 
363 
363 
363 
363 
363 
6937.58 
3750.91 
7836.12 
585.451 
363.001 
363 
3098.11 
7054.93 
363 
5651 
3120.71 
363 
363 
363 
516.732 
363 
363 
363.164 
363 
363 
3081.11 
399.514 
363 
363 
363 
363 
363 
3086.87 
363.049 
7343.5 
363.01 
363 
1214.05 
5404.96 
363 
363 
363 
3257.38 
363 
976.51 
363 
12957.7 
363 
3164.86 
363 
363 
363 
1068.04 
363.006 
363 
363 
363 
363 
363 
363 
363 
363.002 
363 
367.587 
6264.22 
363 
6768.66 
363 
363 
363.002 
363 
363 
399.293 
363 
363 
363 
499.435 
599.053 
720.674 
363 
363 
363 
363 
363 
363 
363 
363 
405.756 
363 
363 
363 
363 
363 
363 
365.221 
1670.15 
9871.05 
3127.1 
363 
5642.17 
363 
533.445 
363 
3818.33 
363 
3413.59 
2334.63 
363 
363 
363 
363.002 
363.629 
4758.97 
363.002 
363.037 
7639.2 
363 
363 
363 
363 
402.613 
363 
363 
363.002 
363 
476.512 
363 
363 
363 
363 
363.055 
363 
363 
430.499 
363 
363.25 
363 
363 
8210.29 
366.228 
13055.7 
363 
363 
648.893 
365.789 
363 
363 
363 
363 
363 
363 
363 
7679.04 
363 
363 
7271.77 
363 
363 
363 
363 
363 
7122.81 
363 
363.009 
5322.82 
363 
363 
3083.04 
363 
736.079 
363.093 
363 
363 
363.267 
363 
363 
363 
363 
363 
363 
363 
363 
3095.36 
363 
363 
363 
363 
5387.33 
363 
363 
363 
363 
363 
363 
363 
363 
363.141 
4740.11 
5741.28 
363 
363.032 
363 
363 
363 
363 
363 
363 
363 
363 
493.439 
363 
363 
1418.91 
363 
6649.08 
363 
1224.4 
363 
363 
704.835 
363 
7838.09 
363 
363 
456.087 
363 
363 
363 
363 
363 
1441.04 
363 
363 
363 
4461.45 
631.789 
364.495 
753.974 
372.736 
363 
363 
593.542 
363 
363 
363 
363 
419.975 
363 
363.015 
363 
363 
363 
363.001 
363 
363.109 
363 
8730.3 
363.041 
385.096 
363 
363 
363 
363 
363 
363.489 
363 
363.001 
5181.13 
363.332 
363 
363 
365.028 
363 
363 
1893.96 
363 
363 
7123.12 
7541.35 
363 
363 
363 
363 
363.003 
363 
363 
363 
363 
363 
3090.99 
363 
3659.27 
3147.25 
363 
363 
363 
363.003 
372.386 
363 
363.005 
535.52 
5188.98 
363 
4434.38 
363 
363 
363 
363 
3095.09 
1770.25 
363 
363 
1056.37 
8628.03 
363 
363 
6499.32 
8802.46 
4960.26 
363 
363.001 
3242.06 
363 
559.501 
363 
363 
363 
363 
363 
363 
