4577.92 
369.299 
4120.84 
363.047 
363.001 
363.118 
4920.91 
5326.7 
363.417 
4401.7 
695.247 
6240.95 
4864.6 
1677.54 
3559.27 
377.766 
363 
363.017 
3996.44 
363.832 
363 
3087.31 
3570.64 
377.533 
846.797 
363 
363 
815.255 
363.035 
363.005 
8078.81 
5172.71 
469.518 
3523.8 
363 
3485.91 
363 
3197.2 
3089.51 
3691.07 
6886.82 
363 
363.216 
363.892 
366.502 
363.735 
683.277 
3666.93 
4403.75 
365.054 
2448.3 
1092.39 
3431.01 
1025.68 
406.081 
363.001 
363 
380.649 
4256.73 
3689.73 
5246.05 
364.489 
1709.34 
365.655 
3133.38 
378.989 
363.002 
8641.39 
363 
363 
365.695 
363.35 
998.756 
6390.3 
364.309 
363 
3659.88 
363 
6683.74 
1794.64 
363.002 
363 
3105.06 
363 
363 
370.798 
363 
364.462 
363.001 
6920.44 
5222.2 
578.541 
368.596 
7454.85 
363 
7799.15 
416.47 
363.302 
2294.74 
827.936 
3597.15 
364.126 
363 
363.002 
3583.25 
8284.51 
6440.61 
1172.42 
400.917 
363 
638.652 
363 
609.538 
1699.55 
3396.21 
363.001 
1104.92 
4096.33 
363 
363.004 
363 
4311.63 
363 
660.386 
363 
6620.25 
363 
7779.37 
373.726 
363 
4656.73 
9202.29 
363.034 
364.796 
363.004 
363 
363.002 
3240.94 
13499.8 
4490.92 
863.041 
4127.16 
363 
363.006 
370.799 
363 
363 
363 
363 
2527.9 
11557.2 
363 
4836.58 
3598.83 
363 
3932.53 
370.121 
1383.12 
363.069 
363 
4258.33 
571.383 
363 
8460.91 
5545.22 
363 
363 
452.341 
3712.55 
8751.29 
3716.7 
1667.36 
363 
363 
3628.25 
373.138 
363.077 
15702.4 
363 
4292.28 
4221.05 
377.385 
7489.46 
5844.99 
363.132 
1722.07 
1524.2 
4566.23 
3258.53 
5023.3 
1355.14 
570.64 
1373.78 
858.742 
4794.7 
363 
3864.43 
1355.58 
363 
363 
363.004 
498.406 
7452.62 
3218.72 
363.066 
363 
3979.79 
4095.01 
375.963 
363 
363.022 
363 
553.235 
3903.38 
5065.21 
4964.87 
4202.24 
363.005 
363.002 
670.289 
3893.77 
363 
3225.72 
363 
4600.87 
7004.88 
509.489 
378.585 
4953.74 
6312.48 
883.84 
363 
1735.43 
363 
522.651 
365.191 
363 
1943.27 
363 
3249.27 
3113.84 
5380.54 
363 
363.001 
363.039 
364.545 
4065.31 
499.747 
4671.56 
363 
363.063 
363.001 
638.65 
363.014 
374.227 
363 
363 
363 
1164.15 
427.298 
488.552 
363 
363 
363 
363 
4153.03 
363.027 
730.892 
3131.74 
379.221 
499.625 
3903.79 
363.406 
381.244 
3824.04 
3107.35 
942.193 
822.344 
4397.37 
765.168 
363 
3995.49 
6211.71 
3540.3 
363.001 
4545.54 
363 
3116.61 
900.004 
363 
363 
363 
363.001 
363.188 
3699.23 
363.003 
363.007 
4244.01 
363 
7681.13 
366.376 
5703.89 
375.654 
363 
3151.81 
421.696 
4180.85 
410.696 
1477.2 
363 
671.397 
363 
363.018 
363 
951.21 
390.747 
363.175 
525.905 
363 
1653.05 
4437.92 
765.635 
4603.31 
370.187 
363 
488.803 
5713.44 
363.002 
363.006 
3829.9 
372.034 
363 
363 
2670.76 
4851.63 
363 
363.055 
4434.95 
363 
363 
363 
3556.8 
5013.31 
4510.73 
363 
363.003 
3842.37 
363 
376.317 
1076.41 
447.426 
540.124 
363.031 
363 
363.084 
3578.17 
363 
918.241 
363 
4990.26 
1708.08 
3321.66 
363 
8280.8 
913.289 
947.251 
363 
363 
363 
3802.78 
363 
363 
363 
363 
363 
1006.8 
371.39 
363 
363.047 
4088.21 
4086.69 
363 
363.011 
603.135 
3688.84 
441.535 
374.438 
363 
469.006 
1196.78 
5311.83 
413.197 
363.266 
5504.72 
594.318 
6131.93 
4780.46 
369.612 
4754.78 
363 
363 
3967.11 
363.001 
4699.67 
5373.33 
4610.79 
392.321 
4013.51 
363 
363 
363 
1299.18 
570.389 
363 
6377.26 
363 
4224.16 
493.217 
363.46 
539.525 
378.29 
1274.52 
363 
631.878 
363 
363 
5912.08 
3090.14 
381.078 
363 
363.004 
421.756 
363.151 
1474.39 
363.004 
743.076 
363.034 
1674.32 
4520.66 
364.174 
5242.89 
3627.32 
363.001 
5997.55 
363 
751.213 
363.352 
363 
363.01 
3868.87 
637.369 
8991.44 
363 
363.543 
438.352 
1130.36 
693.759 
363 
1735.71 
4421.9 
4438.25 
4846.54 
3353.94 
5015.72 
363 
363.042 
363.266 
398.02 
363 
366.926 
395.613 
760.323 
3892.76 
3260.59 
3136.22 
5990 
5521.36 
363 
364.053 
398.841 
363 
363.124 
4538.51 
3942.98 
363 
4710.11 
363 
363 
363 
363 
705.889 
686.023 
363 
363 
519.617 
4495.27 
363 
372.731 
4040.73 
4352.29 
3688.69 
363 
3647.87 
1331.99 
363 
482.517 
363 
363.014 
685.473 
363 
4796.68 
363 
