4742.8 
369.932 
4268.11 
363.016 
363.001 
363.13 
5074.91 
5626.91 
363.454 
4513.58 
731.194 
6686.65 
460.637 
1723.45 
3630.36 
378.913 
363.001 
363.019 
4126.67 
363.897 
363 
481.153 
3643.3 
379.074 
827.677 
363 
363 
867.576 
363.041 
363.001 
10147.7 
5372.4 
480.12 
458.469 
363 
3530.89 
363 
3247.43 
3130.58 
3753.17 
7585.5 
363 
363.235 
363.993 
366.229 
363.851 
711.453 
3716.45 
527.059 
363.019 
3108.22 
1252.04 
3482.45 
1175.33 
410.022 
363.002 
363 
379.802 
4334.36 
3775.27 
5479.45 
363.118 
957.75 
363.108 
3167.76 
381.447 
363.002 
10787.2 
363 
363 
365.959 
363.348 
1090.28 
6928.19 
364.468 
363 
3744.58 
363 
7808.12 
2368.73 
363.003 
363 
393.365 
363 
363 
371.91 
363 
363.007 
363 
8169.94 
5436.74 
529.182 
369.26 
8276.6 
363 
3318.23 
420.349 
363.329 
3104.77 
885.581 
3636.68 
364.219 
363 
363.003 
3659.07 
7054.74 
6870.25 
1342.58 
404.725 
363 
671.222 
363 
648.543 
1815.95 
3445.73 
363.001 
1259 
3389.55 
363 
363.005 
363 
4392.25 
363 
700.086 
363 
7193.99 
363 
10861.3 
375.388 
363 
4831.03 
13165.9 
363.038 
365.079 
363.004 
363 
363.003 
3282.92 
10664.2 
4684.79 
959.607 
4262.64 
363 
363.007 
370.238 
363 
363 
363 
363 
3110.1 
3536.97 
363 
5082.8 
3646.98 
363 
3091.86 
371.038 
1655.88 
363.071 
363 
4374.97 
607.121 
363 
10797.6 
5855.06 
363 
363.001 
454.424 
3768.24 
13884 
3803.11 
1714.9 
363 
363 
3700.35 
373.137 
363.087 
3289.98 
363 
4451.86 
4339.25 
377.486 
8464.75 
6371.18 
363.142 
1923.48 
363.882 
4706.58 
3305.41 
5182.47 
1657.77 
601.531 
1608.66 
913.364 
4935.63 
363 
3977.5 
1622.97 
363 
363 
363.005 
506.938 
9478.66 
3248.47 
363.073 
363 
4051.56 
4231.86 
377.683 
363 
363.025 
363 
589.568 
3464.09 
5342.17 
5285.71 
4350.74 
363.005 
363 
693.199 
3998.14 
363 
3261.38 
363 
4769.01 
5796.94 
534.017 
367.186 
5171.02 
7102.26 
994.568 
363 
2082.41 
363 
549.695 
365.507 
363 
2524.05 
363 
3284.52 
1073.87 
5843 
363 
363.001 
363 
364.762 
4192.81 
519.563 
4805.78 
363 
363.069 
363.001 
366.68 
363.016 
375.928 
363 
363 
363 
1236.01 
437.878 
504.569 
363 
363 
363 
363 
4291.88 
363.03 
377.147 
2508 
381.496 
509.924 
3876.04 
363.19 
383.773 
3924.94 
365.436 
1038.61 
883.335 
4573.37 
845.747 
363 
4105.83 
6899.79 
3617.85 
363.001 
4768.16 
363 
3147.34 
975.112 
363 
363 
363 
363.001 
363.217 
3782.42 
363.003 
363.009 
4397.17 
363 
3344.81 
365.769 
6197.41 
377.515 
363 
3148.03 
429.591 
4329.09 
415.898 
1704.8 
363 
640.434 
363 
363.021 
363 
541.254 
393.87 
363.201 
545.791 
363 
1726.47 
4600.69 
794.631 
4799.2 
368.429 
363 
501.435 
6078.34 
363.001 
363 
3930.16 
371.823 
363 
363 
3114.24 
5007.97 
363 
363 
4583.32 
363 
363 
363 
3621.52 
5314.9 
4686.46 
363 
363.004 
3944.9 
363 
363.048 
1238.86 
458.829 
567.445 
363.036 
363 
363.008 
3654.72 
363 
1046.67 
363 
5304.64 
1962.85 
462.751 
363 
12751.4 
969.88 
363.385 
363 
363 
363 
3908.53 
363 
363 
363 
363 
363 
1164.42 
372.302 
363 
363.054 
4196.54 
4198.46 
363 
363.012 
641.236 
403.529 
452.341 
375.505 
363 
482.202 
1506.13 
5712.28 
419.358 
363.235 
1680.79 
632.338 
6839.81 
5009.93 
370.51 
4922.48 
363 
363 
4087.66 
363.001 
4859.17 
5780.75 
4632.38 
396.664 
4141.53 
363 
363 
363 
1112.18 
605.553 
363 
7182.67 
363 
4382.45 
505.65 
363.531 
557.785 
380.426 
1659.68 
363 
671.72 
363 
363 
6597.73 
3083.64 
383.751 
363 
363.005 
363.023 
363.17 
1683.03 
363.004 
808.009 
363.039 
1740.78 
4692.63 
364.312 
5564.33 
3697.21 
363.001 
4146.7 
363 
425.795 
363.405 
363 
363.01 
3965.04 
679.383 
13569.7 
363 
363.635 
363.031 
363.311 
752.221 
363 
2319.82 
4568.26 
4591.49 
5124.65 
3115.38 
5266.65 
363 
363.047 
363.309 
403.039 
363 
366.269 
400.88 
832.708 
4007.31 
3300.15 
3184.16 
6671.02 
5926.73 
363 
364.123 
403.814 
363 
363.125 
4742.46 
4036.98 
363 
4956.7 
363 
363 
363 
363 
772.207 
737.507 
363 
363 
546.288 
4665.23 
363 
363.014 
4173.74 
4519.69 
3781.35 
363 
3735.43 
1538.31 
363 
492.582 
363 
363.016 
671.241 
363 
4946.59 
363 
