363 
375.15 
6026.6 
363 
363 
363.182 
6695.56 
16762.4 
363.745 
5507.72 
363 
1450.07 
363 
363 
4202.23 
387.677 
363 
363.038 
5537.42 
363 
363 
363 
363 
363 
363.609 
363 
363 
1572.61 
363.09 
363 
363 
8034.8 
363.036 
363 
363 
363 
363 
3620.09 
575.194 
363 
363 
363 
363 
363 
363 
365.036 
967.144 
4070.92 
363 
363 
3401.89 
3083.62 
3859.53 
363 
363 
363 
363 
363.023 
363 
4510.63 
9572.99 
363 
363 
363 
3231.42 
405.784 
363.002 
363 
363 
363 
363.045 
363 
1923.79 
363 
365.808 
363 
4471.43 
363 
363 
363 
363 
363 
363 
363 
363 
382.489 
363 
363 
363 
363 
8587.16 
363 
375.076 
363 
363 
363 
445.615 
363.548 
3331.81 
1668.06 
3908.29 
363 
363.001 
363.004 
4283.4 
363 
3174.32 
708.365 
436.358 
363 
942.943 
363 
1172.65 
363 
3142.84 
363.003 
3104.9 
363 
363 
363.009 
363 
3173.22 
363 
363.001 
363 
366.425 
363 
363 
363 
363 
7047.5 
363 
363 
363 
363 
363 
363.004 
3580.25 
363 
458.064 
3079.2 
5742.54 
363 
363.008 
363 
363 
363 
363 
363 
3399.99 
363 
363 
11167.3 
3991.08 
363 
363 
379.363 
3142.68 
363.055 
363 
363 
1091.6 
363 
363 
8361.91 
363 
363.001 
444.086 
4177.72 
363 
4546.73 
3154.68 
363 
363 
4279.53 
369.273 
363.015 
363 
363 
6455.55 
3702.89 
374.661 
363 
363 
363.043 
363.015 
363 
6158.3 
3645 
6876.44 
3154.99 
459.558 
363 
1919.24 
6344.48 
363 
5096.27 
3127.32 
363 
363 
363 
529.605 
363 
364.698 
363.14 
363 
363 
5521.33 
393.523 
363 
363 
363 
363 
363 
14045.8 
3641.62 
6103.83 
363.009 
363 
1003.53 
4971.33 
363 
392.334 
363 
6754.55 
363 
821.671 
363 
8839.49 
363 
3104.99 
363 
363 
363 
876.886 
366.966 
363 
363 
363 
363 
363 
363 
363 
363.002 
363 
366.802 
5528.75 
363.082 
6124.1 
363 
363 
363.002 
363 
363 
392.621 
363 
363 
363 
2554.62 
549.838 
657.825 
363 
363 
363 
363 
363 
363 
363 
363 
403.014 
363 
363 
363 
363 
363 
363 
2392.46 
1689.78 
7038.5 
2409.7 
363 
5155.66 
363 
3910.83 
363 
9909.33 
363 
3354.45 
1747.97 
363 
363 
363 
363.001 
363.514 
4486.93 
363.006 
363.028 
6250.04 
363 
363 
363 
363 
395.508 
363 
363 
405.548 
363.12 
460.56 
363 
363 
363 
363 
363.046 
363.001 
363 
420.844 
363 
613.194 
363 
363 
6614.57 
640.724 
7877.98 
363 
363 
609.62 
7247.46 
363 
363 
363 
363 
363 
363 
363 
6695.61 
363 
363 
6238.82 
363 
363 
363 
363.082 
363 
7049.08 
363 
363.008 
4897.87 
363 
363 
3127.82 
363 
880.2 
363.077 
363 
363 
3235.81 
363 
363 
363 
363.061 
363 
363 
363 
363 
1948.55 
363 
363 
363 
363 
4917.44 
363 
363 
363 
363 
363 
441.241 
363 
363 
363.117 
5200.73 
5255.92 
363 
363.027 
376.847 
363 
380.057 
363 
363 
363 
363 
363.013 
474.925 
363 
363 
1149.3 
363 
10056.8 
367.886 
5947.16 
363 
363 
4670.68 
363 
6668.79 
3090.35 
363 
439.091 
424.839 
363 
363 
363 
363 
1074.39 
363 
363 
363 
6389.42 
598.835 
364.22 
697.957 
400.527 
363 
363 
1188.8 
363 
363 
363 
363 
409.726 
363 
363.012 
363 
363 
363 
363.002 
363 
363.089 
363 
6926.74 
365.341 
9485.07 
363 
363 
363 
363 
363 
363.918 
363 
363.003 
4822.89 
791.61 
363 
363 
364.613 
363 
363 
1704.83 
363 
363 
6184.58 
6358.23 
363 
363 
365.877 
363 
363.092 
363 
363.003 
363 
363.058 
364.819 
1891.79 
363 
3576.71 
3535.59 
363 
363.178 
363 
364.74 
450.165 
363 
363.055 
5864.57 
4857.53 
363 
13018.2 
363 
363 
363 
363 
1829.23 
1647.95 
363 
363 
868.888 
6842.2 
363 
363 
5629.21 
6724.21 
4611.31 
363 
2441.43 
3179.76 
363 
550.781 
363 
363.006 
363.239 
363 
363 
363 
