365.501 
373.451 
5283.32 
363 
363 
363.199 
6062.99 
9083.9 
363.652 
5167.05 
363 
13591.8 
363 
365.686 
4014.35 
384.934 
363.001 
363.031 
4976.4 
363.08 
363 
363 
1742.85 
363 
609.089 
363 
363 
1258 
363.073 
363 
363 
6831.38 
485.184 
363 
363 
2600.43 
363 
3503.88 
3310.02 
363 
2652.31 
363 
363 
363.001 
363 
364.61 
877.243 
3962.91 
363 
363 
3312.63 
2449.55 
3742.91 
363 
363 
363 
363 
367.71 
363.001 
4258.47 
7407.69 
363 
363 
363 
3333.61 
397.113 
363.002 
363 
363 
363 
367.224 
363 
1703.84 
3099.02 
365.393 
363 
4222.45 
363 
363.001 
363 
363 
363 
363 
363 
363 
378.793 
363 
363 
363 
363 
7083.54 
363 
373.123 
364.759 
363 
363 
438.435 
363.478 
3320.08 
1342.88 
3827.66 
363.167 
363.001 
363.004 
4075.15 
363 
14132.4 
2281.74 
426.006 
363 
854.317 
363 
941.268 
364.881 
3694.36 
363.002 
2266.58 
363 
363 
363.008 
363 
4812.64 
363 
532.53 
363 
10340.4 
363 
363 
363.195 
363 
6073.83 
363 
363 
363 
363 
363 
363.004 
3490.25 
363 
5114.09 
1741.52 
5150.95 
363 
363.008 
363.006 
363 
363 
363 
363 
3312.01 
363 
363 
7463.55 
3886.33 
363 
363 
376.519 
3097.37 
363.067 
363 
363 
878.89 
363 
363 
9366.92 
363 
363.001 
450.889 
4050.78 
363 
4291.56 
3114.01 
363 
363 
4089.42 
371.389 
363.151 
363 
363 
5582.28 
5056.78 
376.165 
363.336 
481.372 
363.197 
2626.3 
363 
5597.79 
3540.73 
6210.5 
3114.99 
816.869 
363.004 
1658.81 
5812.25 
363 
4676.28 
3085.18 
363 
363 
363.004 
534.427 
363 
3223.45 
363.118 
363 
363 
5137.12 
388.071 
363 
363 
363 
376.136 
363 
8347.53 
10481.4 
5368.12 
363.008 
363 
870.211 
4619.64 
363 
3344.1 
363 
5948.58 
363 
707.363 
363 
6938.73 
363 
1949.84 
363 
376.199 
363 
744.151 
367.47 
363 
363 
363 
363 
363 
363 
363 
363.002 
363 
366.093 
5008.61 
567.729 
5631.64 
363 
363 
363.001 
363 
363.017 
386.701 
363 
363 
363 
1771.93 
508.414 
603.424 
363 
363 
363 
363 
363 
363 
363 
363 
395.51 
363 
363 
363 
363 
363.001 
363 
1872.96 
1404.86 
5890.59 
1695.26 
363 
4771.34 
363.208 
4047.68 
363 
6809.18 
363 
3293.73 
1663.85 
363 
363 
363 
363.001 
363.408 
4247.67 
363.005 
363.02 
5460.55 
363 
363 
363.297 
363 
389.17 
363 
363 
478.043 
3445.68 
445.685 
363 
363 
363 
363 
363.037 
363.001 
363 
411.842 
363 
667.489 
363 
363.013 
5744.6 
787.576 
6345.16 
363 
363 
573.439 
11942.4 
363 
363 
364.112 
364.186 
363 
363 
1690.82 
6026.15 
363 
363 
5568.18 
363 
363 
363 
3233.68 
3098.47 
5975.56 
363 
363.006 
4554.21 
363 
363 
2706.28 
364.948 
756.585 
363.063 
363 
363 
4075.1 
363 
581.512 
363 
3657.07 
363 
363 
363 
363 
1673.1 
363 
363 
363 
363 
4547.42 
363 
363 
363 
363 
363 
2859.21 
363 
363 
363.095 
4839.29 
4870.23 
363 
363.022 
907.732 
363 
518.869 
363.001 
363 
363 
390.415 
3525.43 
455.946 
363.107 
363 
920.397 
363 
7064.57 
375.97 
6072.9 
363 
363 
4846.52 
363 
5928.08 
16972.6 
363 
424.05 
4379.49 
363 
363 
363 
363 
870.567 
363 
364.769 
363 
5510.01 
569.244 
363.976 
656.209 
393.568 
363.001 
363 
964.573 
363 
363 
404.99 
363 
400.551 
363 
363.009 
363 
363 
363 
363.003 
372.128 
363.071 
363 
5932.44 
365.107 
10088.9 
512.888 
363.001 
363 
363 
363 
363.737 
363 
363.005 
4521.63 
1000.77 
363 
363 
364.255 
363 
363 
1309.36 
363 
363 
5534.06 
5627.71 
363 
363 
4543.53 
363 
363.079 
363 
401.198 
363 
363.331 
433.709 
1657.21 
364.378 
3493.71 
3427.54 
2855.92 
4214.4 
363 
364.876 
434.488 
363 
363.093 
6437.32 
4573.36 
363 
7439.34 
363 
363 
363 
363 
1525.95 
1167.99 
363 
363 
738.15 
5881.25 
363 
363 
5046.74 
5734.86 
4319.04 
363 
4205.19 
3112.2 
363 
536.287 
363 
363.026 
521.585 
363 
363 
363 
