363 
375.651 
6672.66 
363 
363 
363.019 
7179.31 
4653.58 
363.8 
4637.13 
363 
363.038 
363 
363 
4320.67 
389.317 
363 
363.042 
5977.5 
363 
363 
363 
363 
363 
363 
363 
363 
1002.67 
363.075 
363 
363 
9234.69 
363 
363 
363 
363 
363 
3690.21 
363.033 
363 
363 
363 
363 
363 
363 
364.854 
1027.3 
4134.92 
363 
363 
3445.04 
569.213 
3929.36 
363 
363 
363 
363 
363 
363 
4676.13 
12876.4 
363 
363 
363 
1246.6 
411.427 
363.002 
363 
363 
363 
363 
363 
2289.51 
363 
364.388 
363 
4622.54 
363 
363 
363 
363 
363 
363 
363 
363 
384.861 
363 
363 
363 
363 
7985.35 
363 
376.297 
363 
363 
363 
449.497 
363.59 
2968.4 
1709.78 
3955.17 
363 
363.001 
363.005 
4416.49 
363 
366.819 
363.975 
442.728 
363 
997.062 
363 
1389.58 
363 
412.367 
363.003 
2967.06 
363 
363 
363.01 
363 
390.68 
363 
363 
363 
363 
363 
363 
363 
363 
7959.39 
363 
363 
363 
363 
363 
363.003 
3633.33 
363 
363.011 
3112 
6208.74 
363 
363.008 
363 
363 
363 
363 
363 
3451.74 
363 
363 
5737.9 
4053.12 
363 
363 
381.161 
3168.5 
363.044 
363 
363 
1285.37 
363 
363 
3144.5 
363 
363.001 
437.659 
4253.96 
363 
4714.31 
3177.75 
363 
363 
4399.26 
367.98 
363 
363 
363 
6800.56 
1241.42 
373.509 
363 
363 
363 
363 
363 
6580.57 
3707.15 
7390.9 
2761.66 
363.483 
363 
2764.47 
6734.01 
363 
5401.32 
3147.11 
363 
363 
363 
522.542 
363 
363 
363.154 
363 
363 
3659.89 
396.988 
363 
363 
363 
363 
363 
4657.53 
434.746 
6735.04 
363.01 
363 
1113.78 
5215.35 
363 
363.001 
363 
4881.15 
363 
907.15 
363 
11558.3 
363 
3140.38 
363 
363 
363 
979.578 
363.309 
363 
363 
363 
363 
363 
363 
363 
363.002 
363 
367.255 
5925.28 
363 
6479.47 
363 
363 
363.002 
363 
363 
396.458 
363 
363 
363 
1658.78 
577.798 
693.708 
363 
363 
363 
363 
363 
363 
363 
363 
407.659 
363 
363 
363 
363 
363 
363 
521.289 
1729.33 
8271.64 
3102.02 
363 
5426.33 
363 
3108.82 
363 
8517.06 
363 
3389.45 
2021.65 
363 
363 
363 
363.002 
363.582 
4642.48 
363.006 
363.033 
6946.42 
363 
363 
363 
363 
399.599 
363 
363 
363.481 
363 
469.826 
363 
363 
363 
363 
363.051 
363 
363 
426.452 
363 
378.707 
363 
363 
7402.26 
429.599 
9898.1 
363 
363 
632.358 
1702.46 
363 
363 
363 
363 
363 
363 
363 
7219.7 
363 
363 
6781.06 
363 
363 
363 
363 
363 
7983.16 
363 
363.009 
5135.78 
363 
363 
3135.64 
363 
939.384 
363.086 
363 
363 
486.058 
363 
363 
363 
363 
363 
363 
363 
363 
2728.53 
363 
363 
363 
363 
5178.64 
363 
363 
363 
363 
363 
363.021 
363 
363 
363.131 
5378.02 
5526.38 
363 
363.03 
363.007 
363 
363.044 
363 
363 
363 
363 
363 
486.936 
363 
363 
1358.96 
363 
12878.3 
363.057 
3313.25 
363 
363 
3167.63 
363 
7277.67 
363.34 
363 
448.859 
363.001 
363 
363 
363 
363 
1256.15 
363 
363 
363 
6486.82 
618.332 
364.378 
728.846 
394.785 
363 
363 
1116.36 
363 
363 
363 
363 
415.662 
363 
363.013 
363 
363 
363 
363.002 
363 
363.1 
363 
7882.08 
363.654 
3097.66 
363 
363 
363 
363 
363 
363.938 
363 
363.002 
5025.48 
379.311 
363 
363 
364.85 
363 
363 
1877.58 
363 
363 
6704.87 
6969.01 
363 
363 
363 
363 
363.036 
363 
363 
363 
363.002 
363.001 
2564.98 
363 
3625.37 
3436.69 
363 
363 
363 
363.146 
417.393 
363 
363.023 
3154.89 
5045.88 
363 
14202.6 
363 
363 
363 
363 
2567.87 
1709.98 
363 
363 
969.753 
7751.35 
363 
363 
6091.46 
7695.19 
4808.44 
363 
364.619 
3218.82 
363 
556.931 
363 
363 
363 
363 
363 
363 
