4821.09 
370.223 
4337.94 
363.005 
363.001 
363.136 
5147.06 
5778.21 
363.471 
4565.09 
717.789 
6921.63 
363.49 
1744.45 
3662.57 
379.431 
363.001 
363.02 
4187.86 
363.927 
363 
366.65 
3676.26 
379.783 
817.172 
363 
363 
892.732 
363.043 
363 
10135 
5467.96 
484.999 
363.867 
363 
3550.87 
363 
3269.91 
3148.83 
3778.53 
7988.9 
363 
363.243 
364.04 
364.815 
363.907 
724.484 
3738.48 
364.19 
363 
3126.53 
1344.11 
3505.44 
1104.35 
403.195 
363.002 
363 
379.28 
4369.27 
3814.39 
5593.08 
363.011 
458.779 
363.005 
3182.95 
382.614 
363.002 
12736.6 
363 
363 
366.081 
363.239 
1136.81 
7222.82 
364.541 
363 
3783.31 
363 
8609.64 
2995.86 
363.003 
363 
363.413 
363 
363 
372.435 
363 
363 
363 
8390.23 
5540.15 
446.445 
369.568 
8764.14 
363 
1752.69 
422.058 
363.342 
3123.95 
913.539 
3654.14 
364.262 
363 
363.003 
3693.53 
4385.74 
7093.63 
1441.34 
406.474 
363 
686.349 
363 
667.484 
1983.71 
3467.84 
363.002 
1346.74 
3105.34 
363 
363.005 
363 
4428.68 
363 
719.112 
363 
7510.67 
363 
13029.7 
376.186 
363 
4914.12 
10354.8 
363.039 
365.213 
363.002 
363 
363.003 
3301.56 
4472.04 
4778.76 
1010.32 
4326.35 
363 
363.007 
369.89 
363 
363 
363 
363 
3128.22 
2570.2 
363 
5204.88 
3668.4 
363 
698.131 
371.467 
1678.05 
363.072 
363 
4403.59 
624.561 
363 
12511.9 
6011.02 
363 
363.001 
455.123 
3793.13 
15611.1 
3842.64 
1736.69 
363 
363 
3733.02 
373.082 
363.092 
1314.65 
363 
4527.85 
4394.09 
377.493 
9080.61 
6664.42 
363.147 
2115.56 
363.006 
4772.22 
3326.31 
5257.12 
1683.54 
616.373 
1662.34 
942.22 
5001.29 
363 
4030.12 
1666.94 
363 
363 
363.005 
510.544 
11423.5 
3261.55 
363.077 
363 
3889.15 
4296.32 
378.489 
363 
363.026 
363 
607.482 
3145.46 
5481.04 
5451.33 
4421.09 
363.005 
363 
704.445 
4046.37 
363 
3277.13 
363 
4848.97 
3930.29 
545.871 
363.616 
5276.58 
7590.95 
1054.28 
363 
2396.8 
363 
562.799 
365.657 
363 
1884.74 
363 
3284.97 
403.596 
6070.59 
363 
363.001 
363 
364.864 
4252.52 
528.987 
4868.19 
363 
363.072 
363.001 
363.096 
363.017 
376.735 
363 
363 
363 
1277.76 
442.947 
512.091 
363 
363 
363 
363 
4339.62 
363.031 
363.635 
850.646 
382.567 
514.18 
3577.96 
363.045 
384.209 
3971.5 
363.01 
1090 
913.192 
4657.89 
887.408 
363 
4156.94 
7308.4 
3653.19 
363.001 
4877.9 
363 
3160.88 
1012.62 
363 
363 
363 
363.001 
363.231 
3820.39 
363.003 
363.01 
4469.88 
363 
1953.43 
365.506 
6415.22 
378.395 
363 
3097.05 
433.3 
4399.34 
418.302 
1743.3 
363 
624.873 
363 
363.022 
363 
404.316 
395.315 
363.213 
555.104 
363 
1802.89 
4678.11 
805.303 
4893.97 
365.087 
363 
507.257 
6266.4 
363.001 
363 
3976.41 
371.656 
363 
363 
3132.63 
5081.4 
363 
363 
4653.24 
363 
363 
363 
3650.7 
5468.55 
4770.6 
363 
363.004 
3992.27 
363 
363.001 
1333.69 
464.201 
580.569 
363.038 
363 
363.001 
3689.55 
363 
1118.13 
363 
5466.14 
2090.61 
364.476 
363 
16459.2 
999.931 
363.002 
363 
363 
363 
3957.53 
363 
363 
363 
363 
363 
1256.17 
372.399 
363 
363.057 
4246.57 
4250.21 
363 
363.013 
659.699 
363.235 
457.433 
375.992 
363 
488.304 
1660.9 
5925.77 
422.23 
363.221 
387.083 
650.848 
7263.92 
5122.74 
370.931 
5001.94 
363 
363 
4143.95 
363.001 
4934.46 
5998.24 
4097.74 
398.719 
4201.56 
363 
363 
363 
642.527 
622.686 
363 
7684.64 
363 
4457.91 
511.489 
363.564 
565.957 
381.432 
1696.16 
363 
690.973 
363 
363 
7011.39 
1678.06 
385.016 
363 
363.005 
363 
363.179 
1710.24 
363.004 
840.537 
363.041 
1843.52 
4774.76 
364.375 
5728.7 
3728.81 
363.001 
3242.63 
363 
369.958 
363.43 
363 
363.009 
4009.24 
699.701 
12724.3 
363 
363.68 
363 
363.002 
781.401 
363 
2824.85 
4637.16 
4663.93 
5264.91 
1656.21 
5390.77 
363 
363.05 
363.325 
405.408 
363 
365.963 
403.394 
869.588 
4060.64 
3317.69 
3205.59 
7079.02 
6141.61 
363 
364.163 
406.154 
363 
363.125 
4841.82 
4080.06 
363 
5079.47 
363 
363 
363 
363 
805.855 
762.799 
363 
363 
559.215 
4746.28 
363 
363 
4236.3 
4599.72 
3823.95 
363 
3775.56 
1656.57 
363 
497.038 
363 
363.016 
663.67 
363 
4581.2 
363 
