4876.22 
370.423 
4387.08 
363.002 
363.001 
363.14 
5197.5 
5888.62 
363.482 
4600.75 
656.25 
7098.09 
363.007 
1791.08 
3684.68 
379.786 
363.001 
363.02 
4230.7 
363.947 
363 
363.189 
3698.89 
380.265 
809.275 
363 
363 
910.566 
363.045 
363 
8317.76 
5535.56 
488.371 
363.02 
363 
3564.44 
363 
3285.23 
3161.23 
3780.92 
8311.73 
363 
363.249 
364.072 
363.804 
363.946 
733.519 
3753.46 
363.023 
363 
3138.98 
1417.98 
3521.09 
897.306 
390.72 
363.002 
363 
378.871 
4391.71 
3841.38 
5674.27 
363.001 
378.704 
363 
3193.23 
383.433 
363.002 
14778.6 
363 
363 
366.164 
363.129 
1170.96 
7449.87 
364.592 
363 
3810.02 
363 
9370.29 
3088.5 
363.003 
363 
363.012 
363 
363 
372.801 
363 
363 
363 
7536.46 
5613.61 
401.153 
369.782 
9162.42 
363 
528.176 
423.21 
363.35 
3137 
933.458 
3665.97 
364.291 
363 
363.003 
3717.23 
3420.27 
7259.88 
1520.98 
407.682 
363 
696.845 
363 
680.962 
2131.72 
3482.88 
363.002 
1416.46 
1679.75 
363 
363.005 
363 
4453.63 
363 
732.56 
363 
7756 
363 
13059.3 
376.75 
363 
4972.78 
6391.48 
363.041 
365.305 
363.001 
363 
363.003 
3314.22 
3298.95 
4845.73 
1048.29 
4370.97 
363 
363.007 
369.617 
363 
363 
363 
363 
3140.52 
637.482 
363 
5293.08 
3682.95 
363 
388.194 
371.765 
1693.38 
363.072 
363 
4336.28 
637 
363 
12984.4 
6124.73 
363 
363.001 
455.507 
3810.09 
12818.6 
3869.9 
1757.86 
363 
363 
3755.43 
373.041 
363.096 
409.422 
363 
4581.47 
4432.2 
377.483 
9609.6 
6893.14 
363.15 
2290.29 
363 
4818.04 
3340.53 
5309.34 
1701.43 
626.869 
1674.48 
963.776 
5047.04 
363 
4066.76 
1681.01 
363 
363 
363.006 
512.914 
13440.9 
3270.38 
363.079 
363 
3612.78 
4341.5 
379.05 
363 
363.026 
363 
620.325 
2368.74 
5582.06 
5574.02 
4470.56 
363.005 
363 
712.489 
4079.82 
363 
3287.8 
363 
4905.32 
3287.22 
554.275 
363.095 
5351.92 
7985.96 
1099.8 
363 
2744.62 
363 
572.105 
365.761 
363 
1471.59 
363 
3253.76 
366.192 
6121.81 
363 
363.001 
363 
364.935 
4294.23 
535.611 
4911.63 
363 
363.073 
363.001 
363.004 
363.018 
377.3 
363 
363 
363 
1310.87 
446.523 
517.345 
363 
363 
363 
363 
4304.4 
363.028 
363.042 
433.376 
383.315 
514.158 
3312.29 
363.01 
382.497 
4003.56 
363 
1128.79 
934.582 
4717.8 
918.239 
363 
4192.45 
7642.39 
3677.5 
363.001 
4956.91 
363 
3170.02 
1039.82 
363 
363 
363 
363.001 
363.241 
3846.55 
363.003 
363.01 
4521.08 
363 
565.392 
365.33 
6378.95 
379.011 
363 
2173.48 
435.891 
4448.75 
419.966 
1847.57 
363 
613.657 
363 
363.023 
363 
374.76 
396.316 
363.221 
561.6 
363 
1933.3 
4732.69 
812.843 
4961.45 
363.664 
363 
511.285 
6405.57 
363.001 
363 
4008.46 
371.514 
363 
363 
3145.12 
5132.81 
363 
363 
4702.26 
363 
363 
363 
3670.67 
5581.44 
4830.14 
363 
363.004 
4025.11 
363 
363 
1410.7 
467.958 
589.847 
363.039 
363 
363 
3713.5 
363 
1173.84 
363 
5585.42 
1919.33 
363.057 
363 
17830 
1022.46 
363 
363 
363 
363 
3991.57 
363 
363 
363 
363 
363 
1330.28 
371.598 
363 
363.059 
4281.26 
4286.14 
363 
363.014 
672.817 
363.004 
460.993 
376.327 
363 
491.877 
1682.9 
6087.28 
424.228 
363.212 
363.783 
664.038 
7591.26 
5203.82 
371.226 
5057.83 
363 
363 
4183.22 
363.001 
4987.3 
6162.93 
3586.57 
400.16 
4243.54 
363 
363 
363 
449.265 
634.896 
363 
8111.23 
363 
4511.16 
515.567 
363.587 
571.759 
382.134 
1722 
363 
704.639 
363 
363 
7353.83 
753.226 
385.902 
363 
363.006 
363 
363.182 
1727.64 
363.004 
864.142 
363.043 
1894.41 
4832.79 
364.419 
5849.73 
3750.48 
363.001 
3084.12 
363 
363.897 
363.448 
363 
363.009 
4039.81 
714.306 
8507.95 
363 
363.711 
363 
363 
802.515 
363 
3020.22 
4685.45 
4714.82 
5363.93 
554.802 
5480.31 
363 
363.052 
363.318 
407.066 
363 
365.753 
405.164 
896.621 
4097.79 
3329.58 
3220.19 
7414.91 
6303.56 
363 
364.193 
407.79 
363 
363.125 
4912.84 
4109.8 
363 
5168.38 
363 
363 
363 
363 
830.444 
780.933 
363 
363 
568.396 
4803.52 
363 
363 
4280.13 
4656.29 
3853.43 
363 
3803.28 
1672.44 
363 
500.048 
363 
363.017 
658.064 
363 
4025.52 
363 
