363.068 
373.741 
5392.31 
363 
363 
363.205 
6160.76 
9837.11 
363.668 
5225.54 
363 
10978 
363 
363.158 
4046.09 
385.409 
363.001 
363.032 
5062.11 
363.015 
363 
363 
620.317 
363 
549.831 
363 
363 
1304.07 
363.076 
363 
363 
6999.01 
436.425 
363 
363 
957.997 
363 
3523.94 
3270.3 
363 
636.473 
363 
363 
363 
363 
364.68 
891.994 
3981.73 
363 
363 
3328.19 
2817.97 
3763.11 
363 
363 
363 
363 
366.216 
363 
4300.24 
7665.89 
363 
363 
363 
3345.81 
398.545 
363.002 
363 
363 
363 
366.774 
363 
1717.62 
1038.22 
365.472 
363 
4263.72 
363 
363 
363 
363 
363 
363 
363 
363 
379.408 
363 
363 
363 
363 
7284.46 
363 
373.453 
363.036 
363 
363 
439.73 
363.49 
3336.59 
1401.26 
3841.84 
363.036 
363.001 
363.004 
4110.09 
363 
14491.6 
2434.02 
427.77 
363 
868.4 
363 
974.314 
363.085 
3705.64 
363.002 
2510.74 
363 
363 
363.008 
363 
4795.26 
363 
421.22 
363 
5323.52 
363 
363 
363.021 
363 
6212.58 
363 
363 
363 
363 
363 
363.004 
3505.96 
363 
4252.55 
1819.13 
5241.03 
363 
363.008 
363.001 
363 
363 
363 
363 
3327.35 
363 
363 
7859.41 
3904.58 
363 
363 
376.997 
3105.43 
363.065 
363 
363 
909.529 
363 
363 
10101.4 
363 
363.001 
449.854 
4072.74 
363 
4333.82 
3121.26 
363 
363 
4121.55 
371.026 
363.153 
363 
363 
5707.55 
5117.83 
375.943 
363.005 
368.045 
363.2 
1546.69 
363 
5684.99 
3558.83 
6312.99 
3124.2 
835.115 
363 
1679.22 
5896.11 
363 
4742.69 
3092.68 
363 
363 
363.002 
534.69 
363 
3132.14 
363.122 
363 
363 
5229.79 
388.984 
363 
363 
363 
364.941 
363 
8942.62 
11742.9 
5476.55 
363.008 
363 
889.963 
4676.41 
363 
3244.87 
363 
6077.78 
363 
725.105 
363 
7170.83 
363 
2134.43 
363 
363.815 
363 
764.469 
367.646 
363 
363 
363 
363 
363 
363 
363 
363.002 
363 
366.211 
5089.12 
491.87 
5709.73 
363 
363 
363.001 
363 
363.009 
387.681 
363 
363 
363 
1858.54 
515.133 
612.376 
363 
363 
363 
363 
363 
363 
363 
363 
396.76 
363 
363 
363 
363 
363 
363 
2023.88 
1478.8 
6046.46 
1719.51 
363 
4832.95 
363.003 
4084.09 
363 
7123.73 
363 
3304.46 
1678.15 
363 
363 
363 
363.001 
363.425 
4287.49 
363.005 
363.022 
5575.66 
363 
363 
363.168 
363 
390.222 
363 
363 
482.103 
3156.09 
448.203 
363 
363 
363 
363 
363.039 
363.001 
363 
413.365 
363 
678.459 
363 
363 
5870.16 
767.592 
6540.5 
363 
363 
579.542 
13861.5 
363 
363 
363.029 
363.349 
363 
363 
642.501 
6128.6 
363 
363 
5669.43 
363 
363 
363 
3102.78 
1197.33 
6124.44 
363 
363.007 
4609.74 
363 
363 
3083.28 
363.228 
775.774 
363.065 
363 
363 
4101.21 
363 
409.201 
363 
3186.66 
363 
363 
363 
363 
1692.1 
363 
363 
363 
363 
4606.68 
363 
363 
363 
363 
363 
3080.24 
363 
363 
363.098 
4897.76 
4932.18 
363 
363.023 
888.947 
363 
521.532 
363 
363 
363 
365.539 
3135.96 
459.128 
363.078 
363 
953.063 
363 
7371.06 
376.423 
6195.59 
363 
363 
4920.01 
363 
6039.15 
17835.7 
363 
426.538 
3857.29 
363 
363 
363 
363 
900.151 
363 
363.035 
363 
5635.77 
574.108 
364.016 
662.686 
394.739 
363 
363 
997.131 
363 
363 
364.368 
363 
402.072 
363 
363.01 
363 
363 
363 
363.003 
364.019 
363.074 
363 
6072.68 
365.174 
11406.6 
372.96 
363.001 
363 
363 
363 
363.767 
363 
363.004 
4570.97 
1038.49 
363 
363 
364.313 
363 
363 
1398.39 
363 
363 
5632.69 
5736.5 
363 
363 
3614.72 
363 
363.082 
363 
382.074 
363 
363.238 
430.874 
1677.38 
363.037 
3508.25 
3446.47 
638.24 
3337.44 
363 
364.958 
437.23 
363 
363.088 
6665.24 
4620.22 
363 
7877.6 
363 
363 
363 
363 
1654.62 
1225.03 
363 
363 
758.183 
6017.63 
363 
363 
5135.37 
5873.46 
4366.84 
363 
4139.48 
3124.1 
363 
539.048 
363 
363.027 
482.223 
363 
363 
363 
