363 
363 
10140.9 
363 
363 
363 
14468.5 
363 
363 
363 
363 
363 
363 
363 
4941.9 
366.895 
363 
363 
363.134 
363 
363 
363 
363 
363 
363 
363 
363 
363 
363 
363 
363 
1664.19 
363 
363 
363 
363 
363 
4019.05 
363 
363 
363 
363 
363 
363 
363 
363 
1312.15 
515.825 
363 
363 
363 
363 
527.754 
363 
363 
363 
363 
363 
363 
5653.46 
363 
363 
363 
363 
363 
365.728 
363 
363 
363 
363 
363 
363 
3108.77 
363 
363 
363 
363 
363 
363 
363 
363 
363 
363 
363 
363 
396.956 
363 
363 
363 
363 
363 
363 
380.386 
363 
363 
363 
363.159 
363.786 
363 
3087.59 
3093.34 
363 
363.001 
363.003 
4696.86 
363 
363 
363 
363.102 
363 
1255.77 
363 
1723.73 
363 
363 
363 
363 
363 
363 
363.013 
363 
363 
363 
363 
363 
363 
363 
363 
363 
363 
3467.92 
363 
363 
363 
363 
363 
363 
3858.85 
363 
363 
363 
363.037 
363 
363.005 
363 
363 
363 
363 
363 
363.006 
363 
363 
363 
4295 
363 
363 
390.1 
3275.56 
363 
363 
363 
2977.71 
363 
363 
363 
363 
363 
378.126 
4607.46 
363 
370.962 
363.197 
363 
363 
5025.85 
363 
363 
363 
363 
363 
363 
366.455 
363 
363 
363 
363 
363 
5642.59 
3990.64 
4245.59 
363 
363 
363 
3218.56 
10657.2 
363 
7868.16 
363 
363 
363 
363 
439.186 
363 
363 
363 
363 
363 
363 
363.035 
363 
363 
363 
363 
363 
363 
363 
4291.63 
363.007 
363 
371.786 
380.18 
363 
363 
363 
363 
363 
363.01 
363 
363 
363 
570.933 
363 
363 
363 
878.22 
363 
363 
363 
363 
363 
363 
363 
363 
363 
363 
368.818 
11318.9 
363 
9726.12 
363 
363 
363 
363 
363 
416.482 
363 
363 
363 
363 
741.331 
587.064 
363 
363 
363 
363 
363 
363 
363 
363 
363 
363 
363 
363 
363 
363 
363 
363 
363 
648.619 
3158.4 
363 
7156.98 
363 
363 
363 
363 
363 
3349.14 
3137.28 
363 
363 
363 
363.001 
363 
5537.23 
363 
363.002 
3980.25 
363 
363 
363 
363 
420.77 
363 
363 
363 
363 
514.722 
363 
363 
363 
363 
363 
363 
363 
453.685 
363 
363 
363 
363 
1713.37 
363 
364.132 
363 
363 
367.755 
363 
363 
363 
363 
363 
363 
363 
363 
9809.22 
363 
363 
16504 
363 
363 
363 
363 
363 
363 
363 
363.013 
6837.34 
363 
363 
363 
363 
363 
363.134 
363 
363 
363 
363 
363 
363 
363 
363 
363 
363 
363 
363.914 
363 
363 
363 
363 
7281.67 
363 
363 
363 
363 
363 
363 
363 
363 
363.173 
363 
7629.5 
363 
363.044 
363 
363 
363 
363 
363 
363 
363 
363 
363 
363 
363 
363 
363 
363 
363 
363 
363 
363 
363 
363 
14482.5 
363 
363 
465.846 
363 
363 
363 
363 
363 
619.676 
363 
363 
363 
363 
363.002 
363.208 
967.193 
363 
363 
363 
363 
363 
363 
363 
363 
363.003 
363 
363.016 
363 
363 
363 
363 
363 
363.16 
363 
363.182 
363 
363 
363 
363 
363 
363 
363 
363 
363 
363 
6336.86 
363 
363 
363 
363.001 
363 
363 
363 
363 
363 
366.64 
3127.92 
363 
363 
363 
363 
363 
363 
363 
363 
363 
363 
3196.35 
363 
3137.38 
363 
363 
363 
363 
363 
363 
363 
363 
363 
6201.81 
363 
363 
363 
363 
363 
363 
2067.56 
3129.19 
363 
363 
1719.83 
363.771 
363 
363 
410.647 
4083.28 
6016.84 
363 
363 
363.024 
363 
526.364 
363 
363 
363 
363 
363 
363 
