1754.97 
372.76 
5044.66 
363 
363 
363.186 
5843.03 
7878.69 
363.614 
5031.39 
363 
11718.7 
363 
714.92 
3939.07 
383.79 
363.001 
363.029 
4784.79 
363.74 
363 
363 
3380.98 
363.001 
677.594 
363 
363 
1160.62 
363.066 
363 
363 
6472.93 
526.582 
363 
363 
3394.93 
363 
3455.6 
3296.31 
363.003 
5257.29 
363 
363 
363.118 
363 
364.446 
842.92 
3917.36 
363 
363 
3274.91 
1972.13 
3694.18 
363 
363 
363.001 
363 
371.098 
365.429 
4160.6 
6886.97 
363 
363 
363 
3303.62 
393.783 
363.002 
363.314 
363 
363 
367.134 
363 
1670.89 
5294.13 
365.206 
363 
4125.74 
363 
388.644 
363.134 
363.001 
363 
363 
363 
363 
377.355 
363 
363 
363 
363 
6663.32 
363 
372.343 
2262.25 
363 
363 
435.241 
363.449 
3280.15 
1223.21 
3793.08 
364.152 
363.001 
363.004 
3992.63 
363 
11068.4 
1939.84 
421.808 
363 
820.242 
363 
869.85 
816.832 
3648.8 
363.002 
1899.04 
363 
363 
363.007 
363 
4738.38 
363 
857.058 
363 
17582.8 
363 
363 
369.147 
363 
5774.1 
363 
363 
363 
363 
363 
363.004 
3452.12 
363 
5792.23 
1687.62 
4949.9 
363 
363.008 
363.403 
363 
363 
363 
363 
3274.8 
363 
363 
6737.32 
3842.12 
363 
363 
375.396 
2915.36 
363.07 
363 
363 
812.506 
363 
363 
8157.57 
363 
363.001 
453.232 
3997.83 
363 
4192.58 
3096.17 
363 
363 
4013.2 
372.129 
363.138 
363 
363 
5310.98 
4903.84 
376.638 
1477.6 
3283.72 
363.187 
3129.71 
363 
5400.92 
3496.97 
5980.5 
3092.38 
767.608 
368.904 
1407.03 
5621.58 
363 
4525 
2438.21 
363 
363 
363.008 
532.294 
363.112 
3354.95 
363.109 
363 
363 
4930.91 
385.929 
363 
363 
363 
567.574 
363 
7345.92 
8214.29 
5130.08 
363.007 
363 
827.051 
4488.76 
363 
3400.72 
363 
5667.61 
363 
667.549 
363 
6466.95 
364.483 
1726.66 
363 
1676.81 
363 
698.878 
367.059 
363 
363 
363 
363.002 
363 
363.003 
363 
363.002 
363 
365.816 
4827.35 
618.84 
5453.46 
363 
363 
363.001 
363 
363.025 
384.42 
363 
363 
363 
1714.33 
492.969 
582.614 
363 
363 
363 
363 
363 
363 
363 
363 
392.587 
363 
363 
363 
363 
371.736 
363 
1717.1 
1259.83 
5560.87 
1569.59 
363 
4629.86 
1036.45 
3961.82 
363 
6211.69 
363 
3267.5 
1507.17 
363 
363 
363 
363.001 
363.367 
4154.12 
363.005 
363.018 
5209.21 
363 
363 
363.658 
363.001 
386.717 
363 
363 
467.947 
4745.17 
439.722 
363.084 
363 
363.026 
363 
363.034 
363.001 
363 
408.236 
363.023 
641.942 
363 
381.834 
5471.74 
829.907 
5942.07 
363 
363 
559.009 
9358.01 
363 
363 
1371.78 
367.844 
363 
363 
3170.65 
5796.91 
363 
363 
5343.22 
363 
363 
363 
3770.17 
4482.03 
5657.82 
363 
363.006 
4426.09 
363 
363 
2053 
414.466 
713.478 
363.057 
363 
363 
3992.4 
363 
1675.77 
363 
6612.44 
363 
363 
363 
363 
1502.75 
363 
363 
363 
363 
4411.42 
363 
363 
363 
363 
363 
2118.77 
363 
363 
363.086 
4704.31 
4727.8 
363 
363.02 
853.937 
363 
505.306 
363.262 
363 
363 
1562.61 
7376.73 
448.461 
363.131 
363 
849.858 
363.721 
6473.96 
374.842 
5803.5 
363 
363 
4679.96 
363.001 
5682.17 
11301.6 
363 
418.257 
4767.29 
363 
363 
363 
363 
806.246 
363 
2319.31 
363 
5238.26 
557.957 
363.882 
641.612 
390.83 
365.405 
363 
893.898 
363 
363 
3204.35 
363 
397.008 
363 
363.008 
363 
363 
363.001 
363.003 
629.544 
363.064 
363 
5630.89 
364.947 
8261.94 
3146.01 
363.001 
363 
363 
363 
363.667 
363 
363.006 
4406.87 
921.436 
363 
363 
364.12 
363 
363 
1143.53 
363 
363 
5314.44 
5387.68 
364.899 
363 
6629.76 
363 
363.073 
363 
426.075 
363 
363.679 
427.861 
1393.79 
1554.81 
3458.36 
3381.91 
6190.12 
8706.5 
363 
364.688 
428.078 
363 
363.105 
5977.45 
4463.91 
363 
6658.02 
363 
363 
363 
363 
1267.26 
1052.47 
363 
363 
693.495 
5587.18 
363 
363 
4849.01 
5437.73 
4207.95 
363 
4133.26 
3083.16 
363 
529.375 
363 
363.024 
569.659 
363 
363 
363 
