363 
363.374 
9007.12 
363 
363 
363 
8452.97 
363.222 
363.235 
469.753 
363 
363 
363 
363 
4551.46 
392.294 
363 
363.034 
4586.89 
363 
363 
363 
363 
363 
363 
363 
363 
363.096 
363 
363 
363 
14985.5 
363 
363 
363 
363 
363 
3819.92 
363 
363 
363 
363 
363 
363 
363 
363.006 
1154.03 
4190.8 
363 
363 
2308.21 
363 
4012.89 
363 
363 
363 
363 
363 
363 
5015.86 
4142.87 
363 
363 
363 
363 
422.494 
363 
363 
363 
363 
363 
363 
3094.67 
363 
363 
363 
3230.31 
363 
363 
363 
363 
363 
363 
363 
363 
389.478 
363 
363 
363 
363 
1311.78 
363 
378.613 
363 
363 
363 
453.344 
363.669 
363.01 
1942.13 
4037.41 
363 
363.001 
363.005 
4680.4 
363 
363 
363 
450.591 
363 
1078.04 
363 
1710.35 
363 
363 
363.003 
363.422 
363 
363 
363.011 
363 
363 
363 
363 
363 
363 
363 
363 
363 
363 
12153.6 
363 
363 
363 
363 
363 
363.002 
3729.07 
363 
363 
2370.11 
4300.57 
363 
363.007 
363 
363 
363 
363 
363 
3203.52 
363 
363 
370.231 
4165.52 
363 
363 
384.61 
3213.38 
363.017 
363 
363 
1694.2 
363 
363 
363.001 
363 
363 
416.862 
4394.24 
363 
4588.46 
3159.73 
363 
363 
4632.36 
363.571 
363 
363 
363 
3086.74 
363 
371.036 
363 
363 
363 
363 
363 
7660.68 
3820.52 
8772.54 
363.103 
363 
363 
3134.28 
7679.22 
363 
6132.03 
947.647 
363 
363 
363 
504.882 
363 
363 
363.17 
363 
363 
366.321 
401.495 
363 
363 
363 
363 
363 
363.472 
363 
8923.75 
363.011 
363 
1406.53 
5204.95 
363 
363 
363 
396.933 
363 
888.751 
363 
4207.4 
363 
3201.06 
363 
363 
363 
1253 
363 
363 
363 
363 
363 
363 
363 
363 
363.003 
363 
368.134 
6963.22 
363 
7321.06 
363 
363 
363.002 
363 
363 
404.009 
363 
363 
363 
363.386 
635.652 
766.665 
363 
363 
363 
363 
363 
363 
363 
363 
371.258 
363 
363 
363 
363 
363 
363 
363.001 
445.857 
14758 
3166.22 
363 
6042.54 
363 
363.009 
363 
524.27 
363 
3451.08 
3085.88 
363 
363 
363 
363.002 
363.419 
4957.83 
363 
363.044 
9571.78 
363 
363 
363 
363 
407.613 
363 
363 
363 
363 
487.383 
363 
363 
363 
363 
363.05 
363 
363 
437.072 
363 
363 
363 
363 
10198.7 
363.001 
13971.1 
363 
363 
674.465 
363 
363 
363 
363 
363 
363 
363 
363 
8667.36 
363 
363 
8391.45 
363 
363 
363 
363 
363 
3317.3 
363 
363.01 
5663.06 
363 
363 
417.991 
363 
377.127 
363.104 
363 
363 
363 
363 
363 
363 
363 
363 
363 
363 
363 
3108.92 
363 
363 
363 
363 
5775.49 
363 
363 
363 
363 
363 
363 
363 
363 
363.158 
3139.72 
6137.89 
363 
363.036 
363 
363 
363 
363 
363 
363 
363 
363 
430.175 
363 
363 
573.278 
363 
2270.62 
363 
364.23 
363 
363 
363.02 
363 
9159.75 
363 
363 
468.14 
363 
363 
363 
363 
363 
1684.15 
363 
363 
363 
1901 
557.576 
364.688 
800.902 
363.066 
363 
363 
364.501 
363 
363 
363 
363 
414.029 
363 
363.017 
363 
363 
363 
363 
363 
363.123 
363 
5843.32 
363 
363 
363 
363 
363 
363 
363 
363.011 
363 
363 
5455.67 
363 
363 
363 
365.175 
363 
363 
694.76 
363 
363 
5648.89 
8883.91 
363 
363 
363 
363 
363 
363 
363 
363 
363 
363 
3122.88 
363 
3712.45 
441.645 
363 
363 
363 
363 
363.021 
363 
363 
363.004 
5437.79 
363 
537.866 
363 
363 
363 
363 
3133.54 
2245.6 
363 
363 
1236.43 
6588.73 
363 
363 
6610.14 
13136.5 
5228.88 
363 
363 
3152.85 
363 
559.459 
363 
363 
363 
363 
363 
363 
