363 
363 
16698.5 
363 
363 
363 
11178.4 
363 
363 
363 
363 
363 
363 
363 
4807.79 
382.748 
363 
363 
467.132 
363 
363 
363 
363 
363 
363 
363 
363 
363 
363 
363 
363 
3785.11 
363 
363 
363 
363 
363 
3953.48 
363 
363 
363 
363 
363 
363 
363 
363 
1312.29 
3106.98 
363 
363 
363.021 
363 
3104.95 
363 
363 
363 
363 
363 
363 
5426.01 
364.171 
363 
363 
363 
363 
389.601 
363 
363 
363 
363 
363 
363 
3123.34 
363 
363 
363 
363.631 
363 
363 
363 
363 
363 
363 
363 
363 
394.471 
363 
363 
363 
363 
363 
363 
380.995 
363 
363 
363 
370.042 
363.748 
363 
2735.61 
3472.87 
363 
363.001 
363.005 
4959.94 
363 
363 
363 
368.353 
363 
1189.91 
363 
2072.9 
363 
363 
363 
363 
363 
363 
363.013 
363 
363 
363 
363 
363 
363 
363 
363 
363 
363 
10146.7 
363 
363 
363 
363 
363 
363 
3824.21 
363 
363 
363.288 
403.804 
363 
363.006 
363 
363 
363 
363 
363 
369.542 
363 
363 
363 
4277.52 
363 
363 
388.275 
3255.95 
363 
363 
363 
2132.21 
363 
363 
363 
363 
363 
391.597 
4537.59 
363 
1678.14 
420.051 
363 
363 
4890.84 
363 
363 
363 
363 
363.004 
363 
368.077 
363 
363 
363 
363 
363 
8701.57 
3935.15 
8321.56 
363 
363 
363 
3191.7 
9282.4 
363 
7324.97 
363.002 
363 
363 
363 
468.79 
363 
363 
363.008 
363 
363 
363 
365.034 
363 
363 
363 
363 
363 
363 
363 
10246.8 
363.012 
363 
488.038 
2123.24 
363 
363 
363 
363 
363 
365.48 
363 
364.884 
363 
3027.59 
363 
363 
363 
1563.02 
363 
363 
363 
363 
363 
363 
363 
363 
363.001 
363 
369.057 
9138.67 
363 
8667.35 
363 
363 
363 
363 
363 
412.279 
363 
363 
363 
363 
704.112 
802.883 
363 
363 
363 
363 
363 
363 
363 
363 
363 
363 
363 
363 
363 
363 
363 
363 
363 
3323.85 
3217.75 
363 
6936.65 
363 
363 
363 
363 
363 
3493.11 
3121.12 
363 
363 
363 
363.002 
363.001 
5330.71 
363 
363.019 
10470.3 
363 
363 
363 
363 
416.346 
363 
363 
363 
363 
505.811 
363 
363 
363 
363 
363 
363 
363 
448.197 
363 
363 
363 
363 
3665.51 
363 
1227.01 
363 
363 
443.216 
363 
363 
363 
363 
363 
363 
363 
363 
11691.2 
363 
363 
13390.7 
363 
363 
363 
363 
363 
363.219 
363 
363.012 
6394.86 
363 
363 
363 
363 
363 
363.124 
363 
363 
363 
363 
363 
363 
363 
363 
363 
363 
363 
478.786 
363 
363 
363 
363 
6657.56 
363 
363 
363 
363 
363 
363 
363 
363 
363.186 
363.059 
7021.62 
363 
363.043 
363 
363 
363 
363 
363 
363 
363 
363 
363.049 
363 
363 
363.01 
363 
363 
363 
363 
363 
363 
363 
363 
15096.8 
363 
363 
487.413 
363 
363 
363 
363 
363 
1659.85 
363 
363 
363 
363.001 
363.599 
364.15 
902.811 
363 
363 
363 
363 
363 
363 
363 
363 
363.458 
363 
363.02 
363 
363 
363 
363 
363 
363.147 
363 
518.487 
363 
363 
363 
363 
363 
363 
363 
363 
363 
363 
6006.57 
363 
363 
363 
363.098 
363 
363 
363.007 
363 
363 
845.673 
4673.91 
363 
363 
363 
363 
363 
363 
363 
363 
363 
363 
3173.13 
363 
3506.66 
363 
363 
363 
363 
363 
363 
363 
363 
363 
5921.98 
363 
363 
363 
363 
363 
363 
3130.07 
3107.18 
363 
363 
1670.34 
787.823 
363 
363 
3092.89 
17651.2 
5770.72 
363 
363 
378.087 
363 
543.644 
363 
363 
363 
363 
363 
363 
