4669.3 
369.654 
4202.49 
363.03 
363.001 
363.125 
5006.6 
5490.2 
363.438 
4464.28 
716.516 
6480.52 
3091.45 
1703.27 
3599.22 
378.411 
363 
363.018 
4068.85 
363.869 
363 
1605.33 
3611.46 
378.394 
836.725 
363 
363 
844.141 
363.038 
363.003 
9115.74 
5283.13 
475.446 
2383.57 
363 
3511.34 
363 
3225.53 
3112.73 
3726.09 
7252.73 
363 
363.227 
363.949 
366.628 
363.799 
699.013 
3694.91 
3098.54 
363.277 
3090.31 
1176.09 
3460.04 
1114.01 
408.956 
363.002 
363 
380.225 
4300.41 
3737.67 
5374.46 
363.529 
1666.28 
363.788 
3152.85 
380.35 
363.002 
9631.89 
363 
363 
365.843 
363.365 
1048.48 
6676.26 
364.397 
363 
3707.35 
363 
7239.67 
2052.8 
363.003 
363 
1067.95 
363 
363 
371.415 
363 
363.139 
363 
7556.91 
5340.58 
570.136 
368.966 
7881.94 
363 
4762.62 
418.666 
363.317 
3086.04 
859.679 
3619.53 
364.178 
363 
363.003 
3625.82 
8664.23 
6672.48 
1261.48 
403.048 
363 
656.809 
363 
630.997 
1735.46 
3424.17 
363.001 
1185.98 
3857.84 
363 
363.005 
363 
4356.98 
363 
682.318 
363 
6924.6 
363 
9099.67 
374.643 
363 
4753.22 
11492.6 
363.036 
364.952 
363.004 
363 
363.003 
3264.67 
16112.5 
4597.72 
914.992 
4202.46 
363 
363.006 
370.519 
363 
363 
363 
363 
3092.38 
6217.64 
363 
4971.32 
3626.04 
363 
3336.46 
370.631 
1538.32 
363.07 
363 
4323.98 
591.012 
363 
9526.27 
5714.02 
363 
363 
453.601 
3743.98 
10990.1 
3765.12 
1693.98 
363 
363 
3668.77 
373.161 
363.083 
5949.39 
363 
4380.65 
4287.02 
377.457 
7987.67 
6123.35 
363.138 
1780.87 
403.825 
4644.37 
3285 
5111.84 
1528.65 
587.689 
1493.62 
888.03 
4873.25 
363 
3927.47 
1489.75 
363 
363 
363.005 
503.292 
8370.03 
3235.59 
363.07 
363 
4035.98 
4171.04 
376.919 
363 
363.024 
363 
573.125 
3809.73 
5216.27 
5138.39 
4284.6 
363.005 
363 
682.849 
3952.08 
363 
3245.91 
363 
4694.02 
7081.16 
522.999 
374.146 
5073.35 
6717.8 
942.959 
363 
1878.16 
363 
537.535 
365.367 
363 
2334.49 
363 
3269.8 
2791.68 
5626.43 
363 
363.001 
363.001 
364.666 
4136.27 
510.716 
4746.41 
363 
363.066 
363.001 
408.897 
363.015 
375.169 
363 
363 
363 
1201.58 
433.14 
497.453 
363 
363 
363 
363 
4230.48 
363.029 
469.428 
3110.36 
380.485 
505.383 
3934.93 
363.355 
382.669 
3880.43 
540.082 
993.823 
855.837 
4494.59 
808.698 
363 
4057.09 
6569.23 
3583.82 
363.001 
4667.57 
363 
3134.03 
941.016 
363 
363 
363 
363.001 
363.204 
3745.88 
363.003 
363.008 
4328.9 
363 
4814.58 
366.031 
5966.67 
376.686 
363 
3164.17 
426.082 
4263.06 
413.601 
1668.98 
363 
654.579 
363 
363.02 
363 
792.747 
392.49 
363.189 
536.965 
363 
1693.72 
4528.08 
783.697 
4711.28 
370.304 
363 
495.863 
5910.87 
363.001 
363 
3885.95 
371.942 
363 
363 
3096.27 
4938.56 
363 
363.001 
4517.37 
363 
363 
363 
3593.23 
5177.04 
4607.89 
363 
363.004 
3899.66 
363 
364.09 
1161.42 
453.756 
555.202 
363.034 
363 
363.032 
3621.14 
363 
986.213 
363 
5160.52 
1772.6 
2024.91 
363 
10062.9 
943.585 
381.868 
363 
363 
363 
3861.81 
363 
363 
363 
363 
363 
1089.2 
371.908 
363 
363.051 
4148.75 
4149.11 
363 
363.012 
624.108 
1816.04 
447.533 
375.036 
363 
476.347 
1347.21 
5526.39 
416.628 
363.249 
3270.64 
615.217 
6498.29 
4906.34 
370.111 
4847.78 
363 
363 
4034.26 
363.001 
4788.23 
5591.54 
4705.48 
394.728 
4084.72 
363 
363 
363 
1361.61 
589.712 
363 
6790.18 
363 
4311.79 
500.126 
363.499 
549.988 
379.476 
1482.06 
363 
653.832 
363 
363 
6266.78 
3101.57 
382.56 
363 
363.005 
364.418 
363.162 
1657.05 
363.004 
778.481 
363.036 
1711.2 
4615.81 
364.251 
5417.21 
3666.62 
363.001 
5495.49 
363 
581.526 
363.381 
363 
363.01 
3922.69 
660.645 
11241 
363 
363.594 
364.853 
381.712 
725.665 
363 
1968.5 
4503.22 
4523.3 
4997.89 
3251.31 
5153.13 
363 
363.045 
363.29 
400.804 
363 
366.561 
398.524 
799.591 
3956.62 
3282.97 
3163.27 
6342.99 
5738.91 
363 
364.09 
401.602 
363 
363.125 
4650.7 
3995.63 
363 
4844.89 
363 
363 
363 
363 
741.906 
714.254 
363 
363 
534.294 
4589.34 
363 
363.474 
4114.66 
4444.89 
3740.54 
363 
3696.91 
1429.33 
363 
488.214 
363 
363.015 
677.89 
363 
4919.67 
363 
