363 
363 
5134 
363 
363 
363 
17076.1 
363 
363 
363 
363 
363 
363 
363 
5014.79 
363.906 
363 
363 
363.002 
363 
363 
363 
363 
363 
363 
363 
363 
363 
363 
363 
363 
439.886 
363 
363 
363 
363 
363 
4053.48 
363 
363 
363 
363 
363 
363 
363 
363 
1153.03 
374.511 
363 
363 
363 
363 
373.682 
363 
363 
363 
363 
363 
363 
5751.13 
363 
363 
363 
363 
363 
363.434 
363 
363 
363 
363 
363 
363 
3086.07 
363 
363 
363 
363 
363 
363 
363 
363 
363 
363 
363 
363 
398.016 
363 
363 
363 
363 
363 
363 
377.163 
363 
363 
363 
363.011 
363.805 
363 
3091.32 
1400.32 
363 
363.001 
363.002 
4182.77 
363 
363 
363 
363.007 
363 
1267.14 
363 
1363.71 
363 
363 
363 
363 
363 
363 
363.014 
363 
363 
363 
363 
363 
363 
363 
363 
363 
363 
3095.57 
363 
363 
363 
363 
363 
363 
3833.98 
363 
363 
363 
363 
363 
363.004 
363 
363 
363 
363 
363 
363 
363 
363 
363 
4197.65 
363 
363 
391.056 
3285.4 
363 
363 
363 
3090.61 
363 
363 
363 
363 
363 
371.652 
4642.73 
363 
363.263 
363.005 
363 
363 
5098.36 
363 
363 
363 
363 
363 
363 
365.569 
363 
363 
363 
363 
363 
4046.57 
4019.56 
3344.49 
363 
363 
363 
3232.32 
11715.1 
363 
7412.73 
363 
363 
363 
363 
422.759 
363 
363 
363 
363 
363 
363 
363.002 
363 
363 
363 
363 
363 
363 
363 
3296.77 
363.004 
363 
364.413 
363.614 
363 
363 
363 
363 
363 
363 
363 
363 
363 
383.783 
363 
363 
363 
550.263 
363 
363 
363 
363 
363 
363 
363 
363 
363 
363 
367.642 
12162.7 
363 
10487.4 
363 
363 
363 
363 
363 
418.719 
363 
363 
363 
363 
761.462 
459.282 
363 
363 
363 
363 
363 
363 
363 
363 
363 
363 
363 
363 
363 
363 
363 
363 
363 
374.294 
3104.79 
363 
6582.14 
363 
363 
363 
363 
363 
3211.32 
3145.46 
363 
363 
363 
363 
363 
5653.28 
363 
363 
3203.35 
363 
363 
363 
363 
423.122 
363 
363 
363 
363 
517.88 
363 
363 
363 
363 
363 
363 
363 
456.565 
363 
363 
363 
363 
512.578 
363 
363.018 
363 
363 
363.561 
363 
363 
363 
363 
363 
363 
363 
363 
6703.51 
363 
363 
13978.3 
363 
363 
363 
363 
363 
363 
363 
363.013 
6943.31 
363 
363 
363 
363 
363 
363.139 
363 
363 
363 
363 
363 
363 
363 
363 
363 
363 
363 
363.042 
363 
363 
363 
363 
7699.08 
363 
363 
363 
363 
363 
363 
363 
363 
363.132 
363 
8026.88 
363 
363.041 
363 
363 
363 
363 
363 
363 
363 
363 
363 
363 
363 
363 
363 
363 
363 
363 
363 
363 
363 
363 
9092.79 
363 
363 
430.615 
363 
363 
363 
363 
363 
419.084 
363 
363 
363 
363 
363 
363.046 
1005.91 
363 
363 
363 
363 
363 
363 
363 
363 
363 
363 
363.011 
363 
363 
363 
363 
363 
363.166 
363 
363.003 
363 
363 
363 
363 
363 
363 
363 
363 
363 
363 
6532.1 
363 
363 
363 
363 
363 
363 
363 
363 
363 
363.146 
1605.79 
363 
363 
363 
363 
363 
363 
363 
363 
363 
363 
3207.25 
363 
2262.07 
363 
363 
363 
363 
363 
363 
363 
363 
363 
6362.79 
363 
363 
363 
363 
363 
363 
1006.63 
3140.43 
363 
363 
1746.47 
363.015 
363 
363 
364.868 
3162.05 
5906.44 
363 
363 
363 
363 
514.227 
363 
363 
363 
363 
363 
363 
