363 
363 
711.653 
363 
363 
363 
14203.2 
363 
363 
363 
363 
363 
363 
363 
5247.33 
363.001 
363 
363 
363 
363 
363 
363 
363 
363 
363 
363 
363 
363 
363 
363 
363 
363.001 
363 
363 
363 
363 
363 
4157.73 
363 
363 
363 
363 
363 
363 
363 
363 
426.159 
363 
363 
363 
363 
363 
363 
363 
363 
363 
363 
363 
363 
4603.25 
363 
363 
363 
363 
363 
363 
363 
363 
363 
363 
363 
363 
467.447 
363 
363 
363 
363 
363 
363 
363 
363 
363 
363 
363 
363 
385.33 
363 
363 
363 
363 
363 
363 
364.058 
363 
363 
363 
363 
363.768 
363 
1753.31 
363.219 
363 
363 
363 
3082.94 
363 
363 
363 
363 
363 
727.508 
363 
372.815 
363 
363 
363 
363 
363 
363 
363.013 
363 
363 
363 
363 
363 
363 
363 
363 
363 
363 
363.493 
363 
363 
363 
363 
363 
363 
3251.78 
363 
363 
363 
363 
363 
363.003 
363 
363 
363 
363 
363 
363 
363 
363 
363 
3244.14 
363 
363 
390.999 
3272.17 
363 
363 
363 
3099.5 
363 
363 
363 
363 
363 
363.107 
4441.42 
363 
363 
363 
363 
363 
5035.15 
363 
363 
363 
363 
363 
363 
363.39 
363 
363 
363 
363 
363 
846.551 
4103.68 
396.756 
363 
363 
363 
3273.42 
13588 
363 
3493.83 
363 
363 
363 
363 
373.975 
363 
363 
363 
363 
363 
363 
363 
363 
363 
363 
363 
363 
363 
363 
384.972 
363 
363 
363 
363 
363 
363 
363 
363 
363 
363 
363 
363 
363 
363.001 
363 
363 
363 
363.522 
363 
363 
363 
363 
363 
363 
363 
363 
363 
363 
363.306 
4975.99 
363 
11827.6 
363 
363 
363 
363 
363 
425.651 
363 
363 
363 
363 
732.119 
363.492 
363 
363 
363 
363 
363 
363 
363 
363 
363 
363 
363 
363 
363 
363 
363 
363 
363 
363 
453.237 
363 
3346.96 
363 
363 
363 
363 
363 
674.042 
3157.89 
363 
363 
363 
363 
363 
6033.69 
363 
363 
368.51 
363 
363 
363 
363 
430.363 
363 
363 
363 
363 
452.092 
363 
363 
363 
363 
363 
363 
363 
464.779 
363 
363 
363 
363 
363.004 
363 
363 
363 
363 
363 
363 
363 
363 
363 
363 
363 
363 
363 
3086.3 
363 
363 
3277.63 
363 
363 
363 
363 
363 
363 
363 
363.015 
4396.68 
363 
363 
363 
363 
363 
363.15 
363 
363 
363 
363 
363 
363 
363 
363 
363 
363 
363 
363 
363 
363 
363 
363 
9692.52 
363 
363 
363 
363 
363 
363 
363 
363 
363.007 
363 
9973.43 
363 
363.007 
363 
363 
363 
363 
363 
363 
363 
363 
363 
363 
363 
363 
363 
363 
363 
363 
363 
363 
363 
363 
3089.75 
363 
363 
364.779 
363 
363 
363 
363 
363 
363.029 
363 
363 
363 
363 
363 
363 
1154.49 
363 
363 
363 
363 
363 
363 
363 
363 
363 
363 
363 
363 
363 
363 
363 
363 
363.187 
363 
363 
363 
363 
363 
363 
363 
363 
363 
363 
363 
363 
7272.11 
363 
363 
363 
363 
363 
363 
363 
363 
363 
363 
363.079 
363 
363 
363 
363 
363 
363 
363 
363 
363 
363 
3164.71 
363 
365.083 
363 
363 
363 
363 
363 
363 
363 
363 
363 
6628.53 
363 
363 
363 
363 
363 
363 
363.423 
3173.92 
363 
363 
2265.26 
363 
363 
363 
363 
364.083 
3610.77 
363 
363 
363 
363 
458.431 
363 
363 
363 
363 
363 
363 
