363 
375.48 
6214.11 
363 
363 
363.123 
6842.3 
14526.2 
363.763 
5488.74 
363 
423.318 
363 
363 
4240.29 
388.212 
363 
363.039 
5669.99 
363 
363 
363 
363 
363 
363.05 
363 
363 
1560.15 
363.092 
363 
363 
8365.09 
363.002 
363 
363 
363 
363 
3642.89 
382.091 
363 
363 
363 
363 
363 
363 
365.106 
986.157 
4091.83 
363 
363 
3419.06 
2134.99 
3882.28 
363 
363 
363 
363 
363.003 
363 
4563.22 
10353.4 
363 
363 
363 
3136.8 
407.587 
363.002 
363 
363 
363 
363.005 
363 
2022.55 
363 
365.687 
363 
4523.25 
363 
363 
363 
363 
363 
363 
363 
363 
383.249 
363 
363 
363 
363 
8916.53 
363 
375.47 
363 
363 
363 
446.919 
363.562 
3240.8 
1681.6 
3923.67 
363 
363.001 
363.004 
4326.01 
363 
1709.9 
435.326 
438.421 
363 
961.25 
363 
1233.71 
363 
2466.78 
363.003 
3105.76 
363 
363 
363.009 
363 
2445.48 
363 
363 
363 
363.065 
363 
363 
363 
363 
7304.83 
363 
363 
363 
363 
363 
363.004 
3597.6 
363 
371.845 
3090.59 
5883.04 
363 
363.008 
363 
363 
363 
363 
363 
3416.98 
363 
363 
10944.1 
4011.35 
363 
363 
379.942 
3151.2 
363.051 
363 
363 
1146.81 
363 
363 
5283.91 
363 
363.001 
442.266 
4202.54 
363 
4599.98 
3162.3 
363 
363 
4318.01 
368.855 
363.003 
363 
363 
6673.7 
3265.19 
374.305 
363 
363 
363.012 
363 
363 
6287.01 
3665.27 
7031.98 
3138.71 
389.475 
363 
2093.49 
6464.31 
363 
5190.34 
3135.17 
363 
363 
363 
527.454 
363 
363.058 
363.145 
363 
363 
5142.52 
394.637 
363 
363 
363 
363 
363 
12333.8 
3138.07 
6287.89 
363.009 
363 
1036.23 
5047.63 
363 
364.644 
363 
6644.68 
363 
847.843 
363 
9495.78 
363 
3116.62 
363 
363 
363 
907.969 
365.495 
363 
363 
363 
363 
363 
363 
363 
363.002 
363 
366.947 
5649.15 
363.004 
6233.9 
363 
363 
363.002 
363 
363 
393.848 
363 
363 
363 
2511.55 
558.679 
669.231 
363 
363 
363 
363 
363 
363 
363 
363 
404.556 
363 
363 
363 
363 
363 
363 
1716.87 
1705.24 
7367.45 
2922.49 
363 
5239.91 
363 
3579.64 
363 
10748.5 
363 
3365.96 
1819.5 
363 
363 
363 
363.001 
363.536 
4536.49 
363.007 
363.029 
6451.07 
363 
363 
363 
363 
396.818 
363 
363 
378.185 
363.002 
463.551 
363 
363 
363 
363 
363.048 
363.001 
363 
422.654 
363 
511.316 
363 
363 
6839.75 
583.27 
8368.69 
363 
363 
616.94 
4036.03 
363 
363 
363 
363 
363 
363 
363 
6853.37 
363 
363 
6400.27 
363 
363 
363 
363.002 
363 
7344.54 
363 
363.008 
4972.31 
363 
363 
3137.16 
363 
908.047 
363.08 
363 
363 
3097.06 
363 
363 
363 
363.001 
363 
363 
363 
363 
2115.13 
363 
363 
363 
363 
4998.69 
363 
363 
363 
363 
363 
371.494 
363 
363 
363.121 
5278.09 
5340.22 
363 
363.028 
364.859 
363 
366.694 
363 
363 
363 
363 
363 
478.792 
363 
363 
1209.72 
363 
11300.3 
364.762 
4968.1 
363 
363 
4066.53 
363 
6849.06 
757.878 
363 
442.213 
365.966 
363 
363 
363 
363 
1126.6 
363 
363 
363 
6598.06 
605.039 
364.271 
707.471 
401.455 
363 
363 
1233.87 
363 
363 
363 
363 
411.625 
363 
363.012 
363 
363 
363 
363.002 
363 
363.092 
363 
7194.05 
365.013 
5138.5 
363 
363 
363 
363 
363 
363.953 
363 
363.002 
4886.82 
569.438 
363 
363 
364.689 
363 
363 
1728.37 
363 
363 
6340.13 
6537.98 
363 
363 
363.072 
363 
363.085 
363 
363 
363 
363.027 
363.246 
2045.87 
363 
3592.65 
3547.27 
363 
363.003 
363 
364.118 
449.494 
363 
363.046 
4519.33 
4917.21 
363 
15182.1 
363 
363 
363 
363 
1989.72 
1669.04 
363 
363 
899.45 
7097.89 
363 
363 
5767.72 
6993.19 
4673.46 
363 
809.539 
3192.61 
363 
553.057 
363 
363.002 
363.015 
363 
363 
363 
