4783.8 
371.628 
4703.57 
363 
363 
363.163 
5515.18 
6698.95 
363.551 
4818.7 
363.129 
8565.18 
363 
2361.85 
3816.34 
381.882 
363.001 
363.025 
4501.96 
364.067 
363 
363 
3832.88 
367.2 
750.377 
363 
363 
1028.08 
363.055 
363 
419.781 
5978.53 
508.783 
363 
363 
3642.66 
363 
3374.8 
3232.92 
1742.87 
12096 
363 
363.14 
364.235 
363 
364.194 
788.896 
3840.22 
363 
363 
3210.99 
1704.64 
3612.3 
363.048 
363.002 
363.002 
363 
375.56 
3264.13 
4004.51 
6225.05 
363 
363 
363 
3252.15 
388.594 
363.002 
3948.29 
363 
363 
366.666 
363 
1428.71 
9571.37 
364.905 
363 
3971.42 
363 
5817.74 
1775.48 
363.004 
363 
363 
363 
363 
375.089 
363 
363 
363 
548.851 
6101.88 
363 
371.088 
9898.74 
363 
363 
429.702 
363.402 
3212.68 
1066.98 
3733.79 
364.464 
363 
363.003 
3859.13 
363.007 
8585.35 
1712 
414.96 
363 
760.735 
363 
770.182 
3098.01 
3570.41 
363.002 
1698.65 
363.001 
363 
363.006 
363 
4601.59 
363 
819.907 
363 
10166.3 
363 
776.702 
380.326 
363 
5354.39 
364.054 
363.031 
363.471 
363 
363 
363.003 
3387.37 
363 
5295.95 
1360.87 
4653.98 
363 
363.007 
367.347 
363 
363 
363 
363 
3211.69 
363 
363 
5915.84 
3767.23 
363 
363 
373.605 
1937.53 
363.073 
363 
1045.18 
719.739 
363 
1790.81 
6956.68 
363 
363.001 
456.005 
3908.96 
386.694 
4034.77 
2385.81 
363 
363 
3888.88 
372.735 
363.117 
363 
363 
4929.59 
4668.16 
377.206 
9943.73 
8684.86 
363.169 
3106.18 
363 
5105.79 
3423.15 
5638.96 
2101.05 
694.898 
1667.93 
1132.79 
5332.45 
363 
4294.82 
1825.8 
363 
363 
363.007 
524.97 
3618.33 
3320.65 
363.095 
363 
367.888 
4628.86 
382.527 
363 
363 
363 
706.75 
363 
6314.29 
6532.76 
4788.61 
363.006 
363 
766.369 
4285.61 
363 
3348.95 
363 
5270.21 
363.004 
608.999 
363 
5860.87 
3658.15 
1512.88 
363 
3124.06 
363 
633.014 
366.413 
363 
363.003 
363 
399.99 
363 
2870.46 
363 
363.001 
363 
365.379 
4556.8 
577.684 
5181.67 
363 
363.036 
363.001 
363 
363.022 
380.857 
363 
363 
363 
1647.49 
469.392 
550.081 
363 
363 
363 
363 
1358.05 
363 
363 
363 
387.978 
366.005 
363.236 
363 
363.035 
3362.81 
363 
1483.24 
1080.81 
5113.14 
1156.97 
363 
4411.74 
7109.74 
3823.59 
363 
5507.58 
363 
3222.22 
1235.16 
363 
363 
363 
363.001 
363.304 
4004.18 
363.004 
363.014 
4851.54 
363 
363 
364.376 
1909.49 
382.871 
363 
363.003 
452.014 
4766.53 
430.081 
1235.23 
363 
449.197 
363 
363.029 
363 
363 
402.412 
363.267 
601.961 
363 
3080.29 
5086.26 
854.848 
5413.49 
363 
363 
535.724 
7488.15 
363 
363 
3951.01 
370.199 
363 
363 
3217.36 
5458.13 
363 
363 
5014.4 
363 
363 
363 
3788.69 
6426.02 
5220.76 
363 
363.005 
4227.02 
363 
363 
1709.91 
491.212 
649.836 
363.048 
363 
363 
3857.08 
363 
1662.54 
363 
6505.27 
364.183 
363 
363 
1083.87 
1201.45 
363 
363 
363 
363 
4201.94 
363 
363 
363 
363 
363 
1704.68 
363.015 
363 
363.073 
4494.39 
4507.79 
363 
363.017 
759.11 
363 
483.224 
376.497 
363 
371.991 
2186.47 
7479.01 
436.521 
363.163 
363 
751.624 
3473.38 
5765.6 
373.05 
5417.28 
363 
363 
4429.08 
363.002 
5324.71 
7589.34 
363.566 
409.206 
4508.47 
363 
363 
363 
363 
715.895 
363 
10266.7 
363 
4857.53 
539.333 
363.734 
609.295 
386.509 
1716.23 
363 
794.507 
363 
363 
10917.9 
363.001 
391.459 
363 
363.007 
363 
363.006 
510.31 
363.004 
1031.11 
363.053 
396.17 
5211.54 
364.689 
6771.41 
3864.32 
363.001 
363 
363 
363 
363.557 
363 
363.007 
4226.08 
813.215 
367.246 
363 
363.913 
363 
363 
951.199 
363 
368.302 
4992.33 
5040.63 
3411.28 
363 
6109.14 
363 
363.062 
363.002 
417.441 
363 
364.558 
416.409 
1096.95 
4056.08 
3398.06 
3305.34 
12350.2 
7673.85 
363 
364.417 
417.987 
363 
363.118 
5395.4 
4290.24 
363 
5802.19 
363 
363 
363 
363 
1010.29 
904.477 
363 
363 
628.503 
5176.31 
363 
363 
4558.13 
5026.32 
4033.19 
363 
3971.42 
1859.14 
363 
516.626 
363 
363.021 
617.731 
363 
372.54 
363 
