363.439 
373.595 
5336.71 
363 
363 
363.202 
6111.1 
9430.97 
363.66 
5195.97 
363 
12635.9 
363 
363.694 
4030.1 
385.17 
363.001 
363.032 
5018.54 
363.037 
363 
363 
1136.95 
363 
582.957 
363 
363 
1280.43 
363.074 
363 
363 
6913.18 
461.746 
363 
363 
1685.33 
363 
3513.86 
3295.66 
363 
1442.64 
363 
363 
363 
363 
364.644 
884.541 
3972.28 
363 
363 
3320.37 
2610.12 
3752.96 
363 
363 
363 
363 
366.962 
363 
4279.15 
7532.38 
363 
363 
363 
3339.72 
397.821 
363.002 
363 
363 
363 
367.069 
363 
1710.68 
1879.36 
365.432 
363 
4242.89 
363 
363 
363 
363 
363 
363 
363 
363 
379.098 
363 
363 
363 
363 
7181.2 
363 
373.287 
363.267 
363 
363 
439.082 
363.484 
3328.3 
1371.15 
3834.73 
363.083 
363.001 
363.004 
4092.48 
363 
14544.9 
2363.63 
426.881 
363 
861.258 
363 
957.423 
363.428 
3701.74 
363.002 
2377.25 
363 
363 
363.008 
363 
4813.96 
363 
467.919 
363 
7388.29 
363 
363 
363.068 
363 
6141.65 
363 
363 
363 
363 
363 
363.004 
3498.07 
363 
4697.14 
1763.63 
5195.22 
363 
363.008 
363.002 
363 
363 
363 
363 
3319.65 
363 
363 
7651.3 
3895.41 
363 
363 
376.756 
3101.39 
363.066 
363 
363 
893.876 
363 
363 
9709.17 
363 
363.001 
450.379 
4061.7 
363 
4312.49 
3117.63 
363 
363 
4105.36 
371.209 
363.152 
363 
363 
5643.54 
5088.42 
376.057 
363.045 
389.092 
363.199 
1820.8 
363 
5640.72 
3549.73 
6260.91 
3119.58 
826.753 
363.001 
1668.9 
5853.58 
363 
4709.02 
3088.92 
363 
363 
363.003 
534.608 
363 
3175.44 
363.12 
363 
363 
5182.64 
388.523 
363 
363 
363 
368.372 
363 
8624.77 
11126.7 
5421.26 
363.008 
363 
879.889 
4647.68 
363 
3298.92 
363 
6011.8 
363 
716.092 
363 
7050.98 
363 
2034.8 
363 
366.5 
363 
754.136 
367.557 
363 
363 
363 
363 
363 
363 
363 
363.002 
363 
366.151 
5048.23 
532.14 
5670.15 
363 
363 
363.001 
363 
363.013 
387.186 
363 
363 
363 
1813.1 
511.733 
607.853 
363 
363 
363 
363 
363 
363 
363 
363 
396.129 
363 
363 
363 
363 
363 
363 
1943.28 
1440.37 
5966.5 
1707.24 
363 
4801.76 
363.028 
4065.74 
363 
6959.39 
363 
3299.08 
1670.95 
363 
363 
363 
363.001 
363.416 
4267.39 
363.005 
363.021 
5516.91 
363 
363 
363.23 
363 
389.691 
363 
363 
480.124 
3267.83 
446.934 
363 
363 
363 
363 
363.038 
363.001 
363 
412.597 
363 
672.922 
363 
363.002 
5806.03 
777.816 
6439.88 
363 
363 
576.466 
12823.4 
363 
363 
363.192 
363.68 
363 
363 
1082.04 
6076.51 
363 
363 
5617.9 
363 
363 
363 
3153.93 
2017.83 
6048.18 
363 
363.007 
4581.64 
363 
363 
2971.28 
363.709 
766.027 
363.064 
363 
363 
4090.2 
363 
469.67 
363 
3357 
363 
363 
363 
363 
1682.5 
363 
363 
363 
363 
4576.67 
363 
363 
363 
363 
363 
3013.26 
363 
363 
363.097 
4868.18 
4900.82 
363 
363.022 
905.518 
363 
520.869 
363 
363 
363 
371.892 
3265.43 
457.523 
363.094 
363 
936.364 
363 
7211.34 
376.202 
6133.05 
363 
363 
4882.74 
363 
5982.59 
17712.1 
363 
425.281 
4131.21 
363 
363 
363 
363 
885.045 
363 
363.267 
363 
5571.48 
571.65 
363.996 
659.395 
394.148 
363 
363 
980.501 
363 
363 
371.094 
363 
401.304 
363 
363.01 
363 
363 
363 
363.003 
366.248 
363.072 
363 
6000.93 
365.14 
10685.7 
404.22 
363.001 
363 
363 
363 
363.752 
363 
363.005 
4546.04 
1019.2 
363 
363 
364.284 
363 
363 
1351.69 
363 
363 
5582.51 
5681.07 
363 
363 
4020.28 
363 
363.08 
363 
391.305 
363 
363.281 
433.194 
1667.2 
363.24 
3500.95 
3436.96 
1504.19 
3665.55 
363 
364.917 
435.846 
363 
363.091 
6547.59 
4596.55 
363 
7645.99 
363 
363 
363 
363 
1600.52 
1195.55 
363 
363 
747.996 
5947.89 
363 
363 
5090.29 
5802.52 
4342.68 
363 
4188.15 
3118.13 
363 
537.67 
363 
363.027 
503.685 
363 
363 
363 
