363 
363 
15755.8 
363 
363 
363 
12499.8 
363 
363 
363 
363 
363 
363 
363 
4873.02 
373.685 
363 
363 
367.862 
363 
363 
363 
363 
363 
363 
363 
363 
363 
363 
363 
363 
3156.53 
363 
363 
363 
363 
363 
3985.74 
363 
363 
363 
363 
363 
363 
363 
363 
1340.55 
1666.61 
363 
363 
363 
363 
1674.88 
363 
363 
363 
363 
363 
363 
5536.79 
363.02 
363 
363 
363 
363 
373.626 
363 
363 
363 
363 
363 
363 
3122.1 
363 
363 
363 
363.014 
363 
363 
363 
363 
363 
363 
363 
363 
395.703 
363 
363 
363 
363 
363 
363 
381.25 
363 
363 
363 
364.353 
363.767 
363 
3081.21 
3218.93 
363 
363.001 
363.005 
4935.72 
363 
363 
363 
363.947 
363 
1222.95 
363 
2002.02 
363 
363 
363 
363 
363 
363 
363.013 
363 
363 
363 
363 
363 
363 
363 
363 
363 
363 
5278.22 
363 
363 
363 
363 
363 
363 
3845.54 
363 
363 
363.009 
364.593 
363 
363.005 
363 
363 
363 
363 
363 
363.266 
363 
363 
363 
4299.42 
363 
363 
389.172 
3265.7 
363 
363 
363 
2430.18 
363 
363 
363 
363 
363 
384.868 
4572.04 
363 
505.771 
367.348 
363 
363 
4956.55 
363 
363 
363 
363 
363 
363 
367.293 
363 
363 
363 
363 
363 
7545.44 
3962.52 
6119.95 
363 
363 
363 
3205.02 
9877.25 
363 
7686.26 
363 
363 
363 
363 
454.863 
363 
363 
363.001 
363 
363 
363 
363.342 
363 
363 
363 
363 
363 
363 
363 
6839.45 
363.01 
363 
397.54 
647.739 
363 
363 
363 
363 
363 
363.205 
363 
363.036 
363 
1607.01 
363 
363 
363 
1298.25 
363 
363 
363 
363 
363 
363 
363 
363 
363.001 
363 
369.152 
10118 
363 
9136.68 
363 
363 
363 
363 
363 
414.337 
363 
363 
363 
363 
722.119 
723.19 
363 
363 
363 
363 
363 
363 
363 
363 
363 
363 
363 
363 
363 
363 
363 
363 
363 
2890.72 
3202.34 
363 
7155.13 
363 
363 
363 
363 
363 
3452.78 
3129.16 
363 
363 
363 
363.001 
363 
5430.08 
363 
363.007 
6417.79 
363 
363 
363 
363 
418.513 
363 
363 
363 
363 
510.277 
363 
363 
363 
363 
363 
363 
363 
450.897 
363 
363 
363 
363 
3158.11 
363 
403.762 
363 
363 
387.646 
363 
363 
363 
363 
363 
363 
363 
363 
11672.2 
363 
363 
15476 
363 
363 
363 
363 
363 
363.004 
363 
363.012 
6614.08 
363 
363 
363 
363 
363 
363.129 
363 
363 
363 
363 
363 
363 
363 
363 
363 
363 
363 
376.474 
363 
363 
363 
363 
6941.88 
363 
363 
363 
363 
363 
363 
363 
363 
363.188 
363.001 
7300.5 
363 
363.044 
363 
363 
363 
363 
363 
363 
363 
363 
363.003 
363 
363 
363 
363 
363 
363 
363 
363 
363 
363 
363 
16331.1 
363 
363 
484.324 
363 
363 
363 
363 
363 
1101.02 
363 
363 
363 
363 
363.046 
363.599 
933.075 
363 
363 
363 
363 
363 
363 
363 
363 
363.045 
363 
363.019 
363 
363 
363 
363 
363 
363.153 
363 
369.929 
363 
363 
363 
363 
363 
363 
363 
363 
363 
363 
6162.94 
363 
363 
363 
363.016 
363 
363 
363 
363 
363 
404.841 
3507.32 
363 
363 
363 
363 
363 
363 
363 
363 
363 
363 
3184.71 
363 
3295.32 
363 
363 
363 
363 
363 
363 
363 
363 
363 
6055.5 
363 
363 
363 
363 
363 
363 
3093.79 
3118.11 
363 
363 
1694.49 
386.374 
363 
363 
1081.61 
8547.25 
5915.72 
363 
363 
363.781 
363 
536.047 
363 
363 
363 
363 
363 
363 
