4622.72 
369.474 
4160.88 
363.039 
363.001 
363.121 
4963.02 
5406 
363.427 
4432.56 
705.7 
6356.25 
3402.78 
1690.25 
3579.03 
378.085 
363 
363.017 
4032.01 
363.85 
363 
2420.63 
3590.82 
377.958 
842.027 
363 
363 
829.381 
363.037 
363.004 
8538.71 
5226.76 
472.44 
3178.53 
363 
3498.53 
363 
3211.24 
3101.04 
3708.42 
7060.35 
363 
363.221 
363.92 
366.589 
363.766 
691.027 
3680.82 
3378.97 
363.932 
2979.73 
1132.12 
3445.41 
1067.73 
407.518 
363.001 
363 
380.456 
4278.35 
3713.4 
5308.72 
363.982 
1704.45 
364.729 
3143.06 
379.656 
363.002 
9083.29 
363 
363 
365.768 
363.358 
1022.84 
6527.06 
364.353 
363 
3683.32 
363 
6939.66 
1908.8 
363.003 
363 
2277.47 
363 
363 
371.101 
363 
363.562 
363 
7211.54 
5280.08 
576.725 
368.778 
7656.55 
363 
6452.36 
417.561 
363.309 
2711.08 
843.434 
3608.27 
364.152 
363 
363.002 
3604.29 
8632.78 
6552.47 
1214.65 
401.967 
363 
647.583 
363 
620.006 
1717.19 
3410.08 
363.001 
1143.47 
4045.05 
363 
363.005 
363 
4334.07 
363 
671.114 
363 
6765.63 
363 
8339.49 
374.174 
363 
4704 
10179.6 
363.035 
364.873 
363.004 
363 
363.003 
3252.72 
15371.8 
4543.08 
888.053 
4164.14 
363 
363.006 
370.671 
363 
363 
363 
363 
3080.78 
9347.53 
363 
4902.12 
3612.34 
363 
3648.83 
370.372 
1454.41 
363.07 
363 
4290.67 
580.948 
363 
8931.16 
5627.11 
363 
363 
452.992 
3728.13 
9655.97 
3740.6 
1680.5 
363 
363 
3648.3 
373.156 
363.08 
11074 
363 
4335.58 
4253.53 
377.425 
7722.6 
5977.74 
363.135 
1739.13 
642.37 
4604.64 
3271.66 
5066.8 
1434.08 
578.973 
1429.86 
872.804 
4833.34 
363 
3895.45 
1417.84 
363 
363 
363.005 
500.85 
7858.56 
3227.11 
363.068 
363 
4008.07 
4132.34 
376.433 
363 
363.023 
363 
562.905 
3897.89 
5138.54 
5048.68 
4242.63 
363.005 
363.001 
676.402 
3922.5 
363 
3235.76 
363 
4646.52 
7173.89 
516.083 
377.464 
5012.13 
6502.62 
912.179 
363 
1774.66 
363 
529.912 
365.277 
363 
2118.89 
363 
3259.49 
3097.41 
5498.05 
363 
363.001 
363.008 
364.604 
4100.19 
505.118 
4708.4 
363 
363.065 
363.001 
501.14 
363.014 
374.688 
363 
363 
363 
1181.82 
430.154 
492.921 
363 
363 
363 
363 
4191.05 
363.028 
600.079 
3128.95 
379.841 
502.461 
3922.39 
363.401 
381.944 
3851.83 
1688.6 
966.98 
838.669 
4444.93 
786.172 
363 
4025.83 
6380.54 
3561.8 
363.001 
4604.96 
363 
3125.27 
919.926 
363 
363 
363 
363.001 
363.196 
3722.27 
363.003 
363.008 
4285.63 
363 
6441.07 
366.204 
5829.42 
376.16 
363 
3159.57 
423.849 
4221.17 
412.127 
1622.02 
363 
663.269 
363 
363.019 
363 
912.323 
391.605 
363.182 
531.338 
363 
1672.98 
4482.11 
775.034 
4656.06 
370.412 
363 
492.282 
5808.83 
363.001 
363.001 
3857.53 
371.997 
363 
363 
3084.5 
4894.33 
363 
363.01 
4475.41 
363 
363 
363 
3574.83 
5092.57 
4558.29 
363 
363.003 
3870.6 
363 
367.779 
1116.72 
450.531 
547.493 
363.032 
363 
363.056 
3599.4 
363 
950.664 
363 
5072.57 
1731.02 
3134.32 
363 
9007.64 
927.822 
497.093 
363 
363 
363 
3831.85 
363 
363 
363 
363 
363 
1045.84 
371.646 
363 
363.049 
4118.04 
4117.43 
363 
363.011 
613.369 
3173.34 
444.477 
374.733 
363 
472.612 
1265.56 
5414.91 
414.883 
363.258 
3982.55 
604.507 
6304.56 
4841.79 
369.857 
4800.39 
363 
363 
4000.13 
363.001 
4743.13 
5478.13 
4662.44 
393.501 
4048.5 
363 
363 
363 
1353.38 
579.807 
363 
6570.86 
363 
4267.09 
496.609 
363.48 
544.748 
378.872 
1366.58 
363 
642.598 
363 
363 
6079.17 
3099.76 
381.804 
363 
363.004 
374.672 
363.156 
1578.05 
363.004 
760.255 
363.035 
1692.4 
4567.26 
364.212 
5327.23 
3646.77 
363.001 
5949.41 
363 
689.662 
363.367 
363 
363.01 
3895.42 
648.766 
9922.7 
363 
363.568 
378.107 
515.428 
709.247 
363 
1811.06 
4461.83 
4479.98 
4919.92 
3326.05 
5082.59 
363 
363.044 
363.278 
399.385 
363 
366.747 
397.037 
779.318 
3924.18 
3271.71 
3149.64 
6156.47 
5625.97 
363 
364.07 
400.195 
363 
363.125 
4593.25 
3968.96 
363 
4775.62 
363 
363 
363 
363 
723.321 
699.768 
363 
363 
526.776 
4541.35 
363 
365.718 
4077.04 
4397.63 
3714.26 
363 
3672.07 
1375.58 
363 
485.35 
363 
363.014 
681.854 
363 
4858.3 
363 
