363 
363 
13879 
363 
363 
363 
9906.26 
363 
363.002 
363.003 
363 
363 
363 
363 
4716.07 
391.704 
363 
363.002 
2679.13 
363 
363 
363 
363 
363 
363 
363 
363 
363 
363 
363 
363 
8182.67 
363 
363 
363 
363 
363 
3906.94 
363 
363 
363 
363 
363 
363 
363 
363 
1254.21 
3404.43 
363 
363 
366.549 
363 
3374.59 
363 
363 
363 
363 
363 
363 
5274.72 
551.074 
363 
363 
363 
363 
415.8 
363 
363 
363 
363 
363 
363 
3115.09 
363 
363 
363 
432.038 
363 
363 
363 
363 
363 
363 
363 
363 
392.709 
363 
363 
363 
363 
363.051 
363 
380.193 
363 
363 
363 
398.32 
363.72 
363 
2353.3 
3886.55 
363 
363.001 
363.006 
4872.11 
363 
363 
363 
393.076 
363 
1146.5 
363 
1906.88 
363 
363 
363.002 
363 
363 
363 
363.012 
363 
363 
363 
363 
363 
363 
363 
363 
363 
363 
16890.8 
363 
363 
363 
363 
363 
363.001 
3791.5 
363 
363 
383.176 
1734.05 
363 
363.006 
363 
363 
363 
363 
363 
663.388 
363 
363 
363 
4239.17 
363 
363 
386.989 
3241.52 
363.002 
363 
363 
1855.78 
363 
363 
363 
363 
363 
400.829 
4487.77 
363 
3192.64 
1409.07 
363 
363 
4798.4 
363.002 
363 
363 
363 
364.403 
363 
369.159 
363 
363 
363 
363 
363 
8731.09 
3895.45 
9820.9 
363 
363 
363 
3172.11 
8605.05 
363 
6832.27 
363.435 
363 
363 
363 
484.471 
363 
363 
363.05 
363 
363 
363 
375.264 
363 
363 
363 
363 
363 
363 
363 
11943.6 
363.012 
363 
875.435 
3291.62 
363 
363 
363 
363 
363 
403.628 
363 
625.128 
363 
3146.63 
363 
363 
363 
1548 
363 
363 
363 
363 
363 
363 
363 
363 
363.002 
363 
368.745 
8134.15 
363 
8112.29 
363 
363 
363.001 
363 
363 
409.349 
363 
363 
363 
363 
679.174 
817.092 
363 
363 
363 
363 
363 
363 
363 
363 
363.035 
363 
363 
363 
363 
363 
363 
363 
363.066 
6094.82 
3206.68 
363 
6586.41 
363 
363 
363 
363.002 
363 
3489.38 
3109.2 
363 
363 
363 
363.002 
363.018 
5194.21 
363 
363.039 
13245.1 
363 
363 
363 
363 
413.256 
363 
363 
363 
363 
499.364 
363 
363 
363 
363 
363.006 
363 
363 
444.309 
363 
363 
363 
363 
6375.08 
363 
3278.7 
363 
363 
581.607 
363 
363 
363 
363 
363 
363 
363 
363 
10467 
363 
363 
10806.9 
363 
363 
363 
363 
363 
402.176 
363 
363.011 
6110.13 
363 
363 
363.006 
363 
363.007 
363.117 
363 
363 
363 
363 
363 
363 
363 
363 
363 
363 
363 
1641.58 
363 
363 
363 
363 
6305.49 
363 
363 
363 
363 
363 
363 
363 
363 
363.177 
374.555 
6672.07 
363 
363.04 
363 
363 
363 
363 
363 
363 
363 
363 
364.609 
363 
363 
363.854 
363 
363.203 
363 
363 
363 
363 
363 
363 
12224.8 
363 
363 
481.776 
363 
363 
363 
363 
363 
1728.4 
363 
363 
363 
363.385 
374.509 
364.716 
863.383 
363 
363 
363 
363 
363 
363 
363 
363 
368.811 
363 
363.019 
363 
363 
363 
363 
363 
363.138 
363 
3092.52 
363 
363 
363 
363 
363 
363 
363 
363 
363 
363 
5798.77 
363 
363 
363 
363.637 
363 
363 
363.792 
363 
363 
3131.9 
7780.03 
363 
363 
363 
363 
363 
363 
363 
363 
363 
363 
3156.05 
363 
3710.69 
363.004 
363 
363 
363 
363 
363 
363 
363 
363 
5741.82 
363 
363.001 
363 
363 
363 
363 
3160.79 
3091.05 
363 
363 
1548.46 
3137.64 
363 
363 
3557.83 
21365.8 
5566.24 
363 
363 
810.684 
363 
551.805 
363 
363 
363 
363 
363 
363 
