363 
363.005 
11684.3 
363 
363 
363 
9314.15 
363 
363.016 
363.158 
363 
363 
363 
363 
4658.6 
393.085 
363 
363.008 
3209.52 
363 
363 
363 
363 
363 
363 
363 
363 
363 
363 
363 
363 
13217.4 
363 
363 
363 
363 
363 
3877.08 
363 
363 
363 
363 
363 
363 
363 
363 
1218.16 
3753.54 
363 
363 
419.987 
363 
3672.85 
363 
363 
363 
363 
363 
363 
5182.6 
2175.53 
363 
363 
363 
363 
423.586 
363 
363 
363 
363 
363 
363 
3108.28 
363 
363 
363 
1184.55 
363 
363 
363 
363 
363 
363 
363 
363 
391.59 
363 
363 
363 
363 
365.295 
363 
379.65 
363 
363 
363 
425.794 
363.703 
363 
2183.45 
4017.07 
363 
363.001 
363.005 
4805.14 
363 
363 
363 
419.954 
363 
1121.29 
363 
1783.13 
363 
363 
363.003 
363 
363 
363 
363.012 
363 
363 
363 
363 
363 
363 
363 
363 
363 
363 
16302 
363 
363 
363 
363 
363 
363.001 
3770.24 
363 
363 
543.506 
3143.79 
363 
363.007 
363 
363 
363 
363 
363 
1739.57 
363 
363 
363.003 
4214.06 
363 
363 
386.168 
3232.04 
363.005 
363 
363 
1744.75 
363 
363 
363 
363 
363 
406.399 
4455.72 
363 
3528.45 
2744.05 
363 
363 
4740.46 
363.024 
363 
363 
363 
400.342 
363 
369.824 
363 
363 
363 
363 
363 
8350.16 
3869.84 
9634 
363 
363 
363 
3159.31 
8247.87 
363 
6564.18 
371.013 
363 
363 
363 
492.57 
363 
363 
363.102 
363 
363 
363.002 
387.113 
363 
363 
363 
363 
363 
363 
363 
10991.3 
363.012 
363 
1204.39 
3801.26 
363 
363 
363 
363.028 
363 
507.324 
363 
2584.46 
363 
3188.71 
363 
363 
363 
1439.53 
363 
363 
363 
363 
363 
363 
363 
363 
363.003 
363 
368.534 
7659.08 
363 
7811.27 
363 
363 
363.002 
363 
363 
407.495 
363 
363 
363 
363 
663.791 
801.401 
363 
363 
363 
363 
363 
363 
363 
363 
363.355 
363 
363 
363 
363 
363 
363 
363 
364.189 
10965.7 
3193.32 
363 
6383.85 
363 
363 
363 
363.164 
363 
3476.92 
3101.35 
363 
363 
363 
363.002 
363.079 
5110.49 
363 
363.046 
12216.2 
363 
363 
363 
363 
411.299 
363 
363 
363 
363 
495.239 
363 
363 
363 
363 
363.017 
363 
363 
441.819 
363 
363 
363 
363 
8947.12 
363 
4463.7 
363 
363 
650.059 
363 
363 
363 
363 
363 
363 
363 
363 
9720.67 
363 
363 
9721.88 
363 
363 
363 
363 
363 
1006.82 
363 
363.011 
5945.71 
363 
363 
363.215 
363 
363.149 
363.113 
363 
363 
363 
363 
363 
363 
363 
363 
363 
363 
363 
2598.86 
363 
363 
363 
363 
6107.63 
363 
363 
363 
363 
363 
363 
363 
363 
363.17 
565.273 
6473.71 
363 
363.039 
363 
363 
363 
363 
363 
363 
363 
363 
371.799 
363 
363 
371.764 
363 
371.51 
363 
363.002 
363 
363 
363 
363 
10828.4 
363 
363 
477.072 
363 
363 
363 
363 
363 
1726.72 
363 
363 
363 
374.819 
408.08 
364.792 
840.417 
363 
363 
363 
363.004 
363 
363 
363 
363 
380.666 
363 
363.018 
363 
363 
363 
363 
363 
363.133 
363 
3327.86 
363 
363 
363 
363 
363 
363 
363 
363 
363 
363 
5674.97 
363 
363 
363 
364.305 
363 
363 
372.776 
363 
363 
3464.76 
9165.5 
363 
363 
363 
363 
363 
363 
363 
363 
363 
363 
3144.85 
363 
3738.5 
363.189 
363 
363 
363 
363 
363 
363 
363 
363 
5633.04 
363 
363.124 
363 
363 
363 
363 
3157.68 
3080.47 
363 
363 
1419.52 
3537.92 
363 
363 
4488.21 
19464.8 
5444.29 
363 
363 
1814.44 
363 
555.466 
363 
363 
363 
363 
363 
363 
