4933.9 
370.629 
4438.49 
363 
363.001 
363.144 
5249.94 
6007.91 
363.494 
4637.53 
549.244 
7293.96 
363 
1865.41 
3707.31 
380.149 
363.001 
363.021 
4275.31 
363.968 
363 
363.006 
3722.07 
380.674 
800.599 
363 
363 
929.338 
363.047 
363 
5730.03 
5606.6 
491.843 
363 
363 
3578.21 
363 
3300.84 
3173.81 
3731.76 
8693.83 
363 
363.255 
364.106 
363.232 
363.987 
742.849 
3768.67 
363 
363 
3151.61 
1505.87 
3537.01 
637.063 
376.635 
363.002 
363 
378.409 
4402.78 
3869.12 
5760.35 
363 
364.563 
363 
3203.64 
384.286 
363.002 
17187.1 
363 
363 
366.25 
363.047 
1208.06 
7708.32 
364.645 
363 
3837.48 
363 
10401.4 
3097.72 
363.003 
363 
363 
363 
363 
373.182 
363 
363 
363 
5815.86 
5691.09 
377.326 
370.002 
9643.71 
363 
370.657 
424.372 
363.359 
3150.25 
954.517 
3677.94 
364.321 
363 
363.003 
3741.53 
3111.44 
7442.82 
1616.28 
408.923 
363 
707.68 
363 
695.183 
2328.69 
3498.18 
363.002 
1498.54 
552.127 
363 
363.005 
363 
4479.15 
363 
746.673 
363 
8036.75 
363 
10078.1 
377.341 
363 
5034.3 
3986.2 
363.042 
365.383 
363 
363 
363.003 
3327.07 
2664.41 
4916.57 
1090.31 
4417.46 
363 
363.007 
369.307 
363 
363 
363 
363 
3153.01 
375.371 
363 
5387.51 
3697.73 
363 
364.126 
372.074 
1709.18 
363.073 
363 
4096.82 
650.146 
363 
11303.8 
6247.51 
363 
363.001 
455.818 
3827.34 
7315.43 
3897.94 
1831.43 
363 
363 
3778.37 
372.996 
363.099 
364.333 
363 
4637.67 
4471.65 
377.462 
10284.1 
7156.7 
363.154 
2532.46 
363 
4865.66 
3354.98 
5363.67 
1719.92 
637.884 
1686.9 
987.51 
5094.5 
363 
4104.73 
1695.48 
363 
363 
363.006 
515.247 
15660 
3279.3 
363.082 
363 
3313.89 
4388.61 
379.633 
363 
363.022 
363 
633.954 
822.886 
5690.89 
5708.45 
4522.3 
363.006 
363 
721.01 
4114.39 
363 
3298.6 
363 
4964.36 
3089.68 
563.11 
363.009 
5431.71 
8358.88 
1151.09 
363 
3083.68 
363 
581.901 
365.869 
363 
701.639 
363 
3187.9 
363.149 
5845.89 
363 
363.001 
363 
365.009 
4337.61 
542.527 
4956.64 
363 
363.075 
363.001 
363 
363.018 
377.889 
363 
363 
363 
1349.38 
450.264 
522.799 
363 
363 
363 
363 
4114.53 
363.021 
363.002 
369.123 
384.093 
503.857 
3134.78 
363.001 
377.737 
4034.2 
363 
1172 
957.307 
4780.87 
951.966 
363 
4229.17 
8044.8 
3702.46 
363.001 
5041.23 
363 
3179.27 
1069.06 
363 
363 
363 
363.001 
363.252 
3873.42 
363.003 
363.011 
4574.67 
363 
372.835 
365.154 
5899.6 
379.652 
363 
1085.73 
438.581 
4500.42 
421.681 
2002.81 
363 
601.604 
363 
363.024 
363 
365.357 
397.349 
363.23 
568.338 
363 
2103.35 
4789.88 
820.757 
5032.77 
363.133 
363 
515.433 
6557.91 
363 
363 
4041.52 
371.346 
363 
363 
3157.8 
5186.33 
363 
363 
4753.4 
363 
363 
363 
3691.07 
5704.17 
4892.73 
363 
363.004 
4059.04 
363 
363 
1503.49 
471.862 
599.579 
363.041 
363 
363 
3738.07 
363 
1238.09 
363 
5715.75 
1686.64 
363.002 
363 
15905.9 
1047.33 
363 
363 
363 
363 
4026.79 
363 
363 
363 
363 
363 
1419.08 
369.482 
363 
363.061 
4317.09 
4323.29 
363 
363.014 
686.64 
363 
464.692 
376.671 
363 
491.866 
1705.89 
6267.83 
426.295 
363.203 
363.015 
677.968 
7853.78 
5290.23 
371.531 
5116.28 
363 
363 
4223.98 
363.001 
5042.45 
6347.2 
3229.3 
401.659 
4287.22 
363 
363 
363 
379.701 
647.791 
363 
8650.38 
363 
4567.02 
519.757 
363.612 
577.867 
382.863 
1749.08 
363 
719.031 
363 
363 
7774.37 
440.276 
386.824 
363 
363.006 
363 
363.176 
1737.27 
363.004 
889.501 
363.045 
1791.44 
4893.7 
364.465 
5981.59 
3772.64 
363.001 
926.912 
363 
363.07 
363.466 
363 
363.009 
4071.31 
729.85 
4884.27 
363 
363.744 
363 
363 
825.132 
363 
2645.81 
4735.79 
4767.97 
5443.89 
379.369 
5576.06 
363 
363.053 
363.273 
408.79 
363 
365.539 
407.013 
925.922 
4136.29 
3341.63 
3235.05 
7824.93 
6483.96 
363 
364.226 
409.489 
363 
363.124 
4988.17 
4140.42 
363 
5263.8 
363 
363 
363 
363 
857.02 
800.198 
363 
363 
578.062 
4863.57 
363 
363 
4325.79 
4715.72 
3883.8 
363 
3831.8 
1688.92 
363 
503.078 
363 
363.018 
651.975 
363 
3478.33 
363 
