5023.57 
370.948 
4520.27 
363 
363.001 
363.15 
5332.71 
6206.51 
363.512 
4694.93 
409.809 
7633.41 
363 
2000.08 
3742.3 
380.708 
363.001 
363.022 
4345.85 
364 
363 
363 
3757.93 
380.076 
786.004 
363 
363 
959.448 
363.049 
363 
3468.91 
5720.31 
497.243 
363 
363 
3599.27 
363 
3324.8 
3193.06 
3476.93 
9430 
363 
363.261 
364.158 
363.015 
364.051 
757.428 
3791.94 
363 
363 
3170.93 
1653.37 
3561.43 
408.693 
365.133 
363.002 
363 
377.608 
4287.39 
3912.25 
5899.83 
363 
363.019 
363 
3219.5 
385.634 
363.002 
18302.9 
363 
363 
366.383 
363.004 
1270.38 
8174.45 
364.727 
363 
3880.15 
363 
12071 
3104.67 
363.003 
363 
363 
363 
363 
373.782 
363 
363 
363 
3668.26 
5815.74 
364.395 
370.347 
10569.1 
363 
363.028 
426.131 
363.373 
3170.54 
988.501 
3696.2 
364.367 
363 
363.003 
3779.17 
635.09 
7755.73 
1666.92 
410.851 
363 
724.579 
363 
718.042 
2817.98 
3521.62 
363.002 
1650.73 
368.883 
363 
363.006 
363 
4518.53 
363 
769.199 
363 
8547.53 
363 
4642.57 
378.281 
363 
5132.54 
3101.77 
363.043 
365.285 
363 
363 
363.003 
3346.71 
415.554 
5031 
1162.87 
4491.01 
363 
363.007 
368.77 
363 
363 
363 
363 
3172.11 
363.044 
363 
5542.67 
3720.34 
363 
363.004 
372.558 
1733.82 
363.073 
363 
3495.64 
671.317 
363 
5980.19 
6451.69 
363 
363.001 
456.124 
3853.81 
3492.19 
3941.52 
1964.69 
363 
363 
3813.84 
372.92 
363.105 
363.002 
363 
4727.35 
4533.52 
377.408 
11653.6 
7641.03 
363.159 
3081.53 
363 
4940.72 
3377.12 
5449.49 
1748.88 
655.456 
1705.43 
1027.96 
5169.12 
363 
4164.41 
1717.98 
363 
363 
363.006 
518.652 
16259.7 
3292.86 
363.086 
363 
3086.87 
4463.22 
380.546 
363 
363.01 
363 
656.016 
372.246 
5871.31 
5936.91 
4604.54 
363.006 
363 
734.769 
4168.47 
363 
3315.06 
363 
5058.47 
526.874 
577.231 
363 
5560.82 
8074.68 
1242.2 
363 
3097.68 
363 
597.586 
366.04 
363 
386.018 
363 
3088.98 
363.001 
4578.91 
363 
363.001 
363 
365.125 
4406.04 
553.479 
5027.34 
363 
363.076 
363.001 
363 
363.019 
378.819 
363 
363 
363 
1420.59 
456.206 
531.376 
363 
363 
363 
363 
3548.69 
363.007 
363 
363.06 
385.315 
451.947 
1398.86 
363 
368.294 
4036.5 
363 
1248.54 
994.233 
4882.09 
1009.11 
363 
4286.71 
8773.16 
3741.17 
363 
5179.17 
363 
3193.35 
1117.36 
363 
363 
363 
363.001 
363.268 
3915.15 
363.004 
363.012 
4660 
363 
363.039 
364.892 
4379.58 
380.662 
363 
399.164 
442.808 
4582.59 
424.354 
2196.62 
363 
578.743 
363 
363.025 
363 
363.079 
398.959 
363.245 
578.922 
363 
2489.67 
4881.04 
833.4 
5147.82 
363.005 
363 
521.893 
6816.43 
363 
363 
4091.85 
371.039 
363 
363 
3177.2 
5270.94 
363 
363 
4834.41 
363 
363 
363 
3722.52 
5910.38 
4992.97 
363 
363.005 
4112.11 
363 
363 
1654.69 
478.009 
615.092 
363.043 
363 
363 
3776.14 
363 
1356.76 
363 
5936.29 
783.474 
363 
363 
6332.52 
1089.92 
363 
363 
363 
363 
4081.98 
363 
363 
363 
363 
363 
1595.02 
365.328 
363 
363.065 
4373.12 
4381.47 
363 
363.015 
708.808 
363 
470.515 
377.199 
363 
467.603 
1742.42 
6584.23 
429.53 
363.189 
363 
700.386 
7347.47 
5431.3 
372.01 
5209.22 
363 
363 
4288.18 
363.002 
5129.92 
6670.55 
1826.03 
404.024 
4356.2 
363 
363 
363 
363.562 
668.537 
363 
9782.48 
363 
4656.19 
526.187 
363.65 
587.659 
384.01 
1951.25 
363 
742.107 
363 
363 
8637.44 
367.724 
388.278 
363 
363.006 
363 
363.124 
1698.95 
363.004 
931.335 
363.047 
1578.6 
4991.08 
364.536 
6203.83 
3806.87 
363.001 
370.981 
363 
363.001 
363.495 
363 
363.008 
4120.42 
755.126 
3186.29 
363 
363.797 
363 
363 
862.273 
363 
1591.28 
4815.48 
4852.35 
5290.53 
363.155 
5733.08 
363 
363.056 
363.132 
411.506 
363 
365.212 
409.942 
974.875 
4195.43 
3360.04 
3257.83 
8661.04 
6798.28 
363 
364.282 
412.162 
363 
363.123 
5110.3 
4188.06 
363 
5421.08 
363 
363 
363 
363 
901.225 
831.475 
363 
363 
593.54 
4959.49 
363 
363 
4398.03 
4810.78 
3931.18 
363 
3876.2 
1714.91 
363 
507.636 
363 
363.018 
641.869 
363 
3102.82 
363 
