363 
363 
16043.6 
363 
363 
363 
10684.1 
363 
363 
363 
363 
363 
363 
363 
4776.44 
386.743 
363 
363 
759.018 
363 
363 
363 
363 
363 
363 
363 
363 
363 
363 
363 
363 
4637.11 
363 
363 
363 
363 
363 
3937.72 
363 
363 
363 
363 
363 
363 
363 
363 
1292.91 
3167.31 
363 
363 
363.131 
363 
3161.14 
363 
363 
363 
363 
363 
363 
5373.68 
370.261 
363 
363 
363 
363 
399.282 
363 
363 
363 
363 
363 
363 
3121.24 
363 
363 
363 
366.44 
363 
363 
363 
363 
363 
363 
363 
363 
393.872 
363 
363 
363 
363 
363.001 
363 
380.741 
363 
363 
363 
376.456 
363.738 
363 
2583.61 
3625.63 
363 
363.001 
363.006 
4936.7 
363 
363 
363 
373.64 
363 
1174.62 
363 
2033.14 
363 
363 
363.001 
363 
363 
363 
363.012 
363 
363 
363 
363 
363 
363 
363 
363 
363 
363 
13299 
363 
363 
363 
363 
363 
363 
3813.22 
363 
363 
364.353 
532.677 
363 
363.006 
363 
363 
363 
363 
363 
389.649 
363 
363 
363 
4264.77 
363 
363 
387.839 
3251.11 
363 
363 
363 
2024.51 
363 
363 
363 
363 
363 
394.814 
4520.74 
363 
2796.15 
533.672 
363 
363 
4859.25 
363 
363 
363 
363 
363.031 
363 
368.45 
363 
363 
363 
363 
363 
8879.77 
3921.74 
9136.48 
363 
363 
363 
3185.12 
9033.23 
363 
7148.02 
363.014 
363 
363 
363 
474.591 
363 
363 
363.016 
363 
363 
363 
367.146 
363 
363 
363 
363 
363 
363 
363 
11433.9 
363.012 
363 
581.274 
3097.19 
363 
363 
363 
363 
363 
370.126 
363 
374.135 
363 
3097.88 
363 
363 
363 
1599.98 
363 
363 
363 
363 
363 
363 
363 
363 
363.002 
363 
368.959 
8752.29 
363 
8465.65 
363 
363 
363.001 
363 
363 
411.282 
363 
363 
363 
363 
695.536 
817.648 
363 
363 
363 
363 
363 
363 
363 
363 
363.002 
363 
363 
363 
363 
363 
363 
363 
363.002 
3746.39 
3216.74 
363 
6814.92 
363 
363 
363 
363 
363 
3496.5 
3117.13 
363 
363 
363 
363.002 
363.003 
5283.63 
363 
363.026 
12169.1 
363 
363 
363 
363 
415.295 
363 
363 
363 
363 
503.626 
363 
363 
363 
363 
363.001 
363 
363 
446.88 
363 
363 
363 
363 
4264.62 
363 
2381.19 
363 
363 
486.14 
363 
363 
363 
363 
363 
363 
363 
363 
11329.3 
363 
363 
12394.2 
363 
363 
363 
363 
363 
364.41 
363 
363.012 
6294.22 
363 
363 
363 
363 
363 
363.121 
363 
363 
363 
363 
363 
363 
363 
363 
363 
363 
363 
650.065 
363 
363 
363 
363 
6531.58 
363 
363 
363 
363 
363 
363 
363 
363 
363.184 
363.391 
6897.06 
363 
363.042 
363 
363 
363 
363 
363 
363 
363 
363 
363.179 
363 
363 
363.05 
363 
363.003 
363 
363 
363 
363 
363 
363 
14105.1 
363 
363 
486.099 
363 
363 
363 
363 
363 
1692.38 
363 
363 
363 
363.008 
364.809 
364.401 
888.936 
363 
363 
363 
363 
363 
363 
363 
363 
364.206 
363 
363.02 
363 
363 
363 
363 
363 
363.144 
363 
967.721 
363 
363 
363 
363 
363 
363 
363 
363 
363 
363 
5934.03 
363 
363 
363 
363.205 
363 
363 
363.038 
363 
363 
1684.02 
5623.66 
363 
363 
363 
363 
363 
363 
363 
363 
363 
363 
3167.4 
363 
3598.84 
363 
363 
363 
363 
363 
363 
363 
363 
363 
5859.44 
363 
363 
363 
363 
363 
363 
3145.51 
3101.77 
363 
363 
1658.68 
1675.64 
363 
363 
3159.98 
20308.7 
5699.62 
363 
363 
417.657 
363 
546.761 
363 
363 
363 
363 
363 
363 
