363 
374.985 
5940.84 
363 
363 
363.201 
6626.71 
16410.3 
363.736 
5482.99 
363 
2677.82 
363 
363 
4183.7 
387.414 
363.001 
363.037 
5475.57 
363 
363 
363 
363 
363 
364.772 
363 
363 
1546.45 
363.089 
363 
363 
7887.85 
363.136 
363 
363 
363.002 
363 
3608.9 
946.712 
363 
363 
363 
363 
363 
363 
364.994 
957.989 
4060.62 
363 
363 
3393.39 
3089.64 
3848.34 
363 
363 
363 
363 
363.057 
363 
4485.22 
9259.26 
363 
363 
363 
3278.38 
404.911 
363.002 
363 
363 
363 
363.114 
363 
1880.18 
363 
365.796 
363 
4446.35 
363 
363 
363 
363 
363 
363 
363 
363 
382.12 
363 
363 
363 
363 
8402.8 
363 
374.884 
363 
363 
363 
444.961 
363.541 
3359.17 
1661.43 
3900.68 
363 
363.001 
363.004 
4262.7 
363 
3382.74 
1006.62 
435.348 
363 
933.874 
363 
1145.15 
363 
3211.85 
363.003 
3101.94 
363 
363 
363.009 
363 
3291.77 
363 
363.007 
363 
383.413 
363 
363 
363 
363 
6931.55 
363 
363 
363 
363 
363 
363.004 
3571.69 
363 
664.741 
2757.34 
5677.07 
363 
363.008 
363 
363 
363 
363 
363 
3391.61 
363 
363 
10803.3 
3981.1 
363 
363 
379.082 
3138.46 
363.056 
363 
363 
1066.59 
363 
363 
10004.4 
363 
363.001 
444.898 
4165.53 
363 
4521 
3150.9 
363 
363 
4260.78 
369.478 
363.027 
363 
363 
6352.77 
4014.44 
374.828 
363 
363 
363.068 
363.086 
363 
6097.73 
3635.02 
6803.6 
3156.44 
519.282 
363 
1849.5 
6287.77 
363 
5051.69 
3123.4 
363 
363 
363 
530.609 
363 
370.535 
363.138 
363 
363 
5575.28 
392.982 
363 
363 
363 
363 
363 
13796.6 
4306.88 
6019.42 
363.009 
363 
988.415 
4934.84 
363 
465.066 
363 
6704.33 
363 
809.329 
363 
8571.15 
363 
3099.24 
363 
363 
363 
862.327 
367.488 
363 
363 
363 
363 
363 
363 
363 
363.002 
363 
366.731 
5472.22 
363.303 
6072 
363 
363 
363.002 
363 
363 
392.026 
363 
363 
363 
2477.77 
545.584 
652.315 
363 
363 
363 
363 
363 
363 
363 
363 
402.265 
363 
363 
363 
363 
363 
363 
2640.71 
1682.18 
6894.32 
2250.33 
363 
5115.48 
363 
4030.84 
363 
9432.4 
363 
3348.75 
1739.73 
363 
363 
363 
363.001 
363.503 
4462.94 
363.006 
363.027 
6158.37 
363 
363 
363 
363 
394.873 
363 
363 
424.019 
363.745 
459.099 
363 
363 
363 
363 
363.045 
363.001 
363 
419.959 
363 
652.649 
363 
363 
6512.42 
661.919 
7671.49 
363 
363 
606.051 
10191.5 
363 
363 
363 
363 
363 
363 
363.001 
6621.94 
363 
363 
6163.9 
363 
363 
363 
363.492 
363.001 
6917.39 
363 
363.008 
4862.26 
363 
363 
3122.81 
363 
866.862 
363.076 
363 
363 
3360.97 
363 
363.001 
363 
363.424 
363 
363 
363 
363 
1881.25 
363 
363 
363 
363 
4878.72 
363 
363 
363 
363 
363 
559.822 
363 
363 
363.115 
5163.35 
5215.69 
363 
363.026 
394.43 
363 
393.886 
363 
363 
363 
363 
363.105 
473.043 
363.001 
363 
1122.08 
363 
9557.24 
369.975 
6260.52 
363 
363 
4882.31 
363 
6585.42 
3187.24 
363 
437.578 
595.254 
363 
363 
363 
363 
1050.62 
363 
363 
363 
6286.32 
595.836 
364.196 
693.459 
399.874 
363 
363 
1163.47 
363 
363 
363 
363 
408.805 
363 
363.012 
363 
363 
363 
363.002 
363 
363.087 
363 
6806.99 
365.392 
12262.7 
363 
363.001 
363 
363 
363 
363.9 
363 
363.003 
4792.13 
904.616 
363 
363 
364.577 
363 
363 
1693.45 
363 
363 
6112.25 
6275.38 
363 
363 
377.919 
363 
363.092 
363 
363.013 
363 
363.075 
367.112 
1828.01 
363 
3568.85 
3526.07 
363 
364.178 
363 
364.953 
449.055 
363 
363.059 
6453.07 
4828.74 
363 
11978.4 
363 
363 
363 
363 
1763.85 
1577.52 
363 
363 
854.567 
6727.24 
363 
363 
5564.7 
6604.16 
4581.42 
363 
3100.36 
3173.4 
363 
549.58 
363 
363.009 
363.802 
363 
363 
363 
