5036.03 
371.395 
4639.23 
363 
363 
363.159 
5451.62 
6517.72 
363.537 
4776.02 
364.51 
8205.11 
363 
2240.84 
3791.03 
381.482 
363.001 
363.024 
4447.48 
364.044 
363 
363 
3807.85 
372.235 
763.278 
363 
363 
1003.8 
363.053 
363 
1312.86 
5887.35 
504.822 
363 
363 
3628.09 
363 
3357.81 
3219.42 
3115.45 
10965.2 
363 
363.212 
364.226 
363 
364.144 
778.043 
3823.86 
363 
363 
3197.42 
1686.97 
3595.03 
363.787 
363.034 
363.002 
363 
376.314 
3600.16 
3972.81 
6108.79 
363 
363 
363 
3241.13 
387.566 
363.002 
7010.92 
363 
363 
366.569 
363 
1369.71 
9020.37 
364.844 
363 
3940.07 
363 
9255.57 
3081.2 
363.003 
363 
363 
363 
363 
374.636 
363 
363 
363 
1886.74 
6000.33 
363.006 
370.833 
11285 
363 
363 
428.504 
363.392 
3198.39 
1039.05 
3721.09 
364.431 
363 
363.003 
3831.74 
363.412 
8270.1 
1696.58 
413.552 
363 
748.335 
363 
751.75 
3092.69 
3553.86 
363.002 
1682.17 
363.018 
363 
363.006 
363 
4573.24 
363 
802.083 
363 
9495.14 
363 
3087.56 
379.639 
363 
5276.24 
397.517 
363.04 
364.124 
363 
363 
363.003 
3373.6 
363.028 
5201.54 
1284.47 
4597.08 
363 
363.007 
367.894 
363 
363 
363 
363 
3198.29 
363 
363 
5780.47 
3751.34 
363 
363 
373.244 
1838.13 
363.073 
363 
3083.52 
702.605 
363 
3189.91 
6771.06 
363 
363.001 
456.17 
3890.23 
908.572 
4002.73 
2211.06 
363 
363 
3863.23 
372.805 
363.113 
363 
363 
4858.4 
4621.53 
377.288 
12309.9 
8467.25 
363.166 
3097.88 
363 
5048.35 
3407.54 
5572.91 
1956.14 
681.06 
1706.58 
1093.51 
5275.74 
363 
4249.58 
1749.58 
363 
363 
363.007 
522.954 
5905.59 
3311.29 
363.092 
363 
448.962 
4570.97 
381.843 
363 
363.001 
363 
688.847 
363.008 
6152.03 
6308.11 
4724.04 
363.006 
363 
755.172 
4245.13 
363 
3337.51 
363 
5195.75 
363.229 
597.846 
363 
5753.77 
4900.39 
1403.89 
363 
3116.42 
363 
620.553 
366.284 
363 
363.109 
363 
638.62 
363 
3220.03 
363 
363.001 
363 
365.291 
4504.3 
569.253 
5128.15 
363 
363.059 
363.001 
363 
363.021 
380.15 
363 
363 
363 
1553.97 
464.792 
543.604 
363 
363 
363 
363 
3092.69 
363 
363 
363 
387.057 
377.445 
369.515 
363 
363.302 
3670.67 
363 
1387.87 
1049.78 
5031.34 
1101.42 
363 
4368.47 
8696.25 
3795.33 
363 
5389.01 
363 
3212.49 
1192.13 
363 
363 
363 
363.001 
363.291 
3973.62 
363.004 
363.013 
4784.26 
363 
363 
364.546 
3160.51 
382.105 
363 
363.111 
448.829 
4702 
428.113 
1716.67 
363 
506.605 
363 
363.027 
363 
363 
401.225 
363.263 
593.988 
363 
3082.1 
5014.08 
849.145 
5318.94 
363 
363 
530.973 
7235.36 
363 
363 
4094.35 
370.516 
363 
363 
3203.79 
5392.82 
363 
363 
4951.48 
363 
363 
363 
3766.13 
6238.19 
5140.29 
363 
363.005 
4187.32 
363 
363 
1690.86 
486.769 
637.66 
363.046 
363 
363 
3829.35 
363 
1586.37 
363 
6291.93 
376.792 
363 
363 
3118.09 
1159.45 
363 
363 
363 
363 
4160.43 
363 
363 
363 
363 
363 
1683.21 
363.133 
363 
363.07 
4452.5 
4464.1 
363 
363.016 
741.374 
363 
478.823 
377.54 
363 
393.492 
1989.15 
7128.49 
434.111 
363.171 
363 
733.497 
4442.24 
5645.17 
372.691 
5344.29 
363 
363 
4380.1 
363.002 
5256.54 
7228.27 
378.095 
407.408 
4455.39 
363 
363 
363 
363.001 
699.153 
363 
11253.4 
363 
4786.61 
534.943 
363.705 
601.9 
385.644 
1983.8 
363 
776.018 
363 
363 
10384.1 
363.017 
390.356 
363 
363.007 
363 
363.025 
869.206 
363.004 
995.698 
363.051 
528.774 
5133.8 
364.636 
6559.56 
3852.66 
363.001 
363.004 
363 
363 
363.536 
363 
363.008 
4189.68 
792.699 
481.984 
363 
363.872 
363 
363 
919.029 
363 
416.695 
4930.54 
4974.68 
4017.4 
363 
5973 
363 
363.06 
363.013 
415.384 
363 
364.774 
414.158 
1051.92 
4207.03 
3385.2 
3289.21 
10656.2 
7333.13 
363 
364.368 
415.971 
363 
363.12 
5293.42 
4255.09 
363 
5663.45 
363 
363 
363 
363 
970.266 
878.382 
363 
363 
616.205 
5099.91 
363 
363 
4502.23 
4950.26 
3998.04 
363 
3938.67 
1759.82 
363 
513.663 
363 
363.02 
626.4 
363 
481.447 
363 
