4794.42 
370.124 
4314.16 
363.008 
363.001 
363.134 
5122.56 
5725.99 
363.465 
4547.67 
729.572 
6839.67 
366.265 
1737.36 
3651.71 
379.257 
363.001 
363.019 
4167.07 
363.917 
363 
376.211 
3665.14 
379.544 
820.846 
363 
363 
884.143 
363.042 
363 
10432.1 
5435.36 
483.349 
367.737 
363 
3544.16 
363 
3262.35 
3142.7 
3770.95 
7844.99 
363 
363.24 
364.024 
365.37 
363.888 
720.072 
3731.08 
370.012 
363.002 
3120.38 
1311.25 
3497.71 
1157.06 
407.031 
363.002 
363 
379.466 
4357.56 
3801.18 
5554.17 
363.027 
560.419 
363.016 
3177.86 
382.217 
363.002 
11957 
363 
363 
366.04 
363.288 
1120.72 
7119.1 
364.516 
363 
3770.23 
363 
8306.81 
2721.45 
363.003 
363 
364.97 
363 
363 
372.257 
363 
363.001 
363 
8448.01 
5504.81 
475.158 
369.464 
8588.99 
363 
3091.42 
421.485 
363.338 
3117.51 
903.975 
3648.28 
364.248 
363 
363.003 
3681.9 
5183.87 
7015.97 
1406.03 
405.883 
363 
681.225 
363 
661.006 
1921.95 
3460.41 
363.001 
1315.53 
3163.77 
363 
363.005 
363 
4416.41 
363 
712.622 
363 
7398.97 
363 
12387.9 
375.914 
363 
4885.8 
12035.1 
363.039 
365.167 
363.003 
363 
363.003 
3295.3 
5864.43 
4746.61 
992.651 
4304.7 
363 
363.007 
370.014 
363 
363 
363 
363 
3122.13 
3123.83 
363 
5162.9 
3661.2 
363 
1367.52 
371.321 
1670.55 
363.072 
363 
4401.88 
618.591 
363 
11944.2 
5957.2 
363 
363.001 
454.905 
3784.76 
15495.1 
3829.29 
1729.33 
363 
363 
3722 
373.102 
363.09 
2529.99 
363 
4501.95 
4375.51 
377.493 
8855.65 
6560.74 
363.145 
2044.17 
363.036 
4749.94 
3319.29 
5231.77 
1674.81 
611.309 
1656.37 
932.168 
4979.02 
363 
4012.28 
1660.05 
363 
363 
363.005 
509.348 
10640.4 
3257.16 
363.076 
363 
3977.56 
4274.41 
378.215 
363 
363.026 
363 
601.338 
3224.48 
5433.17 
5393.85 
4397.14 
363.005 
363 
700.591 
4030.04 
363 
3271.85 
363 
4821.73 
4474.99 
541.822 
364.309 
5240.45 
7413.96 
1033.34 
363 
2273.46 
363 
558.321 
365.606 
363 
2208.69 
363 
3288.77 
482.565 
5999.42 
363 
363.001 
363 
364.829 
4232.24 
525.779 
4847.03 
363 
363.071 
363.001 
363.369 
363.017 
376.46 
363 
363 
363 
1262.89 
441.219 
509.537 
363 
363 
363 
363 
4329.17 
363.031 
365.025 
1423.4 
382.203 
512.928 
3705.04 
363.08 
384.277 
3955.74 
363.073 
1072.04 
902.957 
4629.03 
872.952 
363 
4139.63 
7161.57 
3641.26 
363.001 
4840.22 
363 
3156.34 
999.7 
363 
363 
363 
363.001 
363.226 
3807.57 
363.003 
363.009 
4445.12 
363 
3097.86 
365.594 
6355.45 
378.096 
363 
3115.38 
432.041 
4375.43 
417.488 
1730.15 
363 
630.224 
363 
363.022 
363 
433.507 
394.826 
363.209 
551.944 
363 
1749.52 
4651.73 
801.664 
4861.56 
366.151 
363 
505.288 
6201.15 
363.001 
363 
3960.76 
371.718 
363 
363 
3126.45 
5056.45 
363 
363 
4629.46 
363 
363 
363 
3640.87 
5415.38 
4741.9 
363 
363.004 
3976.23 
363 
363.003 
1299.7 
462.376 
576.092 
363.037 
363 
363.002 
3677.8 
363 
1092.87 
363 
5410.15 
2076.71 
369.475 
363 
15260.8 
989.45 
363.015 
363 
363 
363 
3940.93 
363 
363 
363 
363 
363 
1223.35 
372.459 
363 
363.056 
4229.64 
4232.68 
363 
363.013 
653.388 
364.476 
455.703 
375.827 
363 
486.264 
1650.25 
5851.1 
421.256 
363.226 
472.702 
644.515 
7111.9 
5084.02 
370.788 
4974.89 
363 
363 
4124.85 
363.001 
4908.85 
5922.15 
4332.95 
398.02 
4181.17 
363 
363 
363 
790.617 
616.823 
363 
7501.93 
363 
4432.19 
509.507 
363.553 
563.165 
381.09 
1683.71 
363 
684.395 
363 
363 
6862.13 
2019.53 
384.586 
363 
363.005 
363.001 
363.176 
1701.08 
363.004 
829.331 
363.04 
1799.21 
4746.75 
364.354 
5671.78 
3718.16 
363.001 
3437.67 
363 
379.196 
363.422 
363 
363.009 
3994.3 
692.725 
13776.7 
363 
363.665 
363.001 
363.011 
771.359 
363 
2652.06 
4613.74 
4639.29 
5216.59 
2204.77 
5348.12 
363 
363.049 
363.321 
404.603 
363 
366.067 
402.538 
856.835 
4042.55 
3311.8 
3198.39 
6932.07 
6066.56 
363 
364.149 
405.359 
363 
363.125 
4807.79 
4065.5 
363 
5037.21 
363 
363 
363 
363 
794.232 
754.125 
363 
363 
554.797 
4718.65 
363 
363.001 
4215.04 
4572.42 
3809.54 
363 
3762 
1640.95 
363 
495.544 
363 
363.016 
666.302 
363 
4773.03 
363 
