363 
363 
363 
363 
363 
363 
363.436 
363 
363 
363 
363 
363 
363 
363 
413.181 
363 
363 
363 
363 
363 
363 
363 
363 
363 
363 
363 
363 
363 
363 
363 
363 
363 
363 
363 
363 
363 
363 
389.733 
363 
363 
363 
363 
363 
363 
363 
363 
363 
363 
363 
363 
363 
363 
363 
363 
363 
363 
363 
363 
363 
363.285 
363 
363 
363 
363 
363 
363 
363 
363 
363 
363 
363 
363 
363 
363 
363 
363 
363 
363 
363 
363 
363 
363 
363 
363 
363 
363 
363 
363 
363 
363 
363 
363 
363 
363 
363 
363 
363 
363 
363 
363 
363 
363 
363 
363 
363 
363 
363 
363 
363 
363 
363 
363 
363 
363 
363 
363 
363 
363 
363 
363 
363 
363 
363 
363 
363 
363 
363 
363 
363 
363 
363 
363 
363 
363 
363 
363 
363 
363.005 
363 
363 
363 
363 
363 
363 
363 
363 
363 
363 
363 
363 
363 
363 
363 
363.002 
363 
363 
363.001 
363.451 
363 
363 
363 
363.045 
363 
363 
363 
363 
363 
363 
365.013 
363 
363 
363 
363 
363 
367.72 
363 
363 
363 
363 
363 
363 
363 
363 
363 
363 
363 
363 
363 
385.254 
363 
363 
363 
363 
368.902 
370.398 
363 
363.001 
363 
363 
363 
363 
363 
363 
363 
363 
363 
363 
363 
363 
363 
363 
363 
363 
363 
363 
363 
363 
363 
363 
363 
363 
363 
363 
363 
363 
363 
363 
363 
363 
363 
363 
363 
363 
363 
363 
363 
363 
363 
363 
363 
363 
363 
363 
363 
363 
363 
363.015 
363 
372.925 
363 
363 
363 
363 
363 
363.011 
363 
363 
363 
363 
363.004 
363 
363 
363 
363 
363 
363 
363 
363 
363 
363 
363 
363 
363 
363 
363 
363 
363 
363 
363 
363 
363 
363.001 
363 
363 
363 
363 
363 
363 
363.458 
363 
363 
363 
363 
363 
416.653 
363 
363 
363 
363 
363 
363 
363 
363.012 
363 
363 
363 
363 
363 
363 
363 
363 
363 
363 
363 
363 
363.014 
363 
363 
363 
363 
363 
363 
363 
363 
363 
363 
363 
363 
363 
363 
363 
363 
363 
363 
363 
363 
363 
363 
363 
363 
363 
363 
363 
363 
363 
363 
363.055 
363 
363 
363 
363 
363 
363 
363 
363 
363 
363 
363 
363 
363 
363 
363 
363 
363 
363 
363 
363 
363 
363 
454.922 
363 
363 
363 
363 
363 
363 
363 
363 
363 
363 
567.221 
363 
363 
363 
363 
363 
363 
363 
363 
363 
363 
363 
363 
363 
363 
363 
363 
363 
363 
363 
363 
363 
363 
363 
363 
363 
363 
363 
363 
363 
363 
363 
363 
363 
363 
363 
363 
363 
363 
363.145 
363 
363 
363 
363 
363 
363 
363 
363 
363 
363 
363 
363 
363 
363 
363 
363 
363 
363 
363 
363 
363 
363 
363 
363 
363 
363 
363 
363 
363 
465.212 
363 
363 
363 
363 
363 
363 
363 
363 
363 
363 
363 
363 
363 
363 
363 
363 
363 
363 
363 
363 
363 
363.052 
363 
363 
363 
363 
363 
363 
363 
363 
363 
363 
363 
378.046 
363 
363 
363 
363 
363 
363 
363 
366.353 
363 
363 
363.532 
363 
363 
363 
363 
363 
363.007 
363 
363 
363 
363 
363 
363 
363 
363 
363 
363 
363 
