363 
363.15 
9487.01 
363 
363 
363 
8638.79 
363.027 
363.142 
388.485 
363 
363 
363 
363 
4577.33 
392.597 
363 
363.028 
4086.2 
363 
363 
363 
363 
363 
363 
363 
363 
363.02 
363 
363 
363 
15597.9 
363 
363 
363 
363 
363 
3833.9 
363 
363 
363 
363 
363 
363 
363 
363.002 
1169.17 
4140.09 
363 
363 
1662.82 
363 
3977.99 
363 
363 
363 
363 
363 
363 
5055.56 
3535.17 
363 
363 
363 
363 
423.566 
363 
363 
363 
363 
363 
363 
3098.05 
363 
363 
363 
3137.73 
363 
363 
363 
363 
363 
363 
363 
363 
389.991 
363 
363 
363 
363 
619.397 
363 
378.866 
363 
363 
363 
450.781 
363.677 
363.001 
1993.76 
4043.77 
363 
363.001 
363.005 
4710.4 
363 
363 
363 
447.452 
363 
1088.06 
363 
1721.71 
363 
363 
363.003 
363.083 
363 
363 
363.011 
363 
363 
363 
363 
363 
363 
363 
363 
363 
363 
13119.4 
363 
363 
363 
363 
363 
363.002 
3739.2 
363 
363 
1723.41 
3834.22 
363 
363.007 
363 
363 
363 
363 
363 
3146.68 
363 
363 
364.211 
4177.45 
363 
363 
384.989 
3218.01 
363.013 
363 
363 
1706.38 
363 
363 
363 
363 
363 
414.305 
4409.3 
363 
4356.41 
3137.52 
363 
363 
4658.47 
363.303 
363 
363 
363 
1726.11 
363 
370.746 
363 
363 
363 
363 
363 
7813.8 
3832.62 
8976 
363.021 
363 
363 
3140.46 
7806.83 
363 
6229.53 
604.522 
363 
363 
363 
502.21 
363 
363 
363.162 
363 
363 
363.615 
399.968 
363 
363 
363 
363 
363 
363.062 
363 
9344.88 
363.011 
363 
1414.36 
4922.55 
363 
363 
363 
370.005 
363 
798.474 
363 
3585.67 
363 
3204.58 
363 
363 
363 
1293.46 
363 
363 
363 
363 
363 
363 
363 
363 
363.003 
363 
368.231 
7113.81 
363 
7432.19 
363 
363 
363.002 
363 
363 
404.854 
363 
363 
363 
363.083 
642.381 
775.072 
363 
363 
363 
363 
363 
363 
363 
363 
367.488 
363 
363 
363 
363 
363 
363 
363 
397.57 
15122.4 
3172.92 
363 
6121.1 
363 
363.001 
363 
398.067 
363 
3457.49 
3089.72 
363 
363 
363 
363.002 
363.32 
4994.31 
363 
363.045 
10116.4 
363 
363 
363 
363 
408.506 
363 
363 
363 
363 
489.299 
363 
363 
363 
363 
363.043 
363 
363 
438.231 
363 
363 
363 
363 
10396.4 
363 
11185 
363 
363 
676.476 
363 
363 
363 
363 
363 
363 
363 
363 
8888.92 
363 
363 
8657.4 
363 
363 
363 
363 
363 
3162.03 
363 
363.01 
5728.74 
363 
363 
379.693 
363 
368.473 
363.106 
363 
363 
363 
363 
363 
363 
363 
363 
363 
363 
363 
3102.44 
363 
363 
363 
363 
5851.83 
363 
363 
363 
363 
363 
363 
363 
363 
363.161 
3086.59 
6215.38 
363 
363.037 
363 
363 
363 
363 
363 
363 
363 
363 
410.266 
363 
363 
476.487 
363 
1219.82 
363 
363.297 
363 
363 
363.002 
363 
9484.39 
363 
363 
470.303 
363 
363 
363 
363 
363 
1695.79 
363 
363 
363 
1130.06 
517.934 
364.722 
810.067 
363.019 
363 
363 
363.42 
363 
363 
363 
363 
407.152 
363 
363.017 
363 
363 
363 
363 
363 
363.125 
363 
4911.55 
363 
363 
363 
363 
363 
363 
363 
363.004 
363 
363 
5507.36 
363 
363 
363 
365.079 
363 
363 
527.879 
363 
363 
4971.49 
9140.11 
363 
363 
363 
363 
363 
363 
363 
363 
363 
363 
3128.32 
363 
3721.34 
384.169 
363 
363 
363 
363 
363.005 
363 
363 
363 
5484.1 
363 
397.797 
363 
363 
363 
363 
3140.06 
2381.45 
363 
363 
1275.63 
5590.48 
363 
363 
6246.36 
14571.8 
5279.58 
363 
363 
3122.04 
363 
558.821 
363 
363 
363 
363 
363 
363 
