5070.31 
371.281 
4608.33 
363 
363 
363.157 
5420.91 
6434.08 
363.531 
4755.23 
367.278 
8046.11 
363 
2174.05 
3778.61 
381.285 
363.001 
363.023 
4421.2 
364.033 
363 
363 
3795.17 
374.93 
769.332 
363 
363 
992.218 
363.052 
363 
2348.47 
5843.77 
502.885 
363 
363 
3620.81 
363 
3349.44 
3212.75 
3173.22 
10495.7 
363 
363.236 
364.211 
363 
364.12 
772.756 
3815.78 
363 
363 
3190.72 
1678.36 
3586.52 
365.622 
363.114 
363.002 
363 
376.664 
3807.24 
3957.33 
6053.79 
363 
363 
363 
3235.67 
387.068 
363.002 
9930.21 
363 
363 
366.522 
363 
1342.79 
8777.42 
364.814 
363 
3924.75 
363 
10848.5 
3089.74 
363.003 
363 
363 
363 
363 
374.417 
363 
363 
363 
3095.54 
5952 
363.027 
370.709 
11373.9 
363 
363 
427.907 
363.387 
3191.34 
1025.79 
3714.81 
364.415 
363 
363.003 
3818.33 
365.544 
8128.7 
1689.02 
412.862 
363 
742.265 
363 
742.947 
3088.76 
3545.69 
363.002 
1674.12 
363.086 
363 
363.006 
363 
4559.32 
363 
793.531 
363 
9218.73 
363 
3164.25 
379.289 
363 
5238.82 
524.849 
363.042 
364.5 
363 
363 
363.003 
3366.8 
363.223 
5156.75 
1250.7 
4569.63 
363 
363.007 
368.133 
363 
363 
363 
363 
3191.67 
363 
363 
5717.21 
3743.5 
363 
363 
373.068 
1794.48 
363.073 
363 
3124.76 
694.427 
363 
3413.6 
6685.3 
363 
363.001 
456.203 
3881 
1772.91 
3987.08 
2139.22 
363 
363 
3850.65 
372.836 
363.111 
363 
363 
4824.29 
4598.9 
377.323 
12641.6 
8257.68 
363.164 
3093.76 
363 
5020.58 
3399.84 
5541.01 
1895.38 
674.409 
1713.24 
1075.65 
5248.27 
363 
4227.64 
1741.5 
363 
363 
363.007 
521.91 
8310.64 
3306.65 
363.09 
363 
659.824 
4543.07 
381.51 
363 
363.002 
363 
680.246 
363.057 
6076.83 
6206.63 
4693.02 
363.006 
363 
749.832 
4225.45 
363 
3331.84 
363 
5160.05 
364.442 
592.488 
363 
5703.03 
5783.04 
1357.69 
363 
3111.83 
363 
614.576 
366.221 
363 
363.505 
363 
1063.7 
363 
3402.02 
363 
363.001 
363 
365.248 
4478.92 
565.177 
5102.2 
363 
363.067 
363.001 
363 
363.02 
379.807 
363 
363 
363 
1515.1 
462.571 
540.458 
363 
363 
363 
363 
3143.33 
363.001 
363 
363 
386.609 
389.625 
391.101 
363 
363.738 
3813.95 
363 
1347.71 
1035.13 
4992.33 
1076.25 
363 
4347.46 
9039.51 
3781.5 
363 
5333.39 
363 
3207.66 
1172.14 
363 
363 
363 
363.001 
363.285 
3958.68 
363.004 
363.013 
4751.96 
363 
363 
364.632 
3297.48 
381.733 
363 
363.575 
447.281 
4671 
427.152 
1870.55 
363 
531.632 
363 
363.027 
363 
363.001 
400.645 
363.259 
590.115 
363 
3080.1 
4979.48 
845.645 
5274.04 
363 
363 
528.651 
7120.98 
363 
363 
4115.35 
370.66 
363 
363 
3197.06 
5361.3 
363 
363 
4921.16 
363 
363 
363 
3755.04 
6149.68 
5101.84 
363 
363.005 
4168.01 
363 
363 
1681.58 
484.522 
631.803 
363.045 
363 
363 
3815.77 
363 
1517.77 
363 
6195.06 
401.945 
363 
363 
3271.52 
1140.43 
363 
363 
363 
363 
4140.26 
363 
363 
363 
363 
363 
1672.8 
363.325 
363 
363.069 
4432.13 
4442.86 
363 
363.016 
732.884 
363 
476.685 
377.599 
363 
410.691 
1907.92 
6975.58 
432.936 
363.176 
363 
724.844 
5180.65 
5588.56 
372.516 
5309.22 
363 
363 
4356.39 
363.002 
5223.73 
7071.35 
427.05 
406.537 
4429.76 
363 
363 
363 
363.006 
691.155 
363 
11096.4 
363 
4752.65 
532.744 
363.691 
598.253 
385.224 
2057.06 
363 
767.174 
363 
363 
9915.49 
363.083 
389.821 
363 
363.007 
363 
363.043 
1156 
363.004 
978.595 
363.05 
677.21 
5096.6 
364.611 
6463 
3841.83 
363.001 
363.035 
363 
363 
363.525 
363 
363.008 
4171.93 
782.887 
880.178 
363 
363.853 
363 
363 
903.959 
363 
504.463 
4900.76 
4942.95 
4400.45 
363 
5909.27 
363 
363.059 
363.027 
414.386 
363 
364.883 
413.069 
1031.18 
4227.15 
3378.84 
3281.25 
10007.6 
7183.64 
363 
364.345 
414.991 
363 
363.121 
5245.2 
4237.94 
363 
5598.82 
363 
363 
363 
363 
951.746 
866.034 
363 
363 
610.306 
5063.33 
363 
363 
4475.27 
4913.89 
3980.91 
363 
3922.68 
1742.56 
363 
512.167 
363 
363.019 
630.494 
363 
749.756 
363 
