3235.6 
372.367 
4920.21 
363 
363 
363.178 
5725.22 
7396.16 
363.592 
4956.4 
363 
10223.1 
363 
1686.11 
3896.45 
383.134 
363.001 
363.027 
4682.8 
364.053 
363 
363 
3726.56 
363.029 
704.765 
363 
363 
1111.45 
363.062 
363 
363.001 
6290.29 
521.353 
363 
363 
3611.57 
363 
3427.84 
3274.75 
363.931 
10604.7 
363 
363.004 
363.537 
363 
364.357 
823.895 
3890.98 
363 
363 
3253.06 
1803.66 
3666.09 
363 
363 
363.001 
363 
372.8 
487.613 
4105.93 
6635.7 
363 
363 
363 
3286.12 
391.944 
363.002 
437.163 
363 
363 
366.972 
363 
1652.08 
8805.25 
365.1 
363 
4071.71 
363 
1729.91 
373.564 
363.003 
363 
363 
363 
363 
376.556 
363 
363 
363 
363.004 
6453.65 
363 
371.905 
3466.73 
363 
363 
433.363 
363.433 
3257.05 
1164.46 
3772.91 
364.493 
363.001 
363.003 
3946.13 
363 
9941.97 
1800.45 
419.428 
363 
799.85 
363 
833.137 
2131.34 
3621.93 
363.002 
1756.7 
363 
363 
363.007 
363 
4691.01 
363 
875.422 
363 
14272.4 
363 
363.008 
377.091 
363 
5619.86 
363 
363.002 
363.002 
363 
363 
363.004 
3430.01 
363 
5625.51 
1657.81 
4843.08 
363 
363.008 
364.576 
363 
363 
363 
363 
3253.24 
363 
363 
6414.19 
3816.51 
363 
363 
374.768 
2413.18 
363.071 
363 
363.083 
778.331 
363 
363.123 
7668.09 
363 
363.001 
454.482 
3967.33 
363 
4137.3 
3085.66 
363 
363 
3970.04 
372.4 
363.131 
363 
363 
5171.01 
4820.1 
376.866 
3270.45 
4719.8 
363.181 
3130.2 
363 
5295.1 
3471.68 
5857.6 
3015.74 
741.257 
465.367 
1290.97 
5518.35 
363 
4442.92 
2158.87 
363 
363 
363.008 
530.246 
395.316 
3348.97 
363.104 
363 
363 
4821.68 
384.733 
363 
363 
363 
706.614 
363 
6929.47 
7471.49 
5005.66 
363.007 
363 
804.711 
4416.86 
363 
3384.19 
363 
5522.08 
363 
646.356 
363 
6237.66 
543.372 
1692.62 
363 
3089.51 
363 
674.945 
366.831 
363 
363 
363 
363.111 
363 
364.064 
363 
363.002 
363 
365.662 
4730.18 
605.373 
5356.63 
363 
363.001 
363.001 
363 
363.024 
383.159 
363 
363 
363 
1691.7 
484.549 
571.113 
363 
363 
363 
363 
363.164 
363 
363 
363 
390.963 
363.001 
363 
363 
363 
821.546 
363 
1684.78 
1191.33 
5394.58 
1387.35 
363 
4552.46 
3176.41 
3913.58 
363 
5938.04 
363 
3252.13 
1397.5 
363 
363 
363 
363.001 
363.345 
4101.71 
363.004 
363.016 
5078.52 
363 
363 
363.887 
363.363 
385.358 
363 
363 
462.329 
4944.21 
436.359 
368.671 
363 
364.153 
363 
363.032 
363 
363 
406.203 
363.11 
627.818 
363 
708.175 
5330.52 
850.574 
5743.44 
363 
363 
550.883 
8537.31 
363 
363 
3137 
368.981 
363 
363 
3234.55 
5674.79 
363 
363 
5224.21 
363 
363 
363 
3847.01 
6093.52 
5496.21 
363 
363.006 
4355.66 
363 
363 
1852.35 
471.651 
690.486 
363.054 
363 
363 
3945.24 
363 
1715.57 
363 
7186.82 
363 
363 
363 
363.011 
1373.36 
363 
363 
363 
363 
4337.06 
363 
363 
363 
363 
363 
1871.6 
363 
363 
363.082 
4630.07 
4649.79 
363 
363.019 
819.25 
363 
497.507 
365.424 
363 
363.013 
2257.53 
8600.44 
444.273 
363.14 
363 
813.639 
462.581 
6200.13 
374.211 
5662.74 
363 
363 
4590.16 
363.001 
5552.54 
9386.43 
363 
415.055 
4683.7 
363 
363 
363 
363 
773.021 
363 
3489.5 
363 
5098.37 
551.734 
363.83 
631.577 
389.307 
427.749 
363 
857.395 
363 
363 
4664.11 
363 
395.046 
363 
363.008 
363 
363 
363.196 
363.003 
945.384 
363.06 
363.016 
5476.41 
364.857 
7625.49 
3453.44 
363.001 
363 
363 
363 
363.628 
363 
363.006 
4343.24 
882.151 
363 
363 
364.046 
363 
363 
1068.5 
363 
363 
5198.01 
5261.58 
541.554 
363 
6588 
363 
363.069 
363 
424.05 
363 
363.947 
423.79 
1271.41 
3151.08 
3437.8 
3355.63 
13792.1 
9046.06 
363 
364.588 
424.519 
363 
363.11 
5756.19 
4402.96 
363 
6318.28 
363 
363 
363 
363 
1162.85 
996.435 
363 
363 
669.882 
5436.1 
363 
363 
4743.98 
5285.94 
4146.41 
363 
4076.5 
2431.4 
363 
525.228 
363 
363.023 
587.528 
363 
363 
363 
