417.748 
373.169 
5182.56 
363 
363 
363.194 
5971.1 
8517.68 
363.636 
5111.07 
363 
13558.1 
363 
390.395 
3983.56 
384.469 
363.001 
363.03 
4896.16 
363.264 
363 
363 
3116.08 
363 
644.315 
363 
363 
1216.35 
363.07 
363 
363 
6678.67 
516.584 
363 
363 
3146.6 
363 
3484.26 
3314.18 
363 
3272.14 
363 
363 
363.009 
363 
364.542 
863.096 
3944.44 
363 
363 
3297.34 
2212.63 
3723.12 
363 
363 
363 
363 
369.148 
363.022 
4218.24 
7180.99 
363 
363 
363 
3321.49 
395.739 
363.002 
363 
363 
363 
367.273 
363 
1690.4 
3378.14 
365.316 
363 
4182.71 
363 
363.103 
363.001 
363 
363 
363 
363 
363 
378.201 
363 
363 
363 
363 
6903.02 
363 
372.804 
414.349 
363 
363 
437.149 
363.466 
3303.88 
1291.11 
3813.68 
363.485 
363.001 
363.004 
4041.34 
363 
12802.5 
2125.14 
424.291 
363 
840.785 
363 
910.96 
387.665 
3676.4 
363.002 
2091.2 
363 
363 
363.007 
363 
4786.89 
363 
691.512 
363 
16506.6 
363 
363 
364.094 
363 
5946.63 
363 
363 
363 
363 
363 
363.004 
3474.8 
363 
5668.62 
1719.28 
5066.7 
363 
363.008 
363.045 
363 
363 
363 
363 
3296.93 
363 
363 
7136.84 
3868.41 
363 
363 
376.058 
3089.4 
363.068 
363 
363 
850.74 
363 
363 
8801.52 
363 
363.001 
451.867 
4029.27 
363 
4250.87 
3106.83 
363 
363 
4058.25 
371.738 
363.146 
363 
363 
5467.26 
4993.63 
376.369 
375.791 
1693.8 
363.193 
3099.7 
363 
5515.66 
3522.97 
6114.33 
3105.87 
796.453 
363.109 
1570.14 
5732.93 
363 
4613.4 
2925.3 
363 
363 
363.007 
533.799 
363 
3307.12 
363.114 
363 
363 
5050.61 
387.191 
363 
363 
363 
417.852 
363 
7884.23 
9359.98 
5267.72 
363.007 
363 
851.96 
4565.5 
363 
3394.92 
363 
5829.65 
363 
690.705 
363 
6733.92 
363.004 
1811.07 
363 
490.922 
363 
725.157 
367.301 
363 
363 
363 
363 
363 
363 
363 
363.002 
363 
365.979 
4932.91 
611.338 
5557.62 
363 
363 
363.001 
363 
363.023 
385.761 
363 
363 
363 
1738.18 
502.012 
594.84 
363 
363 
363 
363 
363 
363 
363 
363 
394.308 
363 
363 
363 
363 
363.051 
363 
1755.53 
1341.13 
5749.54 
1672.1 
363 
4712.72 
370.825 
4012.47 
363 
6543.52 
363 
3283.14 
1649.51 
363 
363 
363 
363.001 
363.391 
4209.26 
363.005 
363.019 
5354.33 
363 
363 
363.438 
363 
388.16 
363 
363 
473.899 
3980.52 
443.244 
363 
363 
363 
363 
363.036 
363.001 
363 
410.365 
363.002 
656.953 
363 
363.336 
5629.07 
805.761 
6171.13 
363 
363 
567.529 
10620.1 
363 
363 
388.073 
365.653 
363 
363 
3087.23 
5930.18 
363 
363 
5473.74 
363 
363 
363 
3463.29 
3318.86 
5840.1 
363 
363.006 
4501.22 
363 
363 
2362.75 
373.187 
738.56 
363.06 
363 
363 
4041.79 
363 
1012.06 
363 
4715.63 
363 
363 
363 
363 
1654.84 
363 
363 
363 
363 
4491.05 
363 
363 
363 
363 
363 
2512.66 
363 
363 
363.091 
4783.48 
4811.24 
363 
363.021 
890.836 
363 
513.542 
363.009 
363 
363 
542.1 
4647.37 
452.873 
363.121 
363 
890.45 
363.002 
6803.27 
375.507 
5959.26 
363 
363 
4777.12 
363 
5824.71 
14620.4 
363 
421.662 
4696.36 
363 
363 
363 
363 
843.328 
363 
415.402 
363 
5394.7 
564.585 
363.937 
650.136 
392.442 
363.028 
363 
934.632 
363 
363 
1123.32 
363 
399.091 
363 
363.009 
363 
363 
363 
363.003 
412.838 
363.068 
363 
5804.24 
365.041 
9181.98 
1656.83 
363.001 
363 
363 
363 
363.708 
363 
363.005 
4474.32 
966.628 
363 
363 
364.199 
363 
363 
1235.2 
363 
363 
5441.95 
5526.68 
363.006 
363 
5689.88 
363 
363.076 
363 
417.679 
363 
363.452 
432.019 
1559.29 
393.535 
3479.4 
3409 
3323 
6003.81 
363 
364.797 
431.849 
363 
363.098 
6236.89 
4528.32 
363 
7084.52 
363 
363 
363 
363 
1404.57 
1117.79 
363 
363 
719.418 
5756.37 
363 
363 
4963.86 
5608.4 
4273.23 
363 
4189.37 
3100.46 
363 
533.516 
363 
363.025 
546.746 
363 
363 
363 
