363 
375.785 
6545.35 
363 
363 
363.035 
7088.84 
6255.04 
363.791 
4977.66 
363 
363.293 
363 
363 
4300.01 
389.036 
363 
363.041 
5894.84 
363 
363 
363 
363 
363 
363 
363 
363 
1200.34 
363.084 
363 
363 
8983.31 
363 
363 
363 
363 
363 
3678.15 
363.195 
363 
363 
363 
363 
363 
363 
365.013 
1016.59 
4123.98 
363 
363 
3441.99 
836.881 
3917.39 
363 
363 
363 
363 
363 
363 
4646.86 
12113.6 
363 
363 
363 
1744 
410.436 
363.002 
363 
363 
363 
363 
363 
2211.1 
363 
364.822 
363 
4601.79 
363 
363 
363 
363 
363 
363 
363 
363 
384.446 
363 
363 
363 
363 
8578.19 
363 
376.085 
363 
363 
363 
448.858 
363.583 
3103.03 
1702.59 
3947.2 
363 
363.001 
363.005 
4393.17 
363 
384.598 
366.236 
441.628 
363 
988.43 
363 
1345.23 
363 
535.848 
363.003 
3087.59 
363 
363 
363.009 
363 
474.617 
363 
363 
363 
363 
363 
363 
363 
363 
7773.73 
363 
363 
363 
363 
363 
363.004 
3624.27 
363 
363.069 
3106.7 
6121.69 
363 
363.008 
363 
363 
363 
363 
363 
3443.04 
363 
363 
7185.82 
4042.51 
363 
363 
380.848 
3164.14 
363.046 
363 
363 
1246.32 
363 
363 
3302.35 
363 
363.001 
438.953 
4240.87 
363 
4684.68 
3173.86 
363 
363 
4378.39 
368.206 
363 
363 
363 
6879.68 
2000.72 
373.719 
363 
363 
363.001 
363 
363 
6502.05 
3696.51 
7294.31 
3089.85 
364.575 
363 
2522.31 
6662.37 
363 
5345.38 
3145.53 
363 
363 
363 
523.85 
363 
363 
363.152 
363 
363 
4009.17 
396.384 
363 
363 
363 
363 
363 
6053.34 
682.444 
6611.34 
363.009 
363 
1092.63 
5171.35 
363 
363.008 
363 
5477.86 
363 
891.351 
363 
10936.5 
363 
3134.37 
363 
363 
363 
960.328 
363.614 
363 
363 
363 
363 
363 
363 
363 
363.002 
363 
367.176 
5851.21 
363 
6414.46 
363 
363 
363.002 
363 
363 
395.786 
363 
363 
363 
1734.1 
572.829 
687.369 
363 
363 
363 
363 
363 
363 
363 
363 
406.934 
363 
363 
363 
363 
363 
363 
709.777 
1726.13 
8003.91 
3095.88 
363 
5377.26 
363 
3170.76 
363 
9785.82 
363 
3383.52 
1963.84 
363 
363 
363 
363.001 
363.57 
4615.07 
363.006 
363.032 
6808.32 
363 
363 
363 
363 
398.883 
363 
363 
364.37 
363 
468.219 
363 
363 
363 
363 
363.05 
363 
363 
425.48 
363 
395.563 
363 
363 
7244.27 
467.205 
9413.87 
363 
363 
628.403 
3093.52 
363 
363 
363 
363 
363 
363 
363 
7120.79 
363 
363 
6677.38 
363 
363 
363 
363 
363 
7847.68 
363 
363.008 
5092.91 
363 
363 
3141.05 
363 
941.326 
363.085 
363 
363 
775.052 
363 
363 
363 
363 
363 
363 
363 
363 
2513.12 
363 
363 
363 
363 
5131.25 
363 
363 
363 
363 
363 
363.116 
363 
363 
363.128 
5376.69 
5477.42 
363 
363.029 
363.035 
363 
363.156 
363 
363 
363 
363 
363 
484.855 
363 
363 
1318.59 
363 
12981.5 
363.162 
3562.27 
363 
363 
3291.04 
363 
7160.46 
365.422 
363 
447.145 
363.012 
363 
363 
363 
363 
1219.87 
363 
363 
363 
6669.12 
614.895 
364.35 
723.182 
398.345 
363 
363 
1194.31 
363 
363 
363 
363 
414.622 
363 
363.013 
363 
363 
363 
363.002 
363 
363.098 
363 
7686.41 
363.99 
3197.87 
363 
363 
363 
363 
363 
363.969 
363 
363.002 
4989.35 
398.031 
363 
363 
364.809 
363 
363 
1819.44 
363 
363 
6605.99 
6850.6 
363 
363 
363 
363 
363.05 
363 
363 
363 
363.004 
363.005 
2391.61 
363 
3617.08 
3491.43 
363 
363 
363 
363.286 
429.904 
363 
363.029 
3294.45 
5012.46 
363 
15889.3 
363 
363 
363 
363 
2366.9 
1699.44 
363 
363 
950.87 
7565.82 
363 
363 
6003.74 
7493.23 
4773.25 
363 
371.023 
3212.22 
363 
556.064 
363 
363 
363 
363 
363 
363 
