363 
374.403 
6960.28 
363 
363 
363.004 
7375.06 
3322.87 
363.812 
3881.87 
363 
363 
363 
363 
4363.18 
389.888 
363 
363.043 
6148.6 
363 
363 
363 
363 
363 
363 
363 
363 
642.076 
363.048 
363 
363 
9836.58 
363 
363 
363 
363 
363 
3714.79 
363.001 
363 
363 
363 
363 
363 
363 
364.305 
1049.63 
4157.13 
363 
363 
3427.06 
389.92 
3953.72 
363 
363 
363 
363 
363 
363 
4736.9 
14332.7 
363 
363 
363 
474.891 
413.472 
363.001 
363 
363 
363 
363 
363 
2482.55 
363 
363.607 
363 
4618.48 
363 
363 
363 
363 
363 
363 
363 
363 
385.714 
363 
363 
363 
363 
6168.01 
363 
376.731 
363 
363 
363 
450.764 
363.605 
1295.2 
1724.46 
3971.29 
363 
363.001 
363.005 
4464.64 
363 
363.08 
363.075 
444.977 
363 
1012.46 
363 
1493.56 
363 
365.731 
363.003 
1715.89 
363 
363 
363.01 
363 
364.151 
363 
363 
363 
363 
363 
363 
363 
363 
8391.55 
363 
363 
363 
363 
363 
363.003 
3651.71 
363 
363 
3121.42 
6379.53 
363 
363.008 
363 
363 
363 
363 
363 
3467.35 
363 
363 
3848.75 
4074.65 
363 
363 
381.803 
3177.28 
363.039 
363 
363 
1375.61 
363 
363 
1661.37 
363 
363.001 
434.715 
4280.61 
363 
4775.71 
3185.53 
363 
363 
4442.23 
367.476 
363 
363 
363 
6177.87 
433.45 
373.069 
363 
363 
363 
363 
363 
6749.7 
3728.78 
7600.55 
1553.7 
363.032 
363 
3086.41 
6887.04 
363 
5520.57 
3141.98 
363 
363 
363 
519.755 
363 
363 
363.159 
363 
363 
3223.74 
398.229 
363 
363 
363 
363 
363 
3365.71 
365.438 
7013.16 
363.01 
363 
1160.43 
5307.86 
363 
363 
363 
3823.67 
363 
940.889 
363 
12774.4 
363 
3152.53 
363 
363 
363 
1021.29 
363.055 
363 
363 
363 
363 
363 
363 
363 
363.002 
363 
367.418 
6085.4 
363 
6617.79 
363 
363 
363.002 
363 
363 
397.847 
363 
363 
363 
858.081 
588.14 
706.858 
363 
363 
363 
363 
363 
363 
363 
363 
408.329 
363 
363 
363 
363 
363 
363 
386.882 
1717.9 
8937.09 
3114.47 
363 
5530.08 
363 
1685.5 
363 
5639.69 
363 
3401.44 
2158.1 
363 
363 
363 
363.002 
363.607 
4699.3 
363.004 
363.035 
7260.14 
363 
363 
363 
363 
401.075 
363 
363 
363.041 
363 
473.116 
363 
363 
363 
363 
363.053 
363 
363 
428.443 
363 
365.546 
363 
363 
7764.87 
382.909 
11202.2 
363 
363 
640.479 
453.047 
363 
363 
363 
363 
363 
363 
363 
7435.28 
363 
363 
7009.38 
363 
363 
363 
363 
363 
7952.77 
363 
363.009 
5225.99 
363 
363 
3112.24 
363 
882.427 
363.09 
363 
363 
370.438 
363 
363 
363 
363 
363 
363 
363 
363 
3084.72 
363 
363 
363 
363 
5278.91 
363 
363 
363 
363 
363 
363 
363 
363 
363.136 
5224.63 
5629.77 
363 
363.031 
363 
363 
363.003 
363 
363 
363 
363 
363 
490.988 
363 
363 
1428.8 
363 
10533.7 
363.005 
3097.65 
363 
363 
2290.79 
363 
7537.21 
363.004 
363 
452.397 
363 
363 
363 
363 
363 
1339.18 
363 
363 
363 
5647.84 
625.368 
364.435 
740.887 
383.981 
363 
363 
862.757 
363 
363 
363 
363 
417.804 
363 
363.014 
363 
363 
363 
363.002 
363 
363.104 
363 
8320.83 
363.207 
869.45 
363 
363 
363 
363 
363 
363.774 
363 
363.001 
5100.95 
365.901 
363 
363 
364.937 
363 
363 
1963.3 
363 
363 
6917.72 
7232.75 
363 
363 
363 
363 
363.014 
363 
363 
363 
363 
363 
3080.62 
363 
3642.17 
3285.76 
363 
363 
363 
363.027 
390.715 
363 
363.012 
1748.28 
5115.45 
363 
8314.99 
363 
363 
363 
363 
3082.66 
1731.74 
363 
363 
1010.63 
8175.13 
363 
363 
6283.34 
8175.23 
4882.02 
363 
363.044 
3231.8 
363 
558.414 
363 
363 
363 
363 
363 
363 
