363.001 
374.04 
5510.8 
363 
363 
363.211 
6265.12 
10903.7 
363.684 
5286.73 
363 
6943.72 
363 
363.005 
4078.83 
385.894 
363.001 
363.033 
5153.98 
363.002 
363 
363 
382.246 
363 
468.467 
363 
363 
1355.46 
363.079 
363 
363 
7184.32 
393.354 
363 
363 
420.928 
363 
3544.45 
3192.54 
363 
374.775 
363 
363 
363 
363 
364.754 
907.391 
4000.89 
363 
363 
3344.04 
3084.64 
3783.74 
363 
363 
363 
363 
364.836 
363 
4343.68 
7964.18 
363 
363 
363 
3357.12 
400.038 
363.002 
363 
363 
363 
365.734 
363 
1731.78 
401.239 
365.554 
363 
4306.63 
363 
363 
363 
363 
363 
363 
363 
363 
380.048 
363 
363 
363 
363 
7510.2 
363 
373.794 
363 
363 
363 
441.033 
363.502 
3353.3 
1467.96 
3856.23 
363.005 
363.001 
363.004 
4146.24 
363 
12173.9 
2445.49 
429.584 
363 
883.328 
363 
1010.55 
363.002 
3685.52 
363.002 
2894.15 
363 
363 
363.008 
363 
4635.47 
363 
375.664 
363 
3479.44 
363 
363 
363.001 
363 
6364.85 
363 
363 
363 
363 
363 
363.004 
3521.95 
363 
3519.96 
1950.87 
5337.69 
363 
363.008 
363 
363 
363 
363 
363 
3342.98 
363 
363 
8354.64 
3923.17 
363 
363 
377.491 
3113.56 
363.063 
363 
363 
943.05 
363 
363 
11039.2 
363 
363.001 
448.761 
4095.18 
363 
4377.77 
3128.57 
363 
363 
4154.69 
370.654 
363.144 
363 
363 
5844.77 
5145.47 
375.699 
363 
363.127 
363.197 
597.069 
363 
5777.85 
3577.3 
6422.54 
3133.51 
836.452 
363 
1700.53 
5984.99 
363 
4812.98 
3100.25 
363 
363 
363.001 
534.515 
363 
2731.26 
363.126 
363 
363 
5329.35 
389.93 
363 
363 
363 
363.174 
363 
9747.66 
12271.6 
5594.23 
363.008 
363 
911.407 
4736.03 
363 
3139.95 
363 
6218.89 
363 
744.038 
363 
7437.33 
363 
2402.11 
363 
363.03 
363 
786.257 
367.825 
363 
363 
363 
363 
363 
363 
363 
363.002 
363 
366.334 
5175.01 
419.239 
5792.3 
363 
363 
363.001 
363 
363.003 
388.701 
363 
363 
363 
1965.62 
522.19 
621.717 
363 
363 
363 
363 
363 
363 
363 
363 
398.058 
363 
363 
363 
363 
363 
363 
2225.47 
1566.43 
6220.13 
1744.96 
363 
4897.83 
363 
4121.05 
363 
7505.5 
363 
3315.32 
1692.87 
363 
363 
363 
363.001 
363.443 
4328.81 
363.006 
363.023 
5701.03 
363 
363 
363.072 
363 
391.316 
363 
363 
484.534 
2111.04 
450.801 
363 
363 
363 
363 
363.04 
363.001 
363 
414.937 
363 
689.594 
363 
363 
6007.38 
745.694 
6762.2 
363 
363 
585.846 
16185.3 
363 
363 
363 
363.065 
363 
363 
391.779 
6238.34 
363 
363 
5778.4 
363 
363 
363 
1675.95 
421.156 
6289.24 
363 
363.007 
4668.04 
363 
363 
3092.99 
363.016 
796.244 
363.067 
363 
363 
4086.73 
363 
368.987 
363 
2172.94 
363 
363 
363 
363 
1711.88 
363 
363 
363 
363 
4669.11 
363 
363 
363 
363 
363 
2813.17 
363 
363 
363.102 
4959.12 
4997.37 
363 
363.023 
793.894 
363 
513.522 
363 
363 
363 
363.141 
1671.47 
462.425 
363.042 
363 
988.899 
363 
7738.5 
376.699 
6327.29 
363 
363 
4996.81 
363 
6158.98 
14559.8 
363 
429.13 
3381.88 
363 
363 
363 
363 
932.437 
363 
363 
363 
5773.74 
579.187 
364.058 
669.604 
395.955 
363 
363 
1032.73 
363 
363 
363.026 
363 
403.655 
363 
363.01 
363 
363 
363 
363.003 
363.068 
363.077 
363 
6227.09 
365.244 
13218.6 
363.393 
363.001 
363 
363 
363 
363.798 
363 
363.004 
4622.5 
1077.37 
363 
363 
364.375 
363 
363 
1508.82 
363 
363 
5738.69 
5854.15 
363 
363 
3183.42 
363 
363.085 
363 
369.309 
363 
363.174 
418.49 
1698.34 
363.001 
3523.02 
3465.82 
373.659 
3093.09 
363 
365.045 
440.081 
363 
363.082 
6918.43 
4669.03 
363 
8441.05 
363 
363 
363 
363 
1677.51 
1290.82 
363 
363 
779.657 
6167.49 
363 
363 
5230.49 
6026.4 
4416.79 
363 
3913.81 
3136.17 
363 
541.782 
363 
363.027 
434.143 
363 
363 
363 
