363 
363 
376.342 
363 
363 
363 
7080.4 
363 
363 
363 
363 
363 
363 
363 
5254.04 
363 
363 
363 
363 
363 
363 
363 
363 
363 
363 
363 
363 
363 
363 
363 
363 
363 
363 
363 
363 
363 
363 
4158 
363 
363 
363 
363 
363 
363 
363 
363 
374.29 
363 
363 
363 
363 
363 
363 
363 
363 
363 
363 
363 
363 
3777.25 
363 
363 
363 
363 
363 
363 
363 
363 
363 
363 
363 
363 
373.519 
363 
363 
363 
363 
363 
363 
363 
363 
363 
363 
363 
363 
374.543 
363 
363 
363 
363 
363 
363 
363.184 
363 
363 
363 
363 
363.601 
363 
1030.33 
363.005 
363 
363 
363 
1015.49 
363 
363 
363 
363 
363 
512.159 
363 
363.781 
363 
363 
363 
363 
363 
363 
363.01 
363 
363 
363 
363 
363 
363 
363 
363 
363 
363 
363.007 
363 
363 
363 
363 
363 
363 
3109.71 
363 
363 
363 
363 
363 
363.002 
363 
363 
363 
363 
363 
363 
363 
363 
363 
3097.38 
363 
363 
385.614 
3212.49 
363 
363 
363 
3083.02 
363 
363 
363 
363 
363 
363.009 
4025.32 
363 
363 
363 
363 
363 
4571.39 
363 
363 
363 
363 
363 
363 
363.123 
363 
363 
363 
363 
363 
389.884 
4092.19 
364.125 
363 
363 
363 
3278.78 
10117.5 
363 
3132.72 
363 
363 
363 
363 
365.959 
363 
363 
363 
363 
363 
363 
363 
363 
363 
363 
363 
363 
363 
363 
364.053 
363 
363 
363 
363 
363 
363 
363 
363 
363 
363 
363 
363 
363 
363 
363 
363 
363 
363.027 
363 
363 
363 
363 
363 
363 
363 
363 
363 
363 
363.051 
3502.25 
363 
9349.06 
363 
363 
363 
363 
363 
426.033 
363 
363 
363 
363 
620.378 
363.031 
363 
363 
363 
363 
363 
363 
363 
363 
363 
363 
363 
363 
363 
363 
363 
363 
363 
363 
370.26 
363 
3100.68 
363 
363 
363 
363 
363 
390.713 
3139.34 
363 
363 
363 
363 
363 
6020.16 
363 
363 
363.122 
363 
363 
363 
363 
430.622 
363 
363 
363 
363 
406.125 
363 
363 
363 
363 
363 
363 
363 
462.869 
363 
363 
363 
363 
363 
363 
363 
363 
363 
363 
363 
363 
363 
363 
363 
363 
363 
363 
804.257 
363 
363 
2385.19 
363 
363 
363 
363 
363 
363 
363 
363.014 
3504.01 
363 
363 
363 
363 
363 
363.139 
363 
363 
363 
363 
363 
363 
363 
363 
363 
363 
363 
363 
363 
363 
363 
363 
10103.7 
363 
363 
363 
363 
363 
363 
363 
363 
363.001 
363 
10788.7 
363 
363.002 
363 
363 
363 
363 
363 
363 
363 
363 
363 
363 
363 
363 
363 
363 
363 
363 
363 
363 
363 
363 
776.19 
363 
363 
363.205 
363 
363 
363 
363 
363 
363.001 
363 
363 
363 
363 
363 
363 
1186.18 
363 
363 
363 
363 
363 
363 
363 
363 
363 
363 
363 
363 
363 
363 
363 
363 
363.188 
363 
363 
363 
363 
363 
363 
363 
363 
363 
363 
363 
363 
7423.91 
363 
363 
363 
363 
363 
363 
363 
363 
363 
363 
363.001 
363 
363 
363 
363 
363 
363 
363 
363 
363 
363 
3112.5 
363 
363.065 
363 
363 
363 
363 
363 
363 
363 
363 
363 
6083.81 
363 
363 
363 
363 
363 
363 
363.013 
3179.29 
363 
363 
2467.23 
363 
363 
363 
363 
363.015 
3191.75 
363 
363 
363 
363 
432.053 
363 
363 
363 
363 
363 
363 
