4717.79 
369.838 
4245.79 
363.021 
363.001 
363.128 
5051.73 
5579.84 
363.448 
4496.91 
727.062 
6615.05 
801.076 
1716.64 
3619.86 
378.744 
363.001 
363.018 
4107.04 
363.888 
363 
655.975 
3632.56 
378.844 
830.846 
363 
363 
859.583 
363.04 
363.002 
9809.56 
5341.98 
478.539 
715.632 
363 
3524.33 
363 
3240.06 
3124.59 
3744.08 
7467.86 
363 
363.232 
363.978 
366.466 
363.834 
707.243 
3709.22 
1014.7 
363.052 
3102.21 
1225.2 
3474.92 
1159.61 
410.032 
363.002 
363 
379.954 
4322.93 
3762.57 
5443.55 
363.213 
1239.71 
363.235 
3162.76 
381.074 
363.002 
10342.2 
363 
363 
365.92 
363.361 
1075.86 
6840.03 
364.444 
363 
3732.01 
363 
7599.09 
2244.49 
363.003 
363 
461.325 
363 
363 
371.742 
363 
363.021 
363 
7961.34 
5403.93 
548.754 
369.16 
8136.34 
363 
3611.39 
419.785 
363.325 
3098.48 
876.732 
3630.93 
364.206 
363 
363.003 
3647.85 
7845.19 
6801.74 
1313.88 
404.158 
363 
666.339 
363 
642.547 
1769.86 
3438.49 
363.001 
1233.26 
3547.06 
363 
363.005 
363 
4380.37 
363 
694.03 
363 
7099.58 
363 
10176.8 
375.134 
363 
4804.53 
12826.9 
363.037 
365.036 
363.004 
363 
363.003 
3276.79 
13351.7 
4655.05 
944.122 
4242.2 
363 
363.006 
370.339 
363 
363 
363 
363 
3104.15 
4074.45 
363 
5044.55 
3639.95 
363 
3138.76 
370.9 
1639.67 
363.071 
363 
4358.11 
601.61 
363 
10310.6 
5806.51 
363 
363.001 
454.163 
3760.09 
12851.1 
3790.28 
1707.83 
363 
363 
3689.71 
373.15 
363.086 
3677.9 
363 
4427.61 
4321.56 
377.479 
8293.19 
6284.16 
363.141 
1871.67 
366.603 
4685.48 
3298.55 
5158.49 
1645.57 
596.81 
1567.22 
904.56 
4914.48 
363 
3960.55 
1574.43 
363 
363 
363.005 
505.726 
9046.37 
3244.15 
363.072 
363 
4054.93 
4211.2 
377.424 
363 
363.025 
363 
583.932 
3598.57 
5298.87 
5234.75 
4328.25 
363.005 
363 
689.654 
3982.55 
363 
3256.19 
363 
4743.49 
6387.76 
530.255 
369.373 
5137.64 
6964.45 
976.563 
363 
2005.87 
363 
545.541 
365.46 
363 
2514.69 
363 
3279.95 
1667.45 
5767.44 
363 
363.001 
363 
364.729 
4173.63 
516.552 
4785.66 
363 
363.068 
363.001 
372.635 
363.016 
375.67 
363 
363 
363 
1223.82 
436.263 
502.153 
363 
363 
363 
363 
4271.27 
363.03 
394.134 
3084.01 
381.153 
508.392 
3915.38 
363.253 
383.413 
3909.88 
374.581 
1023.02 
873.922 
4546.5 
832.928 
363 
4089.33 
6782.29 
3606.37 
363.001 
4733.68 
363 
3142.88 
963.395 
363 
363 
363 
363.001 
363.213 
3770.09 
363.003 
363.009 
4373.94 
363 
3652.71 
365.857 
6117.3 
377.233 
363 
3158.01 
428.399 
4306.64 
415.121 
1692.58 
363 
645.302 
363 
363.021 
363 
620.494 
393.403 
363.197 
542.796 
363 
1715.32 
4575.98 
791.23 
4769.17 
369.335 
363 
499.551 
6020.43 
363.001 
363 
3915.21 
371.868 
363 
363 
3108.21 
4984.4 
363 
363 
4560.91 
363 
363 
363 
3611.99 
5267.33 
4659.69 
363 
363.004 
3929.59 
363 
363.153 
1211.44 
457.106 
563.27 
363.035 
363 
363.014 
3643.39 
363 
1025.45 
363 
5254.83 
1895.51 
698.797 
363 
11677.2 
960.732 
364.602 
363 
363 
363 
3892.71 
363 
363 
363 
363 
363 
1137.79 
372.175 
363 
363.053 
4180.37 
4181.76 
363 
363.012 
635.385 
536.576 
450.708 
375.346 
363 
480.216 
1446.93 
5647.58 
418.432 
363.24 
3081.38 
626.484 
6718.09 
4974.44 
370.374 
4897.07 
363 
363 
4069.56 
363.001 
4835.06 
5714.87 
4692.86 
396.006 
4122.25 
363 
363 
363 
1238.61 
600.135 
363 
7041.88 
363 
4358.4 
503.775 
363.52 
555.19 
380.104 
1634.82 
363 
665.613 
363 
363 
6479.74 
3091.51 
383.346 
363 
363.005 
363.104 
363.167 
1674.23 
363.004 
797.855 
363.038 
1730.76 
4666.47 
364.291 
5513.54 
3686.9 
363.001 
4618.74 
363 
468.903 
363.397 
363 
363.01 
3950.73 
673.001 
12858.4 
363 
363.621 
363.137 
364.386 
743.096 
363 
2182.94 
4546.17 
4568.31 
5080.99 
3155.01 
5227.72 
363 
363.047 
363.302 
402.279 
363 
366.368 
400.078 
821.282 
3990.13 
3294.39 
3177.14 
6554.22 
5861.42 
363 
364.112 
403.062 
363 
363.125 
4711.08 
4023.01 
363 
4918.3 
363 
363 
363 
363 
761.761 
729.542 
363 
363 
542.19 
4639.39 
363 
363.05 
4153.68 
4494.21 
3767.55 
363 
3722.42 
1497.2 
363 
491.116 
363 
363.015 
673.555 
363 
4958.42 
363 
