573.681 
373.03 
5134.94 
363 
363 
363.191 
5927.18 
8281.97 
363.629 
5083.96 
363 
13004.2 
363 
435.466 
3968.51 
384.24 
363.001 
363.03 
4857.9 
363.41 
363 
363 
3176.53 
363 
656.776 
363 
363 
1196.94 
363.069 
363 
363 
6607.21 
523.639 
363 
363 
3214.24 
363 
3474.6 
3309.58 
363 
3592.37 
363 
363 
363.024 
363 
364.51 
856.236 
3935.33 
363 
363 
3289.8 
2121.15 
3713.38 
363 
363 
363 
363 
369.827 
363.118 
4198.68 
7077.46 
363 
363 
363 
3315.49 
395.073 
363.002 
363.004 
363 
363 
367.236 
363 
1683.82 
3752.15 
365.279 
363 
4163.38 
363 
363.742 
363.004 
363 
363 
363 
363 
363 
377.914 
363 
363 
363 
363 
6819.32 
363 
372.648 
590.87 
363 
363 
436.51 
363.46 
3295.9 
1267.3 
3806.77 
363.707 
363.001 
363.004 
4024.85 
363 
12147.9 
2056.89 
423.452 
363 
833.954 
363 
896.715 
436.765 
3667.14 
363.002 
2019.72 
363 
363 
363.007 
363 
4770.84 
363 
764.703 
363 
17963 
363 
363 
365.174 
363 
5886.85 
363 
363 
363 
363 
363 
363.004 
3467.18 
363 
5782.11 
1708.51 
5026.56 
363 
363.008 
363.103 
363 
363 
363 
363 
3289.49 
363 
363 
6993.26 
3859.57 
363 
363 
375.834 
3085.44 
363.069 
363 
363 
837.498 
363 
363 
8564.59 
363 
363.001 
452.335 
4018.69 
363 
4231.09 
3103.26 
363 
363 
4043.02 
371.886 
363.143 
363 
363 
5413.15 
4962.99 
376.463 
427.709 
3084.28 
363.191 
3112.57 
363 
5476.35 
3514.22 
6068.4 
3101.35 
786.548 
363.47 
1508.6 
5694.84 
363 
4583.18 
2723.92 
363 
363 
363.007 
533.366 
363.001 
3333.51 
363.112 
363 
363 
5009.44 
386.763 
363 
363 
363 
457.427 
363 
7687.49 
8914.91 
5220.22 
363.007 
363 
843.346 
4539.35 
363 
3402.92 
363 
5773.6 
363 
682.753 
363 
6640.08 
363.031 
1753.13 
363 
692.777 
363 
716.116 
367.219 
363 
363 
363 
363 
363 
363 
363 
363.002 
363 
365.924 
4896.71 
619.282 
5522.03 
363 
363 
363.001 
363 
363.024 
385.305 
363 
363 
363 
1730.09 
498.925 
590.681 
363 
363 
363 
363 
363 
363 
363 
363 
393.723 
363 
363 
363 
363 
363.325 
363 
1739.65 
1312.34 
5683.84 
1660.9 
363 
4684.45 
402.399 
3995.3 
363 
6425.13 
363 
3277.89 
1597.36 
363 
363 
363 
363.001 
363.383 
4190.56 
363.005 
363.019 
5304.18 
363 
363 
363.511 
363 
387.669 
363 
363 
471.877 
4279.55 
442.052 
363.003 
363 
363.001 
363 
363.035 
363.001 
363 
409.644 
363.004 
651.847 
363 
364.456 
5574.64 
814.213 
6090.9 
363 
363 
564.644 
10127.1 
363 
363 
460.925 
366.47 
363 
363 
3110.13 
5884.41 
363 
363 
5428.83 
363 
363 
363 
3586.17 
3577.94 
5776.76 
363 
363.006 
4475.62 
363 
363 
2241.13 
382.515 
729.95 
363.059 
363 
363 
4025.09 
363 
1310.46 
363 
5399.86 
363 
363 
363 
363 
1618.7 
363 
363 
363 
363 
4463.88 
363 
363 
363 
363 
363 
2360.4 
363 
363 
363.09 
4756.51 
4782.78 
363 
363.021 
878.694 
363 
510.76 
363.032 
363 
363 
744.112 
5516.14 
451.377 
363.125 
363 
876.381 
363.014 
6686.14 
375.281 
5905.5 
363 
363 
4743.85 
363 
5775.62 
13376.1 
363 
420.504 
4759.24 
363 
363 
363 
363 
830.495 
363 
597.148 
363 
5340.5 
562.329 
363.918 
647.24 
391.894 
363.141 
363 
920.534 
363 
363 
2047.33 
363 
398.383 
363 
363.009 
363 
363 
363 
363.003 
460.435 
363.067 
363 
5744.11 
365.009 
8830.82 
2408.16 
363.001 
363 
363 
363 
363.694 
363 
363.005 
4451.39 
950.822 
363 
363 
364.172 
363 
363 
1202.39 
363 
363 
5398.1 
5478.77 
363.048 
363 
6150.23 
363 
363.075 
363 
422.576 
363 
363.522 
430.676 
1497.68 
481.207 
3472.33 
3399.88 
3753.88 
7065.65 
363 
364.759 
430.568 
363 
363.101 
6145.47 
4506.44 
363 
6930.37 
363 
363 
363 
363 
1354.01 
1094.81 
363 
363 
710.501 
5697.72 
363 
363 
4924.39 
5549.16 
4251.03 
363 
4171.78 
3094.66 
363 
532.132 
363 
363.025 
555.546 
363 
363 
363 
