363 
363.001 
12726.6 
363 
363 
363 
9592.02 
363 
363.006 
363.022 
363 
363 
363 
363 
4686.99 
392.718 
363 
363.005 
3116.48 
363 
363 
363 
363 
363 
363 
363 
363 
363 
363 
363 
363 
10742.4 
363 
363 
363 
363 
363 
3891.9 
363 
363 
363 
363 
363 
363 
363 
363 
1235.82 
3573.82 
363 
363 
378.173 
363 
3521.49 
363 
363 
363 
363 
363 
363 
5227.85 
1148 
363 
363 
363 
363 
420.84 
363 
363 
363 
363 
363 
363 
3111.7 
363 
363 
363 
617.426 
363 
363 
363 
363 
363 
363 
363 
363 
392.144 
363 
363 
363 
363 
363.366 
363 
379.919 
363 
363 
363 
412.211 
363.711 
363 
2262.67 
3968.62 
363 
363.001 
363.005 
4838.34 
363 
363 
363 
406.324 
363 
1133.56 
363 
1842.63 
363 
363 
363.002 
363 
363 
363 
363.012 
363 
363 
363 
363 
363 
363 
363 
363 
363 
363 
16935.3 
363 
363 
363 
363 
363 
363.001 
3780.81 
363 
363 
427.284 
3086.17 
363 
363.006 
363 
363 
363 
363 
363 
1193.29 
363 
363 
363 
4226.54 
363 
363 
386.575 
3236.77 
363.003 
363 
363 
1787.58 
363 
363 
363 
363 
363 
403.656 
4471.63 
363 
3327.5 
1782.16 
363 
363 
4769.08 
363.008 
363 
363 
363 
370.73 
363 
369.496 
363 
363 
363 
363 
363 
8547.21 
3882.56 
9791.48 
363 
363 
363 
3165.68 
8418.91 
363 
6692.92 
364.993 
363 
363 
363 
488.714 
363 
363 
363.075 
363 
363 
363 
381.023 
363 
363 
363 
363 
363 
363 
363 
11552.5 
363.012 
363 
1048.12 
3502.13 
363 
363 
363 
363.003 
363 
444.079 
363 
1403.97 
363 
3170.32 
363 
363 
363 
1494.98 
363 
363 
363 
363 
363 
363 
363 
363 
363.003 
363 
368.639 
7882.41 
363 
7956.11 
363 
363 
363.001 
363 
363 
408.412 
363 
363 
363 
363 
671.365 
809.926 
363 
363 
363 
363 
363 
363 
363 
363 
363.119 
363 
363 
363 
363 
363 
363 
363 
363.3 
8306.62 
3200.12 
363 
6482.03 
363 
363 
363 
363.021 
363 
3483.34 
3105.27 
363 
363 
363 
363.002 
363.04 
5151.68 
363 
363.043 
12869.1 
363 
363 
363 
363 
412.268 
363 
363 
363 
363 
497.284 
363 
363 
363 
363 
363.011 
363 
363 
443.054 
363 
363 
363 
363 
7711.17 
363 
3658.02 
363 
363 
621.394 
363 
363 
363 
363 
363 
363 
363 
363 
10072.1 
363 
363 
10212.7 
363 
363 
363 
363 
363 
532.635 
363 
363.011 
6025.69 
363 
363 
363.039 
363 
363.035 
363.115 
363 
363 
363 
363 
363 
363 
363 
363 
363 
363 
363 
1861.1 
363 
363 
363 
363 
6203.43 
363 
363 
363 
363 
363 
363 
363 
363 
363.174 
414.597 
6569.91 
363 
363.04 
363 
363 
363 
363 
363 
363 
363 
363 
366.997 
363 
363 
365.915 
363 
364.405 
363 
363 
363 
363 
363 
363 
11463 
363 
363 
479.416 
363 
363 
363 
363 
363 
1731.13 
363 
363 
363 
365.27 
387.172 
364.776 
851.6 
363 
363 
363 
363.001 
363 
363 
363 
363 
373.706 
363 
363.018 
363 
363 
363 
363 
363 
363.136 
363 
3164.86 
363 
363 
363 
363 
363 
363 
363 
363 
363 
363 
5735.55 
363 
363 
363 
363.957 
363 
363 
365.967 
363 
363 
3246.38 
8633.4 
363 
363 
363 
363 
363 
363 
363 
363 
363 
363 
3150.43 
363 
3732.1 
363.03 
363 
363 
363 
363 
363 
363 
363 
363 
5686.4 
363 
363.015 
363 
363 
363 
363 
3160.89 
3085.74 
363 
363 
1479.63 
3270.79 
363 
363 
3954.81 
20687.7 
5503.93 
363 
363 
1415.15 
363 
553.794 
363 
363 
363 
363 
363 
363 
