4600.1 
369.386 
4140.67 
363.043 
363.001 
363.12 
4941.79 
5365.77 
363.422 
4417.02 
700.423 
6297.55 
3903.11 
1683.85 
3569.1 
377.925 
363 
363.017 
4014.07 
363.841 
363 
3057.08 
3580.68 
377.744 
844.476 
363 
363 
822.241 
363.036 
363.005 
8296.25 
5199.46 
470.968 
3312.37 
363 
3492.2 
363 
3204.19 
3095.26 
3699.7 
6971.44 
363 
363.219 
363.906 
366.547 
363.75 
687.123 
3673.85 
3759.24 
364.454 
2665.78 
1111.77 
3438.18 
1046.16 
406.795 
363.001 
363 
380.557 
4267.49 
3701.49 
5277.01 
364.233 
1710.21 
365.228 
3138.21 
379.319 
363.002 
8851.36 
363 
363 
365.731 
363.354 
1010.61 
6457.24 
364.331 
363 
3671.53 
363 
6806.92 
1848.71 
363.002 
363 
3084.73 
363 
363 
370.948 
363 
363.954 
363.001 
7060.05 
5250.83 
577.867 
368.686 
7553.02 
363 
7225.85 
417.014 
363.306 
2471.15 
835.596 
3602.7 
364.139 
363 
363.002 
3593.71 
8471.75 
6495.58 
1193.02 
401.438 
363 
643.082 
363 
614.708 
1708.3 
3403.12 
363.001 
1123.74 
4083.47 
363 
363.004 
363 
4322.8 
363 
665.692 
363 
6691.37 
363 
8040.14 
373.947 
363 
4680.13 
9649.76 
363.035 
364.834 
363.004 
363 
363.002 
3246.81 
14463.5 
4516.71 
875.321 
4145.49 
363 
363.006 
370.738 
363 
363 
363 
363 
2773.07 
10688.2 
363 
4868.92 
3605.56 
363 
3804.52 
370.245 
1417.4 
363.069 
363 
4274.38 
576.105 
363 
8683.37 
5585.57 
363 
363 
452.671 
3720.31 
9161.84 
3728.58 
1673.89 
363 
363 
3638.22 
373.149 
363.078 
13858.4 
363 
4313.72 
4237.16 
377.406 
7602.47 
5909.88 
363.133 
1730.53 
969.989 
4585.28 
3265.07 
5044.87 
1392.96 
574.76 
1400.97 
865.635 
4813.87 
363 
3879.82 
1385.66 
363 
363 
363.004 
499.628 
7644.88 
3222.91 
363.067 
363 
3993.86 
4113.51 
376.196 
363 
363.022 
363 
558.004 
3906.81 
5101.35 
5006.08 
4222.25 
363.005 
363.001 
673.305 
3908.03 
363 
3230.72 
363 
4623.47 
7103.34 
512.746 
378.257 
4982.59 
6404.74 
897.725 
363 
1745.34 
363 
526.237 
365.234 
363 
2025.42 
363 
3254.36 
3107.11 
5438.04 
363 
363.001 
363.019 
364.574 
4082.6 
502.405 
4689.83 
363 
363.064 
363.001 
567.602 
363.014 
374.455 
363 
363 
363 
1172.74 
428.71 
490.717 
363 
363 
363 
363 
4171.87 
363.027 
670.313 
3132.14 
379.528 
501.033 
3913.26 
363.406 
381.591 
3837.84 
2745.98 
954.346 
830.405 
4420.9 
775.49 
363 
4010.55 
6293.87 
3550.99 
363.001 
4574.87 
363 
3120.93 
909.826 
363 
363 
363 
363.001 
363.191 
3710.68 
363.003 
363.008 
4264.62 
363 
7159.92 
366.29 
5765.3 
375.904 
363 
3155.82 
422.763 
4200.82 
411.406 
1544.24 
363 
667.401 
363 
363.019 
363 
940.341 
391.173 
363.178 
528.598 
363 
1662.92 
4459.8 
770.407 
4629.39 
370.317 
363 
490.53 
5760.35 
363.002 
363.003 
3843.62 
372.018 
363 
363 
2985.91 
4872.8 
363 
363.025 
4455 
363 
363 
363 
3565.77 
5052.33 
4534.27 
363 
363.003 
3856.39 
363 
371.42 
1096.06 
448.964 
543.767 
363.032 
363 
363.07 
3588.72 
363 
934.092 
363 
5030.75 
1719.42 
3210.34 
363 
8614.1 
920.41 
660.283 
363 
363 
363 
3817.21 
363 
363 
363 
363 
363 
1025.83 
371.517 
363 
363.048 
4103.02 
4101.95 
363 
363.011 
608.191 
3349.58 
442.992 
374.584 
363 
470.793 
1229.8 
5362.39 
414.033 
363.262 
4649.04 
599.35 
6215.87 
4810.74 
369.733 
4777.37 
363 
363 
3983.49 
363.001 
4721.21 
5424.73 
4636.68 
392.905 
4030.86 
363 
363 
363 
1328.18 
575.039 
363 
6471.18 
363 
4245.41 
494.897 
363.47 
542.132 
378.578 
1318.18 
363 
637.176 
363 
363 
5993.31 
3095.52 
381.437 
363 
363.004 
390.808 
363.154 
1523.44 
363.004 
751.541 
363.034 
1683.27 
4543.72 
364.193 
5284.39 
3637 
363.001 
6009.08 
363 
726.189 
363.359 
363 
363.01 
3882.06 
643.008 
9415.8 
363 
363.555 
398.825 
726.186 
701.392 
363 
1749.23 
4441.69 
4458.92 
4882.69 
3345.43 
5048.72 
363 
363.043 
363.272 
398.696 
363 
366.838 
396.317 
769.669 
3908.34 
3266.13 
3142.9 
6070.97 
5572.69 
363 
364.061 
399.512 
363 
363.124 
4565.56 
3955.89 
363 
4742.42 
363 
363 
363 
363 
714.468 
692.806 
363 
363 
523.153 
4518.08 
363 
368.444 
4058.72 
4374.73 
3701.39 
363 
3659.89 
1352.7 
363 
483.929 
363 
363.014 
683.705 
363 
4827.19 
363 
