363 
375.316 
6117.5 
363 
363 
363.156 
6767.35 
16256.2 
363.754 
5515.43 
363 
636.794 
363 
363 
4221.09 
387.943 
363 
363.038 
5602.15 
363 
363 
363 
363 
363 
363.185 
363 
363 
1581.89 
363.092 
363 
363 
8193.32 
363.008 
363 
363 
363 
363 
3631.42 
430.85 
363 
363 
363 
363 
363 
363 
365.075 
976.53 
4081.32 
363 
363 
3410.46 
2775.18 
3870.84 
363 
363 
363 
363 
363.008 
363 
4536.63 
9933.54 
363 
363 
363 
3181.83 
406.676 
363.002 
363 
363 
363 
363.016 
363 
1971.04 
363 
365.781 
363 
4497.07 
363 
363 
363 
363 
363 
363 
363 
363 
382.866 
363 
363 
363 
363 
8767.61 
363 
375.272 
363 
363 
363 
446.268 
363.555 
3291.14 
1674.79 
3915.95 
363 
363.001 
363.004 
4304.49 
363 
3090.56 
529.294 
437.382 
363 
952.079 
363 
1202.08 
363 
3097.65 
363.003 
3106.43 
363 
363 
363.009 
363 
3105.36 
363 
363 
363 
363.503 
363 
363 
363 
363 
7171.57 
363 
363 
363 
363 
363 
363.004 
3588.89 
363 
393.571 
3085.27 
5811.11 
363 
363.008 
363 
363 
363 
363 
363 
3408.44 
363 
363 
11271.6 
4001.16 
363 
363 
379.65 
3146.93 
363.053 
363 
363 
1118.27 
363 
363 
6692.76 
363 
363.001 
443.21 
4190.06 
363 
4573.05 
3158.48 
363 
363 
4298.6 
369.066 
363.007 
363 
363 
6563.51 
3447.21 
374.486 
363 
363 
363.024 
363.002 
363 
6221.33 
3655.08 
6952.48 
3149.29 
416.515 
363 
1999.5 
6403.28 
363 
5142.45 
3131.25 
363 
363 
363 
528.554 
363 
363.336 
363.143 
363 
363 
5382.96 
394.075 
363 
363 
363 
363 
363 
13629.2 
3294.14 
6193.14 
363.009 
363 
1019.45 
5008.9 
363 
370.411 
363 
6748.28 
363 
834.498 
363 
9144.64 
363 
3110.78 
363 
363 
363 
892.083 
366.275 
363 
363 
363 
363 
363 
363 
363 
363.002 
363 
366.874 
5587.67 
363.02 
6178.04 
363 
363 
363.002 
363 
363 
393.228 
363 
363 
363 
2578.33 
554.202 
663.462 
363 
363 
363 
363 
363 
363 
363 
363 
403.778 
363 
363 
363 
363 
363 
363 
2019.2 
1697.48 
7195.5 
2620.49 
363 
5197.11 
363 
3754.31 
363 
10378.8 
363 
3360.19 
1778.83 
363 
363 
363 
363.001 
363.524 
4511.44 
363.006 
363.029 
6347.39 
363 
363 
363 
363 
396.156 
363 
363 
389.827 
363.017 
462.044 
363 
363 
363 
363 
363.047 
363.001 
363 
421.742 
363 
564 
363 
363 
6723.41 
614.733 
8108.58 
363 
363 
613.249 
5216.2 
363 
363 
363 
363 
363 
363 
363 
6772.67 
363 
363 
6317.49 
363 
363 
363 
363.012 
363 
7191.16 
363 
363.008 
4934.53 
363 
363 
3132.69 
363 
893.988 
363.078 
363 
363 
3148.73 
363 
363 
363 
363.008 
363 
363 
363 
363 
2025.58 
363 
363 
363 
363 
4957.41 
363 
363 
363 
363 
363 
390.461 
363 
363 
363.119 
5239.08 
5297.4 
363 
363.027 
368.4 
363 
371.413 
363 
363 
363 
363 
363.002 
476.841 
363 
363 
1178.44 
363 
10641 
366.097 
5501.61 
363 
363 
4387.92 
363 
6756.53 
1694.89 
363 
440.636 
377.457 
363 
363 
363 
363 
1099.65 
363 
363 
363 
6495.52 
601.902 
364.245 
702.625 
401.098 
363 
363 
1213.38 
363 
363 
363 
363 
410.666 
363 
363.012 
363 
363 
363 
363.002 
363 
363.09 
363 
7055.36 
365.221 
6959.98 
363 
363 
363 
363 
363 
363.936 
363 
363.002 
4854.44 
674.365 
363 
363 
364.65 
363 
363 
1716.47 
363 
363 
6260.43 
6445.62 
363 
363 
363.486 
363 
363.09 
363 
363.001 
363 
363.041 
363.712 
1963.72 
363 
3584.65 
3543.42 
363 
363.023 
363 
364.451 
450.54 
363 
363.05 
5185.09 
4887.01 
363 
14127.3 
363 
363 
363 
363 
1903.67 
1659.3 
363 
363 
883.834 
6965.38 
363 
363 
5696.79 
6853.45 
4641.97 
363 
1652.86 
3186.16 
363 
551.942 
363 
363.003 
363.063 
363 
363 
363 
