363 
375.23 
6810.43 
363 
363 
363.009 
7274.57 
3756.8 
363.808 
4254.19 
363 
363.004 
363 
363 
4341.72 
389.601 
363 
363.043 
6063.17 
363 
363 
363 
363 
363 
363 
363 
363 
807.696 
363.063 
363 
363 
9516.73 
363 
363 
363 
363 
363 
3702.42 
363.005 
363 
363 
363 
363 
363 
363 
364.612 
1038.3 
4145.97 
363 
363 
3441.45 
442.315 
3941.47 
363 
363 
363 
363 
363 
363 
4706.13 
13659.2 
363 
363 
363 
698.376 
412.439 
363.002 
363 
363 
363 
363 
363 
2378.95 
363 
363.965 
363 
4631.96 
363 
363 
363 
363 
363 
363 
363 
363 
385.283 
363 
363 
363 
363 
7145.65 
363 
376.512 
363 
363 
363 
450.133 
363.598 
1783.52 
1717.07 
3963.2 
363 
363.001 
363.005 
4440.31 
363 
363.592 
363.278 
443.845 
363 
1005.19 
363 
1438.69 
363 
375.392 
363.003 
2247.06 
363 
363 
363.01 
363 
369.027 
363 
363 
363 
363 
363 
363 
363 
363 
8164.09 
363 
363 
363 
363 
363 
363.003 
3642.48 
363 
363.002 
3117.05 
6296.9 
363 
363.008 
363 
363 
363 
363 
363 
3460.09 
363 
363 
4606.01 
4063.83 
363 
363 
381.479 
3172.88 
363.042 
363 
363 
1328.23 
363 
363 
3079.15 
363 
363.001 
436.252 
4267.2 
363 
4744.67 
3181.64 
363 
363 
4420.54 
367.74 
363 
363 
363 
6574.41 
628.732 
373.293 
363 
363 
363 
363 
363 
6663 
3717.9 
7492.81 
1867.9 
363.131 
363 
3080.62 
6808.81 
363 
5459.66 
3146.31 
363 
363 
363 
521.177 
363 
363 
363.157 
363 
363 
3396.12 
397.603 
363 
363 
363 
363 
363 
3810.07 
377.126 
6868.5 
363.01 
363 
1136.33 
5260.85 
363 
363 
363 
4304.7 
363 
923.663 
363 
12203.9 
363 
3146.43 
363 
363 
363 
999.864 
363.138 
363 
363 
363 
363 
363 
363 
363 
363.002 
363 
367.336 
6003.22 
363 
6547.17 
363 
363 
363.002 
363 
363 
397.145 
363 
363 
363 
1222.45 
582.9 
700.202 
363 
363 
363 
363 
363 
363 
363 
363 
408.202 
363 
363 
363 
363 
363 
363 
427.816 
1727.46 
8578.98 
3108.22 
363 
5477.23 
363 
2737.21 
363 
7032.48 
363 
3395.43 
2085.93 
363 
363 
363 
363.002 
363.595 
4670.55 
363.005 
363.034 
7096.38 
363 
363 
363 
363 
400.33 
363 
363 
363.149 
363 
471.457 
363 
363 
363 
363 
363.052 
363 
363 
427.44 
363 
369.724 
363 
363 
7574.93 
401.796 
10485.9 
363 
363 
636.383 
782.788 
363 
363 
363 
363 
363 
363 
363 
7324.34 
363 
363 
6891.46 
363 
363 
363 
363 
363 
8039.89 
363 
363.009 
5180.11 
363 
363 
3125.77 
363 
921.719 
363.088 
363 
363 
395.284 
363 
363 
363 
363 
363 
363 
363 
363 
3037.05 
363 
363 
363 
363 
5227.82 
363 
363 
363 
363 
363 
363.003 
363 
363 
363.133 
5335.44 
5577.13 
363 
363.03 
363.001 
363 
363.011 
363 
363 
363 
363 
363 
489.012 
363 
363 
1397.86 
363 
12073.1 
363.018 
3169.22 
363 
363 
3100.94 
363 
7402.91 
363.042 
363 
450.61 
363 
363 
363 
363 
363 
1295.72 
363 
363 
363 
6143.22 
621.836 
364.406 
734.743 
389.835 
363 
363 
1001.71 
363 
363 
363 
363 
416.723 
363 
363.014 
363 
363 
363 
363.002 
363 
363.102 
363 
8095.03 
363.389 
1735.97 
363 
363 
363 
363 
363 
363.875 
363 
363.001 
5062.66 
370.137 
363 
363 
364.893 
363 
363 
1929.9 
363 
363 
6809.17 
7096 
363 
363 
363 
363 
363.023 
363 
363 
363 
363.001 
363 
2795.55 
363 
3633.73 
3365.24 
363 
363 
363 
363.066 
403.693 
363 
363.017 
3090.48 
5080.19 
363 
11365.7 
363 
363 
363 
363 
2852.03 
1720.75 
363 
363 
989.641 
7954.62 
363 
363 
6184.49 
7920.75 
4844.68 
363 
363.287 
3225.4 
363 
557.717 
363 
363 
363 
363 
363 
363 
