363 
373.104 
7124.18 
363 
363 
363.001 
7481.33 
3141.56 
363.809 
3567.8 
363 
363 
363 
363 
4385.06 
390.178 
363 
363.044 
6225.46 
363 
363 
363 
363 
363 
363 
363 
363 
520.088 
363.034 
363 
363 
10203.9 
363 
363 
363 
363 
363 
3727.32 
363 
363 
363 
363 
363 
363 
363 
363.971 
1061.29 
4168.4 
363 
363 
3398.05 
371.049 
3966.11 
363 
363 
363 
363 
363 
363 
4768.49 
14684.1 
363 
363 
363 
395.857 
414.527 
363.001 
363 
363 
363 
363 
363 
2604.89 
363 
363.343 
363 
4566.38 
363 
363 
363 
363 
363 
363 
363 
363 
386.153 
363 
363 
363 
363 
5205.07 
363 
376.953 
363 
363 
363 
451.39 
363.613 
716.258 
1731.96 
3979.45 
363 
363.001 
363.005 
4489.5 
363 
363.01 
363.019 
446.125 
363 
1019.46 
363 
1555.57 
363 
363.528 
363.003 
1350.79 
363 
363 
363.01 
363 
363.193 
363 
363 
363 
363 
363 
363 
363 
363 
8646.59 
363 
363 
363 
363 
363 
363.003 
3661.05 
363 
363 
3124.44 
6441.96 
363 
363.008 
363 
363 
363 
363 
363 
3471.9 
363 
363 
3411.07 
4085.59 
363 
363 
382.133 
3181.71 
363.037 
363 
363 
1428.49 
363 
363 
731.003 
363 
363.001 
433.027 
4294.19 
363 
4807.13 
3189.34 
363 
363 
4464.34 
367.168 
363 
363 
363 
5631.94 
379.401 
372.84 
363 
363 
363 
363 
363 
6841.07 
3739.78 
7714.75 
910.619 
363.007 
363 
3092.24 
6968.97 
363 
5584.28 
3133.37 
363 
363 
363 
518.274 
363 
363 
363.162 
363 
363 
3126.88 
398.866 
363 
363 
363 
363 
363 
3164.47 
363.369 
7170.76 
363.01 
363 
1186.26 
5356.19 
363 
363 
363 
3475.7 
363 
958.682 
363 
13101.2 
363 
3158.67 
363 
363 
363 
1043.97 
363.019 
363 
363 
363 
363 
363 
363 
363 
363.002 
363 
367.501 
6172.24 
363 
6691.53 
363 
363 
363.002 
363 
363 
398.562 
363 
363 
363 
628.09 
593.523 
713.68 
363 
363 
363 
363 
363 
363 
363 
363 
407.667 
363 
363 
363 
363 
363 
363 
370.767 
1698.74 
9361.21 
3120.76 
363 
5585.01 
363 
917.587 
363 
4548.57 
363 
3407.49 
2240.1 
363 
363 
363 
363.002 
363.619 
4728.76 
363.003 
363.036 
7440.07 
363 
363 
363 
363 
401.836 
363 
363 
363.01 
363 
474.8 
363 
363 
363 
363 
363.054 
363 
363 
429.463 
363 
363.851 
363 
363 
7975.3 
371.477 
12062.7 
363 
363 
644.648 
379.929 
363 
363 
363 
363 
363 
363 
363 
7553.25 
363 
363 
7135.78 
363 
363 
363 
363 
363 
7657.19 
363 
363.009 
5273.53 
363 
363 
3097.13 
363 
819.201 
363.091 
363 
363 
364.504 
363 
363 
363 
363 
363 
363 
363 
363 
3090.05 
363 
363 
363 
363 
5332.02 
363 
363 
363 
363 
363 
363 
363 
363 
363.138 
5026.59 
5684.44 
363 
363.032 
363 
363 
363.001 
363 
363 
363 
363 
363 
492.631 
363 
363 
1440.72 
363 
8565.56 
363.001 
2033.33 
363 
363 
1458.3 
363 
7681.79 
363 
363 
454.223 
363 
363 
363 
363 
363 
1387.29 
363 
363 
363 
5057.81 
628.8 
364.465 
747.292 
378.013 
363 
363 
719.883 
363 
363 
363 
363 
418.896 
363 
363.014 
363 
363 
363 
363.001 
363 
363.106 
363 
8544.18 
363.098 
476.015 
363 
363 
363 
363 
363 
363.641 
363 
363.001 
5140.42 
364.023 
363 
363 
364.982 
363 
363 
1958.41 
363 
363 
7026.14 
7380.63 
363 
363 
363 
363 
363.007 
363 
363 
363 
363 
363 
3085.79 
363 
3650.68 
3209.76 
363 
363 
363 
363.009 
380.036 
363 
363.008 
1003.94 
5151.7 
363 
5933.59 
363 
363 
363 
363 
3088.85 
1742.98 
363 
363 
1032.83 
8406.23 
363 
363 
6388.38 
8465.8 
4920.53 
363 
363.006 
3237.63 
363 
559.012 
363 
363 
363 
363 
363 
363 
