3930.1 
371.99 
4807.08 
363 
363 
363.17 
5616.31 
7013.33 
363.571 
4885.64 
363.001 
9250.33 
363 
2247.4 
3855.59 
382.497 
363.001 
363.026 
4588.87 
364.096 
363 
363 
3850.17 
363.581 
728.926 
363 
363 
1067.59 
363.059 
363 
363.309 
6126.55 
514.947 
363 
363 
3658.62 
363 
3400.92 
3253.58 
441.011 
13417 
363 
363.038 
364.056 
363 
364.273 
805.916 
3865.27 
363 
363 
3231.76 
1732.33 
3638.81 
363 
363 
363.002 
363 
374.279 
2394.02 
4053.98 
6417.35 
363 
363 
363 
3268.96 
390.217 
363.002 
3086.16 
363 
363 
366.816 
363 
1533.62 
10203.5 
365 
363 
4020.34 
363 
3383.15 
626.038 
363.004 
363 
363 
363 
363 
375.801 
363 
363 
363 
364.552 
6267.98 
363 
371.487 
5797.1 
363 
363 
431.518 
363.417 
3234.57 
1112.86 
3753.15 
364.511 
363.001 
363.003 
3901.68 
363 
9165.32 
1735.92 
417.147 
363 
779.957 
363 
800.1 
3090.86 
3595.81 
363.002 
1724.4 
363 
363 
363.006 
363 
4645.45 
363 
848.494 
363 
11666.6 
363 
366.203 
380.657 
363 
5480.77 
363.002 
363.012 
363.056 
363 
363 
363.004 
3408.43 
363 
5451.32 
1506.52 
4744.81 
363 
363.008 
366.181 
363 
363 
363 
363 
3232.21 
363 
363 
6145.05 
3791.56 
363 
363 
374.171 
2129.68 
363.072 
363 
376.573 
747.575 
363 
392.541 
7278.03 
363 
363.001 
455.462 
3937.72 
363.079 
4084.77 
2784.65 
363 
363 
3928.64 
372.594 
363.124 
363 
363 
5044.6 
4741.73 
377.055 
5124.89 
7463.79 
363.175 
3118.75 
363 
5197.04 
3447.09 
5744.16 
2414.79 
717.108 
974.287 
1202.76 
5422.24 
363 
4366.4 
1968.24 
363 
363 
363.007 
527.773 
2142.66 
3334.88 
363.099 
363 
363.025 
4721.39 
383.6 
363 
363 
363 
730.321 
363 
6593.54 
6939.88 
4892.39 
363.006 
363 
784.582 
4349.29 
363 
3366.41 
363 
5390.33 
363 
626.902 
363 
6037.63 
3095.44 
1660.7 
363 
3120.82 
363 
653.07 
366.616 
363 
363 
363 
366.222 
363 
484.145 
363 
363.002 
363 
365.516 
4640.3 
591.072 
5266.27 
363 
363.009 
363.001 
363 
363.023 
381.973 
363 
363 
363 
1670.18 
476.704 
560.285 
363 
363 
363 
363 
385.997 
363 
363 
363 
389.428 
363.114 
363.001 
363 
363.001 
3098.73 
363 
1654.21 
1132.38 
5246.4 
1257.14 
363 
4479.92 
4259.09 
3867.56 
363 
5706.77 
363 
3237.05 
1308.98 
363 
363 
363 
363.001 
363.324 
4051.79 
363.004 
363.015 
4959.91 
363 
363 
364.127 
416.147 
384.077 
363 
363 
457.024 
4868.87 
433.148 
484.645 
363 
382.077 
363 
363.03 
363 
363 
404.264 
363.225 
614.511 
363 
1765.04 
5202.72 
858.409 
5568.8 
363 
363 
543.128 
7944.68 
363 
363 
3490.78 
369.648 
363 
363 
3236.22 
5562.28 
363 
363 
5115.06 
363 
363 
363 
3823.14 
6626.12 
5351.48 
363 
363.005 
4289.45 
363 
363 
1739.78 
493.974 
669.34 
363.051 
363 
363 
3900.19 
363 
1694.8 
363 
6879.41 
363.011 
363 
363 
368.121 
1276.9 
363 
363 
363 
363 
4267.4 
363 
363 
363 
363 
363 
1738.66 
363 
363 
363.077 
4560.25 
4576.62 
363 
363.018 
787.78 
363 
490.156 
371.353 
363 
363.593 
2496.48 
8131.65 
440.297 
363.151 
363 
781.078 
2871.63 
5967.22 
373.615 
5534.62 
363 
363 
4506.79 
363.002 
5433.9 
8301.79 
363.002 
412.041 
4592.98 
363 
363 
363 
363 
743.06 
363 
6027.74 
363 
4972.19 
545.754 
363.781 
620.523 
387.868 
939.99 
363 
824.441 
363 
363 
8694.84 
363 
393.199 
363 
363.007 
363 
363 
372.463 
363.004 
1063.39 
363.057 
364.118 
5337.48 
364.771 
7148.25 
3776.22 
363.001 
363 
363 
363 
363.592 
363 
363.007 
4283.09 
846.321 
363.011 
363 
363.977 
363 
363 
1005.38 
363 
363.063 
5091.06 
5146.42 
3083.32 
363 
6338.49 
363 
363.066 
363 
420.68 
363 
364.243 
419.978 
1175.35 
3551.17 
3417.71 
3330.11 
15147.9 
8322.36 
363 
364.498 
421.159 
363 
363.115 
5564.24 
4345.16 
363 
6038.46 
363 
363 
363 
363 
1079.36 
947.592 
363 
363 
648.296 
5299.94 
363 
363 
4647.4 
5149.67 
4088.27 
363 
4022.62 
2068.86 
363 
520.985 
363 
363.022 
603.454 
363 
363.074 
363 
