1074.27 
372.894 
5089.01 
363 
363 
363.188 
5884.51 
8070.3 
363.621 
5057.41 
363 
12354.5 
363 
532.56 
3953.68 
384.014 
363.001 
363.029 
4820.8 
363.575 
363 
363 
3266.34 
363 
667.625 
363 
363 
1178.39 
363.067 
363 
363 
6538.7 
526.441 
363 
363 
3300.26 
363 
3465.05 
3303.28 
363 
4213.14 
363 
363 
363.057 
363 
364.478 
849.512 
3926.31 
363 
363 
3282.32 
2041.86 
3703.73 
363 
363 
363 
363 
370.477 
363.58 
4179.47 
6979.63 
363 
363 
363 
3309.54 
394.421 
363.002 
363.039 
363 
363 
367.187 
363 
1677.31 
4379.9 
365.242 
363 
4144.39 
363 
367.659 
363.024 
363.001 
363 
363 
363 
363 
377.631 
363 
363 
363 
363 
6739.53 
363 
372.494 
1249.18 
363 
363 
435.874 
363.455 
3287.98 
1244.7 
3799.9 
363.94 
363.001 
363.004 
4008.61 
363 
11568.3 
1995.41 
422.624 
363 
827.098 
363 
883.023 
557.635 
3657.93 
363.002 
1956.15 
363 
363 
363.007 
363 
4754.56 
363 
821.017 
363 
18172.2 
363 
363 
366.858 
363 
5829.39 
363 
363 
363 
363 
363 
363.004 
3459.62 
363 
5813.07 
1697.96 
4987.65 
363 
363.008 
363.214 
363 
363 
363 
363 
3282.11 
363 
363 
6860.55 
3850.8 
363 
363 
375.613 
3081.5 
363.07 
363 
363 
824.763 
363 
363 
8351.21 
363 
363.001 
452.79 
4008.21 
363 
4211.66 
3099.71 
363 
363 
4028 
372.015 
363.141 
363 
363 
5361.1 
4933.07 
376.553 
650.135 
3144.25 
363.189 
3122.99 
363 
5438.12 
3505.55 
6023.81 
3096.86 
776.933 
364.776 
1454.73 
5657.74 
363 
4553.72 
2566.4 
363 
363 
363.008 
532.863 
363.013 
3348.65 
363.111 
363 
363 
4969.56 
386.342 
363 
363 
363 
509.072 
363 
7508.97 
8537.29 
5174.38 
363.007 
363 
835.048 
4513.77 
363 
3403.8 
363 
5719.63 
363 
675.038 
363 
6551.24 
363.23 
1738.53 
363 
1113.2 
363 
707.361 
367.138 
363 
363 
363 
363 
363 
363 
363 
363.002 
363 
365.869 
4861.54 
620.927 
5487.32 
363 
363 
363.001 
363 
363.025 
384.858 
363 
363 
363 
1722.14 
495.911 
586.606 
363 
363 
363 
363 
363 
363 
363 
363 
393.15 
363 
363 
363 
363 
364.798 
363 
1728.27 
1285.31 
5621.02 
1649.65 
363 
4656.84 
537.009 
3978.42 
363 
6314.82 
363 
3272.68 
1550.18 
363 
363 
363 
363.001 
363.375 
4172.18 
363.005 
363.018 
5255.85 
363 
363 
363.584 
363 
387.188 
363 
363 
469.893 
4544.73 
440.878 
363.016 
363 
363.006 
363 
363.035 
363.001 
363 
408.934 
363.011 
646.844 
363 
368.574 
5522.24 
822.257 
6014.66 
363 
363 
561.804 
9712.6 
363 
363 
698.999 
367.221 
363 
363 
3139.3 
5840.01 
363 
363 
5385.35 
363 
363 
363 
3692.09 
3969.47 
5716.06 
363 
363.006 
4450.58 
363 
363 
2139.63 
396.417 
721.593 
363.058 
363 
363 
4008.62 
363 
1606.93 
363 
6065.89 
363 
363 
363 
363 
1556.87 
363 
363 
363 
363 
4437.34 
363 
363 
363 
363 
363 
2229.67 
363 
363 
363.088 
4730.13 
4754.97 
363 
363.02 
866.224 
363 
508.009 
363.098 
363 
363 
1082.06 
6478.03 
449.906 
363.128 
363 
862.862 
363.107 
6576.65 
375.06 
5853.62 
363 
363 
4711.48 
363 
5728.14 
12252.8 
363 
419.369 
4776.97 
363 
363 
363 
363 
818.144 
363 
1278.19 
363 
5288.4 
560.12 
363.9 
644.432 
391.357 
363.622 
363 
906.966 
363 
363 
3103.89 
363 
397.688 
363 
363.009 
363 
363 
363 
363.003 
533.075 
363.065 
363 
5686.38 
364.978 
8527.55 
3097.45 
363.001 
363 
363 
363 
363.681 
363 
363.006 
4428.91 
935.777 
363 
363 
364.146 
363 
363 
1171.92 
363 
363 
5355.62 
5432.47 
363.321 
363 
6463.85 
363 
363.074 
363 
425.192 
363 
363.598 
429.269 
1442.94 
764.907 
3465.32 
3390.85 
4635.51 
8016.8 
363 
364.723 
429.311 
363 
363.103 
6059.15 
4484.98 
363 
6788.76 
363 
363 
363 
363 
1308.52 
1073.08 
363 
363 
701.864 
5641.38 
363 
363 
4886.12 
5492.32 
4229.27 
363 
4152.65 
3088.89 
363 
530.751 
363 
363.024 
562.988 
363 
363 
363 
