4693.3 
369.745 
4223.92 
363.025 
363.001 
363.127 
5028.97 
5534.3 
363.443 
4480.48 
721.938 
6546.41 
1703.49 
1709.91 
3609.48 
378.577 
363.001 
363.018 
4087.77 
363.878 
363 
1005.4 
3621.95 
378.618 
833.86 
363 
363 
851.774 
363.039 
363.002 
9453.08 
5312.23 
476.982 
1503.53 
363 
3517.81 
363 
3232.77 
3118.63 
3735.05 
7357.16 
363 
363.229 
363.963 
366.588 
363.816 
703.096 
3702.04 
1844.48 
363.127 
3096.24 
1199.93 
3467.45 
1137.75 
409.594 
363.002 
363 
380.094 
4311.61 
3750.04 
5408.57 
363.35 
1529.62 
363.455 
3157.79 
380.709 
363.002 
9961.94 
363 
363 
365.881 
363.365 
1061.94 
6756.17 
364.42 
363 
3719.6 
363 
7410.71 
2141.02 
363.003 
363 
643.485 
363 
363 
371.577 
363 
363.058 
363 
7752.9 
5371.88 
562.089 
369.063 
8005.11 
363 
4088.65 
419.224 
363.321 
3092.23 
868.1 
3625.21 
364.192 
363 
363.003 
3636.77 
8388.48 
6735.87 
1286.91 
403.599 
363 
661.536 
363 
636.7 
1744.84 
3431.3 
363.001 
1208.97 
3710.77 
363 
363.005 
363 
4368.62 
363 
688.108 
363 
7009.92 
363 
9590.93 
374.885 
363 
4778.6 
12206.8 
363.037 
364.994 
363.004 
363 
363.003 
3270.71 
15285.2 
4626.03 
929.265 
4222.15 
363 
363.006 
370.432 
363 
363 
363 
363 
3098.25 
4958.44 
363 
5007.4 
3632.97 
363 
3218.96 
370.765 
1586.42 
363.071 
363 
4340.99 
596.242 
363 
9889.75 
5759.53 
363 
363 
453.888 
3752 
11862.2 
3777.62 
1700.86 
363 
363 
3679.18 
373.157 
363.084 
4487.73 
363 
4403.88 
4304.15 
377.469 
8134.71 
6201.68 
363.139 
1824.36 
375.927 
4664.74 
3291.75 
5134.96 
1583.74 
592.197 
1529.02 
896.122 
4893.69 
363 
3943.88 
1530.24 
363 
363 
363.005 
504.51 
8682.21 
3239.86 
363.071 
363 
4047.86 
4190.93 
377.169 
363 
363.024 
363 
578.452 
3718.34 
5256.93 
5185.69 
4306.21 
363.005 
363 
686.205 
3967.2 
363 
3251.04 
363 
4718.5 
6823.92 
526.583 
371.804 
5105.09 
6836.7 
959.381 
363 
1938.38 
363 
541.488 
365.413 
363 
2439.6 
363 
3274.94 
2009.08 
5695.25 
363 
363.001 
363 
364.697 
4154.78 
513.604 
4765.88 
363 
363.067 
363.001 
385.32 
363.015 
375.417 
363 
363 
363 
1212.36 
434.684 
499.782 
363 
363 
363 
363 
4250.72 
363.029 
423.915 
3097.05 
380.815 
506.877 
3932.18 
363.31 
383.04 
3895.05 
411.319 
1008.11 
864.76 
4520.25 
820.587 
363 
4073.08 
6672.38 
3595.02 
363.001 
4700.16 
363 
3138.44 
952.036 
363 
363 
363 
363.001 
363.208 
3757.91 
363.003 
363.009 
4351.19 
363 
4141.42 
365.944 
6040.25 
376.957 
363 
3163.08 
427.23 
4284.63 
414.355 
1680.64 
363 
650.016 
363 
363.02 
363 
708.196 
392.943 
363.193 
539.855 
363 
1704.41 
4551.78 
787.636 
4739.88 
369.959 
363 
497.693 
5964.65 
363.001 
363 
3900.47 
371.908 
363 
363 
3102.21 
4961.27 
363 
363 
4538.93 
363 
363 
363 
3602.56 
5221.41 
4633.5 
363 
363.004 
3914.52 
363 
363.435 
1185.7 
455.415 
559.19 
363.034 
363 
363.022 
3632.2 
363 
1005.33 
363 
5206.83 
1831.42 
1358.45 
363 
10784.7 
951.975 
368.862 
363 
363 
363 
3877.14 
363 
363 
363 
363 
363 
1112.77 
372.042 
363 
363.052 
4164.44 
4165.31 
363 
363.012 
629.677 
1021.74 
449.106 
375.19 
363 
478.264 
1394.38 
5585.68 
417.522 
363.244 
3138.15 
620.778 
6604.56 
4939.93 
370.241 
4872.18 
363 
363 
4051.76 
363.001 
4811.42 
5651.87 
4711.72 
395.361 
4103.32 
363 
363 
363 
1321.67 
594.856 
363 
6911.47 
363 
4334.85 
501.934 
363.51 
552.598 
379.787 
1552.48 
363 
659.652 
363 
363 
6369.72 
3097.93 
382.949 
363 
363.005 
363.409 
363.164 
1665.56 
363.004 
788.018 
363.037 
1720.89 
4640.87 
364.271 
5464.53 
3676.71 
363.001 
5091.34 
363 
522.045 
363.389 
363 
363.01 
3936.61 
666.764 
12039.3 
363 
363.607 
363.537 
368.444 
734.248 
363 
2066.89 
4524.49 
4545.58 
5038.76 
3202.53 
5189.89 
363 
363.046 
363.296 
401.535 
363 
366.465 
399.293 
810.25 
3973.23 
3288.66 
3170.18 
6445.17 
5798.88 
363 
364.1 
402.325 
363 
363.125 
4680.5 
4009.23 
363 
4881.05 
363 
363 
363 
363 
751.667 
721.794 
363 
363 
538.193 
4614.1 
363 
363.164 
4133.99 
4469.28 
3753.95 
363 
3709.58 
1461.17 
363 
489.66 
363 
363.015 
675.77 
363 
4945.09 
363 
