4645.78 
369.563 
4181.48 
363.034 
363.001 
363.123 
4984.62 
5447.45 
363.432 
4448.31 
711.072 
6417.19 
3177.79 
1696.72 
3589.07 
378.247 
363 
363.018 
4050.26 
363.859 
363 
1779.88 
3601.08 
378.174 
839.445 
363 
363 
836.679 
363.038 
363.004 
8810.66 
5254.65 
473.932 
3105.43 
363 
3504.91 
363 
3218.36 
3106.86 
3717.21 
7153.97 
363 
363.224 
363.934 
366.621 
363.783 
694.99 
3687.84 
3184.33 
363.538 
3084.43 
1153.52 
3452.7 
1090.41 
408.245 
363.001 
363 
380.345 
4289.33 
3725.45 
5341.19 
363.743 
1689.97 
364.227 
3147.94 
380 
363.002 
9341.56 
363 
363 
365.805 
363.362 
1035.45 
6599.98 
364.375 
363 
3695.26 
363 
7083.35 
1976.23 
363.003 
363 
1683.34 
363 
363 
371.256 
363 
363.296 
363 
7376.62 
5309.99 
574.506 
368.871 
7765.99 
363 
5586.4 
418.112 
363.313 
3071.69 
851.46 
3613.88 
364.165 
363 
363.002 
3614.99 
8720.21 
6611.39 
1237.44 
402.504 
363 
652.159 
363 
625.434 
1726.25 
3417.1 
363.001 
1164.19 
3971.27 
363 
363.005 
363 
4345.47 
363 
676.654 
363 
6843.28 
363 
8688.02 
374.406 
363 
4728.35 
10798.7 
363.036 
364.912 
363.004 
363 
363.003 
3258.68 
16021.4 
4570.08 
901.266 
4183.13 
363 
363.006 
370.598 
363 
363 
363 
363 
3086.56 
7757.98 
363 
4936.24 
3619.16 
363 
3485.31 
370.5 
1494.54 
363.07 
363 
4307.2 
585.915 
363 
9209.75 
5669.9 
363 
363 
453.302 
3736.02 
10257.8 
3752.79 
1687.2 
363 
363 
3658.48 
373.16 
363.081 
8204.91 
363 
4357.88 
4270.14 
377.442 
7850.68 
6048.81 
363.136 
1747.88 
476.648 
4624.34 
3278.31 
5089.12 
1479.07 
583.281 
1460.66 
880.263 
4853.13 
363 
3911.34 
1452.43 
363 
363 
363.005 
502.072 
8098.25 
3231.34 
363.069 
363 
4022.28 
4151.52 
376.674 
363 
363.023 
363 
567.944 
3868.28 
5176.83 
5092.76 
4263.41 
363.005 
363 
679.582 
3937.18 
363 
3240.82 
363 
4670.03 
7182.2 
519.499 
376.091 
5042.37 
6606.73 
927.242 
363 
1823.92 
363 
533.677 
365.321 
363 
2223.42 
363 
3264.63 
3086.61 
5560.77 
363 
363.001 
363.003 
364.635 
4118.07 
507.888 
4727.25 
363 
363.066 
363.001 
447.122 
363.015 
374.926 
363 
363 
363 
1191.41 
431.63 
495.166 
363 
363 
363 
363 
4210.59 
363.028 
530.002 
3121.54 
380.16 
503.911 
3930.3 
363.385 
382.303 
3866.03 
932.761 
980.127 
847.143 
4469.49 
797.234 
363 
4041.34 
6472.15 
3572.74 
363.001 
4635.85 
363 
3129.64 
930.318 
363 
363 
363 
363.001 
363.2 
3734 
363.003 
363.008 
4307.05 
363 
5617.34 
366.118 
5896.47 
376.42 
363 
3162.61 
424.955 
4241.91 
412.858 
1657.57 
363 
658.996 
363 
363.02 
363 
862.979 
392.044 
363.185 
534.127 
363 
1683.24 
4504.86 
779.478 
4683.35 
370.429 
363 
494.06 
5858.97 
363.001 
363 
3871.64 
371.972 
363 
363 
3090.36 
4916.25 
363 
363.003 
4496.2 
363 
363 
363 
3583.99 
5134.12 
4582.83 
363 
363.004 
3885.03 
363 
365.421 
1138.47 
452.128 
551.304 
363.033 
363 
363.043 
3610.21 
363 
968.016 
363 
5115.8 
1742.88 
3090.23 
363 
9481.52 
935.541 
416.527 
363 
363 
363 
3846.72 
363 
363 
363 
363 
363 
1066.93 
371.776 
363 
363.05 
4133.28 
4133.15 
363 
363.012 
618.673 
3095 
445.991 
374.883 
363 
474.463 
1304.51 
5469.52 
415.748 
363.253 
3533.23 
609.795 
6398.51 
4873.64 
369.983 
4823.86 
363 
363 
4017.06 
363.001 
4765.47 
5533.68 
4686.58 
394.108 
4066.45 
363 
363 
363 
1368.02 
584.697 
363 
6676.94 
363 
4289.21 
498.352 
363.489 
547.369 
379.171 
1420.74 
363 
648.149 
363 
363 
6170.14 
3102.05 
382.178 
363 
363.005 
367.332 
363.159 
1639.49 
363.004 
769.232 
363.036 
1701.71 
4591.28 
364.231 
5371.47 
3656.64 
363.001 
5784.91 
363 
640.6 
363.374 
363 
363.01 
3908.96 
654.645 
10528.9 
363 
363.58 
368.634 
419.797 
717.335 
363 
1884.23 
4482.34 
4501.43 
4958.3 
3294.18 
5117.38 
363 
363.044 
363.284 
400.088 
363 
366.655 
397.773 
789.286 
3940.27 
3277.32 
3156.43 
6246.96 
5681.33 
363 
364.08 
400.892 
363 
363.125 
4621.62 
3982.21 
363 
4809.76 
363 
363 
363 
363 
732.463 
706.915 
363 
363 
530.489 
4565.1 
363 
364.206 
4095.68 
4421.01 
3727.31 
363 
3684.41 
1400.98 
363 
486.778 
363 
363.014 
679.917 
363 
4889.58 
363 
