4946.3 
371.511 
4670.96 
363 
363 
363.161 
5483.03 
6605.86 
363.544 
4797.18 
363.47 
8377.44 
363 
2306.91 
3803.6 
381.681 
363.001 
363.024 
4474.4 
364.055 
363 
363 
3820.55 
369.541 
756.962 
363 
363 
1015.75 
363.054 
363 
611.295 
5932.25 
506.788 
363 
363 
3635.4 
363 
3366.26 
3226.14 
3081.66 
11503 
363 
363.179 
364.237 
363 
364.169 
783.422 
3832.01 
363 
363 
3204.18 
1695.73 
3603.63 
363.208 
363.009 
363.002 
363 
375.947 
3412.29 
3988.54 
6165.83 
363 
363 
363 
3246.62 
388.075 
363.002 
5058.02 
363 
363 
366.617 
363 
1398.29 
9286.81 
364.874 
363 
3955.62 
363 
7446.91 
2463.07 
363.004 
363 
363 
363 
363 
374.861 
363 
363 
363 
1068.49 
6050.26 
363.001 
370.96 
10813.3 
363 
363 
429.102 
363.397 
3205.5 
1052.77 
3727.42 
364.447 
363 
363.003 
3845.34 
363.059 
8421.85 
1704.24 
414.251 
363 
754.492 
363 
760.825 
3095.96 
3562.1 
363.002 
1690.34 
363.003 
363 
363.006 
363 
4587.33 
363 
810.872 
363 
9807.92 
363 
1687.61 
379.989 
363 
5314.75 
369.426 
363.036 
363.766 
363 
363 
363.003 
3380.46 
363.003 
5247.9 
1321.04 
4625.18 
363 
363.007 
367.635 
363 
363 
363 
363 
3204.96 
363 
363 
5846.6 
3759.25 
363 
363 
373.423 
1885.59 
363.073 
363 
1730.45 
711.038 
363 
3096.73 
6861.37 
363 
363.001 
456.105 
3899.55 
484.498 
4018.63 
2292.42 
363 
363 
3875.97 
372.772 
363.115 
363 
363 
4893.48 
4644.61 
377.249 
11397.2 
8630.86 
363.167 
3102.02 
363 
5076.75 
3415.31 
5605.55 
2024.13 
687.887 
1691.7 
1112.52 
5303.8 
363 
4271.97 
1785.56 
363 
363 
363.007 
523.975 
4409.83 
3315.96 
363.093 
363 
384.875 
4599.55 
382.182 
363 
363 
363 
697.705 
363.001 
6231.06 
6416.53 
4755.89 
363.006 
363 
760.682 
4265.18 
363 
3343.21 
363 
5232.46 
363.032 
603.348 
363 
5806.34 
4174.05 
1455.24 
363 
3120.66 
363 
626.697 
366.348 
363 
363.021 
363 
463.739 
363 
3122.41 
363 
363.001 
363 
365.334 
4530.25 
573.421 
5154.63 
363 
363.048 
363.001 
363 
363.021 
380.5 
363 
363 
363 
1597.74 
467.065 
546.811 
363 
363 
363 
363 
2075.64 
363 
363 
363 
387.513 
369.991 
364.325 
363 
363.109 
3512.87 
363 
1432.72 
1064.99 
5071.59 
1128.26 
363 
4389.89 
8035.96 
3809.36 
363 
5447.02 
363 
3217.34 
1213.1 
363 
363 
363 
363.001 
363.298 
3988.79 
363.004 
363.013 
4817.43 
363 
363 
364.461 
3093.87 
382.484 
363 
363.019 
450.406 
4733.84 
429.09 
1654.76 
363 
478.25 
363 
363.028 
363 
363 
401.814 
363.266 
597.937 
363 
3082.18 
5049.66 
852.243 
5365.39 
363 
363 
533.33 
7357.43 
363 
363 
4042.42 
370.363 
363 
363 
3210.56 
5425.09 
363 
363 
4982.55 
363 
363 
363 
3777.34 
6330.93 
5179.91 
363 
363.005 
4206.99 
363 
363 
1700.3 
489.025 
643.669 
363.047 
363 
363 
3843.11 
363 
1651.97 
363 
6395.11 
367.305 
363 
363 
2167.55 
1179.74 
363 
363 
363 
363 
4180.98 
363 
363 
363 
363 
363 
1693.83 
363.048 
363 
363.071 
4473.26 
4485.73 
363 
363.016 
750.112 
363 
481.002 
377.221 
363 
380.519 
2081.9 
7295.59 
435.306 
363.167 
363 
742.419 
3864.51 
5704.12 
372.869 
5380.29 
363 
363 
4404.32 
363.002 
5290.19 
7400.05 
366.122 
408.298 
4481.62 
363 
363 
363 
363 
707.396 
363 
11018.8 
363 
4821.56 
537.142 
363.72 
605.583 
386.072 
1826.34 
363 
785.125 
363 
363 
10764.3 
363.003 
390.902 
363 
363.007 
363 
363.013 
652.188 
363.004 
1013.36 
363.052 
441.431 
5172.09 
364.662 
6662.14 
3861.22 
363.001 
363 
363 
363 
363.546 
363 
363.008 
4207.72 
802.805 
387.003 
363 
363.892 
363 
363 
934.759 
363 
380.98 
4961.05 
5007.22 
3675.5 
363 
6039.54 
363 
363.061 
363.005 
416.402 
363 
364.666 
415.271 
1073.8 
4153.32 
3391.61 
3297.23 
11438 
7495.83 
363 
364.392 
416.969 
363 
363.119 
5343.45 
4272.52 
363 
5731.15 
363 
363 
363 
363 
989.75 
891.187 
363 
363 
622.269 
5137.55 
363 
363 
4529.84 
4987.71 
4015.46 
363 
3954.91 
1806.51 
363 
515.15 
363 
363.02 
622.147 
363 
398.208 
363 
