4768.34 
370.028 
4290.89 
363.012 
363.001 
363.132 
5098.52 
5675.59 
363.459 
4530.5 
732.874 
6761.44 
382.072 
1730.36 
3640.97 
379.084 
363.001 
363.019 
4146.68 
363.907 
363 
405.08 
3654.16 
379.307 
824.345 
363 
363 
875.76 
363.041 
363.001 
10393.2 
5403.51 
481.723 
385.699 
363 
3537.5 
363 
3254.86 
3136.62 
3762.23 
7710.9 
363 
363.238 
364.009 
365.859 
363.869 
715.729 
3723.74 
399.215 
363.006 
3114.28 
1280.65 
3490.05 
1177.68 
409.179 
363.002 
363 
379.64 
4345.9 
3788.14 
5516.31 
363.059 
725.37 
363.044 
3172.79 
381.828 
363.002 
11316.8 
363 
363 
365.999 
363.325 
1105.22 
7021.06 
364.492 
363 
3757.32 
363 
8042.14 
2522.56 
363.003 
363 
371.25 
363 
363 
372.082 
363 
363.002 
363 
8349.72 
5470.36 
503.888 
369.361 
8427.03 
363 
3162.37 
420.916 
363.333 
3111.12 
894.659 
3642.46 
364.233 
363 
363.003 
3670.42 
6118.27 
6941.59 
1373.21 
405.3 
363 
676.183 
363 
654.694 
1866.38 
3453.04 
363.001 
1286.36 
3258.31 
363 
363.005 
363 
4404.26 
363 
706.282 
363 
7293.62 
363 
11621.3 
375.648 
363 
4858.11 
12975.9 
363.038 
365.122 
363.004 
363 
363.003 
3289.09 
7979.24 
4715.3 
975.765 
4283.46 
363 
363.007 
370.13 
363 
363 
363 
363 
3116.1 
3253.32 
363 
5122.23 
3654.06 
363 
2053.04 
371.179 
1663.16 
363.072 
363 
4390.47 
612.78 
363 
11350.1 
5905.25 
363 
363.001 
454.672 
3776.47 
14829.4 
3816.11 
1722.06 
363 
363 
3711.12 
373.12 
363.089 
3129.69 
363 
4476.63 
4357.23 
377.491 
8651.4 
6463.2 
363.144 
1980.62 
363.19 
4728.06 
3312.32 
5206.88 
1666.22 
606.363 
1650.48 
922.558 
4957.14 
363 
3994.74 
1653.25 
363 
363 
363.005 
508.145 
10001 
3252.81 
363.075 
363 
4029.14 
4252.93 
377.947 
363 
363.026 
363 
595.368 
3333.74 
5386.91 
5338.7 
4373.7 
363.005 
363 
696.843 
4013.97 
363 
3266.6 
363 
4795.08 
5125.99 
537.872 
365.475 
5205.27 
7251.56 
1013.47 
363 
2170.44 
363 
553.954 
365.556 
363 
2428.92 
363 
3287.91 
673.524 
5921.21 
363 
363.001 
363 
364.795 
4212.35 
522.638 
4826.23 
363 
363.07 
363.001 
364.241 
363.016 
376.192 
363 
363 
363 
1249.01 
439.53 
507.03 
363 
363 
363 
363 
4311.83 
363.031 
368.695 
1743.05 
381.847 
511.456 
3806.64 
363.13 
384.086 
3940.23 
363.449 
1054.93 
893.009 
4600.87 
859.077 
363 
4122.59 
7025.83 
3629.48 
363.001 
4803.65 
363 
3151.83 
987.207 
363 
363 
363 
363.001 
363.222 
3794.91 
363.003 
363.009 
4420.89 
363 
3176.71 
365.682 
6278.64 
377.803 
363 
3133.28 
430.804 
4352.02 
416.687 
1717.32 
363 
635.409 
363 
363.021 
363 
478.252 
394.344 
363.205 
548.84 
363 
1737.87 
4625.93 
798.108 
4829.98 
367.319 
363 
503.347 
6138.52 
363.001 
363 
3945.35 
371.773 
363 
363 
3120.32 
5031.98 
363 
363 
4606.16 
363 
363 
363 
3631.15 
5364.21 
4713.86 
363 
363.004 
3960.45 
363 
363.013 
1268.19 
460.586 
571.718 
363.036 
363 
363.004 
3666.19 
363 
1069.1 
363 
5356.36 
2027.42 
389.501 
363 
13975.9 
979.443 
363.081 
363 
363 
363 
3924.6 
363 
363 
363 
363 
363 
1192.86 
372.407 
363 
363.055 
4212.96 
4215.44 
363 
363.013 
647.236 
371.228 
454.006 
375.665 
363 
484.221 
1573.68 
5780.04 
420.299 
363.231 
801.332 
638.346 
6970.73 
5046.44 
370.648 
4948.41 
363 
363 
4106.09 
363.001 
4883.76 
5849.75 
4514.58 
397.335 
4161.16 
363 
363 
363 
955.212 
611.114 
363 
7335.39 
363 
4407.05 
507.561 
363.542 
560.442 
380.755 
1671.55 
363 
677.979 
363 
363 
6724.76 
2720.08 
384.165 
363 
363.005 
363.005 
363.173 
1691.99 
363.004 
818.495 
363.039 
1753.8 
4719.39 
364.333 
5617.04 
3707.63 
363.001 
3740.33 
363 
396.653 
363.413 
363 
363.009 
3979.56 
685.955 
13968.6 
363 
363.65 
363.006 
363.062 
761.637 
363 
2478.12 
4590.78 
4615.15 
5169.83 
3087.38 
5306.77 
363 
363.048 
363.315 
403.813 
363 
366.168 
401.7 
844.55 
4024.78 
3305.96 
3191.24 
6796.56 
5995.02 
363 
364.136 
404.579 
363 
363.125 
4774.68 
4051.14 
363 
4996.32 
363 
363 
363 
363 
783.024 
745.698 
363 
363 
550.489 
4691.64 
363 
363.003 
4194.19 
4545.76 
3795.34 
363 
3748.62 
1585.69 
363 
494.058 
363 
363.016 
668.824 
363 
4891.19 
363 
