363 
363.017 
10799.6 
363 
363 
363 
9065.86 
363 
363.037 
363.981 
363 
363 
363 
363 
4630.88 
393.073 
363 
363.014 
3386.88 
363 
363 
363 
363 
363 
363 
363 
363 
363.001 
363 
363 
363 
14963 
363 
363 
363 
363 
363 
3862.48 
363 
363 
363 
363 
363 
363 
363 
363 
1201.2 
3918.98 
363 
363 
551.208 
363 
3807.75 
363 
363 
363 
363 
363 
363 
5138.85 
3114.98 
363 
363 
363 
363 
424.549 
363 
363 
363 
363 
363 
363 
3104.86 
363 
363 
363 
1872.48 
363 
363 
363 
363 
363 
363 
363 
363 
391.046 
363 
363 
363 
363 
375.602 
363 
379.384 
363 
363 
363 
437.288 
363.694 
363 
2113.29 
4039.79 
363 
363.001 
363.005 
4772.74 
363 
363 
363 
432.103 
363 
1109.65 
363 
1745.19 
363 
363 
363.003 
363.002 
363 
363 
363.012 
363 
363 
363 
363 
363 
363 
363 
363 
363 
363 
15315.5 
363 
363 
363 
363 
363 
363.001 
3759.78 
363 
363 
810.206 
3266.62 
363 
363.007 
363 
363 
363 
363 
363 
2919.22 
363 
363 
363.023 
4201.72 
363 
363 
385.768 
3227.34 
363.007 
363 
363 
1731.64 
363 
363 
363 
363 
363 
409.079 
4440.03 
363 
3787.53 
3092.69 
363 
363 
4712.5 
363.062 
363 
363 
363 
521.274 
363 
370.141 
363 
363 
363 
363 
363 
8158.68 
3857.28 
9420.53 
363.001 
363 
363 
3152.98 
8089.9 
363 
6444.74 
391.313 
363 
363 
363 
496.081 
363 
363 
363.127 
363 
363 
363.015 
392.688 
363 
363 
363 
363 
363 
363.001 
363 
10394.5 
363.011 
363 
1321.67 
4169.56 
363 
363 
363 
363.201 
363 
593.362 
363 
3126.99 
363 
3200.13 
363 
363 
363 
1386.59 
363 
363 
363 
363 
363 
363 
363 
363 
363.003 
363 
368.431 
7459.01 
363 
7676.4 
363 
363 
363.002 
363 
363 
406.596 
363 
363 
363 
363.003 
656.442 
792.524 
363 
363 
363 
363 
363 
363 
363 
363 
363.934 
363 
363 
363 
363 
363 
363 
363 
367.15 
13347.2 
3186.49 
363 
6291.31 
363 
363 
363 
364.12 
363 
3470.42 
3097.46 
363 
363 
363 
363.002 
363.14 
5070.58 
363 
363.046 
11473.3 
363 
363 
363 
363 
410.349 
363 
363 
363 
363 
493.227 
363 
363 
363 
363 
363.026 
363 
363 
440.603 
363 
363 
363 
363 
9853.6 
363 
5940.73 
363 
363 
667.205 
363 
363 
363 
363 
363 
363 
363 
363 
9410.21 
363 
363 
9310.71 
363 
363 
363 
363 
363 
1772.75 
363 
363.011 
5869.78 
363 
363 
364.046 
363 
363.564 
363.11 
363 
363 
363 
363 
363 
363 
363 
363 
363 
363 
363 
3083.46 
363 
363 
363 
363 
6017.46 
363 
363 
363 
363 
363 
363 
363 
363 
363.167 
1058.52 
6382.88 
363 
363.038 
363 
363 
363 
363 
363 
363 
363 
363 
380.22 
363 
363 
386.246 
363 
408.192 
363 
363.012 
363 
363 
363 
363 
10301.6 
363 
363 
474.769 
363 
363 
363 
363 
363 
1718.06 
363 
363 
363 
417.276 
438.41 
364.779 
829.792 
363.001 
363 
363 
363.022 
363 
363 
363 
363 
389.278 
363 
363.018 
363 
363 
363 
363 
363 
363.13 
363 
3641.22 
363 
363 
363 
363 
363 
363 
363 
363 
363 
363 
5616.86 
363 
363 
363 
364.634 
363 
363 
391.375 
363 
363 
3824.19 
9372.65 
363 
363 
363 
363 
363 
363 
363 
363 
363 
363 
3139.3 
363 
3736.2 
364.039 
363 
363 
363 
363 
363 
363 
363 
363 
5581.61 
363 
363.927 
363 
363 
363 
363 
3152.55 
2782.91 
363 
363 
1366.3 
4000.12 
363 
363 
5107.43 
17897.8 
5387.14 
363 
363 
2846.1 
363 
556.845 
363 
363 
363 
363 
363 
363 
