4493.2 
368.964 
4045.07 
363.061 
363.001 
363.111 
4840.73 
5180.94 
363.397 
4342.43 
675.5 
6033.12 
13457.8 
1653.05 
3520.99 
377.149 
363 
363.016 
3928.83 
363.797 
363 
3097.41 
3531.55 
376.721 
854.906 
363 
363 
788.74 
363.033 
363.005 
7389.6 
5070.89 
463.916 
4835.55 
363 
3461.18 
363 
3169.79 
2446.35 
3657.29 
6584.86 
363 
363.206 
363.839 
366.322 
363.676 
668.441 
3639.76 
9068.52 
366.817 
1957.91 
1023.1 
3402.89 
953.185 
403.341 
363.001 
363 
380.936 
4214.73 
3644.1 
5128.99 
365.502 
1680.7 
366.255 
3114.37 
377.735 
363.002 
7962.72 
363 
363 
365.555 
363.334 
954.67 
6147.58 
364.227 
363 
3614.69 
363 
6266.36 
1718.1 
363.002 
363 
3196.01 
363 
363 
370.226 
363 
366.492 
363.001 
6453.98 
5113.57 
580.189 
368.249 
7107.24 
363 
8094.84 
414.332 
363.287 
1870.51 
798.972 
3575.3 
364.075 
363 
363.002 
3542.57 
7599.35 
6237.8 
1098.88 
398.901 
363 
621.64 
363 
590.044 
1665.99 
3369.11 
363.001 
1037.36 
4055.27 
363 
363.004 
363 
4268.09 
363 
640.25 
363 
6363.01 
363 
6992.27 
372.888 
363 
4567.53 
7967.65 
363.032 
364.652 
363.004 
363 
363.002 
3217.86 
10607 
4393.28 
817.962 
4056.88 
363 
363.006 
370.987 
363 
363 
363 
363 
1997.22 
11121.1 
363 
4715.2 
3572.41 
363 
4103.61 
369.644 
1267.05 
363.067 
363 
4196.41 
553.634 
363 
7752.76 
5394.61 
363 
363 
450.929 
3682.12 
7616.73 
3670.61 
1589.6 
363 
363 
3589.42 
373.072 
363.071 
14353.5 
363 
4210.53 
4158.89 
377.281 
7095.82 
5610.93 
363.126 
1689.55 
3081.64 
4493.03 
3232.86 
4940.54 
1229.01 
555.041 
1278.93 
833.646 
4720.92 
363 
3805.16 
1252.07 
363 
363 
363.004 
493.529 
6838.18 
3202.18 
363.062 
363 
3925.32 
4024.13 
375.073 
363 
363.02 
363 
535.401 
3855.29 
4930.09 
4812.43 
4125.76 
363.004 
363.007 
658.981 
3838.69 
363 
3206 
363 
4514.61 
6595.97 
497.198 
377.98 
4844.55 
5989.71 
833.307 
363 
1697.57 
363 
509.134 
365.029 
363 
1737.95 
363 
3229.18 
3107.66 
5172.38 
363 
363.001 
363.244 
364.434 
3998.89 
489.644 
4601.15 
363 
363.06 
363.001 
810.227 
363.013 
373.357 
363 
363 
363 
1133.93 
421.955 
480.274 
363 
363 
363 
363 
4080.85 
363.024 
814.194 
3113.98 
378.05 
494.202 
3866.19 
363.386 
379.923 
3770.71 
3555.43 
897.842 
791.973 
4307.93 
727.131 
363 
3937.39 
5920.83 
3498.77 
363.001 
4435.2 
363 
3099.55 
863.257 
363.001 
363 
363 
363.001 
363.172 
3654.76 
363.002 
363.007 
4165.3 
363 
7938.1 
366.714 
5481.76 
374.7 
363 
3135.42 
417.623 
4104.52 
407.96 
1277.26 
363 
686.073 
363 
363.017 
363 
925.006 
389.108 
363.161 
515.594 
363 
1424.12 
4354.43 
745.641 
4504.49 
369.618 
363 
482.141 
5539.83 
363.002 
363.039 
3776.88 
372.061 
363 
363 
2051.37 
4770.46 
363 
363.442 
4358.16 
363 
363 
363 
3521.77 
4868.32 
4421.18 
363 
363.003 
3788.23 
363 
396.738 
1006.25 
441.555 
526.336 
363.029 
363 
363.136 
3537.11 
363 
861.097 
363 
4840.26 
1665.04 
3876.79 
363 
7320.86 
887.412 
2150.69 
363 
363 
363 
3747.12 
363 
363 
363 
363 
363 
938.992 
370.903 
363 
363.044 
4030.98 
4027.8 
363 
363.01 
584.067 
7164.47 
435.973 
373.869 
363 
462.163 
1085.85 
5126.89 
409.989 
363.283 
8449.48 
575.378 
5835.97 
4666.44 
369.147 
4668.45 
363 
363 
3904.13 
363.001 
4617.24 
5185.39 
4511.72 
390.099 
3946.92 
363 
363 
363 
1189.56 
552.898 
363 
6049.01 
363 
4143.14 
486.766 
363.425 
529.271 
377.189 
1133.97 
363 
611.854 
363 
363 
5625.71 
2410.28 
379.709 
363 
363.004 
749.654 
363.141 
1317.65 
363.003 
711.511 
363.031 
1577.42 
4432.79 
364.103 
5088.86 
3589.62 
363.001 
5731.15 
363 
792.812 
363.325 
363 
363.01 
3817.82 
615.98 
7817.05 
363 
363.496 
850.192 
3080.52 
665.279 
363 
1684.9 
4346.07 
4359.17 
4711.82 
3338.01 
4891.75 
363 
363.039 
363.244 
395.443 
363 
367.26 
392.942 
725.712 
3832.75 
3238.79 
3110.04 
5704.06 
5333.23 
363 
364.025 
396.279 
363 
363.122 
4436.28 
3892.94 
363 
4589.01 
363 
363 
363 
363 
674.085 
660.549 
363 
363 
506.292 
4408.32 
363 
399.57 
3971.74 
4266.85 
3639.53 
363 
3601.26 
1265.76 
363 
476.945 
363 
363.013 
691.765 
363 
4681.62 
363 
