3136.77 
372.496 
4960.34 
363 
363 
363.18 
5763.44 
7543.84 
363.599 
4980.91 
363 
10649.8 
363 
1432.28 
3910.46 
383.35 
363.001 
363.028 
4715.84 
363.987 
363 
363 
3627.85 
363.009 
696.07 
363 
363 
1127.2 
363.064 
363 
363 
6348.89 
523.449 
363 
363 
3559.37 
363 
3437 
3281.92 
363.164 
8660.07 
363 
363.001 
363.36 
363 
364.386 
830.115 
3899.69 
363 
363 
3260.28 
1854.25 
3675.37 
363 
363 
363.001 
363 
372.258 
397.514 
4123.84 
6715.39 
363 
363 
363 
3291.91 
392.544 
363.002 
376.698 
363 
363 
367.026 
363 
1658.27 
7683.68 
365.135 
363 
4089.41 
363 
886.21 
365.805 
363.002 
363 
363 
363 
363 
376.817 
363 
363 
363 
363.001 
6520.61 
363 
372.049 
3224.17 
363 
363 
433.985 
363.438 
3264.68 
1183.16 
3779.59 
364.431 
363.001 
363.003 
3961.39 
363 
10267.2 
1843.03 
420.21 
363 
806.604 
363 
844.935 
1701.54 
3630.8 
363.002 
1800.08 
363 
363 
363.007 
363 
4706.59 
363 
879.133 
363 
15413.5 
363 
363.001 
374.631 
363 
5669.45 
363 
363.001 
363.001 
363 
363 
363.004 
3437.32 
363 
5686.43 
1667.56 
4877.67 
363 
363.008 
364.088 
363 
363 
363 
363 
3260.36 
363 
363 
6515.02 
3824.97 
363 
363 
374.974 
2544.25 
363.071 
363 
363.012 
789.314 
363 
363.015 
7818.16 
363 
363.001 
454.078 
3977.4 
363 
4155.41 
3089.15 
363 
363 
3984.22 
372.319 
363.133 
363 
363 
5216.04 
4847.38 
376.794 
3131.24 
4027.86 
363.183 
3132.44 
363 
5329.46 
3480.03 
5897.45 
3083.51 
749.782 
407.723 
1325.9 
5551.92 
363 
4469.63 
2238.91 
363 
363 
363.008 
530.981 
368.586 
3352.98 
363.106 
363 
363 
4857.03 
385.125 
363 
363 
363 
672.845 
363 
7057.78 
7689.18 
5045.81 
363.007 
363 
811.896 
4440.32 
363 
3390.1 
363 
5568.94 
363 
653.217 
363 
6310.48 
404.508 
1703.72 
363 
2900.95 
363 
682.681 
366.906 
363 
363 
363 
363.03 
363 
363.169 
363 
363.002 
363 
365.712 
4761.71 
610.243 
5388.15 
363 
363 
363.001 
363 
363.025 
383.571 
363 
363 
363 
1699.12 
487.289 
574.87 
363 
363 
363 
363 
363.024 
363 
363 
363 
391.494 
363 
363 
363 
363 
502.423 
363 
1695.36 
1212.97 
5447.81 
1440.64 
363 
4577.69 
3096.55 
3929.41 
363 
6023.91 
363 
3257.22 
1431.29 
363 
363 
363 
363.001 
363.352 
4118.89 
363.005 
363.017 
5120.64 
363 
363 
363.809 
363.053 
385.802 
363 
363 
464.166 
4930.92 
437.462 
364.585 
363 
363.363 
363 
363.033 
363.001 
363 
406.87 
363.072 
632.432 
363 
510.944 
5375.98 
844.08 
5806.71 
363 
363 
553.549 
8778.74 
363 
363 
3090.37 
368.693 
363 
363 
3221.11 
5714.36 
363 
363 
5262.71 
363 
363 
363 
3841.25 
5626.77 
5548.04 
363 
363.006 
4378.65 
363 
363 
1911.44 
454.804 
697.934 
363.055 
363 
363 
3960.72 
363 
1711.9 
363 
7156.53 
363 
363 
363 
363.001 
1411.98 
363 
363 
363 
363 
4361.3 
363 
363 
363 
363 
363 
1942.79 
363 
363 
363.083 
4654.31 
4675.22 
363 
363.019 
830.436 
363 
500.056 
364.298 
363 
363.003 
1948.07 
8468.1 
445.645 
363.137 
363 
825.274 
384.969 
6286.27 
374.418 
5708.15 
363 
363 
4619.33 
363.001 
5594.44 
9897.06 
363 
416.101 
4714.56 
363 
363 
363 
363 
783.707 
363 
3229.85 
363 
5143.35 
553.765 
363.847 
635.104 
389.805 
387.499 
363 
869.138 
363 
363 
3890.67 
363 
395.687 
363 
363.008 
363 
363 
363.042 
363.003 
851.313 
363.062 
363.003 
5526.03 
364.886 
7815.77 
3329.02 
363.001 
363 
363 
363 
363.641 
363 
363.006 
4364.05 
894.67 
363 
363 
364.07 
363 
363 
1092 
363 
363 
5235.69 
5302.31 
407.745 
363 
6653.18 
363 
363.07 
363 
425.084 
363 
363.854 
425.118 
1308.68 
3096.91 
3444.6 
3364.3 
11313 
9158.36 
363 
364.62 
425.683 
363 
363.108 
5826.32 
4422.91 
363 
6423.83 
363 
363 
363 
363 
1194.9 
1014.23 
363 
363 
677.515 
5484.66 
363 
363 
4777.99 
5334.67 
4166.53 
363 
4095.1 
2628.17 
363 
526.618 
363 
363.023 
581.822 
363 
363 
363 
