3086.09 
372.627 
5001.8 
363 
363 
363.183 
5802.7 
7704.02 
363.606 
5005.9 
363 
11146.4 
363 
1012.75 
3924.66 
383.569 
363.001 
363.028 
4749.82 
363.882 
363 
363 
3507.4 
363.002 
687.029 
363 
363 
1143.57 
363.065 
363 
363 
6409.72 
525.324 
363 
363 
3485.15 
363 
3446.25 
3289.12 
363.025 
6775.51 
363 
363 
363.217 
363 
364.416 
836.456 
3908.49 
363 
363 
3267.57 
1910.06 
3684.73 
363 
363 
363.001 
363 
371.691 
372.307 
4142.06 
6799.02 
363 
363 
363 
3297.75 
393.157 
363.002 
365.217 
363 
363 
367.08 
363 
1664.54 
6444.64 
365.17 
363 
4107.42 
363 
486.74 
363.654 
363.002 
363 
363 
363 
363 
377.083 
363 
363 
363 
363 
6590.43 
363 
372.195 
3114.11 
363 
363 
434.611 
363.444 
3272.38 
1202.72 
3786.31 
364.319 
363.001 
363.003 
3976.89 
363 
10638.9 
1889.29 
421.004 
363 
813.406 
363 
857.164 
1297.75 
3639.76 
363.002 
1847.3 
363 
363 
363.007 
363 
4722.38 
363 
874.777 
363 
16575.3 
363 
363 
371.854 
363 
5720.82 
363 
363 
363 
363 
363 
363.004 
3444.69 
363 
5744.72 
1677.49 
4913.26 
363 
363.008 
363.692 
363 
363 
363 
363 
3267.55 
363 
363 
6622.46 
3833.51 
363 
363 
375.183 
2706.3 
363.071 
363 
363.001 
800.698 
363 
363.002 
7980.68 
363 
363.001 
453.661 
3987.56 
363 
4173.83 
3092.65 
363 
363 
3998.61 
372.229 
363.136 
363 
363 
5262.66 
4875.29 
376.718 
2681.48 
3558.98 
363.185 
3132.62 
363 
5364.72 
3488.46 
5938.4 
3087.94 
758.561 
380.294 
1364.37 
5586.32 
363 
4496.98 
2330.83 
363 
363 
363.008 
531.665 
363.846 
3355.53 
363.107 
363 
363 
4893.42 
385.523 
363 
363 
363 
624.838 
363 
7196.11 
7934.55 
5087.25 
363.007 
363 
819.338 
4464.28 
363 
3395.78 
363 
5617.41 
363 
660.279 
363 
6386.81 
371.38 
1715.06 
363 
2078.16 
363 
690.655 
366.982 
363 
363 
363 
363.008 
363 
363.023 
363 
363.002 
363 
365.764 
4794.08 
614.909 
5420.42 
363 
363 
363.001 
363 
363.025 
383.991 
363 
363 
363 
1706.66 
490.095 
578.702 
363 
363 
363 
363 
363.003 
363 
363 
363 
392.035 
363 
363 
363 
363 
400.238 
363 
1706.13 
1235.77 
5503.19 
1500.78 
363 
4603.48 
1848.24 
3945.48 
363 
6114.94 
363 
3262.34 
1467.71 
363 
363 
363 
363.001 
363.359 
4136.36 
363.005 
363.017 
5164.17 
363 
363 
363.733 
363.007 
386.255 
363 
363 
466.038 
4870.88 
438.583 
363.389 
363 
363.103 
363 
363.033 
363.001 
363 
407.548 
363.043 
637.139 
363 
419.119 
5423.02 
837.177 
5872.84 
363 
363 
556.258 
9049.95 
363 
363 
2060.2 
368.326 
363 
363 
3199.24 
5755.05 
363 
363 
5302.36 
363 
363 
363 
3818.27 
5062.21 
5601.86 
363 
363.006 
4402.11 
363 
363 
1977.74 
434.847 
705.595 
363.056 
363 
363 
3976.44 
363 
1698.85 
363 
6977.74 
363 
363 
363 
363 
1454.83 
363 
363 
363 
363 
4386.08 
363 
363 
363 
363 
363 
2024.26 
363 
363 
363.085 
4679.05 
4701.22 
363 
363.019 
841.996 
363 
502.655 
363.619 
363 
363.001 
1713.15 
8065.12 
447.04 
363.133 
363 
837.338 
367.251 
6377.37 
374.628 
5755.04 
363 
363 
4649.26 
363.001 
5637.63 
10524.7 
363 
417.168 
4743.76 
363 
363 
363 
363 
794.775 
363 
3114.1 
363 
5189.94 
555.839 
363.864 
638.476 
390.312 
371.179 
363 
881.298 
363 
363 
3435.6 
363 
396.341 
363 
363.008 
363 
363 
363.008 
363.003 
740.713 
363.063 
363.001 
5577.48 
364.916 
8026.52 
3223.41 
363.001 
363 
363 
363 
363.654 
363 
363.006 
4385.25 
907.749 
363 
363 
364.095 
363 
363 
1116.95 
363 
363 
5274.48 
5344.32 
372.842 
363 
6678.99 
363 
363.071 
363 
425.866 
363 
363.764 
426.476 
1349.29 
2305.61 
3451.45 
3373.06 
8513.19 
9074.84 
363 
364.653 
426.869 
363 
363.107 
5899.96 
4443.22 
363 
6536.75 
363 
363 
363 
363 
1229.56 
1032.88 
363 
363 
685.382 
5534.99 
363 
363 
4812.98 
5385.22 
4187.04 
363 
4114.03 
2908.54 
363 
528 
363 
363.024 
575.886 
363 
363 
363 
