5050.62 
371.058 
4548.89 
363 
363.001 
363.152 
5361.48 
6278.8 
363.518 
4714.7 
386.746 
7761.55 
363 
2053.08 
3754.25 
380.899 
363.001 
363.023 
4370.4 
364.011 
363 
363 
3770.19 
378.997 
780.687 
363 
363 
970.056 
363.05 
363 
3225.36 
5760.31 
499.096 
363 
363 
3606.39 
363 
3332.93 
3199.57 
3362.58 
9738.11 
363 
363.259 
364.176 
363.005 
364.074 
762.451 
3799.83 
363 
363 
3177.48 
1661.56 
3569.72 
382.932 
363.91 
363.002 
363 
377.31 
4170.01 
3927.05 
5949.42 
363 
363.003 
363 
3224.85 
386.102 
363.002 
16552.2 
363 
363 
366.429 
363.002 
1293.26 
8357.16 
364.756 
363 
3894.8 
363 
12233.5 
3102.47 
363.003 
363 
363 
363 
363 
373.989 
363 
363 
363 
3345.61 
5859.78 
363.423 
370.466 
10909.5 
363 
363.003 
426.721 
363.377 
3177.41 
1000.54 
3702.36 
364.383 
363 
363.003 
3792.05 
428.413 
7872.44 
1674.19 
411.512 
363 
730.387 
363 
726.104 
3080.23 
3529.58 
363.002 
1658.41 
364.549 
363 
363.006 
363 
4531.97 
363 
777.098 
363 
8749.45 
363 
3805.05 
378.61 
363 
5167.01 
1925.28 
363.044 
365.11 
363 
363 
363.003 
3353.35 
372.706 
5071.57 
1190.18 
4516.63 
363 
363.007 
368.569 
363 
363 
363 
363 
3178.58 
363.005 
363 
5598.49 
3728 
363 
363 
372.725 
1742.29 
363.073 
363 
3325.62 
678.793 
363 
4701.11 
6525.94 
363 
363.001 
456.178 
3862.79 
3209.03 
3956.48 
2017.24 
363 
363 
3825.96 
372.893 
363.107 
363 
363 
4758.81 
4554.9 
377.383 
12142.5 
7832.76 
363.16 
3085.58 
363 
4966.78 
3384.63 
5479.33 
1790.71 
661.613 
1710.58 
1042.96 
5194.98 
363 
4185.08 
1725.7 
363 
363 
363.006 
519.757 
14430.7 
3297.43 
363.087 
363 
1911.16 
4489.22 
380.861 
363 
363.006 
363 
663.838 
364.939 
5936.74 
6021.62 
4633.3 
363.006 
363 
739.638 
4187.13 
363 
3320.62 
363 
5091.45 
401.564 
582.185 
363 
5606.66 
7503.24 
1277.45 
363 
3102.4 
363 
603.098 
366.099 
363 
370.322 
363 
2391.64 
363 
4096.25 
363 
363.001 
363 
365.166 
4429.81 
557.292 
5051.81 
363 
363.075 
363.001 
363 
363.02 
379.141 
363 
363 
363 
1448.98 
458.279 
534.345 
363 
363 
363 
363 
3370.16 
363.004 
363 
363.01 
385.738 
428.57 
717.593 
363 
366.076 
3998.48 
363 
1278.58 
1007.39 
4917.76 
1030.24 
363 
4306.59 
8988.88 
3754.42 
363 
5228.61 
363 
3198.09 
1134.83 
363 
363 
363 
363.001 
363.274 
3929.45 
363.004 
363.012 
4689.87 
363 
363.005 
364.805 
3901.61 
381.012 
363 
373.346 
444.271 
4611.32 
425.273 
2176.99 
363 
567.246 
363 
363.026 
363 
363.02 
399.512 
363.249 
582.583 
363 
2668.31 
4913 
837.716 
5188.56 
363.001 
363 
524.112 
6912.16 
363 
363 
4106.56 
370.922 
363 
363 
3183.77 
5300.39 
363 
363 
4862.65 
363 
363 
363 
3733.24 
5986.05 
5028.23 
363 
363.005 
4130.42 
363 
363 
1663.5 
480.139 
620.524 
363.044 
363 
363 
3789.17 
363 
1404.49 
363 
6017.76 
577.487 
363 
363 
4579.9 
1105.77 
363 
363 
363 
363 
4101.05 
363 
363 
363 
363 
363 
1652.61 
364.353 
363 
363.066 
4392.45 
4401.56 
363 
363.015 
716.61 
363 
472.532 
377.37 
363 
450.405 
1773.55 
6704.92 
430.646 
363.185 
363 
708.299 
6753.65 
5481.76 
372.175 
5241.72 
363 
363 
4310.45 
363.002 
5160.45 
6794.05 
1142.73 
404.845 
4380.19 
363 
363 
363 
363.14 
675.857 
363 
10249.6 
363 
4687.48 
528.362 
363.664 
591.104 
384.407 
2016.67 
363 
750.229 
363 
363 
9015.16 
364.364 
388.782 
363 
363.006 
363 
363.096 
1666.83 
363.004 
946.433 
363.048 
1217.42 
5025.29 
364.56 
6285.61 
3818.53 
363.001 
364.485 
363 
363 
363.504 
363 
363.008 
4137.31 
764.11 
3093.6 
363 
363.815 
363 
363 
875.62 
363 
1041.13 
4843.26 
4881.82 
5077.35 
363.025 
5789.49 
363 
363.057 
363.086 
412.447 
363 
365.102 
410.961 
992.737 
4213.18 
3366.26 
3265.57 
9032.48 
6917.54 
363 
364.302 
413.087 
363 
363.122 
5153.74 
4204.43 
363 
5477.83 
363 
363 
363 
363 
917.292 
842.603 
363 
363 
598.979 
4993.17 
363 
363 
4423.19 
4844.19 
3947.49 
363 
3891.46 
1723.93 
363 
509.152 
363 
363.019 
638.224 
363 
2358.7 
363 
