4904.73 
370.525 
4412.49 
363.001 
363.001 
363.142 
5223.46 
5947.08 
363.488 
4618.99 
606.185 
7193.37 
363.001 
1826.96 
3695.92 
379.967 
363.001 
363.021 
4252.78 
363.957 
363 
363.035 
3710.41 
380.491 
805.038 
363 
363 
919.829 
363.046 
363 
7008.57 
5570.63 
490.095 
363.002 
363 
3571.3 
363 
3293 
3167.5 
3766.22 
8494.22 
363 
363.252 
364.089 
363.457 
363.966 
738.146 
3761.03 
363.003 
363 
3145.27 
1459.88 
3529.02 
764.429 
383.391 
363.002 
363 
378.647 
4400.25 
3855.15 
5716.66 
363 
368.279 
363 
3198.42 
383.855 
363.002 
15987.7 
363 
363 
366.207 
363.082 
1189.11 
7574.71 
364.618 
363 
3823.65 
363 
9849.93 
3093.25 
363.003 
363 
363.002 
363 
363 
372.99 
363 
363 
363 
6736.55 
5651.82 
386.907 
369.891 
9391 
363 
400.968 
423.79 
363.355 
3143.6 
943.838 
3671.94 
364.306 
363 
363.003 
3729.3 
3211.33 
7349.08 
1566.33 
408.298 
363 
702.22 
363 
687.976 
2222.37 
3490.5 
363.002 
1455.71 
922.441 
363 
363.005 
363 
4466.32 
363 
739.531 
363 
7891.4 
363 
11950 
377.042 
363 
5003.17 
4930.9 
363.041 
365.348 
363.001 
363 
363.003 
3320.62 
3135.59 
4880.64 
1068.75 
4393.97 
363 
363.007 
369.467 
363 
363 
363 
363 
3146.74 
425.219 
363 
5339.47 
3690.31 
363 
368.687 
371.918 
1701.22 
363.073 
363 
4241.79 
643.481 
363 
12481.8 
6184.91 
363 
363.001 
455.672 
3818.68 
10012.9 
3883.82 
1793.37 
363 
363 
3766.83 
373.019 
363.097 
371.404 
363 
4609.23 
4451.76 
377.474 
9925.06 
7020 
363.152 
2400.23 
363 
4841.62 
3347.73 
5336.23 
1710.6 
632.31 
1680.66 
975.351 
5070.55 
363 
4085.57 
1688.2 
363 
363 
363.006 
514.086 
14583.4 
3274.83 
363.081 
363 
3455.51 
4364.81 
379.339 
363 
363.024 
363 
627.037 
1651.27 
5635.43 
5639.65 
4496.14 
363.005 
363 
716.687 
4096.96 
363 
3293.18 
363 
4934.5 
3152.29 
558.637 
363.031 
5391.23 
8187.78 
1124.65 
363 
3012.47 
363 
576.939 
365.815 
363 
1014.09 
363 
3224.21 
363.737 
6041.79 
363 
363.001 
363 
364.972 
4315.71 
539.032 
4933.93 
363 
363.074 
363.001 
363.001 
363.018 
377.592 
363 
363 
363 
1329.37 
448.372 
520.046 
363 
363 
363 
363 
4233.86 
363.025 
363.009 
385.13 
383.7 
510.982 
3208.01 
363.004 
380.498 
4019.45 
363 
1149.79 
945.769 
4748.92 
934.713 
363 
4210.65 
7833.89 
3689.9 
363.001 
4998.37 
363 
3174.64 
1054.17 
363 
363 
363 
363.001 
363.246 
3859.89 
363.003 
363.011 
4547.56 
363 
410.629 
365.242 
6209.45 
379.328 
363 
1679.52 
437.223 
4474.29 
420.817 
1922.01 
363 
607.761 
363 
363.024 
363 
368.873 
396.828 
363.226 
564.938 
363 
2012.13 
4760.95 
816.751 
4996.61 
363.316 
363 
513.344 
6479.96 
363 
363 
4024.87 
371.434 
363 
363 
3151.43 
5159.29 
363 
363 
4727.56 
363 
363 
363 
3680.81 
5641.48 
4861.04 
363 
363.004 
4041.94 
363 
363 
1454.77 
469.891 
594.655 
363.04 
363 
363 
3725.7 
363 
1204.75 
363 
5649.1 
1742.15 
363.01 
363 
17497.1 
1034.58 
363 
363 
363 
363 
4009.03 
363 
363 
363 
363 
363 
1372.52 
370.704 
363 
363.06 
4299.03 
4304.55 
363 
363.014 
679.637 
363 
462.825 
376.498 
363 
492.7 
1694.27 
6174.93 
425.252 
363.208 
363.116 
670.907 
7744.79 
5246.32 
371.377 
5086.72 
363 
363 
4203.41 
363.001 
5014.58 
6252.36 
3378.79 
400.902 
4265.16 
363 
363 
363 
403.312 
641.255 
363 
8363.8 
363 
4538.75 
517.651 
363.6 
574.773 
382.495 
1735.4 
363 
711.741 
363 
363 
7552.48 
538.894 
386.358 
363 
363.006 
363 
363.181 
1734.27 
363.004 
876.589 
363.044 
1870.83 
4862.87 
364.442 
5914.2 
3761.5 
363.001 
1711.61 
363 
363.268 
363.457 
363 
363.009 
4055.44 
721.956 
6418.41 
363 
363.728 
363 
363 
813.625 
363 
2929.55 
4710.35 
4741.1 
5409.77 
422.73 
5527.36 
363 
363.053 
363.302 
407.919 
363 
365.646 
406.078 
910.969 
4116.87 
3335.58 
3227.58 
7608.94 
6391.23 
363 
364.209 
408.632 
363 
363.124 
4949.94 
4125 
363 
5215.23 
363 
363 
363 
363 
843.468 
790.417 
363 
363 
573.167 
4833.17 
363 
363 
4302.72 
4685.63 
3868.5 
363 
3817.43 
1680.6 
363 
501.561 
363 
363.017 
655.082 
363 
3731.03 
363 
