363 
363.004 
363 
410.706 
363.002 
363 
363.003 
5908.45 
7459.5 
363 
363.007 
363 
363 
409.406 
363 
363 
363 
363 
6764.32 
403.678 
363 
11065.2 
460.477 
363 
363 
363 
4524.69 
363 
410.923 
4529.2 
363 
363 
363 
363 
363 
363 
796.262 
363 
363 
363.002 
363 
363 
3221.49 
363 
363 
421.789 
363 
7974.32 
363 
407.374 
363 
363 
363 
363 
363 
363 
3011.84 
363 
458.098 
8060.24 
2835.28 
2513.99 
363 
363 
407.035 
363 
8492.98 
3002.39 
20020.4 
363 
363 
363 
363 
363 
363 
2743.45 
6008.65 
363 
398.56 
363 
363 
5316.81 
363 
5127.19 
7510.27 
363 
363 
363 
5647.76 
462.123 
1132.26 
363 
363 
2856.14 
457.172 
363 
363 
363 
363.001 
363 
363 
363 
363 
363 
363.412 
363 
363.011 
363 
363 
6001.3 
439.565 
363 
448.627 
6508.68 
363.001 
3440.2 
363 
363 
407.068 
2123.25 
363 
363 
363 
363 
401.783 
363 
363 
3130.21 
2781.62 
363 
363 
363 
6259.74 
363 
363.002 
2095.22 
363 
363 
400.988 
415.327 
3638.14 
1809.38 
363.806 
2768.97 
363 
363 
363 
364.93 
5927.55 
445.018 
363 
363.412 
363 
8754.28 
5995.88 
363 
363 
363 
363 
363 
363 
363 
446.658 
363 
363 
363 
363 
363 
363 
363 
363 
363 
363 
363 
5657.6 
363 
363 
363 
4340.66 
363 
363 
363 
363 
2927.09 
2707.37 
363 
363 
363 
363.011 
363 
5671.41 
5038.62 
363 
363 
363 
2006.56 
363 
363 
363 
363 
363 
363 
8142.06 
1826.72 
363 
713.959 
363 
363 
363.002 
461.754 
408.921 
382.441 
363 
363.006 
363 
363 
363 
363 
363 
363 
3097.56 
363 
363 
363 
5283.47 
420.44 
363 
363 
363 
363 
364.93 
363 
363 
5546.53 
363.058 
363 
2189.71 
6671.68 
2790.2 
363 
2211.94 
363 
363 
363 
363 
363 
363 
363 
363 
4906.37 
363 
363 
363 
5920.78 
363 
363 
363 
363.041 
363 
363.005 
4582.95 
363 
10577.8 
363 
363 
363 
363 
4432.66 
363 
427.709 
363 
3524.71 
363 
5935.38 
363 
363 
363 
11497.4 
3117.92 
363.856 
363.002 
363 
407.068 
363 
363 
363 
363 
363 
363 
363 
363 
363 
395.192 
2017.05 
363 
363 
398.01 
363 
363 
12683.3 
525.337 
4268.85 
363 
9216.44 
363 
363.058 
363 
363 
363 
5306.09 
11615.3 
7808.41 
19885.6 
363 
6110.35 
363 
363.001 
363 
6563.43 
363 
363 
363.004 
363 
363 
5921.33 
363 
2776.94 
363 
7529.41 
3081.09 
2102.59 
3295.19 
2300.4 
5654.47 
363 
363 
363 
363 
455.342 
363 
363 
363 
363 
363 
15950.7 
363 
363 
363 
363 
363 
3183.35 
363 
363.013 
363 
400.478 
363.004 
363 
363 
363 
363 
2193.85 
363 
2735.12 
363 
363.007 
363 
363 
17692.6 
363 
363 
363 
2725.54 
363 
363 
363 
363 
363 
14269.7 
363 
4995.89 
2881.95 
363 
363 
2739.82 
363 
363 
3128.98 
363 
6447.68 
363 
363 
363 
2066.9 
363 
363.398 
363 
363.006 
363 
363 
7911.34 
364.931 
363 
1654.46 
363 
363 
363 
363 
462.078 
363.003 
363 
430.532 
363 
363 
363 
363 
363 
363 
363 
363 
4641.87 
363 
363 
363 
363 
363 
363.084 
363 
8302.75 
363 
2820.87 
11785.6 
363.001 
363 
2641.43 
363 
5958.68 
3352.93 
363 
363 
363 
363 
363 
363 
363 
363.001 
363 
412.771 
363 
363 
363 
3051.81 
363 
363 
363.009 
363 
3105.01 
363.013 
363 
13932.5 
363 
363.024 
363 
363 
363 
363 
363 
363 
363 
16939.9 
4664.31 
363 
409.126 
433.831 
363 
363 
363 
16464.7 
382.438 
363 
363 
3137.55 
363 
363 
796.442 
363.005 
363.006 
363 
363 
363 
363 
363.001 
2373.42 
399.918 
363 
363.001 
363 
363 
363 
5907.38 
363 
363 
363 
8852.83 
399.413 
363 
363 
402.034 
363 
363 
363.002 
9239.55 
363 
