4247.88 
371.868 
4771.58 
363 
363 
363.168 
5581.79 
6902.05 
363.564 
4862.92 
363.007 
8997.91 
363 
2357.44 
3842.33 
382.29 
363.001 
363.025 
4559.17 
364.088 
363 
363 
3851.06 
364.257 
736.367 
363 
363 
1053.97 
363.058 
363 
365.003 
6075.6 
512.862 
363 
363 
3655.47 
363 
3392.13 
3246.64 
626.487 
13194 
363 
363.065 
364.156 
363 
364.246 
800.141 
3856.85 
363 
363 
3224.78 
1722.93 
3629.89 
363.002 
363 
363.002 
363 
374.727 
3102.73 
4037.22 
6350.64 
363 
363 
363 
3263.32 
389.665 
363.002 
3171 
363 
363 
366.765 
363 
1496.08 
10091.5 
364.968 
363 
4003.77 
363 
3815.13 
961.343 
363.004 
363 
363 
363 
363 
375.559 
363 
363 
363 
371.703 
6210.63 
363 
371.352 
7164.92 
363 
363 
430.91 
363.412 
3227.21 
1096.98 
3746.65 
364.496 
363.001 
363.003 
3887.29 
363 
8954.78 
1727.84 
416.407 
363 
773.47 
363 
789.804 
3095.78 
3587.27 
363.002 
1715.67 
363 
363 
363.006 
363 
4630.65 
363 
838.739 
363 
11075.3 
363 
381.473 
380.765 
363 
5437.33 
363.02 
363.018 
363.128 
363 
363 
363.003 
3401.35 
363 
5397.53 
1452.77 
4713.76 
363 
363.008 
366.632 
363 
363 
363 
363 
3225.31 
363 
363 
6064.74 
3783.38 
363 
363 
373.979 
2058.34 
363.072 
363 
420.032 
737.993 
363 
504.072 
7164.38 
363 
363.001 
455.686 
3928.04 
363.606 
4067.84 
2624.96 
363 
363 
3915.21 
372.647 
363.121 
363 
363 
5005.09 
4716.7 
377.109 
6505.66 
8146.13 
363.173 
3114.56 
363 
5165.91 
3439.04 
5708.23 
2292.17 
709.501 
1255.48 
1177.73 
5391.65 
363 
4342.02 
1916.57 
363 
363 
363.007 
526.872 
3115.51 
3330.12 
363.098 
363 
363.165 
4689.74 
383.236 
363 
363 
363 
724.066 
363 
6495.03 
6793.05 
4856.81 
363.006 
363 
778.311 
4327.65 
363 
3360.55 
363 
5349.09 
363 
620.77 
363 
5976.37 
3172.06 
1650.49 
363 
3125.08 
363 
646.193 
366.547 
363 
363 
363 
370.287 
363 
814.864 
363 
363.002 
363 
365.469 
4611.8 
586.507 
5237.47 
363 
363.016 
363.001 
363 
363.022 
381.593 
363 
363 
363 
1663.24 
474.21 
556.817 
363 
363 
363 
363 
455.034 
363 
363 
363 
388.935 
363.384 
363.005 
363 
363.002 
3151.8 
363 
1607.11 
1114.45 
5200.46 
1221.07 
363 
4456.73 
5065.37 
3852.68 
363 
5637.21 
363 
3232.08 
1282.97 
363 
363 
363 
363.001 
363.317 
4035.68 
363.004 
363.015 
4922.72 
363 
363 
364.21 
578.586 
383.667 
363 
363 
455.322 
4834.36 
432.11 
627.232 
363 
399.611 
363 
363.03 
363 
363 
403.637 
363.248 
610.246 
363 
2302.89 
5162.73 
858.097 
5515.08 
363 
363 
540.622 
7780.27 
363 
363 
3659.14 
369.842 
363 
363 
3230.56 
5526.69 
363 
363 
5080.62 
363 
363 
363 
3811.69 
6592.75 
5306.47 
363 
363.005 
4268.23 
363 
363 
1729.65 
494.319 
662.665 
363.05 
363 
363 
3885.61 
363 
1684.15 
363 
6748.37 
363.06 
363 
363 
393.422 
1249.81 
363 
363 
363 
363 
4245.14 
363 
363 
363 
363 
363 
1727.09 
363.001 
363 
363.076 
4537.87 
4553.22 
363 
363.017 
777.931 
363 
487.8 
373.495 
363 
364.659 
2410.06 
7900.09 
439.016 
363.155 
363 
770.938 
3128.38 
5896.91 
373.423 
5494.39 
363 
363 
4480.29 
363.002 
5396.52 
8035.07 
363.013 
411.077 
4564.12 
363 
363 
363 
363 
733.714 
363 
7506.37 
363 
4932.78 
543.653 
363.765 
616.776 
387.406 
1306.98 
363 
814.15 
363 
363 
9925.36 
363 
392.607 
363 
363.007 
363 
363.001 
389.724 
363.004 
1060.12 
363.056 
366.876 
5294.16 
364.743 
7013.43 
3829.63 
363.001 
363 
363 
363 
363.58 
363 
363.007 
4263.75 
834.97 
363.09 
363 
363.955 
363 
363 
986.443 
363 
363.313 
5057.29 
5110.18 
3132.79 
363 
6258.43 
363 
363.064 
363 
419.58 
363 
364.346 
418.762 
1147.55 
3737.92 
3411.11 
3321.78 
14335.9 
8085.54 
363 
364.47 
420.081 
363 
363.116 
5505.64 
4326.55 
363 
5955.48 
363 
363 
363 
363 
1054.96 
932.643 
363 
363 
641.509 
5257.44 
363 
363 
4616.88 
5107.23 
4069.58 
363 
4005.27 
1988.09 
363 
519.544 
363 
363.021 
608.389 
363 
363.423 
363 
