4993.83 
370.84 
4492.35 
363 
363.001 
363.148 
5304.55 
6137.43 
363.506 
4675.49 
445.392 
7513.31 
363 
1951.51 
3730.49 
380.52 
363.001 
363.022 
4321.83 
363.989 
363 
363 
3745.83 
380.604 
791.09 
363 
363 
949.135 
363.048 
363 
3927.34 
5681.39 
495.417 
363 
363 
3592.2 
363 
3316.74 
3186.59 
3584.41 
9157.31 
363 
363.26 
364.14 
363.042 
364.029 
752.487 
3784.12 
363 
363 
3164.44 
1613.55 
3553.22 
455.991 
367.435 
363.002 
363 
377.89 
4358.17 
3897.67 
5851.85 
363 
363.093 
363 
3214.18 
385.176 
363.002 
18690.8 
363 
363 
366.338 
363.011 
1248.62 
8006.69 
364.699 
363 
3865.72 
363 
11600.8 
3104.13 
363.003 
363 
363 
363 
363 
373.578 
363 
363 
363 
4191.52 
5772.99 
366.584 
370.23 
10234.1 
363 
363.21 
425.542 
363.368 
3163.72 
976.832 
3690.07 
364.351 
363 
363.003 
3766.46 
1355.25 
7645.63 
1659.74 
410.2 
363 
718.859 
363 
710.208 
2614.18 
3513.74 
363.002 
1597.67 
382.403 
363 
363.006 
363 
4505.26 
363 
761.5 
363 
8363 
363 
6013.15 
377.961 
363 
5098.95 
3206.26 
363.043 
365.373 
363 
363 
363.003 
3340.11 
612.49 
4991.69 
1137.23 
4465.96 
363 
363.007 
368.959 
363 
363 
363 
363 
3165.7 
363.329 
363 
5488.99 
3712.74 
363 
363.03 
372.394 
1725.48 
363.073 
363 
3698.56 
664.056 
363 
7681.11 
6380.69 
363 
363.001 
456.045 
3844.91 
4122.17 
3926.78 
1916.61 
363 
363 
3801.87 
372.946 
363.103 
363.023 
363 
4696.7 
4512.52 
377.429 
11154.9 
7465.49 
363.157 
2909.46 
363 
4915.19 
3369.68 
5420.28 
1739.06 
649.452 
1699.45 
1013.76 
5143.77 
363 
4144.14 
1710.37 
363 
363 
363.006 
517.531 
16805.5 
3288.32 
363.085 
363 
3129.29 
4437.8 
380.236 
363 
363.014 
363 
648.434 
401.703 
5808.66 
5856.74 
4576.47 
363.006 
363 
730.045 
4150.13 
363 
3309.54 
363 
5026.32 
973.734 
572.404 
363 
5516.44 
8376.74 
1209.61 
363 
3092.99 
363 
592.22 
365.982 
363 
426.794 
363 
3115.43 
363.004 
5077.52 
363 
363.001 
363 
365.086 
4382.76 
549.748 
5003.33 
363 
363.076 
363.001 
363 
363.019 
378.503 
363 
363 
363 
1394.74 
454.18 
528.462 
363 
363 
363 
363 
3750.59 
363.011 
363 
363.318 
384.9 
473.84 
2066.19 
363 
371.193 
4048.85 
363 
1220.97 
981.518 
4847.41 
989.086 
363 
4267.19 
8523.77 
3728.09 
363 
5131.54 
363 
3188.63 
1100.61 
363 
363 
363 
363.001 
363.262 
3901.04 
363.004 
363.011 
4630.86 
363 
363.283 
364.979 
4922.93 
380.318 
363 
474.29 
441.372 
4554.54 
423.45 
2156.5 
363 
587.637 
363 
363.025 
363 
363.274 
398.414 
363.24 
575.328 
363 
2337.84 
4849.9 
829.076 
5108.32 
363.016 
363 
519.708 
6725.77 
363 
363 
4075.34 
371.149 
363 
363 
3170.68 
5242.13 
363 
363 
4806.8 
363 
363 
363 
3711.92 
5838.37 
4958.65 
363 
363.004 
4094.12 
363 
363 
1619.05 
475.92 
609.794 
363.042 
363 
363 
3763.28 
363 
1313.57 
363 
5859.04 
1096.27 
363 
363 
9185.69 
1074.94 
363 
363 
363 
363 
4063.25 
363 
363 
363 
363 
363 
1528.95 
366.602 
363 
363.064 
4354.13 
4361.73 
363 
363.015 
701.218 
363 
468.537 
377.023 
363 
480.327 
1729.96 
6471.75 
428.433 
363.194 
363 
692.7 
7715.1 
5382.63 
371.847 
5177.5 
363 
363 
4266.36 
363.002 
5100.1 
6555.53 
3087.62 
403.22 
4332.73 
363 
363 
363 
364.976 
661.425 
363 
9354.91 
363 
4625.7 
524.026 
363.637 
584.306 
383.621 
1879.51 
363 
734.206 
363 
363 
8309.72 
376.222 
387.783 
363 
363.006 
363 
363.148 
1721.7 
363.004 
916.84 
363.046 
1686.38 
4957.77 
364.512 
6126.12 
3795.33 
363.001 
400.61 
363 
363.003 
363.485 
363 
363.009 
4103.79 
746.423 
3421.67 
363 
363.779 
363 
363 
849.429 
363 
1737.52 
4788.33 
4823.57 
5408.79 
363.834 
5678.8 
363 
363.055 
363.183 
410.583 
363 
365.321 
408.944 
957.824 
4175.9 
3353.86 
3250.17 
8343.45 
6686.81 
363 
364.263 
411.254 
363 
363.123 
5068.28 
4171.94 
363 
5366.59 
363 
363 
363 
363 
885.856 
820.71 
363 
363 
588.244 
4926.69 
363 
363 
4373.42 
4778.25 
3915.14 
363 
3861.18 
1706.07 
363 
506.117 
363 
363.018 
645.373 
363 
3169.44 
363 
