3399.95 
372.24 
4881.34 
363 
363 
363.175 
5687.99 
7259.37 
363.585 
4932.37 
363 
9854.75 
363 
1770 
3882.64 
382.919 
363.001 
363.027 
4650.65 
364.087 
363 
363 
3795.23 
363.089 
713.133 
363 
363 
1096.3 
363.061 
363 
363.005 
6233.78 
519.204 
363 
363 
3642.15 
363 
3418.77 
3267.64 
367.641 
12197.1 
363 
363.009 
363.729 
363 
364.328 
817.79 
3882.34 
363 
363 
3245.9 
1757.45 
3656.91 
363 
363 
363.002 
363 
373.316 
778.271 
4088.32 
6559.65 
363 
363 
363 
3280.36 
391.357 
363.002 
714.968 
363 
363 
366.919 
363 
1618.49 
9630.5 
365.067 
363 
4054.3 
363 
3093.2 
397.998 
363.003 
363 
363 
363 
363 
376.299 
363 
363 
363 
363.034 
6389.34 
363 
371.763 
3929.25 
363 
363 
432.744 
363.427 
3249.49 
1146.54 
3766.28 
364.518 
363.001 
363.003 
3931.09 
363 
9654.25 
1761.05 
418.657 
363 
793.152 
363 
821.747 
2798.02 
3613.14 
363.002 
1742.31 
363 
363 
363.007 
363 
4675.63 
363 
867.672 
363 
13250.5 
363 
363.065 
378.948 
363 
5571.94 
363 
363.004 
363.007 
363 
363 
363.004 
3422.76 
363 
5565.41 
1636.17 
4809.43 
363 
363.008 
365.119 
363 
363 
363 
363 
3246.17 
363 
363 
6319.3 
3808.12 
363 
363 
374.566 
2303.89 
363.072 
363 
363.519 
767.726 
363 
363.873 
7528.87 
363 
363.001 
454.863 
3957.37 
363.001 
4119.5 
3082.18 
363 
363 
3956.05 
372.472 
363.128 
363 
363 
5127.49 
4793.41 
376.933 
3576.76 
5602.54 
363.179 
3126.82 
363 
5261.6 
3463.41 
5818.8 
2756.81 
732.977 
571.045 
1259.07 
5485.56 
363 
4416.83 
2088.2 
363 
363 
363.008 
529.464 
526.862 
3344.41 
363.102 
363 
363 
4787.32 
384.349 
363 
363 
363 
725.444 
363 
6809.97 
7276.45 
4966.76 
363.007 
363 
797.772 
4393.88 
363 
3378.24 
363 
5476.75 
363 
639.688 
363 
6168.07 
1049.76 
1681.76 
363 
3101.77 
363 
667.438 
366.758 
363 
363 
363 
363.393 
363 
368.88 
363 
363.002 
363 
365.612 
4699.46 
600.516 
5325.83 
363 
363.002 
363.001 
363 
363.024 
382.756 
363 
363 
363 
1684.41 
481.872 
567.432 
363 
363 
363 
363 
363.971 
363 
363 
363 
390.441 
363.007 
363 
363 
363 
1654.34 
363 
1674.4 
1170.74 
5343.35 
1339.61 
363 
4527.77 
3354.83 
3898 
363 
5856.84 
363 
3247.07 
1366.03 
363 
363 
363 
363.001 
363.337 
4084.8 
363.004 
363.016 
5037.74 
363 
363 
363.966 
365.182 
384.923 
363 
363 
460.527 
4929.88 
435.272 
380.861 
363 
366.322 
363 
363.031 
363 
363 
405.547 
363.151 
623.294 
363 
1075.76 
5286.54 
855.099 
5682.82 
363 
363 
548.258 
8320.37 
363 
363 
3218.1 
369.224 
363 
363 
3240.19 
5636.29 
363 
363 
5186.81 
363 
363 
363 
3842.88 
6412.85 
5446.25 
363 
363.005 
4333.14 
363 
363 
1799.06 
483.752 
683.243 
363.053 
363 
363 
3930 
363 
1712.24 
363 
7122.19 
363 
363 
363 
363.097 
1338.3 
363 
363 
363 
363 
4313.35 
363 
363 
363 
363 
363 
1808.62 
363 
363 
363.08 
4606.33 
4624.89 
363 
363.018 
808.424 
363 
495.009 
367.051 
363 
363.052 
2453.78 
8535.03 
442.924 
363.143 
363 
802.409 
758.963 
6118.5 
374.009 
5618.73 
363 
363 
4561.69 
363.002 
5511.85 
8963.99 
363 
414.03 
4652.85 
363 
363 
363 
363 
762.697 
363 
3990.09 
363 
5054.91 
549.744 
363.813 
627.947 
388.818 
514.318 
363 
846.045 
363 
363 
5798.05 
363 
394.418 
363 
363.008 
363 
363 
363.811 
363.003 
1012.37 
363.059 
363.071 
5428.51 
364.827 
7452.43 
3580.28 
363.001 
363 
363 
363 
363.616 
363 
363.007 
4322.82 
869.94 
363 
363 
364.022 
363 
363 
1046.31 
363 
363.002 
5161.37 
5222.07 
987.817 
363 
6506.79 
363 
363.068 
363 
422.932 
363 
364.043 
422.491 
1236.99 
3244.02 
3431.05 
3347.04 
15216.9 
8829.6 
363 
364.557 
423.377 
363 
363.112 
5689.3 
4383.36 
363 
6219.32 
363 
363 
363 
363 
1133.09 
979.438 
363 
363 
662.474 
5389.18 
363 
363 
4710.91 
5238.94 
4126.67 
363 
4058.23 
2282.81 
363 
523.826 
363 
363.022 
593.029 
363 
363.002 
363 
