4556.14 
369.214 
4101.37 
363.05 
363.001 
363.116 
4900.37 
5288.74 
363.412 
4386.58 
690.168 
6186.32 
6458.3 
1671.31 
3549.55 
377.61 
363 
363.016 
3979.11 
363.823 
363 
3093.33 
3560.71 
377.326 
848.996 
363 
363 
808.416 
363.035 
363.005 
7882.38 
5146.49 
468.087 
3813.61 
363 
3479.66 
363 
3190.26 
3083.81 
3682.51 
6806.14 
363 
363.214 
363.879 
366.456 
363.72 
679.486 
3660.06 
5351.78 
365.655 
2284.62 
1073.9 
3423.9 
1006.22 
405.379 
363.001 
363 
380.733 
4246.07 
3678.11 
5215.79 
364.744 
1704.32 
365.968 
3128.59 
378.666 
363.002 
8449.99 
363 
363 
365.659 
363.346 
987.252 
6326.04 
364.288 
363 
3648.38 
363 
6568.99 
1748.97 
363.002 
363 
3129.99 
363 
363 
370.651 
363 
365.036 
363.001 
6791.21 
5194.19 
579.03 
368.507 
7361.58 
363 
8131.23 
415.93 
363.298 
2156.96 
820.451 
3591.64 
364.113 
363 
363.002 
3572.91 
8096.46 
6387.44 
1152.78 
400.402 
363 
634.295 
363 
604.49 
1690.95 
3389.36 
363.001 
1086.93 
4093.82 
363 
363.004 
363 
4300.58 
363 
655.192 
363 
6552.05 
363 
7549.33 
373.509 
363 
4633.78 
8823.13 
363.034 
364.759 
363.004 
363 
363.002 
3235.11 
12599.8 
4465.71 
851.188 
4109.14 
363 
363.006 
370.854 
363 
363 
363 
363 
2347.81 
11908.7 
363 
4805.08 
3592.16 
363 
4022.53 
369.999 
1351.2 
363.069 
363 
4242.51 
566.779 
363 
8259.57 
5506 
363 
363 
452.001 
3704.85 
8404.41 
3704.96 
1660.91 
363 
363 
3618.39 
373.125 
363.075 
16350.3 
363 
4271.26 
4205.16 
377.362 
7382.87 
5782.83 
363.13 
1713.75 
1735.82 
4547.49 
3252.04 
5002.1 
1320.17 
566.61 
1348.13 
852.109 
4775.83 
363 
3849.28 
1327.37 
363 
363 
363.004 
497.185 
7278.3 
3214.56 
363.065 
363 
3965.9 
4076.83 
375.734 
363 
363.021 
363 
548.594 
3893.77 
5030.05 
4924.97 
4182.6 
363.004 
363.004 
667.351 
3879.71 
363 
3220.75 
363 
4578.69 
6898.3 
506.307 
378.607 
4925.52 
6225.28 
870.487 
363 
1725.7 
363 
519.149 
365.149 
363 
1871.08 
363 
3244.21 
3116.76 
5325.38 
363 
363.001 
363.071 
364.517 
4048.3 
497.143 
4653.56 
363 
363.062 
363.001 
704.378 
363.014 
374.003 
363 
363 
363 
1156 
425.918 
486.426 
363 
363 
363 
363 
4134.52 
363.026 
775.223 
3128.82 
378.92 
498.239 
3894.29 
363.402 
380.905 
3810.43 
3167.59 
930.492 
814.478 
4374.32 
755.187 
363 
3980.65 
6133.65 
3529.74 
363.001 
4516.94 
363 
3112.31 
890.448 
363 
363 
363 
363.001 
363.184 
3687.91 
363.003 
363.007 
4223.78 
363 
7976.51 
366.461 
5645 
375.408 
363 
3147.71 
420.65 
4161.24 
409.997 
1418.48 
363 
675.258 
363 
363.018 
363 
950.795 
390.328 
363.171 
523.26 
363 
1599.25 
4416.45 
760.749 
4577.81 
370.045 
363 
487.102 
5668.01 
363.002 
363.011 
3816.37 
372.046 
363 
363 
2452.6 
4830.83 
363 
363.11 
4415.25 
363 
363 
363 
3547.92 
4975.46 
4487.67 
363 
363.003 
3828.55 
363 
382.047 
1057.66 
445.917 
536.562 
363.031 
363 
363.097 
3567.73 
363 
903.061 
363 
4951.04 
1696.97 
3462.09 
363 
7993.54 
906.443 
1379.84 
363 
363 
363 
3788.56 
363 
363 
363 
363 
363 
988.669 
371.266 
363 
363.046 
4073.6 
4071.65 
363 
363.011 
598.199 
4253.82 
440.104 
374.293 
363 
467.251 
1166.15 
5263.12 
412.374 
363.271 
6449.6 
589.409 
6052.33 
4750.92 
369.492 
4732.61 
363 
363 
3950.99 
363.001 
4678.52 
5323.81 
4585.26 
391.749 
3996.45 
363 
363 
363 
1269.83 
565.854 
363 
6288.54 
363 
4203.32 
491.566 
363.451 
536.932 
378.007 
1234.82 
363 
626.7 
363 
363 
5835.04 
3084.21 
380.725 
363 
363.004 
473.518 
363.148 
1429.94 
363.004 
734.85 
363.033 
1665.55 
4498.05 
364.156 
5202.65 
3617.75 
363.001 
5946.45 
363 
767.61 
363.345 
363 
363.01 
3855.86 
631.848 
8632.15 
363 
363.53 
504.105 
1667.72 
686.339 
363 
1722.53 
4402.45 
4417.95 
4811.43 
3354.74 
4983.56 
363 
363.041 
363.261 
397.357 
363 
367.013 
394.923 
751.268 
3877.41 
3255.09 
3129.6 
5913.16 
5471.86 
363 
364.045 
398.182 
363 
363.124 
4512.08 
3930.23 
363 
4678.65 
363 
363 
363 
363 
697.572 
679.412 
363 
363 
516.164 
4472.9 
363 
378.61 
4023.04 
4330.3 
3676.16 
363 
3635.99 
1313.16 
363 
481.113 
363 
363.014 
687.16 
363 
4766.88 
363 
