363 
374.192 
5574.07 
363 
363 
363.214 
6320.02 
11612.5 
363.693 
5318.41 
363 
5348.02 
363 
363.001 
4095.6 
386.14 
363.001 
363.034 
5202.47 
363 
363 
363 
367.333 
363 
432.22 
363 
363 
1383.53 
363.08 
363 
363 
7284.67 
379.617 
363 
363 
377.902 
363 
3554.89 
3150.24 
363 
365.006 
363 
363 
363 
363 
364.792 
915.348 
4010.61 
363 
363 
3352.07 
3088.74 
3794.22 
363 
363 
363 
363 
364.267 
363 
4366.06 
8132.01 
363 
363 
363 
3361.05 
400.808 
363.002 
363 
363 
363 
365.077 
363 
1739 
370.474 
365.596 
363 
4328.72 
363 
363 
363 
363 
363 
363 
363 
363 
380.377 
363 
363 
363 
363 
7634.15 
363 
373.968 
363 
363 
363 
441.686 
363.509 
3361.52 
1505.16 
3863.5 
363.001 
363.001 
363.004 
4164.79 
363 
10065.1 
2328.03 
430.511 
363 
891.134 
363 
1030.04 
363 
3649.14 
363.002 
3081.45 
363 
363 
363.008 
363 
4466.79 
363 
367.927 
363 
3203.68 
363 
363 
363 
363 
6446.8 
363 
363 
363 
363 
363 
363.004 
3530.06 
363 
3296.72 
2030.62 
5388.77 
363 
363.008 
363 
363 
363 
363 
363 
3350.9 
363 
363 
8654.02 
3932.6 
363 
363 
377.745 
3117.66 
363.062 
363 
363 
961.04 
363 
363 
11540.2 
363 
363.001 
448.191 
4106.58 
363 
4400.41 
3132.25 
363 
363 
4171.65 
370.464 
363.132 
363 
363 
5918.51 
5117.61 
375.569 
363 
363.016 
363.19 
449.224 
363 
5826.6 
3586.68 
6480.25 
3138.19 
820.557 
363 
1711.54 
6031.48 
363 
4849.71 
3104.06 
363 
363 
363 
534.238 
363 
1723.92 
363.128 
363 
363 
5381.8 
390.416 
363 
363 
363 
363.043 
363 
10266 
11758.4 
5656.98 
363.008 
363 
922.832 
4766.99 
363 
3102.37 
363 
6294.52 
363 
753.989 
363 
7586.45 
363 
2593.73 
363 
363.005 
363 
797.754 
367.91 
363 
363 
363 
363 
363 
363 
363 
363.002 
363 
366.397 
5220.17 
394.695 
5835.41 
363 
363 
363.001 
363 
363.002 
389.227 
363 
363 
363 
2029.53 
525.85 
626.541 
363 
363 
363 
363 
363 
363 
363 
363 
398.726 
363 
363 
363 
363 
363 
363 
2349.08 
1616.96 
6314.81 
1787.45 
363 
4931.6 
363 
4138.37 
363 
7730.22 
363 
3320.8 
1700.39 
363 
363 
363 
363.001 
363.453 
4350.08 
363.006 
363.023 
5768.08 
363 
363 
363.041 
363 
391.879 
363 
363 
483.623 
1337.58 
452.13 
363 
363 
363 
363 
363.041 
363.001 
363 
415.741 
363 
694.68 
363 
363 
6080.99 
733.98 
6885 
363 
363 
589.076 
17198.1 
363 
363 
363 
363.023 
363 
363 
370.621 
6296.23 
363 
363 
5836.12 
363 
363 
363 
909.737 
375.607 
6378.6 
363 
363.007 
4698.31 
363 
363 
3097.89 
363.003 
807.002 
363.069 
363 
363 
4042.06 
363 
364.783 
363 
1283.27 
363 
363 
363 
363 
1722.09 
363 
363 
363 
363 
4701.6 
363 
363 
363 
363 
363 
2396.09 
363 
363 
363.104 
4990.97 
5031.28 
363 
363.024 
716.561 
363 
501.826 
363 
363 
363 
363.027 
778.617 
464.117 
363.027 
363 
1008.18 
363 
7952.35 
376.605 
6394.07 
363 
363 
5034.21 
363 
6222.57 
11044.8 
363 
430.466 
3228.82 
363 
363 
363 
363 
949.729 
363 
363 
363 
5847.99 
581.811 
364.08 
673.242 
396.58 
363 
363 
1051.83 
363 
363 
363.003 
363 
404.47 
363 
363.01 
363 
363 
363 
363.003 
363.015 
363.079 
363 
6310.43 
365.279 
14208.7 
363.064 
363.001 
363 
363 
363 
363.815 
363 
363.004 
4649.15 
1093.19 
363 
363 
364.406 
363 
363 
1575.39 
363 
363 
5794.76 
5916.7 
363 
363 
3104.16 
363 
363.086 
363 
366.06 
363 
363.152 
408.564 
1709.14 
363 
3530.5 
3475.65 
364.721 
1748.74 
363 
365.086 
441.549 
363 
363.079 
7042.08 
4694.21 
363 
8791.78 
363 
363 
363 
363 
1689.36 
1327.81 
363 
363 
790.986 
6248.24 
363 
363 
5280.77 
6109.1 
4442.63 
363 
3743.96 
3142.27 
363 
543.132 
363 
363.026 
411.392 
363 
363 
363 
