363 
365.857 
7982 
363 
363 
363 
7977.82 
417.504 
363.593 
2565.16 
363 
363 
363 
363 
4477.14 
391.37 
363 
363.045 
5954.5 
363 
363 
363 
363 
363 
363 
363 
363 
367.857 
363.003 
363 
363 
12446 
363 
363 
363 
363 
363 
3779.15 
363 
363 
363 
363 
363 
363 
363 
363.107 
1111.68 
4211.37 
363 
363 
3171.71 
363.018 
4014.86 
363 
363 
363 
363 
363 
363 
4903.75 
9063.57 
363 
363 
363 
363.067 
418.978 
363.001 
363 
363 
363 
363 
363 
3084.6 
363 
363.011 
363 
3822.59 
363 
363 
363 
363 
363 
363 
363 
363 
387.998 
363 
363 
363 
363 
3210.17 
363 
377.879 
363 
363 
363 
453.795 
363.644 
364.992 
1810.8 
4012.73 
363 
363.001 
363.005 
4594.73 
363 
363 
363 
450.675 
363 
1050.66 
363 
1677.71 
363 
363 
363.003 
388.072 
363 
363 
363.011 
363 
363 
363 
363 
363 
363 
363 
363 
363 
363 
10112.7 
363 
363 
363 
363 
363 
363.003 
3699.32 
363 
363 
3105.75 
5862.42 
363 
363.007 
363 
363 
363 
363 
363 
3393.43 
363 
363 
1048.83 
4130.52 
363 
363 
383.511 
3199.66 
363.026 
363 
363 
1659.31 
363 
363 
363.507 
363 
363.001 
424.323 
4350.25 
363 
4883.02 
3195.42 
363 
363 
4557.34 
365.109 
363 
363 
363 
3507.84 
363.013 
371.854 
363 
363 
363 
363 
363 
7263.59 
3785.09 
8252.2 
370.527 
363 
363 
3115.99 
7340.79 
363 
5872.06 
2770.66 
363 
363 
363 
511.585 
363 
363 
363.172 
363 
363 
579.094 
401.412 
363 
363 
363 
363 
363 
454.688 
363 
7984.07 
363.01 
363 
1310.79 
5506.64 
363 
363 
363 
1707.73 
363 
1007.44 
363 
8694.86 
363 
3183.65 
363 
363 
363 
1150.33 
363 
363 
363 
363 
363 
363 
363 
363 
363.003 
363 
367.852 
6577.12 
363 
7023.35 
363 
363 
363.002 
363 
363 
401.578 
363 
363 
363 
378.493 
616.584 
742.763 
363 
363 
363 
363 
363 
363 
363 
363 
390.328 
363 
363 
363 
363 
363 
363 
363.032 
925.3 
12098.4 
3146.43 
363 
5828.76 
363 
365.267 
363 
3098.13 
363 
3432.14 
2744 
363 
363 
363 
363.002 
363.612 
4854.38 
363 
363.04 
8397.44 
363 
363 
363 
363 
405.037 
363 
363 
363 
363 
481.816 
363 
363 
363 
363 
363.057 
363 
363 
433.707 
363 
363.003 
363 
363 
9110.65 
363.091 
15940.5 
363 
363 
662.061 
363.006 
363 
363 
363 
363 
363 
363 
363 
8113.94 
363 
363 
7752.42 
363 
363 
363 
363 
363 
4743.4 
363 
363.01 
5482.51 
363 
363 
1284.16 
363 
481.39 
363.099 
363 
363 
363.001 
363 
363 
363 
363 
363 
363 
363 
363 
3109.46 
363 
363 
363 
363 
5568.04 
363 
363 
363 
363 
363 
363 
363 
363 
363.149 
3688.03 
5926.46 
363 
363.034 
363 
363 
363 
363 
363 
363 
363 
363 
480.648 
363 
363 
1064.26 
363 
3532.41 
363 
388.007 
363 
363 
367.679 
363 
8397.33 
363 
363 
461.922 
363 
363 
363 
363 
363 
1650.3 
363 
363 
363 
3302.82 
626.763 
364.589 
775.852 
364.373 
363 
363 
394.965 
363 
363 
363 
363 
421.944 
363 
363.016 
363 
363 
363 
363.001 
363 
363.115 
363 
8370.44 
363.001 
363.075 
363 
363 
363 
363 
363 
363.121 
363 
363.001 
5311.39 
363.007 
363 
363 
365.163 
363 
363 
1657.37 
363 
363 
7043.26 
8122.9 
363 
363 
363 
363 
363 
363 
363 
363 
363 
363 
3106.78 
363 
3685.53 
1719.27 
363 
363 
363 
363 
363.776 
363 
363.001 
364.529 
5307.62 
363 
3118.41 
363 
363 
363 
363 
3114.09 
1959.5 
363 
363 
1136.67 
8692.39 
363 
363 
6815.61 
10267.4 
5087.57 
363 
363 
3229.64 
363 
560.198 
363 
363 
363 
363 
363 
363 
