363 
363 
16736.4 
363 
363 
363 
11773.3 
363 
363 
363 
363 
363 
363 
363 
4839.97 
378.192 
363 
363 
387.023 
363 
363 
363 
363 
363 
363 
363 
363 
363 
363 
363 
363 
3349.48 
363 
363 
363 
363 
363 
3969.48 
363 
363 
363 
363 
363 
363 
363 
363 
1329.54 
2583.01 
363 
363 
363.003 
363 
2609.68 
363 
363 
363 
363 
363 
363 
5480.37 
363.165 
363 
363 
363 
363 
380.714 
363 
363 
363 
363 
363 
363 
3123.92 
363 
363 
363 
363.101 
363 
363 
363 
363 
363 
363 
363 
363 
395.081 
363 
363 
363 
363 
363 
363 
381.191 
363 
363 
363 
366.279 
363.757 
363 
2926.59 
3331.92 
363 
363.001 
363.005 
4965.06 
363 
363 
363 
365.393 
363 
1206.07 
363 
2070.47 
363 
363 
363 
363 
363 
363 
363.013 
363 
363 
363 
363 
363 
363 
363 
363 
363 
363 
7296.92 
363 
363 
363 
363 
363 
363 
3835.13 
363 
363 
363.054 
371.611 
363 
363.006 
363 
363 
363 
363 
363 
364.41 
363 
363 
363 
4289.59 
363 
363 
388.72 
3260.81 
363 
363 
363 
2263.65 
363 
363 
363 
363 
363 
388.264 
4554.69 
363 
860.212 
379.795 
363 
363 
4923.27 
363 
363 
363 
363 
363 
363 
367.692 
363 
363 
363 
363 
363 
8261.01 
3948.74 
7262.53 
363 
363 
363 
3198.34 
9561.47 
363 
7509.39 
363 
363 
363 
363 
462.257 
363 
363 
363.003 
363 
363 
363 
363.886 
363 
363 
363 
363 
363 
363 
363 
8587.59 
363.011 
363 
429.957 
1313.21 
363 
363 
363 
363 
363 
363.76 
363 
363.279 
363 
1991.09 
363 
363 
363 
1462.37 
363 
363 
363 
363 
363 
363 
363 
363 
363.001 
363 
369.132 
9591.71 
363 
8889.7 
363 
363 
363 
363 
363 
413.297 
363 
363 
363 
363 
712.969 
772.051 
363 
363 
363 
363 
363 
363 
363 
363 
363 
363 
363 
363 
363 
363 
363 
363 
363 
3144.13 
3213.56 
363 
7055.58 
363 
363 
363 
363 
363 
3480 
3125.13 
363 
363 
363 
363.002 
363 
5379.48 
363 
363.012 
8375.23 
363 
363 
363 
363 
417.419 
363 
363 
363 
363 
508.029 
363 
363 
363 
363 
363 
363 
363 
449.536 
363 
363 
363 
363 
3325.13 
363 
563.707 
363 
363 
410.018 
363 
363 
363 
363 
363 
363 
363 
363 
11858.9 
363 
363 
14458.8 
363 
363 
363 
363 
363 
363.03 
363 
363.012 
6501.68 
363 
363 
363 
363 
363 
363.126 
363 
363 
363 
363 
363 
363 
363 
363 
363 
363 
363 
404.649 
363 
363 
363 
363 
6793.81 
363 
363 
363 
363 
363 
363 
363 
363 
363.188 
363.008 
7155.65 
363 
363.043 
363 
363 
363 
363 
363 
363 
363 
363 
363.012 
363 
363 
363.002 
363 
363 
363 
363 
363 
363 
363 
363 
15924.6 
363 
363 
487.211 
363 
363 
363 
363 
363 
1421.55 
363 
363 
363 
363 
363.176 
363.869 
917.501 
363 
363 
363 
363 
363 
363 
363 
363 
363.153 
363 
363.02 
363 
363 
363 
363 
363 
363.15 
363 
398.045 
363 
363 
363 
363 
363 
363 
363 
363 
363 
363 
6082.76 
363 
363 
363 
363.041 
363 
363 
363.001 
363 
363 
503.117 
3965 
363 
363 
363 
363 
363 
363 
363 
363 
363 
363 
3178.9 
363 
3400.66 
363 
363 
363 
363 
363 
363 
363 
363 
363 
5987.26 
363 
363 
363 
363 
363 
363 
3111.77 
3112.63 
363 
363 
1682.27 
469.016 
363 
363 
1848.25 
13070.7 
5843.79 
363 
363 
366.661 
363 
540.085 
363 
363 
363 
363 
363 
363 
