363 
374.346 
5640.33 
363 
363 
363.216 
6376.89 
12464.6 
363.701 
5350.84 
363 
4256.19 
363 
363 
4112.64 
386.39 
363.001 
363.035 
5252.81 
363 
363 
363 
363.856 
363 
403.615 
363 
363 
1413.39 
363.082 
363 
363 
7390.85 
371.11 
363 
363 
366.367 
363 
3565.44 
3113.9 
363 
363.299 
363 
363 
363 
363 
364.831 
923.485 
4020.42 
363 
363 
3360.18 
3092.26 
3804.81 
363 
363 
363 
363 
363.812 
363 
4388.9 
8314.9 
363 
363 
363 
3361.82 
401.595 
363.002 
363 
363 
363 
364.44 
363 
1746.32 
364.281 
365.639 
363 
4351.27 
363 
363 
363 
363 
363 
363 
363 
363 
380.712 
363 
363 
363 
363 
7766.66 
363 
374.146 
363 
363 
363 
442.341 
363.515 
3369.13 
1545.44 
3870.82 
363 
363.001 
363.004 
4183.67 
363 
7868.91 
2107.95 
431.451 
363 
899.182 
363 
1050.56 
363 
3588.45 
363.002 
3085.68 
363 
363 
363.008 
363 
4238.82 
363 
364.693 
363 
3098.57 
363 
363 
363 
363 
6533.13 
363 
363 
363 
363 
363 
363.004 
3538.23 
363 
3164.02 
2123.18 
5441.83 
363 
363.008 
363 
363 
363 
363 
363 
3358.89 
363 
363 
8998.21 
3942.11 
363 
363 
378.003 
3121.78 
363.061 
363 
363 
979.946 
363 
363 
11968.8 
363 
363.001 
447.606 
4118.11 
363 
4423.52 
3135.95 
363 
363 
4188.9 
370.272 
363.114 
363 
363 
5996.1 
5035.51 
375.433 
363 
363.002 
363.176 
391.008 
363 
5877.03 
3596.15 
6540.08 
3142.85 
787.305 
363 
1722.82 
6079.45 
363 
4887.57 
3107.89 
363 
363 
363 
533.816 
363 
1169.6 
363.13 
363 
363 
5435.55 
390.91 
363 
363 
363 
363.009 
363 
10882 
10542.8 
5722.62 
363.008 
363 
934.769 
4798.77 
363 
2867.78 
363 
6373.82 
363 
764.285 
363 
7748.26 
363 
2858.64 
363 
363.001 
363 
809.686 
367.98 
363 
363 
363 
363 
363 
363 
363 
363.002 
363 
366.461 
5266.94 
378.941 
5879.82 
363 
363 
363.001 
363 
363.001 
389.764 
363 
363 
363 
2102.25 
529.602 
631.471 
363 
363 
363 
363 
363 
363 
363 
363 
399.407 
363 
363 
363 
363 
363 
363 
2483.43 
1652.83 
6415.49 
1854.33 
363 
4966.3 
363 
4152.21 
363 
7984.2 
363 
3326.32 
1708.02 
363 
363 
363 
363.001 
363.462 
4371.75 
363.006 
363.024 
5838.39 
363 
363 
363.021 
363 
392.455 
363 
363 
479.829 
665.046 
453.481 
363 
363 
363 
363 
363.042 
363.001 
363 
416.559 
363 
698.426 
363 
363 
6158.31 
721.703 
7017.2 
363 
363 
592.36 
17807.9 
363 
363 
363 
363.007 
363 
363 
364.773 
6356.33 
363 
363 
5896.2 
363 
363 
363 
537.266 
365.397 
6473.23 
363 
363.007 
4729.36 
363 
363 
3102.81 
363.001 
818.136 
363.07 
363 
363 
3959.58 
363 
363.467 
363 
620.908 
363 
363 
363 
363 
1732.52 
363 
363 
363 
363 
4735.01 
363 
363 
363 
363 
363 
1886.9 
363 
363 
363.106 
5023.64 
5066.11 
363 
363.024 
629.969 
363 
484.069 
363 
363 
363 
363.005 
466.136 
465.839 
363.015 
363 
1028.48 
363 
8191.88 
376.194 
6455.57 
363 
363 
5066.28 
363 
6288.85 
7726.35 
363 
431.831 
3134.9 
363 
363 
363 
363 
967.872 
363 
363 
363 
5926.18 
584.493 
364.102 
677.006 
397.218 
363 
363 
1071.91 
363 
363 
363 
363 
405.303 
363 
363.011 
363 
363 
363 
363.003 
363.003 
363.08 
363 
6398.4 
365.315 
15087.9 
363.009 
363.001 
363 
363 
363 
363.831 
363 
363.004 
4676.4 
1100.74 
363 
363 
364.439 
363 
363 
1650.3 
363 
363 
5853.08 
5982 
363 
363 
2191.46 
363 
363.088 
363 
364.317 
363 
363.135 
397.467 
1720.15 
363 
3538.05 
3485.59 
363.243 
972.594 
363 
365.123 
443.045 
363 
363.075 
7140.85 
4719.94 
363 
9207.55 
363 
363 
363 
363 
1701.48 
1368.14 
363 
363 
802.741 
6333.36 
363 
363 
5333.01 
6196.49 
4469.07 
363 
3560.76 
3148.41 
363 
544.467 
363 
363.024 
391.463 
363 
363 
363 
