375.492 
373.309 
5231.98 
363 
363 
363.196 
6016.35 
8782.65 
363.644 
5138.76 
363 
13833.1 
363 
372.14 
3998.84 
384.7 
363.001 
363.031 
4935.64 
363.153 
363 
363 
3081.77 
363 
628.988 
363 
363 
1236.67 
363.072 
363 
363 
6753.31 
503.89 
363 
363 
3100.83 
363 
3494.02 
3315.22 
363 
3129.21 
363 
363 
363.003 
363 
364.576 
870.097 
3953.64 
363 
363 
3304.95 
2320.16 
3732.97 
363 
363 
363 
363 
368.441 
363.004 
4238.17 
7290.83 
363 
363 
363 
3327.53 
396.419 
363.002 
363 
363 
363 
367.278 
363 
1697.08 
3184.92 
365.354 
363 
4202.4 
363 
363.013 
363 
363 
363 
363 
363 
363 
378.494 
363 
363 
363 
363 
6990.96 
363 
372.962 
373.151 
363 
363 
437.791 
363.472 
3311.94 
1316.26 
3820.65 
363.3 
363.001 
363.004 
4058.11 
363 
13495.1 
2200.52 
425.142 
363 
847.559 
363 
925.796 
370.263 
3685.59 
363.002 
2172.57 
363 
363 
363.007 
363 
4801.7 
363 
610.3 
363 
13714.8 
363 
363 
363.49 
363 
6008.9 
363 
363 
363 
363 
363 
363.004 
3482.49 
363 
5447.29 
1730.28 
5108.14 
363 
363.008 
363.018 
363 
363 
363 
363 
3304.43 
363 
363 
7292.92 
3877.33 
363 
363 
376.287 
3093.38 
363.068 
363 
363 
864.526 
363 
363 
9066.89 
363 
363.001 
451.385 
4039.97 
363 
4271.03 
3110.41 
363 
363 
4073.72 
371.567 
363.148 
363 
363 
5523.59 
5024.95 
376.269 
365.216 
833.967 
363.195 
3086.5 
363 
5556.13 
3531.81 
6161.67 
3110.42 
806.612 
363.022 
1641.5 
5772.05 
363 
4644.42 
3081.45 
363 
363 
363.005 
534.155 
363 
3269.36 
363.116 
363 
363 
5093.14 
387.627 
363 
363 
363 
391.465 
363 
8102.71 
9882.76 
5316.98 
363.007 
363 
860.909 
4592.26 
363 
3376.19 
363 
5887.92 
363 
698.905 
363 
6833.27 
363 
1876.07 
363 
406.779 
363 
734.497 
367.385 
363 
363 
363 
363 
363 
363 
363 
363.002 
363 
366.035 
4970.19 
594.563 
5594.15 
363 
363 
363.001 
363 
363.02 
386.226 
363 
363 
363 
1746.42 
505.174 
599.087 
363 
363 
363 
363 
363 
363 
363 
363 
394.903 
363 
363 
363 
363 
363.007 
363 
1810.9 
1371.88 
5818.37 
1683.55 
363 
4741.67 
364.362 
4029.93 
363 
6671.09 
363 
3288.42 
1656.85 
363 
363 
363 
363.001 
363.399 
4228.29 
363.005 
363.02 
5406.41 
363 
363 
363.367 
363 
388.66 
363 
363 
475.957 
3689.97 
444.455 
363 
363 
363 
363 
363.037 
363.001 
363 
411.098 
363.001 
662.166 
363 
363.069 
5685.67 
796.887 
6255.74 
363 
363 
570.461 
11215.9 
363 
363 
368.637 
364.861 
363 
363 
2373.02 
5977.4 
363 
363 
5520.16 
363 
363 
363 
3340.26 
3170.75 
5906.29 
363 
363.006 
4527.41 
363 
363 
2512.93 
367.732 
747.434 
363.061 
363 
363 
4058.59 
363 
761.463 
363 
4113.82 
363 
363 
363 
363 
1663.88 
363 
363 
363 
363 
4518.89 
363 
363 
363 
363 
363 
2683.23 
363 
363 
363.093 
4811.06 
4840.38 
363 
363.021 
901.382 
363 
516.299 
363.002 
363 
363 
437.54 
3974.93 
454.396 
363.116 
363 
905.108 
363 
6929.02 
375.737 
6015.01 
363 
363 
4811.32 
363 
5875.49 
15874.3 
363 
422.843 
4571.85 
363 
363 
363 
363 
856.674 
363 
373.283 
363 
5451.15 
566.89 
363.956 
653.124 
393 
363.005 
363 
949.299 
363 
363 
554.007 
363 
399.814 
363 
363.009 
363 
363 
363 
363.003 
385.661 
363.07 
363 
5866.95 
365.074 
9595.11 
841.992 
363.001 
363 
363 
363 
363.723 
363 
363.005 
4497.73 
983.256 
363 
363 
364.227 
363 
363 
1270.71 
363 
363 
5487.24 
5576.29 
363.001 
363 
5127.91 
363 
363.078 
363 
410.373 
363 
363.388 
433.137 
1629.5 
369.926 
3486.53 
3418.22 
3141.68 
5009.64 
363 
364.836 
433.156 
363 
363.096 
6333.97 
4550.62 
363 
7253.3 
363 
363 
363 
363 
1461.36 
1142.13 
363 
363 
728.63 
5817.48 
363 
363 
5004.62 
5670.23 
4295.89 
363 
4202.46 
3106.31 
363 
534.901 
363 
363.026 
535.736 
363 
363 
363 
