363 
363 
3407.22 
363 
363 
363 
19469.5 
363 
363 
363 
363 
363 
363 
363 
5092.05 
363.13 
363 
363 
363 
363 
363 
363 
363 
363 
363 
363 
363 
363 
363 
363 
363 
365.503 
363 
363 
363 
363 
363 
4089.08 
363 
363 
363 
363 
363 
363 
363 
363 
864.601 
363.554 
363 
363 
363 
363 
363.412 
363 
363 
363 
363 
363 
363 
5723.04 
363 
363 
363 
363 
363 
363.042 
363 
363 
363 
363 
363 
363 
1877.99 
363 
363 
363 
363 
363 
363 
363 
363 
363 
363 
363 
363 
397.857 
363 
363 
363 
363 
363 
363 
371.8 
363 
363 
363 
363 
363.823 
363 
3088.5 
466.761 
363 
363.001 
363 
3598.73 
363 
363 
363 
363 
363 
1199.71 
363 
708.223 
363 
363 
363 
363 
363 
363 
363.014 
363 
363 
363 
363 
363 
363 
363 
363 
363 
363 
840.164 
363 
363 
363 
363 
363 
363 
3715.09 
363 
363 
363 
363 
363 
363.004 
363 
363 
363 
363 
363 
363 
363 
363 
363 
3933.1 
363 
363 
391.974 
3293.97 
363 
363 
363 
3101.3 
363 
363 
363 
363 
363 
366.435 
4667.72 
363 
363.005 
363 
363 
363 
5166.77 
363 
363 
363 
363 
363 
363 
364.684 
363 
363 
363 
363 
363 
3290.65 
4049.28 
3094.53 
363 
363 
363 
3246.3 
13059.4 
363 
6077.91 
363 
363 
363 
363 
405.519 
363 
363 
363 
363 
363 
363 
363 
363 
363 
363 
363 
363 
363 
363 
2975.97 
363.001 
363 
363.109 
363.013 
363 
363 
363 
363 
363 
363 
363 
363 
363 
364.242 
363 
363 
363 
406.106 
363 
363 
363 
363 
363 
363 
363 
363 
363 
363 
365.789 
11260.4 
363 
11424.7 
363 
363 
363 
363 
363 
421.05 
363 
363 
363 
363 
779.261 
389.818 
363 
363 
363 
363 
363 
363 
363 
363 
363 
363 
363 
363 
363 
363 
363 
363 
363 
363.263 
2248.31 
363 
5360.82 
363 
363 
363 
363 
363 
3107.83 
3153.46 
363 
363 
363 
363 
363 
5779.42 
363 
363 
1865.29 
363 
363 
363 
363 
425.569 
363 
363 
363 
363 
514.409 
363 
363 
363 
363 
363 
363 
363 
459.535 
363 
363 
363 
363 
370.639 
363 
363 
363 
363 
363.04 
363 
363 
363 
363 
363 
363 
363 
363 
4328.78 
363 
363 
8187.05 
363 
363 
363 
363 
363 
363 
363 
363.014 
6626.29 
363 
363 
363 
363 
363 
363.144 
363 
363 
363 
363 
363 
363 
363 
363 
363 
363 
363 
363.001 
363 
363 
363 
363 
8229.19 
363 
363 
363 
363 
363 
363 
363 
363 
363.074 
363 
8521.81 
363 
363.031 
363 
363 
363 
363 
363 
363 
363 
363 
363 
363 
363 
363 
363 
363 
363 
363 
363 
363 
363 
363 
4933.54 
363 
363 
394.18 
363 
363 
363 
363 
363 
370.519 
363 
363 
363 
363 
363 
363.006 
1050.18 
363 
363 
363 
363 
363 
363 
363 
363 
363 
363 
363.005 
363 
363 
363 
363 
363 
363.173 
363 
363 
363 
363 
363 
363 
363 
363 
363 
363 
363 
363 
6753.54 
363 
363 
363 
363 
363 
363 
363 
363 
363 
363.004 
446.028 
363 
363 
363 
363 
363 
363 
363 
363 
363 
363 
3213.07 
363 
811.989 
363 
363 
363 
363 
363 
363 
363 
363 
363 
6535.34 
363 
363 
363 
363 
363 
363 
456.268 
3151.81 
363 
363 
1869.02 
363 
363 
363 
363.043 
1463.78 
5355.51 
363 
363 
363 
363 
499.203 
363 
363 
363 
363 
363 
363 
