5069.66 
371.169 
4578.23 
363 
363.001 
363.154 
5390.87 
6354.56 
363.525 
4734.79 
373.708 
7898.73 
363 
2111.04 
3766.36 
381.091 
363.001 
363.023 
4395.51 
364.022 
363 
363 
3782.6 
377.263 
775.133 
363 
363 
980.974 
363.051 
363 
3113.97 
5801.45 
500.977 
363 
363 
3613.57 
363 
3341.15 
3206.14 
3257.24 
10090 
363 
363.251 
364.193 
363.001 
364.097 
767.56 
3807.77 
363 
363 
3184.07 
1669.89 
3578.08 
370.694 
363.343 
363.002 
363 
376.995 
4005.53 
3942.08 
6000.7 
363 
363.001 
363 
3230.24 
386.58 
363.002 
13451.1 
363 
363 
366.475 
363 
1317.35 
8557.23 
364.785 
363 
3909.66 
363 
11873 
3097.3 
363.003 
363 
363 
363 
363 
374.201 
363 
363 
363 
3173.7 
5905.18 
363.114 
370.586 
11207.1 
363 
363 
427.313 
363.382 
3184.35 
1012.96 
3708.56 
364.398 
363 
363.003 
3805.1 
376.786 
7996.48 
1681.55 
412.183 
363 
736.282 
363 
734.402 
3084.55 
3537.6 
363.002 
1666.2 
363.38 
363 
363.006 
363 
4545.56 
363 
785.206 
363 
8971.87 
363 
3364.18 
378.946 
363 
5202.43 
1030.48 
363.043 
364.843 
363 
363 
363.003 
3360.05 
364.571 
5113.46 
1219.37 
4542.82 
363 
363.007 
368.358 
363 
363 
363 
363 
3185.1 
363.001 
363 
5656.62 
3735.72 
363 
363 
372.895 
1754.12 
363.073 
363 
3202.14 
686.493 
363 
3875.29 
6603.71 
363 
363.001 
456.205 
3871.85 
3100.41 
3971.67 
2075.07 
363 
363 
3838.22 
372.865 
363.109 
363 
363 
4791.11 
4576.69 
377.355 
12523.7 
8040.25 
363.162 
3089.66 
363 
4993.39 
3392.2 
5509.83 
1840.56 
667.929 
1713.79 
1058.83 
5221.36 
363 
4206.15 
1733.54 
363 
363 
363.006 
520.843 
11445 
3302.03 
363.089 
363 
1261.52 
4515.83 
381.183 
363 
363.004 
363 
671.911 
363.356 
6005.17 
6111.34 
4662.78 
363.006 
363 
744.657 
4206.12 
363 
3326.21 
363 
5125.29 
370.963 
587.269 
363 
5654.03 
6700.63 
1315.77 
363 
3107.13 
363 
608.759 
366.16 
363 
365.05 
363 
1688.71 
363 
3693.24 
363 
363.001 
363 
365.207 
4454.1 
561.191 
5076.75 
363 
363.072 
363.001 
363 
363.02 
379.471 
363 
363 
363 
1480.32 
460.4 
537.372 
363 
363 
363 
363 
3233.51 
363.002 
363 
363.001 
386.169 
407.009 
469.466 
363 
364.597 
3925.46 
363 
1311.48 
1021.01 
4954.49 
1052.58 
363 
4326.83 
9107.31 
3767.87 
363 
5279.97 
363 
3202.86 
1153.07 
363 
363 
363 
363.001 
363.279 
3943.96 
363.004 
363.012 
4720.51 
363 
363.001 
364.718 
3537.66 
381.369 
363 
365.602 
445.762 
4640.78 
426.205 
2071.08 
363 
551.862 
363 
363.026 
363 
363.005 
400.075 
363.254 
586.313 
363 
2871.16 
4945.8 
841.815 
5230.61 
363 
363 
526.365 
7013.48 
363 
363 
4116.37 
370.795 
363 
363 
3190.39 
5330.5 
363 
363 
4891.56 
363 
363 
363 
3744.08 
6065.71 
5064.51 
363 
363.005 
4149.05 
363 
363 
1672.47 
482.31 
626.092 
363.045 
363 
363 
3802.38 
363 
1457.73 
363 
6103.85 
460.13 
363 
363 
3674.15 
1122.58 
363 
363 
363 
363 
4120.47 
363 
363 
363 
363 
363 
1662.6 
363.703 
363 
363.067 
4412.11 
4422.02 
363 
363.016 
724.633 
363 
474.589 
377.516 
363 
430.532 
1836.64 
6834.93 
431.781 
363.18 
363 
716.448 
5992.94 
5534.14 
372.344 
5275.04 
363 
363 
4333.18 
363.002 
5191.71 
6927.18 
601.663 
405.682 
4404.7 
363 
363 
363 
363.031 
683.394 
363 
10716 
363 
4719.62 
530.548 
363.677 
594.646 
384.812 
2059.73 
363 
758.582 
363 
363 
9445.26 
363.355 
389.296 
363 
363.006 
363 
363.068 
1478.79 
363.004 
962.175 
363.049 
906.242 
5060.45 
364.585 
6371.85 
3830.25 
363.001 
363.242 
363 
363 
363.515 
363 
363.008 
4154.48 
773.361 
1734.28 
363 
363.833 
363 
363 
889.503 
363 
692.373 
4871.67 
4912.01 
4770.81 
363.004 
5848.16 
363 
363.058 
363.051 
413.407 
363 
364.993 
412.004 
1011.48 
4225.87 
3372.53 
3273.38 
9474.23 
7045.59 
363 
364.323 
414.03 
363 
363.121 
5198.67 
4221.06 
363 
5537.02 
363 
363 
363 
363 
934.112 
854.115 
363 
363 
604.566 
5027.76 
363 
363 
4448.93 
4878.55 
3964.06 
363 
3906.95 
1733.15 
363 
510.663 
363 
363.019 
634.434 
363 
1534.58 
363 
