3636.02 
372.114 
4843.65 
363 
363 
363.173 
5651.7 
7132.13 
363.578 
4908.79 
363 
9533.58 
363 
2046.26 
3869.02 
382.707 
363.001 
363.026 
4619.35 
364.098 
363 
363 
3834.29 
363.24 
721.184 
363 
363 
1081.69 
363.06 
363 
363.042 
6179.24 
517.063 
363 
363 
3655.83 
363 
3409.8 
3260.58 
383.304 
13143 
363 
363.02 
363.91 
363 
364.3 
811.798 
3873.77 
363 
363 
3238.8 
1741.9 
3647.82 
363 
363 
363.002 
363 
373.809 
1597.9 
4071.01 
6486.95 
363 
363 
363 
3274.64 
390.781 
363.002 
1671.98 
363 
363 
366.867 
363 
1574.26 
10083.9 
365.033 
363 
4037.18 
363 
3177 
465.139 
363.003 
363 
363 
363 
363 
376.048 
363 
363 
363 
363.244 
6327.51 
363 
371.624 
4695.43 
363 
363 
432.129 
363.422 
3242 
1129.36 
3759.69 
364.52 
363.001 
363.003 
3916.28 
363 
9397.12 
1744.11 
417.897 
363 
786.519 
363 
810.741 
3084.03 
3604.44 
363.002 
1733.28 
363 
363 
363.007 
363 
4660.44 
363 
858.3 
363 
12383.6 
363 
363.486 
380.11 
363 
5525.61 
363 
363.007 
363.022 
363 
363 
363.004 
3415.56 
363 
5507.26 
1567.07 
4776.69 
363 
363.008 
365.668 
363 
363 
363 
363 
3239.16 
363 
363 
6229.75 
3799.81 
363 
363 
374.367 
2210.65 
363.072 
363 
365.835 
757.48 
363 
368.424 
7399.22 
363 
363.001 
455.189 
3947.5 
363.009 
4101.99 
2988.53 
363 
363 
3942.25 
372.536 
363.126 
363 
363 
5085.37 
4767.29 
376.996 
4160.19 
6568.9 
363.177 
3122.89 
363 
5228.92 
3455.21 
5781 
2565.13 
724.93 
739.87 
1229.77 
5453.54 
363 
4391.33 
2025.11 
363 
363 
363.008 
528.639 
1089.96 
3339.66 
363.101 
363 
363.003 
4753.91 
383.971 
363 
363 
363 
732.002 
363 
6698.28 
7100.24 
4929.02 
363.007 
363 
791.065 
4371.36 
363 
3372.31 
363 
5432.86 
363 
633.206 
363 
6101.46 
1852.35 
1671.12 
363 
3112.8 
363 
660.149 
366.686 
363 
363 
363 
364.296 
363 
391.493 
363 
363.002 
363 
365.564 
4669.51 
595.743 
5295.72 
363 
363.004 
363.001 
363 
363.023 
382.36 
363 
363 
363 
1677.24 
479.258 
563.823 
363 
363 
363 
363 
368.045 
363 
363 
363 
389.93 
363.03 
363 
363 
363 
2424.7 
363 
1664.2 
1151.12 
5294 
1296.46 
363 
4503.6 
3695.75 
3882.67 
363 
5779.87 
363 
3242.04 
1336.6 
363 
363 
363 
363.001 
363.33 
4068.17 
363.004 
363.015 
4998.22 
363 
363 
364.046 
374.498 
384.496 
363 
363 
458.759 
4902.02 
434.202 
412.591 
363 
371.694 
363 
363.031 
363 
363 
404.9 
363.192 
618.859 
363 
1651.67 
5243.97 
857.53 
5624.67 
363 
363 
545.673 
8123.88 
363 
363 
3338.01 
369.443 
363 
363 
3240 
5598.8 
363 
363 
5150.44 
363 
363 
363 
3833.97 
6580.37 
5398.04 
363 
363.005 
4311.08 
363 
363 
1750.57 
490.895 
676.197 
363.052 
363 
363 
3914.98 
363 
1704.61 
363 
7009.42 
363.002 
363 
363 
363.755 
1306.28 
363 
363 
363 
363 
4290.13 
363 
363 
363 
363 
363 
1752.28 
363 
363 
363.078 
4583.06 
4600.5 
363 
363.018 
797.939 
363 
492.559 
369.103 
363 
363.187 
2524.45 
8356.61 
441.599 
363.147 
363 
791.562 
1660.85 
6040.98 
373.81 
5576.05 
363 
363 
4533.91 
363.002 
5472.33 
8607.71 
363 
413.025 
4622.56 
363 
363 
363 
363 
752.715 
363 
4825.15 
363 
5012.87 
547.785 
363.797 
624.253 
388.339 
676.484 
363 
835.067 
363 
363 
7216.54 
363 
393.802 
363 
363.008 
363 
363 
365.954 
363.004 
1050.1 
363.058 
363.294 
5382.23 
364.799 
7294.03 
3691.96 
363.001 
363 
363 
363 
363.604 
363 
363.007 
4302.78 
857.984 
363.001 
363 
363.999 
363 
363 
1025.31 
363 
363.011 
5125.74 
5183.7 
1726.21 
363 
6421.87 
363 
363.067 
363 
421.8 
363 
364.142 
421.221 
1205.08 
3379.9 
3424.35 
3338.54 
15551 
8575.79 
363 
364.527 
422.258 
363 
363.113 
5625.39 
4364.1 
363 
6126.24 
363 
363 
363 
363 
1105.34 
963.174 
363 
363 
655.281 
5343.83 
363 
363 
4678.73 
5193.55 
4107.29 
363 
4040.27 
2165.16 
363 
522.412 
363 
363.022 
598.336 
363 
363.012 
363 
