4545 
371.747 
4737.09 
363 
363 
363.166 
5548.09 
6797.48 
363.557 
4840.61 
363.031 
8770.92 
363 
2387.21 
3829.25 
382.085 
363.001 
363.025 
4530.21 
364.078 
363 
363 
3843.82 
365.428 
743.514 
363 
363 
1040.81 
363.057 
363 
374.389 
6026.29 
510.807 
363 
363 
3649.59 
363 
3383.42 
3239.75 
1144.71 
12695.2 
363 
363.1 
364.213 
363 
364.22 
794.468 
3848.5 
363 
363 
3217.86 
1713.7 
3621.05 
363.01 
363 
363.002 
363 
375.154 
3162.7 
4020.73 
6286.6 
363 
363 
363 
3257.72 
389.124 
363.002 
3403.11 
363 
363 
366.715 
363 
1461.22 
9854.52 
364.936 
363 
3987.47 
363 
4596.74 
1560.89 
363.004 
363 
363 
363 
363 
375.322 
363 
363 
363 
405.912 
6155.3 
363 
371.219 
8614.54 
363 
363 
430.305 
363.407 
3219.91 
1081.71 
3740.2 
364.48 
363.001 
363.003 
3873.11 
363.001 
8762.31 
1719.87 
415.678 
363 
767.061 
363 
779.837 
3098.14 
3578.8 
363.002 
1707.09 
363 
363 
363.006 
363 
4616.03 
363 
829.196 
363 
10582.9 
363 
456.386 
380.61 
363 
5395.23 
363.153 
363.025 
363.26 
363 
363 
363.003 
3394.33 
363 
5345.79 
1404.54 
4683.49 
363 
363.007 
367.018 
363 
363 
363 
363 
3218.47 
363 
363 
5988.45 
3775.27 
363 
363 
373.791 
1994.76 
363.073 
363 
573.513 
728.719 
363 
953.527 
7057.49 
363 
363.001 
455.866 
3918.46 
367.05 
4051.17 
2494.86 
363 
363 
3901.96 
372.693 
363.119 
363 
363 
4966.77 
4692.18 
377.16 
8199.48 
8547.26 
363.171 
3110.36 
363 
5135.5 
3431.06 
5673.17 
2189.27 
702.101 
1543.27 
1154.48 
5361.72 
363 
4318.17 
1869.31 
363 
363 
363.007 
525.936 
3257.06 
3325.37 
363.096 
363 
363.958 
4658.91 
382.878 
363 
363 
363 
715.747 
363 
6402.12 
6657.85 
4822.23 
363.006 
363 
772.243 
4306.43 
363 
3354.73 
363 
5309.07 
363 
614.805 
363 
5917.5 
3340.8 
1578.39 
363 
3125.87 
363 
639.51 
366.479 
363 
363 
363 
378.314 
363 
1672.77 
363 
363.001 
363 
365.424 
4583.97 
582.045 
5209.27 
363 
363.025 
363.001 
363 
363.022 
381.221 
363 
363 
363 
1656.41 
471.773 
553.416 
363 
363 
363 
363 
686.522 
363 
363 
363 
388.452 
364.144 
363.037 
363 
363.01 
3239.38 
363 
1540.76 
1097.28 
5156.06 
1187.81 
363 
4434.01 
6060.71 
3838.03 
363 
5570.9 
363 
3227.14 
1258.41 
363 
363 
363 
363.001 
363.31 
4019.81 
363.004 
363.014 
4886.62 
363 
363 
364.293 
1129.22 
383.265 
363 
363 
453.652 
4800.08 
431.088 
872.399 
363 
422.311 
363 
363.029 
363 
363 
403.02 
363.261 
606.064 
363 
2787.14 
5123.93 
856.847 
5463.35 
363 
363 
538.154 
7628.64 
363 
363 
3819.55 
370.026 
363 
363 
3224.1 
5491.99 
363 
363 
5047.08 
363 
363 
363 
3800.16 
6517.73 
5262.93 
363 
363.005 
4247.43 
363 
363 
1719.69 
493.126 
656.166 
363.049 
363 
363 
3871.24 
363 
1673.3 
363 
6623.02 
363.285 
363 
363 
521.352 
1224.74 
363 
363 
363 
363 
4223.33 
363 
363 
363 
363 
363 
1715.76 
363.004 
363 
363.074 
4515.93 
4530.28 
363 
363.017 
768.379 
363 
485.49 
375.258 
363 
367.103 
2299.43 
7680.56 
437.758 
363.159 
363 
761.126 
3244.09 
5829.79 
373.235 
5455.3 
363 
363 
4454.39 
363.002 
5360.14 
7799.55 
363.09 
410.132 
4535.96 
363 
363 
363 
363 
724.664 
363 
9022.53 
363 
4894.58 
541.507 
363.75 
613.03 
386.953 
1660.65 
363 
804.177 
363 
363 
10678.4 
363 
392.028 
363 
363.007 
363 
363.002 
429.67 
363.004 
1047.65 
363.055 
375.155 
5252.21 
364.716 
6888.19 
3856.36 
363.001 
363 
363 
363 
363.569 
363 
363.007 
4244.75 
823.935 
363.66 
363 
363.934 
363 
363 
968.406 
363 
364.375 
5024.39 
5074.94 
3234.54 
363 
6182.02 
363 
363.063 
363.001 
418.5 
363 
364.451 
417.573 
1121.48 
3913.82 
3404.56 
3313.52 
13349.3 
7869.64 
363 
364.443 
419.024 
363 
363.117 
5449.41 
4308.24 
363 
5876.85 
363 
363 
363 
363 
1031.99 
918.284 
363 
363 
634.914 
5216.25 
363 
363 
4587.14 
5066.13 
4051.22 
363 
3988.2 
1919.05 
363 
518.091 
363 
363.021 
613.147 
363 
365.168 
363 
