4848.34 
370.322 
4362.24 
363.003 
363.001 
363.138 
5172.04 
5832.38 
363.476 
4582.78 
693.972 
7007.65 
363.064 
1757.47 
3673.56 
379.608 
363.001 
363.02 
4209.07 
363.937 
363 
363.886 
3687.5 
380.025 
813.317 
363 
363 
901.537 
363.044 
363 
9418.27 
5501.34 
486.673 
363.139 
363 
3557.63 
363 
3277.54 
3155.01 
3783.08 
8143.94 
363 
363.246 
364.056 
364.27 
363.926 
728.966 
3745.94 
363.177 
363 
3132.73 
1379.56 
3513.23 
1015.8 
397.612 
363.002 
363 
379.082 
4380.85 
3827.79 
5633.09 
363.004 
404.233 
363.001 
3188.07 
383.019 
363.002 
13678 
363 
363 
366.122 
363.183 
1153.54 
7332.85 
364.566 
363 
3796.57 
363 
8960.33 
3083.67 
363.003 
363 
363.076 
363 
363 
372.616 
363 
363 
363 
8099.66 
5576.4 
421.098 
369.674 
8954.47 
363 
993.115 
422.633 
363.346 
3130.45 
923.362 
3660.03 
364.276 
363 
363.003 
3705.31 
3796.95 
7174.84 
1479.51 
407.074 
363 
691.555 
363 
674.133 
2053.02 
3475.33 
363.002 
1380.27 
2651.97 
363 
363.005 
363 
4441.09 
363 
725.756 
363 
7629.41 
363 
13342.6 
376.465 
363 
4943.11 
8305.73 
363.04 
365.259 
363.002 
363 
363.003 
3307.87 
3684.65 
4811.78 
1028.84 
4348.43 
363 
363.007 
369.758 
363 
363 
363 
363 
3134.35 
1422.61 
363 
5248.25 
3675.64 
363 
461.018 
371.615 
1685.66 
363.072 
363 
4386.02 
630.695 
363 
12923.3 
6066.81 
363 
363.001 
455.324 
3801.57 
14809.5 
3856.18 
1744.17 
363 
363 
3744.16 
373.062 
363.094 
587.819 
363 
4554.35 
4412.98 
377.489 
9330.23 
6774.94 
363.149 
2196.7 
363.001 
4794.91 
3333.39 
5282.98 
1692.41 
621.558 
1668.37 
952.745 
5023.96 
363 
4048.27 
1673.93 
363 
363 
363.005 
511.734 
12363.7 
3265.95 
363.078 
363 
3763.94 
4318.68 
378.767 
363 
363.026 
363 
613.809 
3096.63 
5530.64 
5511.32 
4445.55 
363.005 
363 
708.409 
4062.96 
363 
3282.45 
363 
4876.82 
3535.46 
550.021 
363.257 
5313.72 
7782.8 
1076.4 
363 
2548.95 
363 
567.393 
365.708 
363 
1699.26 
363 
3273.97 
375.139 
6119.89 
363 
363.001 
363 
364.899 
4273.18 
532.264 
4889.72 
363 
363.072 
363.001 
363.022 
363.017 
377.015 
363 
363 
363 
1293.71 
444.715 
514.693 
363 
363 
363 
363 
4335.26 
363.03 
363.175 
560.238 
382.938 
514.835 
3440.73 
363.022 
383.688 
3987.47 
363.001 
1108.89 
923.728 
4687.46 
902.489 
363 
4174.55 
7468 
3665.26 
363.001 
4916.78 
363 
3165.44 
1025.98 
363 
363 
363 
363.001 
363.236 
3833.38 
363.003 
363.01 
4495.19 
363 
1116.89 
365.418 
6434.6 
378.7 
363 
3081.15 
434.584 
4423.77 
419.127 
1780.68 
363 
619.354 
363 
363.023 
363 
385.865 
395.812 
363.217 
558.323 
363 
1864.2 
4705.09 
809.029 
4927.26 
364.245 
363 
509.256 
6334.47 
363.001 
363 
3992.31 
371.588 
363 
363 
3138.85 
5106.85 
363 
363 
4677.5 
363 
363 
363 
3660.63 
5523.85 
4800.01 
363 
363.004 
4008.56 
363 
363 
1370.53 
466.061 
585.153 
363.038 
363 
363 
3701.45 
363 
1145.05 
363 
5524.51 
2044.55 
363.312 
363 
17386.4 
1010.92 
363 
363 
363 
363 
3974.41 
363 
363 
363 
363 
363 
1291.67 
372.143 
363 
363.058 
4263.78 
4268.02 
363 
363.013 
666.173 
363.033 
459.196 
376.158 
363 
490.25 
1671.78 
6004.36 
423.22 
363.217 
367.637 
657.354 
7425.67 
5162.65 
371.077 
5029.58 
363 
363 
4163.4 
363.001 
4960.6 
6078.37 
3836.74 
399.432 
4222.35 
363 
363 
363 
527.25 
628.708 
363 
7886.47 
363 
4484.22 
513.509 
363.576 
568.821 
381.78 
1708.92 
363 
697.719 
363 
363 
7174.49 
1171.68 
385.455 
363 
363.005 
363 
363.181 
1719.26 
363.004 
852.133 
363.042 
1879.46 
4803.43 
364.397 
5787.96 
3739.58 
363.001 
3134.55 
363 
365.656 
363.439 
363 
363.009 
4024.41 
706.891 
10813.3 
363 
363.695 
363 
363 
791.78 
363 
2964.28 
4661.06 
4689.1 
5314.45 
905.211 
5434.81 
363 
363.051 
363.325 
406.229 
363 
365.859 
404.27 
882.839 
4079.05 
3323.61 
3212.86 
7239.22 
6220.49 
363 
364.178 
406.965 
363 
363.125 
4876.82 
4094.82 
363 
5123.16 
363 
363 
363 
363 
817.916 
771.731 
363 
363 
563.747 
4774.56 
363 
363 
4257.99 
4627.66 
3838.58 
363 
3789.32 
1664.43 
363 
498.539 
363 
363.017 
660.925 
363 
4322.69 
363 
