363 
363 
7174.42 
363 
363 
363 
15720.2 
363 
363 
363 
363 
363 
363 
363 
4977.82 
364.992 
363 
363 
363.018 
363 
363 
363 
363 
363 
363 
363 
363 
363 
363 
363 
363 
713.119 
363 
363 
363 
363 
363 
4036.12 
363 
363 
363 
363 
363 
363 
363 
363 
1252.31 
406.253 
363 
363 
363 
363 
407.748 
363 
363 
363 
363 
363 
363 
5708.49 
363 
363 
363 
363 
363 
364.157 
363 
363 
363 
363 
363 
363 
3097.88 
363 
363 
363 
363 
363 
363 
363 
363 
363 
363 
363 
363 
397.544 
363 
363 
363 
363 
363 
363 
379.118 
363 
363 
363 
363.045 
363.796 
363 
3090.01 
2089.83 
363 
363.001 
363.002 
4467.78 
363 
363 
363 
363.028 
363 
1266.84 
363 
1668.21 
363 
363 
363 
363 
363 
363 
363.013 
363 
363 
363 
363 
363 
363 
363 
363 
363 
363 
3197.74 
363 
363 
363 
363 
363 
363 
3854.44 
363 
363 
363 
363.005 
363 
363.005 
363 
363 
363 
363 
363 
363.001 
363 
363 
363 
4263.76 
363 
363 
390.576 
3280.51 
363 
363 
363 
3084.63 
363 
363 
363 
363 
363 
374.855 
4625.34 
363 
364.546 
363.035 
363 
363 
5061.83 
363 
363 
363 
363 
363 
363 
366.016 
363 
363 
363 
363 
363 
4747.68 
4005 
3680.29 
363 
363 
363 
3225.41 
11145.8 
363 
7751.36 
363 
363 
363 
363 
431.07 
363 
363 
363 
363 
363 
363 
363.009 
363 
363 
363 
363 
363 
363 
363 
3641.13 
363.006 
363 
366.77 
366.469 
363 
363 
363 
363 
363 
363.002 
363 
363 
363 
433.058 
363 
363 
363 
691.138 
363 
363 
363 
363 
363 
363 
363 
363 
363 
363 
368.347 
11856.7 
363 
10082.1 
363 
363 
363 
363 
363 
417.589 
363 
363 
363 
363 
751.351 
517.55 
363 
363 
363 
363 
363 
363 
363 
363 
363 
363 
363 
363 
363 
363 
363 
363 
363 
423.667 
3130.68 
363 
6961.29 
363 
363 
363 
363 
363 
3280.17 
3141.37 
363 
363 
363 
363.001 
363 
5594.07 
363 
363.001 
3454.2 
363 
363 
363 
363 
421.934 
363 
363 
363 
363 
516.652 
363 
363 
363 
363 
363 
363 
363 
455.113 
363 
363 
363 
363 
901.046 
363 
363.155 
363 
363 
364.739 
363 
363 
363 
363 
363 
363 
363 
363 
8282.99 
363 
363 
15856.5 
363 
363 
363 
363 
363 
363 
363 
363.013 
6920.03 
363 
363 
363 
363 
363 
363.136 
363 
363 
363 
363 
363 
363 
363 
363 
363 
363 
363 
363.204 
363 
363 
363 
363 
7478.84 
363 
363 
363 
363 
363 
363 
363 
363 
363.156 
363 
7818.15 
363 
363.043 
363 
363 
363 
363 
363 
363 
363 
363 
363 
363 
363 
363 
363 
363 
363 
363 
363 
363 
363 
363 
11961 
363 
363 
449.683 
363 
363 
363 
363 
363 
490.358 
363 
363 
363 
363 
363 
363.104 
985.923 
363 
363 
363 
363 
363 
363 
363 
363 
363.001 
363 
363.014 
363 
363 
363 
363 
363 
363.163 
363 
363.024 
363 
363 
363 
363 
363 
363 
363 
363 
363 
363 
6431.54 
363 
363 
363 
363 
363 
363 
363 
363 
363 
363.768 
2765.31 
363 
363 
363 
363 
363 
363 
363 
363 
363 
363 
3202.03 
363 
3094.5 
363 
363 
363 
363 
363 
363 
363 
363 
363 
6280.4 
363 
363 
363 
363 
363 
363 
1662.91 
3134.79 
363 
363 
1732.98 
363.115 
363 
363 
373.075 
3414.91 
6004.01 
363 
363 
363.003 
363 
520.628 
363 
363 
363 
363 
363 
363 
