363 
374.661 
5782.86 
363 
363 
363.217 
6497.03 
14529 
363.718 
5417.72 
363 
3279.74 
363 
363 
4147.57 
386.896 
363.001 
363.036 
5359.61 
363 
363 
363 
363.022 
363 
373.5 
363 
363 
1478.75 
363.085 
363 
363 
7623.27 
364.347 
363 
363 
363.116 
363 
3586.91 
2240.52 
363 
363.004 
363 
363 
363 
363 
364.911 
940.33 
4040.33 
363 
363 
3376.63 
3095.38 
3826.34 
363 
363 
363 
363 
363.26 
363 
4436.03 
8736.67 
363 
363 
363 
3342.47 
403.218 
363.002 
363 
363 
363 
363.508 
363 
1802.1 
363.025 
365.725 
363 
4397.8 
363 
363 
363 
363 
363 
363 
363 
363 
381.402 
363 
363 
363 
363 
8061.76 
363 
374.509 
363 
363 
363 
443.651 
363.528 
3377.6 
1637.38 
3885.64 
363 
363.001 
363.004 
4222.46 
363 
4660.81 
1689.24 
433.372 
363 
916.056 
363 
1095.09 
363 
3404.31 
363.002 
3094.13 
363 
363 
363.008 
363 
3705.62 
363 
363.136 
363 
851.194 
363 
363 
363 
363 
6720.62 
363 
363 
363 
363 
363 
363.004 
3554.81 
363 
2092.55 
2366.1 
5554.52 
363 
363.008 
363 
363 
363 
363 
363 
3375.1 
363 
363 
9843.48 
3961.42 
363 
363 
378.533 
3130.08 
363.059 
363 
363 
1020.85 
363 
363 
12010.8 
363 
363.001 
446.352 
4141.55 
363 
4471.22 
3143.39 
363 
363 
4224.24 
369.88 
363.067 
363 
363 
6164.29 
4644.32 
375.144 
363 
363 
363.128 
365.014 
363 
5983.34 
3615.38 
6666.67 
3151.58 
666.852 
363 
1746.17 
6180.12 
363 
4966.96 
3115.61 
363 
363 
363 
532.476 
363 
463.666 
363.134 
363 
363 
5537.81 
391.927 
363 
363 
363 
363 
363 
12385.7 
6962.33 
5863.58 
363.008 
363 
960.327 
4864.93 
363 
1204.42 
363 
6542.48 
363 
785.993 
363 
8118.48 
363 
3087.85 
363 
363 
363 
834.961 
367.977 
363 
363 
363 
363 
363 
363 
363 
363.002 
363 
366.594 
5365.69 
365.819 
5972.84 
363 
363 
363.002 
363 
363 
390.872 
363 
363 
363 
2278.4 
537.392 
641.661 
363 
363 
363 
363 
363 
363 
363 
363 
400.809 
363 
363 
363 
363 
363 
363 
2713.98 
1667.29 
6637.8 
2019.02 
363 
5038.71 
363 
4146.62 
363 
8608.37 
363 
3337.46 
1723.63 
363 
363 
363 
363.001 
363.482 
4416.42 
363.006 
363.026 
5989.91 
363 
363 
363.004 
363 
393.64 
363 
363 
459.463 
382.486 
456.246 
363 
363 
363 
363 
363.043 
363.001 
363 
418.232 
363 
693.871 
363 
363 
6325.53 
694.88 
7315.4 
363 
363 
599.091 
16298.2 
363 
363 
363 
363 
363 
363 
363.065 
6483.73 
363 
363 
6024.15 
363 
363 
363 
375.012 
363.058 
6680.68 
363 
363.007 
4793.99 
363 
363 
3112.76 
363 
841.612 
363.073 
363 
363 
3682.6 
363 
363.022 
363 
376.59 
363 
363 
363 
363 
1768.48 
363 
363 
363 
363 
4804.74 
363 
363 
363 
363 
363 
1224.46 
363 
363 
363.11 
5091.6 
5138.75 
363 
363.025 
476.884 
363 
436.642 
363 
363 
363 
363 
367.284 
469.377 
363.004 
363 
1072.54 
363 
8773.59 
373.944 
6504.94 
363 
363 
5073.5 
363 
6430.35 
4100.42 
363 
434.645 
1807 
363 
363 
363 
363 
1007.02 
363 
363 
363 
6095.96 
590.038 
364.148 
684.94 
398.529 
363 
363 
1115.33 
363 
363 
363 
363 
407.019 
363 
363.011 
363 
363 
363 
363.003 
363 
363.083 
363 
6590.13 
365.38 
15552.4 
363 
363.001 
363 
363 
363 
363.865 
363 
363.003 
4732.87 
1060.14 
363 
363 
364.506 
363 
363 
1671.42 
363 
363 
5977.09 
6121.72 
363 
363 
633.907 
363 
363.091 
363 
363.169 
363 
363.106 
377.789 
1742.86 
363 
3553.32 
3505.78 
363.003 
397.859 
363 
365.139 
446.107 
363 
363.068 
7107.6 
4773.12 
363 
10322.8 
363 
363 
363 
363 
1726.62 
1461.32 
363 
363 
827.632 
6518.51 
363 
363 
5443.97 
6387.43 
4523.87 
363 
3252.63 
3160.82 
363 
547.076 
363 
363.017 
369.422 
363 
363 
363 
