363 
363.828 
8608.8 
363 
363 
363 
8282.14 
364.589 
363.351 
755.67 
363 
363 
363 
363 
4526.15 
391.984 
363 
363.039 
5115.04 
363 
363 
363 
363 
363 
363 
363 
363 
363.405 
363 
363 
363 
14144.1 
363 
363 
363 
363 
363 
3806.14 
363 
363 
363 
363 
363 
363 
363 
363.018 
1139.43 
4212.66 
363 
363 
3089.94 
363 
4024.92 
363 
363 
363 
363 
363 
363 
4977.37 
5224.92 
363 
363 
363 
363.001 
421.328 
363 
363 
363 
363 
363 
363 
3091.3 
363 
363.001 
363 
3378.01 
363 
363 
363 
363 
363 
363 
363 
363 
388.975 
363 
363 
363 
363 
2293.79 
363 
378.364 
363 
363 
363 
454.229 
363.66 
363.069 
1894.81 
4029.52 
363 
363.001 
363.005 
4651.15 
363 
363 
363 
451.655 
363 
1068.48 
363 
1699.24 
363 
363 
363.003 
364.873 
363 
363 
363.011 
363 
363 
363 
363 
363 
363 
363 
363 
363 
363 
11337.5 
363 
363 
363 
363 
363 
363.002 
3719.05 
363 
363 
3081.99 
4845 
363 
363.007 
363 
363 
363 
363 
363 
3269.8 
363 
363 
400.878 
4153.73 
363 
363 
384.237 
3208.79 
363.02 
363 
363 
1682.3 
363 
363 
363.009 
363 
363 
419.383 
4379.38 
363 
4751.67 
3177.53 
363 
363 
4606.81 
363.978 
363 
363 
363 
3145.37 
363 
371.316 
363 
363 
363 
363 
363 
7518.79 
3808.57 
8584.97 
363.466 
363 
363 
3128.14 
7559.54 
363 
6040.32 
1608.55 
363 
363 
363 
507.323 
363 
363 
363.173 
363 
363 
378.888 
401.999 
363 
363 
363 
363 
363 
366.119 
363 
8563.88 
363.011 
363 
1380.43 
5389.08 
363 
363 
363 
507.238 
363 
954.738 
363 
5259.68 
363 
3195.85 
363 
363 
363 
1215.97 
363 
363 
363 
363 
363 
363 
363 
363 
363.003 
363 
368.038 
6824.57 
363 
7216.26 
363 
363 
363.002 
363 
363 
403.182 
363 
363 
363 
364.586 
629.115 
758.483 
363 
363 
363 
363 
363 
363 
363 
363 
376.61 
363 
363 
363 
363 
363 
363 
363.002 
539.082 
13988.6 
3159.57 
363 
5967.83 
363 
363.066 
363 
1009.4 
363 
3444.72 
3082.06 
363 
363 
363 
363.002 
363.506 
4922.38 
363 
363.043 
9113.77 
363 
363 
363 
363 
406.737 
363 
363 
363 
363 
485.497 
363 
363 
363 
363 
363.054 
363 
363 
435.933 
363 
363 
363 
363 
9861.38 
363.005 
15714.9 
363 
363 
670.807 
363 
363 
363 
363 
363 
363 
363 
363 
8466.31 
363 
363 
8155.37 
363 
363 
363 
363 
363 
3608.53 
363 
363.01 
5600.27 
363 
363 
522.586 
363 
395.275 
363.102 
363 
363 
363 
363 
363 
363 
363 
363 
363 
363 
363 
3112.05 
363 
363 
363 
363 
5702.95 
363 
363 
363 
363 
363 
363 
363 
363 
363.155 
3245.56 
6064.09 
363 
363.035 
363 
363 
363 
363 
363 
363 
363 
363 
450.223 
363 
363 
711.489 
363 
3116.93 
363 
366.85 
363 
363 
363.139 
363 
8875.31 
363 
363 
466.023 
363 
363 
363 
363 
363 
1672.64 
363 
363 
363 
3094.03 
590.278 
364.654 
792.162 
363.205 
363 
363 
367.714 
363 
363 
363 
363 
418.649 
363 
363.016 
363 
363 
363 
363 
363 
363.12 
363 
6834.6 
363 
363.001 
363 
363 
363 
363 
363 
363.027 
363 
363 
5405.86 
363 
363 
363 
365.206 
363 
363 
956.891 
363 
363 
6268.27 
8614.69 
363 
363 
363 
363 
363 
363 
363 
363 
363 
363 
3117.48 
363 
3703.43 
619.813 
363 
363 
363 
363 
363.079 
363 
363 
363.034 
5393 
363 
1131.45 
363 
363 
363 
363 
3127.01 
2134.18 
363 
363 
1200.5 
7527.99 
363 
363 
6803.71 
11951.7 
5180.06 
363 
363 
3183.99 
363 
559.89 
363 
363 
363 
363 
363 
363 
