0.000686375 0.000296328 2.31921e-05 
0.000352051 0.000380784 2.65004e-05 
0.000193194 0.000255248 7.89897e-05 
0.00085086 0.000432017 4.57572e-05 
0.000751651 7.33387e-05 2.75377e-05 
0.00043795 9.33562e-05 7.10906e-05 
0.000105179 0.000270105 9.46557e-05 
0.000443468 0.000266451 7.25465e-05 
0.000316458 0.000400147 6.73773e-05 
0.000392902 0.000310423 6.70738e-05 
0.000802283 0.000133046 7.03877e-05 
0.000549079 0.000286083 7.68034e-05 
0.000978266 0.000240716 6.01951e-05 
0.000656747 0.000352671 7.86411e-05 
1.94443e-05 0.000218464 1.94415e-05 
0.00020155 0.000118783 6.45967e-05 
0.000455755 0.00042792 3.0955e-05 
0.000285865 0.000408123 2.38586e-05 
0.000305562 0.000237151 1.70984e-05 
0.0006103 0.000400083 8.25449e-05 
0.000556809 0.000466461 7.26503e-05 
0.000931569 0.000336691 2.72025e-05 
0.000627412 0.000316533 5.46685e-05 
0.000731121 0.00037862 2.56792e-05 
0.000533866 0.000360469 1.92969e-05 
0.000140083 0.000456132 3.41119e-05 
0.000282908 2.52905e-05 6.67772e-05 
0.000403149 0.000139629 8.23098e-05 
0.000381501 0.000406456 4.88109e-05 
0.000894102 0.000424058 7.90719e-05 
0.00081624 0.000245853 2.35598e-05 
0.000259449 0.000226589 6.57349e-05 
0.000555604 0.000371422 6.61974e-05 
0.000963197 0.000190605 5.88665e-05 
0.000347362 0.000472359 2.76356e-05 
0.000617119 0.000183576 2.79899e-05 
0.000687416 0.000440081 2.79743e-05 
1.80481e-05 0.000180113 8.33507e-05 
0.000530167 0.000332908 7.57977e-05 
0.000766233 0.000312548 2.55963e-05 
0.000648637 0.000217587 6.47148e-05 
0.00055589 0.000450301 2.22049e-05 
0.000709603 0.00040583 7.00234e-05 
0.00065671 0.000101314 7.48123e-05 
0.000842171 0.00038824 2.83487e-05 
0.000375807 0.000107787 5.2322e-05 
0.000132574 0.000362986 9.27119e-05 
0.000254716 0.000318935 6.6355e-05 
0.000968911 0.00029239 6.67638e-05 
0.000940855 0.00010682 7.78586e-05 
0.000344485 0.000321563 5.04967e-05 
0.000455414 0.000342352 5.95418e-05 
0.000252697 0.000175713 8.30498e-05 
0.000815113 0.000356789 5.21779e-05 
0.000816907 0.000128859 2.23426e-05 
0.000632708 0.000423721 2.91384e-05 
0.000463234 3.38202e-05 7.0767e-05 
0.000504137 0.000414639 6.8489e-05 
0.000737429 0.00018848 3.5796e-05 
8.87912e-05 0.0003025 5.82519e-05 
0.000342798 0.000283196 7.79493e-05 
0.000898152 9.9971e-05 2.94288e-05 
0.000886174 0.00015245 2.46113e-05 
0.000920874 0.000384259 1.93847e-05 
0.000456839 0.000164117 9.11337e-05 
0.000217432 0.000134435 1.78054e-05 
0.00033196 6.90636e-05 8.3595e-05 
0.000762498 0.000232911 8.00981e-05 
0.000207082 3.02882e-05 7.33522e-05 
0.000655827 0.000454992 8.21922e-05 
0.000523148 0.000107192 7.66048e-05 
0.000831823 0.000405595 8.44934e-05 
0.0001557 0.000336682 3.30991e-05 
0.000638195 0.00027679 2.91408e-05 
0.000402917 0.000395464 8.16077e-05 
0.000646636 0.000475413 2.4586e-05 
0.000333061 0.000210151 1.83163e-05 
0.000788306 2.08955e-05 3.70173e-05 
0.000733767 0.000263465 5.10775e-05 
0.000734679 0.000340088 5.74603e-05 
0.000635571 8.18009e-05 2.121e-05 
0.000496665 2.42573e-05 2.42529e-05 
0.000952883 0.000340451 9.03259e-05 
0.000505116 0.000467604 3.23935e-05 
0.000264574 0.000481431 7.90349e-05 
8.42858e-05 0.000380394 7.2842e-05 
0.000270534 2.16832e-05 2.16443e-05 
0.000948698 0.000388645 4.66341e-05 
0.000800199 0.000437044 3.29419e-05 
0.000805585 0.00021372 5.02806e-05 
0.000383591 0.000215951 3.02969e-05 
0.00085116 0.000130703 5.60365e-05 
0.000133681 0.000123105 2.26289e-05 
0.000697326 0.000296472 8.80795e-05 
0.000739776 0.000435357 2.46997e-05 
0.000915822 0.000194375 8.68999e-05 
0.000249706 0.00012203 8.86421e-05 
5.64516e-05 0.000101452 5.37926e-05 
0.000437207 0.000175657 5.58974e-05 
0.000108664 0.000153185 7.67451e-05 
0.000216141 0.000184963 3.58697e-05 
0.00060421 0.000103834 5.76466e-05 
0.000106742 7.23845e-05 3.2701e-05 
0.000167884 0.000423932 8.2202e-05 
0.000146798 0.00028762 1.87787e-05 
0.000863021 0.00029837 6.9641e-05 
0.000525802 0.00023686 3.64739e-05 
0.00049887 0.000155697 2.86533e-05 
0.000253011 0.000369629 2.6832e-05 
0.000595626 7.01485e-05 1.97515e-05 
0.000101745 0.000356503 4.04085e-05 
0.000150707 2.24414e-05 7.79497e-05 
0.000164976 0.000142764 9.57703e-05 
0.0006666 0.00016492 2.49746e-05 
0.000489025 0.00032974 9.04912e-05 
0.000242293 0.00041841 2.0971e-05 
0.0004074 0.000165315 2.58174e-05 
0.000883405 0.000184732 5.6541e-05 
2.33788e-05 2.33732e-05 5.99364e-05 
6.03549e-05 0.000419955 8.16757e-05 
0.00093355 0.000432573 2.96619e-05 
0.000499943 0.000308442 3.624e-05 
0.000538164 1.81409e-05 1.81398e-05 
0.000584448 0.000143343 2.39104e-05 
0.000166958 2.93061e-05 2.93035e-05 
0.000589779 0.000238566 7.05595e-05 
0.000709646 0.000480958 1.90395e-05 
0.000807329 0.00021207 8.68892e-05 
0.00063334 0.000377909 4.0755e-05 
0.000941607 4.72743e-05 3.66472e-05 
0.000229789 0.000272865 8.16827e-05 
0.000843338 0.000260428 5.39568e-05 
0.000698239 9.01343e-05 2.84613e-05 
0.000735079 0.00011047 4.65303e-05 
0.000838388 7.87522e-05 3.44548e-05 
0.000793845 5.59203e-05 1.89168e-05 
0.000218952 0.000437863 4.76097e-05 
0.000108916 0.00030821 2.26371e-05 
0.000882512 0.000233664 6.2531e-05 
0.000557381 0.000278082 1.84827e-05 
0.000321623 0.000159558 7.01759e-05 
0.000312374 0.000272219 1.8655e-05 
0.000606399 0.000461767 1.83557e-05 
1.7437e-05 0.000420929 1.74277e-05 
0.000657637 0.000110241 3.48963e-05 
0.000588285 0.000428815 1.70142e-05 
7.0017e-05 4.14321e-05 6.16973e-05 
0.000404792 0.000441164 4.48318e-05 
0.000244868 0.000454079 6.75293e-05 
0.000310763 0.000309772 1.89296e-05 
0.000916907 0.000271326 3.13526e-05 
0.000416764 5.79995e-05 3.15926e-05 
0.000420525 0.000248544 3.96359e-05 
0.00011783 0.000190616 2.96115e-05 
0.000123544 1.73408e-05 1.73007e-05 
0.000917194 0.00019178 2.54863e-05 
5.40394e-05 0.000372858 2.09393e-05 
6.15248e-05 0.000324841 2.78605e-05 
0.000284097 7.41924e-05 5.64703e-05 
0.000829864 2.60061e-05 6.32739e-05 
0.000783145 0.000181405 7.37898e-05 
7.47097e-05 0.000174823 1.78035e-05 
8.21204e-05 2.21872e-05 2.21852e-05 
0.000792954 0.000277931 5.60197e-05 
0.000465519 0.000255721 2.73444e-05 
0.000314529 0.00045499 6.49288e-05 
0.000329074 0.000423091 2.18658e-05 
0.000196031 0.000390854 3.44533e-05 
6.48288e-05 0.00017477 0.000112071 
0.000828408 0.000276345 8.43939e-05 
0.000278743 0.000289318 1.90652e-05 
0.000286617 0.000168943 3.153e-05 
0.000709804 2.81432e-05 2.81396e-05 
0.000624717 3.43822e-05 4.81216e-05 
5.85576e-05 0.000209629 2.0672e-05 
0.000325123 0.000108923 3.36837e-05 
0.000496616 0.000400176 1.96995e-05 
0.000934126 0.000235233 6.90743e-05 
0.000436696 0.000445572 7.78152e-05 
0.000363842 0.000316331 0.000104082 
0.000474836 0.000191686 5.71197e-05 
8.99966e-05 0.000412142 3.25639e-05 
0.000707336 0.000203834 9.67527e-05 
0.000669041 0.000237944 2.111e-05 
0.000482759 9.61167e-05 3.32294e-05 
0.000588888 0.000158503 7.22664e-05 
0.000970928 0.000151282 8.84632e-05 
0.000178879 0.000304263 8.87716e-05 
2.08571e-05 0.000298942 2.08566e-05 
0.000198361 0.000284409 3.43864e-05 
0.00042201 0.000329725 2.51967e-05 
0.000484861 0.000135222 7.13045e-05 
0.000694911 0.000143728 7.16141e-05 
1.88528e-05 0.000324468 5.12075e-05 
7.517e-05 0.000218067 7.01098e-05 
0.000526673 4.95604e-05 6.53602e-05 
0.000128586 0.00020027 7.40967e-05 
0.000349697 0.000166841 2.938e-05 
0.00021081 0.000452052 8.50261e-05 
0.00089174 6.09336e-05 5.76152e-05 
0.000572471 0.000417725 5.33908e-05 
0.00010076 0.000100785 7.87879e-05 
0.000767555 0.000281378 9.53674e-05 
0.000567331 0.000324855 3.15012e-05 
0.000256882 0.000406198 6.04593e-05 
0.000683228 0.000482395 4.43929e-05 
0.000817982 0.000318609 6.54967e-05 
0.000420856 0.000185297 8.60671e-05 
0.000255188 0.000129109 2.04133e-05 
0.000897989 0.000480893 7.71554e-05 
0.000780827 0.000417625 8.5736e-05 
0.000374153 2.83757e-05 7.75169e-05 
0.000620465 0.00035344 1.78061e-05 
0.000872857 0.000197473 1.95985e-05 
0.00043762 0.000221425 7.23843e-05 
0.000507674 0.000212193 8.07017e-05 
0.000206704 0.000235648 5.26431e-05 
0.000164181 8.48774e-05 2.64085e-05 
0.00095624 0.000421542 7.50559e-05 
0.000247161 0.000144403 5.57736e-05 
0.000275733 0.000216749 1.90612e-05 
5.78468e-05 0.000471557 6.67199e-05 
0.000548518 0.000179081 2.79289e-05 
0.000112253 2.23451e-05 5.49753e-05 
0.000404082 0.000284794 2.32183e-05 
0.000864019 0.000282165 2.32421e-05 
0.000283461 0.000358686 5.71464e-05 
0.000888711 0.000380674 4.42083e-05 
0.000339167 0.000246315 4.01881e-05 
0.000745752 0.000241745 2.02994e-05 
0.000236057 0.000320344 1.9458e-05 
0.000370502 0.000430046 2.01756e-05 
0.000654769 0.000330906 2.36488e-05 
0.000973052 0.000473036 2.69506e-05 
0.000182151 0.000356885 7.11794e-05 
0.000443061 0.000381374 1.87817e-05 
4.29027e-05 4.57621e-05 2.35788e-05 
0.000840559 0.000163409 1.96093e-05 
0.000417609 5.46864e-05 8.0316e-05 
0.000797182 0.000176061 2.60144e-05 
0.000915511 0.000163783 5.8043e-05 
0.000774082 0.000266037 1.71422e-05 
9.67983e-05 0.000469156 0.000111346 
0.000214178 7.94453e-05 2.3938e-05 
0.000973762 9.99701e-05 2.59976e-05 
0.000135842 0.000384513 4.12184e-05 
0.000120229 0.000234596 5.34722e-05 
0.000553098 0.000134896 5.33374e-05 
6.91794e-05 0.000267095 3.04492e-05 
0.000256128 4.97761e-05 0.000104254 
0.000713719 8.66671e-05 9.01671e-05 
0.00023695 7.37644e-05 6.47644e-05 
0.000935924 0.000141055 2.64566e-05 
0.000562345 8.34187e-05 7.70476e-05 
1.8009e-05 0.000126324 6.48558e-05 
0.000611601 0.000478825 5.38205e-05 
0.000250373 5.70928e-05 1.88975e-05 
0.000302184 0.000456222 2.08185e-05 
0.000416839 0.000352685 8.47715e-05 
6.65855e-05 0.000131765 8.70949e-05 
0.000173843 0.000143599 2.22898e-05 
0.000284122 0.000480936 4.63856e-05 
0.000570386 2.16209e-05 5.27611e-05 
0.000242657 0.000472683 2.73162e-05 
0.0003195 2.80567e-05 2.80568e-05 
0.000779405 0.00031814 7.45064e-05 
0.000791616 9.34281e-05 1.81615e-05 
0.000921695 0.000364271 6.59834e-05 
0.000891477 0.000335614 5.31894e-05 
0.000326332 0.000118655 8.58557e-05 
0.000766259 0.000133701 2.64333e-05 
0.000835148 0.000178738 6.50223e-05 
0.000874484 9.55813e-05 7.76062e-05 
0.000790341 0.000382356 6.77597e-05 
0.00072426 0.000306283 3.70361e-05 
0.000982615 0.000205813 1.73626e-05 
0.000452836 0.000165309 1.92965e-05 
0.000348736 0.000359116 9.46035e-05 
0.000271926 0.00027355 7.70715e-05 
0.000164551 0.000182717 1.81292e-05 
0.000114343 5.58301e-05 9.07659e-05 
0.000131229 0.000295944 5.68003e-05 
0.000706994 0.000256921 2.13243e-05 
0.000443482 0.000293573 1.75374e-05 
0.000675849 5.8464e-05 6.4449e-05 
0.000400575 0.000211291 7.43281e-05 
0.000361754 0.000440397 6.61383e-05 
0.000160553 0.00017336 6.15351e-05 
5.26377e-05 0.000163153 5.69577e-05 
0.000981604 7.52821e-05 6.20529e-05 
0.000396081 0.000461829 8.02582e-05 
8.83794e-05 0.000477139 2.28058e-05 
0.000176899 7.17893e-05 8.15e-05 
0.000292829 9.59325e-05 9.16886e-05 
2.55289e-05 0.00020275 5.44543e-05 
0.000375508 8.54453e-05 1.94298e-05 
0.000219579 0.000413174 7.48773e-05 
0.000214009 0.00021417 8.17112e-05 
0.000225494 2.31787e-05 2.33991e-05 
0.000914015 0.000303683 7.90826e-05 
0.000549737 9.25265e-05 2.9147e-05 
0.000780463 0.000220809 2.02338e-05 
1.85408e-05 0.000370848 5.16269e-05 
0.000504149 3.12825e-05 0.00012134 
0.000848859 0.000331564 2.87216e-05 
0.000472691 0.000375526 8.43298e-05 
0.00059316 0.000285332 1.80254e-05 
8.76508e-05 0.000134746 2.49062e-05 
0.000730718 0.000335999 1.76879e-05 
0.000443644 1.8192e-05 1.81902e-05 
0.000718191 0.000135901 2.18944e-05 
0.000196432 0.000475994 4.93543e-05 
0.000276043 9.55598e-05 1.90826e-05 
2.14115e-05 0.000442047 4.97821e-05 
0.000889809 0.000351304 1.79882e-05 
2.39778e-05 0.000133835 2.39792e-05 
0.00065871 0.000403666 6.32891e-05 
0.000446649 0.000136252 4.97091e-05 
0.000722496 0.000473779 6.18391e-05 
0.000696821 0.000336885 3.46548e-05 
0.000251585 0.000272734 4.30686e-05 
0.000422251 0.000367823 4.66029e-05 
0.000305346 0.000250266 6.89995e-05 
0.000857979 0.000122339 1.72851e-05 
0.000894028 2.03785e-05 2.03785e-05 
0.000229437 0.000369653 8.27126e-05 
0.000491165 0.000275838 8.91674e-05 
0.000758269 0.000444712 6.4233e-05 
0.000977952 0.000405466 2.19774e-05 
0.000687521 0.000202908 1.85764e-05 
0.00059115 0.000386048 2.69939e-05 
0.000724755 3.74857e-05 8.70635e-05 
1.96756e-05 6.58487e-05 5.4035e-05 
0.000614904 0.000317322 1.87492e-05 
0.00016349 0.000229772 3.05459e-05 
0.000789708 5.98441e-05 6.40007e-05 
0.000982901 0.000396926 5.97848e-05 
0.000155167 0.000263575 7.07458e-05 
0.000883905 0.000468406 3.15959e-05 
0.000484024 0.000456866 8.38675e-05 
5.29759e-05 0.000450237 2.16518e-05 
0.000590559 0.000324759 7.83914e-05 
0.000630317 0.000227755 1.89856e-05 
0.000345476 0.000204466 6.2072e-05 
1.84892e-05 5.23909e-05 8.972e-05 
2.08871e-05 8.9183e-05 2.08855e-05 
0.000104289 0.000235314 1.84182e-05 
0.000579096 0.000481853 3.1908e-05 
0.000952506 0.000381595 8.26265e-05 
0.000374243 0.000328494 2.26549e-05 
0.000629857 0.000135345 2.22268e-05 
0.000354829 0.000137536 6.7833e-05 
3.8601e-05 0.000403887 4.43125e-05 
0.000732985 0.000443399 9.60153e-05 
0.000885315 0.000416542 2.13002e-05 
0.000485643 0.000202902 1.84987e-05 
0.000822553 3.10355e-05 1.90749e-05 
0.000605725 0.000349947 5.11606e-05 
0.000747167 0.000481502 1.84815e-05 
0.000600947 0.00025018 1.79773e-05 
0.000802047 0.000339498 1.96184e-05 
0.000956766 0.000299099 1.88203e-05 
0.000856423 1.74528e-05 1.74519e-05 
0.000809558 0.000246661 8.39169e-05 
0.000275951 0.000328753 2.04731e-05 
0.000972433 0.00016536 1.81667e-05 
0.000977209 2.27903e-05 7.7463e-05 
0.000101878 0.000446074 6.83908e-05 
0.00058686 1.73196e-05 1.7321e-05 
3.59896e-05 0.000236893 4.64254e-05 
0.000563672 4.64637e-05 2.0021e-05 
0.000852209 0.000461691 7.10361e-05 
0.000898513 1.96775e-05 6.0173e-05 
0.000460824 0.000478491 6.1118e-05 
0.000465469 5.11304e-05 1.7473e-05 
0.000522771 0.000153862 7.09362e-05 
0.000790221 0.000381457 2.42055e-05 
0.000594808 0.000444049 4.73534e-05 
0.000139829 9.40353e-05 6.61931e-05 
0.000347829 0.00029224 2.22025e-05 
2.1542e-05 0.000276994 5.71258e-05 
0.000656708 2.6618e-05 9.94773e-05 
0.000120044 0.000413843 7.48585e-05 
0.000514292 0.000368266 9.64692e-05 
0.000977558 0.000263644 2.24418e-05 
0.000495244 0.00036117 1.93304e-05 
0.000677553 0.000380564 2.79764e-05 
2.88168e-05 0.000481781 1.82143e-05 
0.000751314 0.000374693 8.10659e-05 
0.000639032 0.000154508 5.7146e-05 
0.000610029 0.000195879 8.71415e-05 
0.000301703 0.000364799 2.22959e-05 
0.000541591 0.000404514 2.59055e-05 
0.000949354 0.000228001 2.30148e-05 
0.000327029 0.000354581 5.36966e-05 
0.000748978 0.000296829 6.45873e-05 
0.000381047 0.000264676 5.40787e-05 
0.000472206 0.0003809 4.42345e-05 
0.00043971 0.000208537 2.64423e-05 
0.000833015 0.000478675 2.13251e-05 
0.000882028 5.68009e-05 1.80383e-05 
0.000442763 0.000302858 5.17014e-05 
0.000629965 7.13331e-05 8.44573e-05 
0.000169526 0.000219259 8.63152e-05 
0.000543214 0.000230849 8.88539e-05 
0.0008339 0.000205885 2.02569e-05 
0.00015035 0.000129596 5.97015e-05 
0.000554531 0.00018696 7.06742e-05 
0.000380963 0.00048273 5.55599e-05 
0.000578419 6.0772e-05 5.24111e-05 
0.000345034 6.44616e-05 1.76147e-05 
0.00085933 0.000360011 7.15452e-05 
0.000204366 0.000340242 1.79849e-05 
0.000103059 0.000481733 6.08948e-05 
0.000697974 0.000226729 4.92506e-05 
0.000398197 0.000478703 2.1297e-05 
0.000371623 0.00026061 1.76405e-05 
0.000288172 0.000130995 7.11045e-05 
0.00020396 0.000401152 0.000104008 
2.02167e-05 0.000348216 2.02155e-05 
0.000379991 0.000129835 1.94611e-05 
0.000706762 0.000353804 8.19053e-05 
0.000146576 5.8288e-05 6.02539e-05 
0.000380497 0.000357917 5.73286e-05 
0.000442689 0.000478202 2.1798e-05 
0.000982383 0.000434917 4.80645e-05 
0.000679278 0.000264183 4.78737e-05 
0.000872327 0.00015621 7.9377e-05 
0.000276464 0.000379747 8.54743e-05 
0.000750336 2.26284e-05 5.82203e-05 
0.000150075 0.000407772 1.71087e-05 
0.000978271 0.000141293 4.94454e-05 
0.000761109 0.000404308 5.06037e-05 
0.000752034 0.000144661 7.31265e-05 
0.000273897 0.000443248 4.72245e-05 
0.000631649 0.000134328 8.983e-05 
1.78533e-05 9.35101e-05 7.93259e-05 
0.000776022 0.000349215 5.13762e-05 
0.000307339 0.000214577 4.80365e-05 
0.00041817 0.000111787 2.29098e-05 
0.000478199 0.000234347 6.91802e-05 
0.000651976 0.00017209 9.05794e-05 
0.000190941 0.00044332 2.01599e-05 
0.000881949 0.000232894 1.70507e-05 
0.000817925 0.00047942 6.04113e-05 
0.000895287 0.000134369 6.27003e-05 
0.000362905 0.000400082 7.96927e-05 
0.000516676 6.09177e-05 1.79761e-05 
0.000286776 5.80203e-05 1.75412e-05 
2.01031e-05 0.000257996 2.01013e-05 
0.000460072 0.000348791 1.79808e-05 
0.000836292 0.000225979 7.02484e-05 
0.000775694 0.000479652 5.43334e-05 
0.000257554 0.000108346 5.34324e-05 
0.00097789 0.000358346 5.4921e-05 
0.000979063 0.000331946 2.09383e-05 
0.000334247 0.000339576 1.90089e-05 
0.000864158 5.0726e-05 8.72121e-05 
0.000796525 0.000348658 8.29953e-05 
0.000296415 0.000191952 8.40218e-05 
0.000232512 0.000240699 2.20211e-05 
0.000739204 0.000279321 1.7918e-05 
0.000892187 0.000313626 1.91416e-05 
0.000579231 0.000216387 2.2439e-05 
0.000417687 1.80664e-05 8.99832e-05 
0.000409867 0.000403543 2.12033e-05 
0.000779181 9.98595e-05 5.04512e-05 
0.000566203 0.000120291 8.71168e-05 
0.000510492 0.000481366 8.12375e-05 
0.000459923 0.000414425 9.52439e-05 
0.00051398 0.000370954 4.90269e-05 
8.04965e-05 0.000337192 7.68919e-05 
0.000686854 0.000190264 5.2286e-05 
0.000200971 0.000170293 9.24739e-05 
0.00038364 0.000178227 5.97066e-05 
0.000652718 0.000266523 7.35954e-05 
0.000597855 0.000288913 5.68222e-05 
0.000867014 3.76515e-05 4.39092e-05 
0.000441918 0.000394167 6.61841e-05 
0.000395119 0.000365327 1.97495e-05 
0.000162564 0.00047992 7.73002e-05 
0.000385155 7.81931e-05 8.23769e-05 
0.000453855 0.00030825 8.58406e-05 
5.07636e-05 0.000305458 7.26372e-05 
0.000419615 0.000480187 5.63643e-05 
0.000406899 0.000245728 7.46969e-05 
0.000371995 2.46599e-05 2.46573e-05 
0.000982522 1.74779e-05 1.7477e-05 
0.000934461 0.000476707 5.89118e-05 
0.000327118 1.95808e-05 7.43075e-05 
0.000201421 0.000332213 5.48897e-05 
2.07827e-05 0.000178324 2.07424e-05 
0.000929783 0.000481903 1.80977e-05 
0.000228147 1.71519e-05 0.000113775 
2.74178e-05 0.000147071 9.18904e-05 
0.000300142 0.000288005 5.30378e-05 
0.000694472 1.94787e-05 7.23823e-05 
0.000963667 0.000367963 1.83195e-05 
0.000272225 0.000253098 1.7493e-05 
0.000230885 0.000237698 0.000105271 
0.000115802 0.000269167 1.73254e-05 
0.000746436 6.04463e-05 7.00456e-05 
0.000515777 0.000187953 5.7036e-05 
0.000301042 0.000327723 5.05425e-05 
0.000602151 0.000452614 8.02646e-05 
1.7625e-05 0.000385876 1.76262e-05 
0.000668424 5.22861e-05 2.03902e-05 
0.000483213 8.24444e-05 8.54416e-05 
0.000540111 0.00013698 1.78951e-05 
0.000783084 0.000482581 1.7419e-05 
0.000821698 0.000291714 2.02434e-05 
0.000755013 2.87374e-05 1.81619e-05 
