1.76422e-05 
2.1704e-05 
2.03699e-05 
3.54768e-05 
2.75592e-05 
3.44162e-05 
2.78249e-05 
2.64556e-05 
1.80996e-05 
2.20964e-05 
3.19677e-05 
2.42948e-05 
2.04282e-05 
3.23941e-05 
2.07279e-05 
2.93091e-05 
3.0334e-05 
1.92678e-05 
1.80396e-05 
2.7978e-05 
3.14948e-05 
3.01904e-05 
2.78736e-05 
2.99183e-05 
2.11015e-05 
1.81692e-05 
3.01009e-05 
2.09691e-05 
2.90751e-05 
2.28458e-05 
2.34012e-05 
2.63918e-05 
3.12292e-05 
3.15086e-05 
2.01519e-05 
1.76415e-05 
2.69994e-05 
1.91688e-05 
2.94347e-05 
3.44139e-05 
1.8472e-05 
3.58817e-05 
2.1049e-05 
3.11469e-05 
3.14531e-05 
2.31585e-05 
3.68012e-05 
2.12821e-05 
2.40855e-05 
2.70019e-05 
2.62314e-05 
2.237e-05 
2.46145e-05 
2.8419e-05 
1.92411e-05 
2.79233e-05 
2.09954e-05 
1.83402e-05 
2.14007e-05 
2.99982e-05 
3.68351e-05 
1.9377e-05 
1.76339e-05 
2.01532e-05 
2.85306e-05 
2.13532e-05 
2.00058e-05 
1.75218e-05 
1.97814e-05 
2.38699e-05 
1.95576e-05 
3.49232e-05 
2.65446e-05 
3.34847e-05 
1.79393e-05 
1.75794e-05 
2.29714e-05 
2.73283e-05 
2.3242e-05 
1.79892e-05 
2.38459e-05 
3.01075e-05 
2.52662e-05 
2.03941e-05 
3.30954e-05 
1.88628e-05 
2.27337e-05 
1.74952e-05 
3.23374e-05 
1.83654e-05 
3.50126e-05 
2.08897e-05 
1.90299e-05 
2.15758e-05 
3.6971e-05 
2.64557e-05 
2.74136e-05 
1.94555e-05 
1.86478e-05 
1.72174e-05 
2.24191e-05 
1.97765e-05 
3.14676e-05 
1.9539e-05 
2.61065e-05 
3.39053e-05 
2.8924e-05 
1.83899e-05 
1.90258e-05 
2.03919e-05 
1.73172e-05 
2.79209e-05 
3.33829e-05 
1.85421e-05 
2.68016e-05 
2.77662e-05 
2.46408e-05 
3.41288e-05 
2.43866e-05 
2.03993e-05 
2.39003e-05 
2.41266e-05 
2.37334e-05 
1.70931e-05 
2.48319e-05 
2.04789e-05 
1.8918e-05 
1.98909e-05 
2.53523e-05 
1.79971e-05 
2.16435e-05 
2.56962e-05 
2.58743e-05 
2.03917e-05 
1.70542e-05 
1.72355e-05 
2.62375e-05 
2.34083e-05 
1.82003e-05 
2.35953e-05 
1.81166e-05 
1.83233e-05 
1.7793e-05 
2.10786e-05 
2.31952e-05 
2.66677e-05 
1.83501e-05 
2.99518e-05 
1.83526e-05 
1.99178e-05 
3.63096e-05 
2.80987e-05 
2.50965e-05 
3.21584e-05 
1.96212e-05 
1.777e-05 
2.77221e-05 
2.28919e-05 
2.10103e-05 
2.36108e-05 
2.90374e-05 
3.05273e-05 
1.91858e-05 
2.13226e-05 
2.69931e-05 
1.7931e-05 
2.77138e-05 
2.93363e-05 
1.88738e-05 
3.29153e-05 
2.21566e-05 
1.96969e-05 
2.59538e-05 
1.79081e-05 
2.61378e-05 
2.70631e-05 
2.65774e-05 
3.08635e-05 
2.25857e-05 
3.14003e-05 
2.57519e-05 
2.10889e-05 
2.95338e-05 
3.68544e-05 
1.9199e-05 
1.83423e-05 
1.75212e-05 
2.11597e-05 
3.25789e-05 
2.06407e-05 
2.30421e-05 
1.86073e-05 
2.14828e-05 
1.94241e-05 
1.80491e-05 
2.98831e-05 
2.76374e-05 
2.12841e-05 
1.79176e-05 
2.53302e-05 
2.40275e-05 
2.34196e-05 
1.84061e-05 
2.42421e-05 
2.63438e-05 
2.07599e-05 
2.6201e-05 
2.38872e-05 
2.8781e-05 
2.00529e-05 
2.05994e-05 
2.47364e-05 
2.61282e-05 
1.89176e-05 
2.06994e-05 
3.52786e-05 
2.3051e-05 
2.7752e-05 
2.6058e-05 
2.72963e-05 
2.55655e-05 
2.3053e-05 
2.05301e-05 
2.61236e-05 
2.00444e-05 
2.41161e-05 
1.79003e-05 
2.76165e-05 
3.02347e-05 
2.45468e-05 
2.51935e-05 
2.38006e-05 
2.32777e-05 
2.41161e-05 
1.84585e-05 
2.82251e-05 
2.02199e-05 
2.22365e-05 
2.41773e-05 
1.82577e-05 
1.95334e-05 
2.56874e-05 
2.81235e-05 
1.75118e-05 
3.07233e-05 
2.07907e-05 
1.75508e-05 
1.91971e-05 
2.03722e-05 
2.02844e-05 
1.83077e-05 
1.84039e-05 
1.8486e-05 
1.88413e-05 
1.74623e-05 
1.70092e-05 
1.76681e-05 
1.99229e-05 
1.97498e-05 
2.50038e-05 
1.7174e-05 
2.65566e-05 
1.71016e-05 
2.45193e-05 
2.30458e-05 
2.12635e-05 
2.22071e-05 
2.12497e-05 
2.33691e-05 
1.73007e-05 
2.30766e-05 
1.90089e-05 
2.48271e-05 
1.86373e-05 
3.03559e-05 
2.76465e-05 
1.75872e-05 
2.79749e-05 
1.73516e-05 
1.93161e-05 
1.86592e-05 
2.9147e-05 
2.93265e-05 
2.60684e-05 
3.10577e-05 
1.76521e-05 
1.88352e-05 
1.83843e-05 
1.93688e-05 
1.75754e-05 
2.03785e-05 
2.76451e-05 
1.85919e-05 
1.88569e-05 
1.78357e-05 
1.82439e-05 
2.28338e-05 
2.56913e-05 
1.99802e-05 
2.05582e-05 
2.1432e-05 
2.44555e-05 
2.33963e-05 
1.93178e-05 
2.80504e-05 
2.25736e-05 
2.25561e-05 
2.1814e-05 
3.0008e-05 
1.7229e-05 
2.0574e-05 
1.79312e-05 
1.81649e-05 
1.81008e-05 
1.86612e-05 
2.55724e-05 
1.90385e-05 
2.61591e-05 
2.37179e-05 
1.76253e-05 
2.08042e-05 
2.45174e-05 
3.29558e-05 
2.78395e-05 
2.23781e-05 
2.85369e-05 
1.76697e-05 
2.46309e-05 
1.7773e-05 
1.81063e-05 
2.12567e-05 
1.88355e-05 
1.86996e-05 
2.02209e-05 
1.82684e-05 
1.76738e-05 
1.87215e-05 
2.11523e-05 
2.23196e-05 
2.11885e-05 
1.7395e-05 
1.73235e-05 
2.44647e-05 
2.1121e-05 
1.99568e-05 
1.71315e-05 
2.53364e-05 
2.12696e-05 
2.58805e-05 
1.96947e-05 
1.87252e-05 
1.73585e-05 
1.70048e-05 
2.11645e-05 
1.74155e-05 
2.1795e-05 
2.4074e-05 
1.73326e-05 
1.8667e-05 
2.02794e-05 
1.87215e-05 
2.38575e-05 
2.06504e-05 
2.21131e-05 
1.73697e-05 
2.04852e-05 
2.0982e-05 
1.98797e-05 
1.76663e-05 
2.07449e-05 
1.77703e-05 
1.8029e-05 
2.31036e-05 
1.79156e-05 
1.88531e-05 
1.94935e-05 
2.51446e-05 
1.90333e-05 
3.04354e-05 
1.99234e-05 
2.49999e-05 
1.76394e-05 
2.36718e-05 
2.27282e-05 
1.73118e-05 
2.27098e-05 
2.11738e-05 
1.72825e-05 
1.70309e-05 
1.76224e-05 
1.79268e-05 
1.93022e-05 
2.15817e-05 
1.87794e-05 
1.70004e-05 
1.76811e-05 
1.96099e-05 
1.78314e-05 
2.3026e-05 
2.35426e-05 
1.89506e-05 
2.22316e-05 
2.1632e-05 
2.65232e-05 
1.73718e-05 
2.61877e-05 
2.07956e-05 
2.16529e-05 
2.44772e-05 
1.80993e-05 
2.08021e-05 
1.85068e-05 
1.83094e-05 
2.00257e-05 
2.22866e-05 
1.76465e-05 
2.02088e-05 
1.88788e-05 
1.95993e-05 
1.97819e-05 
1.77246e-05 
1.84205e-05 
1.97605e-05 
1.83426e-05 
1.93491e-05 
1.77066e-05 
2.02978e-05 
2.01119e-05 
2.1623e-05 
1.77676e-05 
2.49321e-05 
1.75169e-05 
2.10463e-05 
2.08108e-05 
1.96451e-05 
1.73473e-05 
1.72227e-05 
1.90571e-05 
2.57785e-05 
1.89563e-05 
1.70459e-05 
1.94187e-05 
1.87622e-05 
1.79166e-05 
3.21427e-05 
1.7626e-05 
1.7856e-05 
2.03305e-05 
2.22522e-05 
2.43364e-05 
1.99482e-05 
1.77666e-05 
1.81681e-05 
1.74179e-05 
1.71895e-05 
2.1634e-05 
1.76403e-05 
2.09744e-05 
2.04376e-05 
1.96618e-05 
1.78368e-05 
1.79076e-05 
1.91646e-05 
1.99145e-05 
2.52522e-05 
1.89164e-05 
1.80688e-05 
2.036e-05 
1.75429e-05 
1.80075e-05 
1.87616e-05 
1.92586e-05 
2.12767e-05 
2.03217e-05 
2.09493e-05 
2.26512e-05 
1.72844e-05 
2.47438e-05 
2.2918e-05 
1.90665e-05 
1.94223e-05 
2.17733e-05 
1.78376e-05 
1.80269e-05 
1.72846e-05 
1.85395e-05 
1.88612e-05 
1.89663e-05 
2.07132e-05 
1.96446e-05 
2.09342e-05 
1.77942e-05 
1.81923e-05 
1.70952e-05 
2.18877e-05 
1.83432e-05 
2.09361e-05 
1.70701e-05 
2.31557e-05 
2.03494e-05 
2.44156e-05 
1.93525e-05 
1.76415e-05 
1.83357e-05 
1.96442e-05 
2.09256e-05 
1.8413e-05 
1.90772e-05 
1.88448e-05 
1.70841e-05 
2.17877e-05 
1.71186e-05 
