0 0 -4.89981e-07 
0 0 -4.89974e-07 
0 0 -4.89941e-07 
0 0 -4.89989e-07 
0 0 -4.8998e-07 
0 0 -4.8998e-07 
0 0 -4.89971e-07 
0 0 -4.89969e-07 
0 0 -4.89973e-07 
0 0 -4.89983e-07 
0 0 -4.89983e-07 
0 0 -4.89985e-07 
0 0 -4.89965e-07 
0 0 -4.89981e-07 
0 0 -4.89986e-07 
0 0 -4.89979e-07 
0 0 -4.89972e-07 
0 0 -4.89985e-07 
0 0 -4.89973e-07 
0 0 -4.89984e-07 
0 0 -4.89978e-07 
0 0 -4.89988e-07 
0 0 -4.89987e-07 
0 0 -4.8998e-07 
0 0 -4.89976e-07 
0 0 -4.89983e-07 
0 0 -4.89982e-07 
0 0 -4.89987e-07 
0 0 -4.89985e-07 
0 0 -4.89986e-07 
0 0 -4.89983e-07 
0 0 -4.89984e-07 
0 0 -4.89983e-07 
0 0 -4.89987e-07 
0 0 -4.89984e-07 
0 0 -4.89982e-07 
0 0 -4.89981e-07 
0 0 -4.89987e-07 
0 0 -4.8997e-07 
0 0 -4.89949e-07 
0 0 -4.89983e-07 
0 0 -4.89978e-07 
0 0 -4.89976e-07 
0 0 -4.89977e-07 
0 0 -4.89977e-07 
0 0 -4.89982e-07 
0 0 -4.89978e-07 
0 0 -4.8998e-07 
0 0 -4.89974e-07 
0 0 -4.89972e-07 
0 0 -4.89964e-07 
0 0 -4.8998e-07 
0 0 -4.89974e-07 
0 0 -4.89976e-07 
0 0 -4.89982e-07 
0 0 -4.89985e-07 
0 0 -4.89974e-07 
0 0 -4.89975e-07 
0 0 -4.89966e-07 
0 0 -4.89974e-07 
0 0 -4.89945e-07 
0 0 -4.89987e-07 
0 0 -4.89974e-07 
0 0 -4.89983e-07 
0 0 -4.89979e-07 
0 0 -4.8997e-07 
0 0 -4.89977e-07 
0 0 -4.89981e-07 
0 0 -4.89975e-07 
0 0 -4.89982e-07 
0 0 -4.89978e-07 
0 0 -4.89977e-07 
0 0 -4.89973e-07 
0 0 -4.89969e-07 
0 0 -4.89965e-07 
0 0 -4.89949e-07 
0 0 -4.89981e-07 
0 0 -4.89982e-07 
0 0 -4.89974e-07 
0 0 -4.89974e-07 
0 0 -4.89964e-07 
0 0 -4.89969e-07 
0 0 -4.89986e-07 
0 0 -4.89966e-07 
0 0 -4.89974e-07 
0 0 -4.89983e-07 
0 0 -4.89981e-07 
0 0 -4.89983e-07 
0 0 -4.89975e-07 
0 0 -4.89967e-07 
0 0 -4.89972e-07 
0 0 -4.89976e-07 
0 0 -4.89979e-07 
0 0 -4.89943e-07 
0 0 -4.89972e-07 
0 0 -4.89973e-07 
0 0 -4.89967e-07 
0 0 -4.89981e-07 
0 0 -4.89981e-07 
0 0 -4.89981e-07 
0 0 -4.89975e-07 
0 0 -4.89974e-07 
0 0 -4.89975e-07 
0 0 -4.8998e-07 
0 0 -4.89965e-07 
0 0 -4.89971e-07 
0 0 -4.89962e-07 
0 0 -4.89975e-07 
0 0 -4.89977e-07 
0 0 -4.8997e-07 
0 0 -4.89959e-07 
0 0 -4.89983e-07 
0 0 -4.89985e-07 
0 0 -4.89972e-07 
0 0 -4.8997e-07 
0 0 -4.89963e-07 
0 0 -4.89982e-07 
0 0 -4.89981e-07 
0 0 -4.89977e-07 
0 0 -4.89974e-07 
0 0 -4.89974e-07 
0 0 -4.89973e-07 
0 0 -4.89984e-07 
0 0 -4.89976e-07 
0 0 -4.89966e-07 
0 0 -4.89974e-07 
0 0 -4.89974e-07 
0 0 -4.89944e-07 
0 0 -4.89962e-07 
0 0 -4.89969e-07 
0 0 -4.89963e-07 
0 0 -4.89983e-07 
0 0 -4.89976e-07 
0 0 -4.89983e-07 
0 0 -4.8997e-07 
0 0 -4.89961e-07 
0 0 -4.89974e-07 
0 0 -4.89971e-07 
0 0 -4.89974e-07 
0 0 -4.89971e-07 
0 0 -4.89971e-07 
0 0 -4.89971e-07 
0 0 -4.89967e-07 
0 0 -4.89968e-07 
0 0 -4.89978e-07 
0 0 -4.89965e-07 
0 0 -4.89981e-07 
0 0 -4.89953e-07 
0 0 -4.89969e-07 
0 0 -4.89967e-07 
0 0 -4.89974e-07 
0 0 -4.89973e-07 
0 0 -4.89978e-07 
0 0 -4.89942e-07 
0 0 -4.89979e-07 
0 0 -4.89941e-07 
0 0 -4.89972e-07 
0 0 -4.89982e-07 
0 0 -4.89971e-07 
0 0 -4.89957e-07 
0 0 -4.89972e-07 
0 0 -4.89967e-07 
0 0 -4.89962e-07 
0 0 -4.89949e-07 
0 0 -4.89962e-07 
0 0 -4.89978e-07 
0 0 -4.89972e-07 
0 0 -4.89983e-07 
0 0 -4.89985e-07 
0 0 -4.89984e-07 
0 0 -4.89973e-07 
0 0 -4.89957e-07 
0 0 -4.89978e-07 
0 0 -4.89971e-07 
0 0 -4.89966e-07 
0 0 -4.89963e-07 
0 0 -4.89975e-07 
0 0 -4.89975e-07 
0 0 -4.8997e-07 
0 0 -4.89972e-07 
0 0 -4.89952e-07 
0 0 -4.89959e-07 
0 0 -4.8995e-07 
0 0 -4.89968e-07 
0 0 -4.89976e-07 
0 0 -4.89946e-07 
0 0 -4.89975e-07 
0 0 -4.89968e-07 
0 0 -4.89949e-07 
0 0 -4.89954e-07 
0 0 -4.89977e-07 
0 0 -4.89956e-07 
0 0 -4.89973e-07 
0 0 -4.89978e-07 
0 0 -4.89968e-07 
0 0 -4.89976e-07 
0 0 -4.89962e-07 
0 0 -4.89971e-07 
0 0 -4.8998e-07 
0 0 -4.89967e-07 
0 0 -4.89976e-07 
0 0 -4.89915e-07 
0 0 -4.89963e-07 
0 0 -4.89965e-07 
0 0 -4.89933e-07 
0 0 -4.89969e-07 
0 0 -4.8997e-07 
0 0 -4.89942e-07 
0 0 -4.89963e-07 
0 0 -4.89959e-07 
0 0 -4.89957e-07 
0 0 -4.89955e-07 
0 0 -4.89972e-07 
0 0 -4.89967e-07 
0 0 -4.89972e-07 
0 0 -4.89966e-07 
0 0 -4.89949e-07 
0 0 -4.89978e-07 
0 0 -4.89948e-07 
0 0 -4.89939e-07 
0 0 -4.89954e-07 
0 0 -4.8997e-07 
0 0 -4.89955e-07 
0 0 -4.89972e-07 
0 0 -4.89979e-07 
0 0 -4.89955e-07 
0 0 -4.89971e-07 
0 0 -4.89959e-07 
0 0 -4.89957e-07 
0 0 -4.89946e-07 
0 0 -4.8996e-07 
0 0 -4.89966e-07 
0 0 -4.89951e-07 
0 0 -4.89965e-07 
0 0 -4.89959e-07 
0 0 -4.89944e-07 
0 0 -4.89962e-07 
0 0 -4.89976e-07 
0 0 -4.89944e-07 
0 0 -4.89962e-07 
0 0 -4.89975e-07 
0 0 -4.89933e-07 
0 0 -4.8996e-07 
0 0 -4.89974e-07 
0 0 -4.89927e-07 
0 0 -4.89969e-07 
0 0 -4.89918e-07 
0 0 -4.89927e-07 
0 0 -4.89945e-07 
0 0 -4.89971e-07 
0 0 -4.89959e-07 
0 0 -4.89936e-07 
0 0 -4.89965e-07 
0 0 -4.89911e-07 
0 0 -4.89945e-07 
0 0 -4.89951e-07 
0 0 -4.89928e-07 
0 0 -4.89919e-07 
0 0 -4.89965e-07 
0 0 -4.89942e-07 
0 0 -4.89957e-07 
0 0 -4.89963e-07 
0 0 -4.89947e-07 
0 0 -4.89964e-07 
0 0 -4.89937e-07 
0 0 -4.89933e-07 
0 0 -4.89967e-07 
0 0 -4.89926e-07 
0 0 -4.89967e-07 
0 0 -4.89955e-07 
0 0 -4.89966e-07 
0 0 -4.8996e-07 
0 0 -4.89959e-07 
0 0 -4.89967e-07 
0 0 -4.89959e-07 
0 0 -4.89967e-07 
0 0 -4.89965e-07 
0 0 -4.8994e-07 
0 0 -4.89955e-07 
0 0 -4.89901e-07 
0 0 -4.89929e-07 
0 0 -4.89969e-07 
0 0 -4.89878e-07 
0 0 -4.89933e-07 
0 0 -4.89887e-07 
0 0 -4.89899e-07 
0 0 -4.89957e-07 
0 0 -4.89965e-07 
0 0 -4.89973e-07 
0 0 -4.89962e-07 
0 0 -4.89929e-07 
0 0 -4.89948e-07 
0 0 -4.89961e-07 
0 0 -4.8993e-07 
0 0 -4.8994e-07 
0 0 -4.89945e-07 
0 0 -4.8997e-07 
0 0 -4.89947e-07 
0 0 -4.89927e-07 
0 0 -4.89956e-07 
0 0 -4.89927e-07 
0 0 -4.89956e-07 
0 0 -4.89945e-07 
0 0 -4.8996e-07 
0 0 -4.89962e-07 
0 0 -4.89956e-07 
0 0 -4.89932e-07 
0 0 -4.89943e-07 
0 0 -4.89958e-07 
0 0 -4.89948e-07 
0 0 -4.89918e-07 
0 0 -4.89939e-07 
0 0 -4.89949e-07 
0 0 -4.89934e-07 
0 0 -4.89958e-07 
0 0 -4.89959e-07 
0 0 -4.89937e-07 
0 0 -4.89954e-07 
0 0 -4.89948e-07 
0 0 -4.89952e-07 
0 0 -4.89957e-07 
0 0 -4.89936e-07 
0 0 -4.89951e-07 
0 0 -4.89938e-07 
0 0 -4.89922e-07 
0 0 -4.89917e-07 
0 0 -4.89948e-07 
0 0 -4.89912e-07 
0 0 -4.89963e-07 
0 0 -4.89941e-07 
0 0 -4.89937e-07 
0 0 -4.89915e-07 
0 0 -4.89906e-07 
0 0 -4.8995e-07 
0 0 -4.89941e-07 
0 0 -4.89948e-07 
0 0 -4.8994e-07 
0 0 -4.89925e-07 
0 0 -4.89943e-07 
0 0 -4.89925e-07 
0 0 -4.89941e-07 
0 0 -4.89946e-07 
0 0 -4.89923e-07 
0 0 -4.89955e-07 
0 0 -4.89941e-07 
0 0 -4.89943e-07 
0 0 -4.89924e-07 
0 0 -4.89961e-07 
0 0 -4.89914e-07 
0 0 -4.89934e-07 
0 0 -4.89954e-07 
0 0 -4.89928e-07 
0 0 -4.89932e-07 
0 0 -4.89955e-07 
0 0 -4.89936e-07 
0 0 -4.89916e-07 
0 0 -4.89922e-07 
0 0 -4.89939e-07 
0 0 -4.89961e-07 
0 0 -4.89972e-07 
0 0 -4.89914e-07 
0 0 -4.89934e-07 
0 0 -4.8994e-07 
0 0 -4.89947e-07 
0 0 -4.8992e-07 
0 0 -4.89927e-07 
0 0 -4.89902e-07 
0 0 -4.89898e-07 
0 0 -4.8992e-07 
0 0 -4.89862e-07 
0 0 -4.89865e-07 
0 0 -4.89919e-07 
0 0 -4.89944e-07 
0 0 -4.89928e-07 
0 0 -4.89942e-07 
0 0 -4.89902e-07 
0 0 -4.8991e-07 
0 0 -4.89898e-07 
0 0 -4.89915e-07 
0 0 -4.89883e-07 
0 0 -4.89938e-07 
0 0 -4.89926e-07 
0 0 -4.89944e-07 
0 0 -4.89933e-07 
0 0 -4.89926e-07 
0 0 -4.89928e-07 
0 0 -4.8989e-07 
0 0 -4.89926e-07 
0 0 -4.89954e-07 
0 0 -4.89941e-07 
0 0 -4.89931e-07 
0 0 -4.89962e-07 
0 0 -4.89902e-07 
0 0 -4.89959e-07 
0 0 -4.8992e-07 
0 0 -4.89935e-07 
0 0 -4.89907e-07 
0 0 -4.89949e-07 
0 0 -4.89909e-07 
0 0 -4.89905e-07 
0 0 -4.89946e-07 
0 0 -4.89883e-07 
0 0 -4.89901e-07 
0 0 -4.89917e-07 
0 0 -4.89898e-07 
0 0 -4.89881e-07 
0 0 -4.89918e-07 
0 0 -4.89951e-07 
0 0 -4.89913e-07 
0 0 -4.89932e-07 
0 0 -4.89941e-07 
0 0 -4.89884e-07 
0 0 -4.89904e-07 
0 0 -4.89935e-07 
0 0 -4.89879e-07 
0 0 -4.89937e-07 
0 0 -4.89925e-07 
0 0 -4.89916e-07 
0 0 -4.89919e-07 
0 0 -4.89909e-07 
0 0 -4.89924e-07 
0 0 -4.89943e-07 
0 0 -4.89923e-07 
0 0 -4.89917e-07 
0 0 -4.89905e-07 
0 0 -4.89869e-07 
0 0 -4.8993e-07 
0 0 -4.89912e-07 
0 0 -4.8991e-07 
0 0 -4.89918e-07 
0 0 -4.89917e-07 
0 0 -4.89905e-07 
0 0 -4.89926e-07 
0 0 -4.89896e-07 
0 0 -4.89944e-07 
0 0 -4.89885e-07 
0 0 -4.89891e-07 
0 0 -4.89927e-07 
0 0 -4.89937e-07 
0 0 -4.89921e-07 
0 0 -4.89907e-07 
0 0 -4.89932e-07 
0 0 -4.89934e-07 
0 0 -4.89923e-07 
0 0 -4.89943e-07 
0 0 -4.89953e-07 
0 0 -4.89947e-07 
0 0 -4.89896e-07 
0 0 -4.89934e-07 
0 0 -4.89944e-07 
0 0 -4.89923e-07 
0 0 -4.89868e-07 
0 0 -4.89918e-07 
0 0 -4.89927e-07 
0 0 -4.89932e-07 
0 0 -4.89926e-07 
0 0 -4.89922e-07 
0 0 -4.8992e-07 
0 0 -4.89963e-07 
0 0 -4.89939e-07 
0 0 -4.89899e-07 
0 0 -4.89858e-07 
0 0 -4.89942e-07 
0 0 -4.89923e-07 
0 0 -4.89931e-07 
0 0 -4.89943e-07 
0 0 -4.89867e-07 
0 0 -4.89916e-07 
0 0 -4.89886e-07 
0 0 -4.89923e-07 
0 0 -4.89879e-07 
0 0 -4.89901e-07 
0 0 -4.89921e-07 
0 0 -4.89895e-07 
0 0 -4.89888e-07 
0 0 -4.89886e-07 
0 0 -4.89889e-07 
0 0 -4.89903e-07 
0 0 -4.89876e-07 
0 0 -4.89885e-07 
0 0 -4.89946e-07 
0 0 -4.89907e-07 
0 0 -4.89934e-07 
0 0 -4.89877e-07 
0 0 -4.8994e-07 
0 0 -4.89918e-07 
0 0 -4.89875e-07 
0 0 -4.89946e-07 
0 0 -4.89929e-07 
0 0 -4.89914e-07 
0 0 -4.89944e-07 
0 0 -4.89873e-07 
0 0 -4.89861e-07 
0 0 -4.89865e-07 
0 0 -4.89859e-07 
0 0 -4.899e-07 
0 0 -4.89922e-07 
0 0 -4.89924e-07 
0 0 -4.89926e-07 
0 0 -4.89936e-07 
0 0 -4.89886e-07 
0 0 -4.8994e-07 
0 0 -4.89914e-07 
0 0 -4.89905e-07 
0 0 -4.89897e-07 
0 0 -4.89929e-07 
0 0 -4.89921e-07 
0 0 -4.89906e-07 
0 0 -4.89943e-07 
0 0 -4.89936e-07 
0 0 -4.89868e-07 
0 0 -4.89895e-07 
