0.000307706 -0.000655944 0.000360173 
-0.000853845 0.000340981 -0.000112061 
-0.000619632 -0.000353638 -0.000302434 
0.00049337 0.000506111 -0.000393373 
0.000296074 0.000308853 0.000675333 
-0.00103899 -0.00179237 -0.000135488 
-0.000308649 0.000248505 0.000827064 
-1.27894e-05 2.19307e-06 -0.000258286 
-7.4938e-05 0.000477235 -0.00057802 
-0.000271163 1.91493e-05 -0.000299294 
-1.93776e-05 0.000278091 -0.000248111 
0.000932957 0.00134747 -0.000737362 
-0.000177485 9.54617e-05 0.000114483 
-0.000740742 -0.00118416 -0.000562005 
0.000904024 0.000652797 -0.00131557 
-0.000130271 0.000232479 0.000205048 
-0.000466828 -0.000343088 5.55791e-05 
-0.000128236 0.000762151 0.000990017 
-0.00168932 -0.00191008 1.18974e-05 
0.000762943 0.00109648 -0.000758303 
0.000285904 -0.000142409 -0.0010493 
-0.00144973 -0.00121941 9.59308e-05 
-0.0014521 -0.00092787 0.000474484 
-9.83164e-05 -0.000251422 -2.69665e-05 
0.000138326 -0.000119432 7.08532e-05 
1.97398e-05 -0.000182485 0.000202482 
0.000276256 0.000751166 0.0003004 
-0.000105942 -0.000426159 0.000120061 
-7.84036e-05 -0.000184241 -0.000149793 
-0.000847725 1.21954e-05 -0.000236283 
-0.000884121 0.000368487 -0.00153295 
0.000242812 0.000737864 -0.000236828 
0.000597475 -3.55751e-05 -0.000131075 
-0.00125062 -0.00285774 -0.000459768 
-0.000155679 3.01752e-05 -4.15332e-05 
-0.000707897 -0.000306045 -0.000836169 
0.000213298 3.24066e-08 -0.000113698 
-0.000970486 0.000863437 -0.000855829 
-0.000338248 -0.000850104 0.000585963 
8.11716e-05 -0.000571833 0.000251696 
0.000549779 -2.24497e-05 -0.000287707 
-0.000395175 0.000371293 -1.65351e-05 
0.000505948 0.000189418 -0.000361946 
0.00138894 0.000560407 -0.00168943 
0.0003422 0.000185517 -3.55103e-05 
-0.000118852 -5.02778e-05 0.0010238 
0.000136253 -0.000808125 0.00100649 
-0.000241037 0.000450499 6.81148e-05 
-0.000861754 -0.00020291 0.000448225 
0.00110494 -0.000151113 0.000493918 
-0.00073079 -0.000237426 -0.000604465 
-0.00140386 0.00372641 0.000213006 
0.000851451 0.000264513 -0.000319388 
0.000668272 4.27282e-05 -0.000404176 
-0.000438721 0.000333218 0.000345737 
0.000794174 -0.000446801 -0.00119998 
-0.00130111 0.000938814 1.7319e-05 
-0.000765741 0.000189871 -0.000443437 
0.000424225 -0.000225872 -0.0005509 
-0.000826476 0.000660536 -0.000424171 
3.85864e-05 -0.00134195 0.000373834 
0.00115017 0.000435645 0.000300101 
0.000603597 0.000578798 2.90588e-05 
0.000609537 0.000425124 -7.65394e-06 
0.000605262 -0.000941206 0.00141771 
-0.000867614 0.00020855 -0.000380867 
-0.00101429 0.000837771 0.000806164 
0.00152906 0.000756641 -0.000158291 
-0.00037364 -0.000860304 -0.0003491 
0.000183957 -0.000471255 -0.000531125 
0.000355168 8.66338e-06 0.00035926 
2.17294e-08 -1.64635e-08 3.87938e-11 
-0.000768212 0.00120528 0.00140398 
0.00018611 -0.000194191 0.000596633 
0.000541209 -0.000452778 -0.000946159 
-0.000331461 0.000298853 -0.000602396 
0.000435506 0.000606277 -6.69948e-05 
-0.00117288 0.00179994 -0.00122546 
-0.000305938 0.000191531 -0.000507775 
-0.00229798 -0.00123829 -0.000123487 
0.000190404 0.000153997 -0.000326481 
-0.000738358 -0.000329287 0.000165157 
-0.000530104 0.00055196 0.000201314 
0.000355751 -0.000328006 6.63273e-05 
-3.66319e-05 -0.00062288 0.00011974 
0.000889147 0.000330905 -1.49543e-05 
-0.000560477 -0.000750244 4.25525e-05 
0.000755277 -0.000754508 0.000260558 
0.000200857 0.00073631 -0.000171192 
-0.000572911 5.4192e-05 0.000233525 
0.000521617 0.000364106 -0.00076608 
-0.000291442 -8.73108e-05 -0.000240433 
-0.000611589 -0.000106261 -0.00196788 
0.000283677 0.000137345 0.000548548 
-0.000466983 -0.000863964 -0.000884965 
-0.000463642 -0.00116793 -0.00103225 
0.000479983 -0.000586105 0.000905761 
0.000272404 9.54005e-05 0.000952289 
0.000111029 0.000546956 -0.000850601 
1.71591e-05 -0.000890875 0.00082078 
-0.00107995 -0.00106841 -0.000713167 
-6.30809e-05 -0.000978562 -0.000353809 
0.000885793 0.000298262 0.000930185 
0.000443668 0.000257789 0.000516821 
0.000168055 6.17839e-05 0.000824241 
-0.000155288 -0.000672582 -0.00103507 
0.000174401 -9.63288e-05 4.05299e-05 
-5.9654e-05 -0.00157772 -0.000340649 
-4.65686e-05 0.000216337 0.000607175 
0.000126454 0.000295713 0.000405271 
0.000749276 -0.000759847 0.000128198 
-0.000392477 -9.20558e-05 -0.000190127 
0.000460226 -4.65017e-05 -0.000480963 
-0.00119977 -0.000606245 9.88598e-05 
0.000378889 -0.000481143 0.00165742 
-0.000204997 0.000213855 0.000229799 
8.50673e-05 0.000632638 0.00160156 
-0.000642475 -0.00011025 -6.51284e-06 
0.000316464 0.000311711 -0.000216355 
0.00109673 1.56249e-05 0.000450487 
0.00049024 0.00113428 -0.00135267 
0.000232529 -0.000874696 -0.00052787 
-0.000862726 7.249e-05 -0.00152048 
3.85533e-05 0.00027613 -0.000427743 
5.48962e-06 -0.000121718 0.000166283 
-0.00114347 -0.000718833 0.00178031 
4.75279e-05 0.000569474 5.26732e-06 
0.000501566 0.000692259 -0.00132366 
-0.00016563 -5.42786e-05 -1.97972e-08 
-0.000775095 0.000256455 -5.03305e-05 
3.33526e-10 1.90017e-08 -1.19257e-08 
-0.000425533 0.000125005 -0.000135713 
0.000374591 0.00105223 -0.00030253 
-0.000854518 -0.00299424 0.000328386 
0.000248294 5.06245e-05 -0.000471108 
-0.000706476 0.000445764 0.000487284 
-0.000394403 0.000235711 -0.000710354 
2.14973e-08 5.71785e-09 6.58201e-14 
0.000779538 0.000627831 -0.000202267 
2.66486e-08 -5.74336e-09 -3.86204e-13 
-0.000123673 0.00017428 0.000419706 
-0.000292293 1.72944e-05 -0.00135017 
-1.18273e-05 0.000358147 -0.000337606 
-0.000966279 -0.000651866 -0.000637541 
-0.000212142 0.00298094 0.000928627 
-0.00027413 0.000709874 0.00077578 
-6.75284e-06 -0.000817995 0.000411222 
0.000749789 0.000599366 0.000553572 
0.00066294 -0.000109978 -0.000521275 
4.24245e-06 5.61538e-05 2.76144e-05 
0.000242348 -0.000704819 -7.23209e-05 
0.00028903 -0.000571082 -0.00118776 
-2.26324e-05 5.84535e-05 -0.00030705 
-0.000420409 0.000398815 -0.000343141 
-0.000575817 -0.00024673 -0.000352023 
2.06103e-05 0.000119885 6.93678e-05 
0.00144449 -0.000500541 -0.00106086 
-0.000272793 0.000672571 -0.0014473 
-6.59173e-05 0.00091622 -0.000163663 
6.91996e-05 1.71941e-05 -0.000244411 
0.000251262 0.000669951 -0.000234226 
0.000566484 -0.000989004 1.05804e-05 
-9.87028e-05 -0.000729809 0.000102079 
0.000428481 -9.13557e-05 0.000407255 
0.000253103 0.000929132 9.64906e-05 
-0.000179651 -0.000566209 -0.000724103 
0.000293244 6.1761e-05 0.000458375 
-0.000351408 0.000129249 4.32657e-05 
0.000602229 0.00183564 0.0011568 
-0.00174112 0.000443782 0.000295665 
0.000557904 -0.000277275 -0.000672809 
0.000131028 -0.00111938 -0.000163406 
-2.90104e-05 0.00110128 -0.000878549 
-0.000433594 7.62548e-05 -0.000446507 
-0.000470213 0.000408014 0.000461492 
-8.75194e-05 0.000117087 0.000150457 
0.000325447 -0.00076631 0.000211612 
0.000310043 -5.78168e-06 0.000193569 
0.000325616 -0.000652505 0.00022961 
8.35923e-05 0.000314776 -0.00085738 
-0.000354484 2.68179e-05 0.000792072 
8.27719e-05 0.000430483 0.000397977 
-0.0019941 -0.000287261 0.000236164 
-2.5829e-05 -0.000378786 -8.50172e-05 
-0.000470648 -0.000574103 4.4009e-05 
3.69515e-05 -0.000222304 4.74999e-05 
0.00112152 -0.000245553 0.000142346 
-0.000424021 -0.000426752 -0.000302564 
-0.0016992 -0.00178899 -0.00116082 
0.000327183 0.00146547 -0.0018202 
0.000194491 7.1892e-05 0.000612712 
0.000374388 0.000425256 -0.000524232 
0.00107334 -0.000596696 0.00109475 
-0.000138754 0.000488456 -0.000224499 
-0.00142451 -0.000884707 -1.4627e-06 
-0.000197974 0.000369989 0.000565408 
-0.00027771 0.000134957 -0.000123316 
0.00047812 -0.000860373 0.000415731 
0.00120952 0.00112738 9.8189e-05 
-0.000536963 0.000150861 -1.08362e-05 
-0.000574377 0.00038157 3.8272e-05 
0.000531056 0.00159714 0.000565294 
0.000122193 -0.000138875 -0.000988112 
-0.000513642 0.000107605 -0.000252007 
-0.000205692 -0.000125902 -0.000839129 
0.000272815 0.000167767 -0.00116161 
0.000850042 0.000523076 -0.000111232 
-0.000532746 -0.000131111 -0.000657578 
-0.000252965 0.00109695 0.000118873 
0.000255256 -0.000799578 0.000652566 
-0.000146776 -0.000240097 0.000532375 
0.00127158 -0.000233571 -0.000352786 
-0.000216964 -0.00125395 -0.0007482 
0.00075655 -0.000246743 -0.000636369 
0.000550579 -0.000310064 -0.00016489 
0.000112824 -0.000441679 -0.00217385 
0.000586027 6.24465e-05 4.91139e-05 
-8.30348e-05 0.000456396 0.000189731 
-0.000968386 -0.000101533 0.000197215 
-0.000289747 0.000185895 0.000106044 
0.000247581 0.00051716 -1.26613e-05 
-0.000312923 0.000712597 0.000845963 
0.000481227 -0.000364241 -0.000381157 
-0.000354058 -0.000561953 -0.000610356 
0.00110435 0.00111421 0.000776299 
0.000632041 0.000140882 -0.000110358 
0.000239994 7.22712e-06 2.55684e-05 
-0.000144526 -0.0015197 0.000108553 
-0.000887513 -0.000892454 0.000251637 
-0.000700804 0.000717677 -0.000482802 
0.00014023 0.000642528 0.000280301 
0.000172216 -0.001237 -0.000448831 
-0.000842415 -0.000289032 7.08989e-05 
-0.000242433 0.000408447 -5.88281e-05 
-0.000738613 0.000324446 0.000571134 
0.000799938 -0.000611741 0.00066754 
0.000377701 -0.0004447 0.000102662 
0.0011417 0.00017966 0.000896064 
-0.000305937 3.09913e-05 -0.000316984 
-0.000196277 0.000147121 -0.000202769 
0.000538771 4.70882e-06 -0.000652759 
-0.000425257 7.32349e-05 -0.000265514 
0.00178223 0.00188821 0.000312376 
0.00016309 -0.000608593 6.75434e-05 
-0.000158805 -6.47137e-05 -0.000318012 
0.000714776 -0.000283854 -0.00014917 
-0.000320218 -0.000173812 -3.83161e-05 
-0.000442427 -0.0012492 -0.000402525 
-0.00103075 -0.000635593 -0.000283007 
-0.000679759 -0.000224856 -0.000840901 
-0.000349769 0.000775829 -6.63453e-05 
-6.2977e-05 -0.000220091 0.000553923 
0.000944547 0.000404822 0.000460688 
0.000226384 0.000921738 -0.000376779 
-0.000436728 -0.000567897 -0.000675311 
-0.000106516 0.000492547 -0.00182977 
-0.000324664 -0.000282595 0.000221473 
-0.000248529 2.76872e-05 -0.00105639 
0.000209662 -0.000641391 -9.14937e-05 
0.000924247 0.00261685 0.000480107 
-0.000675741 -0.000128359 -0.000115611 
0.00014536 -0.000940134 -0.00154052 
0.000174304 0.000426602 0.000118771 
-0.00149346 0.00139169 -0.000568993 
-8.2655e-05 -0.000140787 0.000206714 
-0.000200478 -0.000432492 -5.5296e-05 
-0.000140849 1.72869e-05 -0.000151564 
-1.37647e-05 0.000739226 -0.000108523 
-0.000690445 -8.08484e-05 0.000952531 
-0.000377867 0.00093868 -0.000340893 
-0.000390422 -0.000590915 0.000194164 
0.000600088 0.0011286 -0.000358069 
-4.50992e-05 0.000816327 -0.000532395 
7.83671e-05 -3.76709e-05 -0.000505922 
0.000677625 0.000222978 0.000146504 
-0.000222041 0.000407729 1.53291e-05 
-0.000259534 -0.000507314 -0.00049796 
-0.000123155 7.84967e-05 0.00077836 
-0.000161443 0.000417321 -0.000393632 
0.000104248 -0.000457605 -6.06021e-05 
0.000340006 0.000605637 0.000233611 
0.000278753 1.11492e-05 5.91831e-06 
-8.36573e-05 0.000534856 -0.00129691 
0.000834499 0.00129362 0.000212834 
0.000586559 0.00039429 -0.000337656 
-0.000153334 4.69656e-05 0.000119796 
-0.00064074 7.26824e-05 -0.0008554 
0.000388359 0.000250685 -0.000960528 
0.000878252 -0.000140499 -0.000129183 
-0.000167432 0.00062388 -0.000975388 
1.0725e-05 0.00129821 0.00054393 
-3.00217e-05 0.000198653 -8.46199e-05 
-0.00155553 0.0015987 0.000380939 
0.000470436 0.000335902 -0.000101791 
0.000578924 -0.0005457 3.16807e-05 
0.000537955 -1.42468e-05 -0.000329561 
0.000384048 -0.000586337 0.000303668 
-0.00065916 0.000870312 -0.000193789 
-0.000319399 0.000745779 -0.000587171 
-0.000411357 0.000486525 6.97319e-05 
-0.000235616 -2.91004e-05 0.000750883 
3.36115e-05 -8.20825e-05 0.000240944 
-0.000133001 -0.000211154 -4.89195e-05 
0.000114755 0.000710263 3.66381e-05 
0.000153693 -6.79333e-05 0.000586198 
-0.00100506 0.000149914 0.000268473 
0.000327489 -0.000463905 -7.67499e-05 
0.000357849 0.000291863 -0.000531396 
-3.19626e-06 0.00118398 4.58384e-05 
0.00129901 0.000165188 -0.000457478 
-0.000536446 -0.000178331 -0.000798226 
-0.000349417 0.000406791 -0.000152737 
0.000349668 -0.000130136 -0.000273954 
-0.000263299 -1.50084e-05 -0.00030487 
-0.000449801 0.000333299 -0.000616564 
0.000225286 3.14651e-05 -0.000817204 
0.000139713 8.14741e-05 8.91304e-06 
0.000680902 0.00018196 0.00237855 
-0.00023824 -0.000457042 -0.000142616 
-0.000510648 0.000178585 3.56043e-05 
0.000269007 0.000205382 0.000250439 
-0.000356244 -0.000427553 -0.000278811 
-4.34819e-05 7.23806e-05 -0.000208888 
-0.000652496 0.000446601 -0.00208241 
-0.000231933 7.65606e-05 -0.000422275 
-1.01802e-05 0.000293256 -0.000345532 
-0.000267675 -0.000283535 0.000336868 
-3.38207e-06 5.56159e-06 -6.27872e-05 
0.000240487 1.42032e-05 6.19738e-05 
0.00033936 0.000222493 -0.000386268 
0.000380047 4.15139e-05 -0.000508876 
0.000122391 -2.19897e-05 -0.00221214 
0.000164832 -0.00013271 0.000608677 
-4.93088e-05 -0.00171876 0.000335576 
0.000655625 0.000518167 -0.00108948 
0.000829453 0.000203531 -0.000135001 
4.45174e-05 0.00018918 -0.000358523 
-0.000477751 0.000366008 0.000204915 
-0.000105275 -0.000655198 0.000201668 
0.000603062 0.000264868 0.000103932 
7.92599e-05 0.000150445 0.000739376 
-0.000135476 0.000511419 1.17301e-06 
0.000855875 7.37882e-05 -0.000639018 
-0.000325177 7.78374e-05 0.000261455 
0.000225451 0.000384629 7.15013e-05 
0.00056315 -5.67892e-05 0.000283552 
0.000189715 1.63992e-05 -0.000368847 
-0.000126442 -0.000627775 0.000122416 
-6.42276e-05 -0.000160996 0.000195254 
0.000781169 -0.000877828 0.00022667 
-0.000330371 0.000500615 -0.00142187 
3.19415e-05 -0.000281632 -0.000215764 
-0.000123344 -0.00116421 -0.000553434 
0.000687769 0.00101767 -0.000528647 
-0.000445965 0.00237342 6.41147e-05 
-0.00061532 -0.000944889 -3.87101e-05 
0.000931755 -5.40804e-05 0.000208545 
-0.00142855 -0.00252393 -0.0013863 
-8.26412e-05 -6.7694e-05 -0.00156342 
-0.00090489 -0.00115981 -0.000418481 
-0.000309548 0.000406128 -0.000504643 
-0.00152108 0.00237416 0.000655714 
-0.000461978 0.000146799 0.000267224 
-0.000844823 -0.00100431 -0.000101011 
-7.37982e-05 0.000606085 -0.000512264 
0.000335421 -0.000885803 0.00125974 
0.000170591 0.000348218 -6.42119e-05 
-0.000134169 0.00170485 -0.000534044 
0.000139764 0.000128504 2.0547e-05 
-2.12133e-08 -1.71212e-08 1.08579e-13 
-0.000735388 0.00054424 -0.00127775 
-0.00016427 -0.000189027 0.000255616 
-0.00133236 -0.000204549 0.000467527 
0.000161273 0.00038234 -0.000805792 
-0.000247184 0.000101436 -0.000628836 
0.000124572 6.74425e-05 -0.000844395 
0.000395894 0.000581251 0.000398921 
-0.000720284 -0.000291128 0.000619827 
0.000622695 -0.000676328 0.000251688 
0.000472284 -0.000175784 -0.00144902 
-0.000149133 -0.000309187 0.000566846 
0.000384808 0.000356669 -0.000980481 
-3.01872e-05 -0.000392762 -0.00031556 
1.19582e-05 4.20926e-06 0.000167151 
2.22319e-08 -8.25234e-10 -1.21894e-13 
0.000673853 5.09195e-05 -0.000527341 
-4.67237e-05 0.000690959 -0.000310449 
-9.5316e-05 0.000223053 -6.99287e-05 
-0.00210007 0.000794278 0.0019636 
-1.17938e-08 -2.16852e-08 1.10876e-11 
-0.00046143 -0.00057426 0.000427534 
8.4992e-05 -9.29614e-05 -0.000343854 
-7.8905e-05 -0.000336829 0.00109148 
0.000629183 -0.000220168 0.00108211 
-0.000776832 0.000288712 -0.000355054 
0.000218196 -6.74203e-05 -0.000270838 
-2.48572e-06 -0.000216521 -0.000165463 
3.62972e-05 0.00202223 0.00278211 
0.000262116 -0.000193291 1.96082e-06 
-0.000121497 -0.0014984 -0.000865571 
-0.000474478 -0.00105836 0.00175769 
-0.000735936 -0.000121555 -0.00102077 
-0.000596971 -8.69198e-05 -0.000236581 
0.000449878 0.000203981 -0.000849164 
-0.000346097 -7.01249e-05 -0.00033819 
-0.000349108 0.000300393 -0.000382402 
-0.000488038 -0.000121329 0.000225638 
0.000181765 0.0001421 0.000804619 
-0.000247088 0.00012967 -0.00100519 
-2.17658e-08 4.59205e-09 1.45138e-13 
0.000811887 0.000222768 0.00166667 
-2.45892e-05 0.00124654 -6.55671e-06 
0.00031988 0.000623448 -0.00125961 
-3.99909e-06 0.000805377 0.000947582 
-0.000269878 -6.00734e-05 -0.000326278 
-3.57047e-10 2.36837e-08 4.38045e-09 
0.000229953 -0.000314263 0.000229382 
-0.000326469 0.000444263 0.000443717 
-0.00110618 0.00365405 0.00237883 
-0.0017658 -0.000206665 0.00166933 
-0.000638261 -1.30965e-05 0.00122039 
0.000782423 -0.000714157 -0.00110845 
-0.000125285 0.000924032 0.000146648 
0.000554014 -0.000544797 -0.00118384 
-0.000847451 -0.000166489 -0.000850369 
-7.9837e-05 0.000668644 0.000433929 
0.000286478 -0.000173681 -0.000195223 
0.00168451 0.000194502 -0.000914739 
-0.000985311 -0.000620706 -0.000337977 
-6.43045e-05 -0.00112356 -0.000173229 
-0.00035607 4.83849e-05 -0.000347573 
-0.000723707 -8.76867e-05 0.000486779 
-0.00213758 0.000612533 0.000932082 
0.000245525 0.000536129 0.000551318 
0.000403685 -0.00154731 0.000500274 
0.00140056 -0.000170715 0.00019435 
-0.000909516 -0.000769818 0.000541249 
0.000303483 -0.000112048 0.000294211 
3.74281e-09 -2.19192e-08 -5.98147e-10 
-0.00276599 0.0017492 -3.23614e-05 
-0.00080531 -0.000236719 0.000138099 
-0.000450396 0.000430112 -0.0011039 
0.000284985 -0.000201174 -3.84268e-05 
0.000956975 0.00121956 0.000313334 
0.000327624 -0.000186342 -0.000410322 
-1.82486e-05 1.32668e-06 -3.07455e-05 
-0.000132463 -0.000386821 -0.000230767 
-0.000918645 -0.000224149 3.85118e-07 
-0.00136736 -0.00134894 0.00120802 
-0.000364483 -1.58356e-05 -0.000810556 
9.49111e-05 -0.000188045 -9.09041e-05 
7.96236e-05 -0.000496592 0.000191461 
-3.21603e-06 -0.000448836 -0.000190925 
0.000108477 0.00184582 0.0011589 
-0.00110092 -0.000538398 0.000263593 
0.000294404 -0.00695886 -0.000409986 
0.00445183 -0.000768144 0.00082753 
-0.000221089 0.000188352 -0.000226558 
-0.00175611 -0.000174192 0.000614605 
0.000740459 0.00134817 0.000557965 
-0.000185862 1.96572e-05 0.00273374 
-0.000517507 -0.000268924 -6.64527e-05 
0.00114782 -0.0034464 -0.000217758 
0.00249963 -3.90712e-05 0.00225849 
7.15264e-05 -0.000903288 0.000140495 
0.000175944 -0.000339435 0.000307521 
0.0008803 -6.39839e-06 -0.000520599 
-0.000291111 0.000187555 0.000577774 
-0.000529957 -0.000594379 -0.000989192 
0.000587017 -0.00126354 0.000562348 
-0.000774089 0.000173803 -0.000462035 
-0.000412865 0.0019652 -0.000394654 
0.000439179 0.000609175 -0.00084433 
0.000446176 0.000229622 -0.000609335 
-0.000804486 0.000242619 0.000854102 
0.000769318 0.000307326 -0.00174028 
-0.00254475 0.000803898 0.0010061 
-0.000562865 -0.000182411 -0.000664966 
-0.000628838 -0.00208301 0.000169583 
0.000812178 -0.00135219 -0.000601252 
-0.00228455 -6.57717e-05 0.000921613 
9.45311e-05 -8.50773e-05 -0.00233254 
-0.000454915 -0.000304838 -0.000285823 
-0.000303091 -0.000931203 -8.02721e-05 
7.91459e-05 -0.000371375 -0.000369941 
-0.000756661 0.000145781 -0.00156245 
-0.00267482 -0.00157857 0.00178495 
0.000103788 -0.000815212 -0.000903319 
-0.000161907 0.000585005 -0.000282573 
0.00013891 -0.00117161 -0.000373105 
0.000807212 0.00093292 0.000397223 
0.00095395 -0.000844235 -0.000321608 
0.000799242 -0.00162461 -0.00127738 
0.000202644 -0.000329932 0.000462635 
-0.00175732 0.00260766 -0.000344213 
1.39183e-08 -1.73553e-08 3.04459e-14 
-0.0012272 -0.00188425 0.00141894 
-0.00141033 -0.00125624 -0.00016678 
-0.000640293 0.00132615 -0.000832169 
0.00145988 0.000578459 0.000316675 
0.000782873 -0.00101216 -0.000167118 
-0.000719262 -0.00117774 -0.000496655 
-0.000350515 4.82524e-05 1.56356e-05 
-0.00074262 0.000173052 -0.000614871 
-0.000385963 -0.00056858 0.000179121 
-0.000371433 0.00107535 0.000163505 
0.000197908 0.000459047 -0.000775985 
-0.00118506 -6.08917e-05 -0.000202428 
-0.000478205 0.000270922 0.000353902 
0.000528769 -0.000546141 -0.000885982 
8.15947e-05 -0.00213212 -0.00033373 
0.000333961 0.0013911 -0.000111341 
