0.000760931 0.000188202 0.000183648 
0.000341812 0.000138339 6.51894e-05 
0.000139075 0.000126771 0.000182532 
0.000408699 0.000233693 0.000106718 
0.000767028 0.00045203 0.000157049 
0.000280465 0.00031468 0.000129611 
0.00059147 9.29833e-05 7.27349e-05 
0.00013097 0.000319614 0.000109623 
0.000915907 0.000296289 0.000153277 
0.00084612 0.000299401 7.57566e-05 
6.61887e-05 0.000320234 6.85853e-05 
0.000597715 0.000185665 7.50438e-05 
0.00057994 0.000226384 0.000108266 
0.000638735 0.000315629 0.000154025 
0.000270486 7.39005e-05 7.87978e-05 
0.000549268 0.000232427 0.000174611 
0.000391308 0.000291434 5.08445e-05 
0.000533448 0.000480239 7.56084e-05 
0.000413246 0.000324608 8.55678e-05 
0.00044358 0.000156728 6.86978e-05 
0.000333433 0.000271602 8.031e-05 
0.000126072 0.000159858 0.00010263 
0.000263207 2.88536e-05 0.000159267 
0.000631277 0.000415996 5.37685e-05 
0.000871644 0.00019459 0.000168512 
0.000932386 2.75686e-05 0.000188771 
0.000374853 0.000160628 0.000154876 
0.000935248 0.000245443 9.57579e-05 
0.000548593 4.6954e-05 0.000158742 
0.000661014 0.000418388 0.000168668 
0.000448416 7.40125e-05 0.000157406 
0.000537206 0.000268492 0.000124022 
0.000776212 0.000123013 0.000139523 
6.44156e-05 0.000326025 0.000182282 
0.000488827 0.000346718 4.28354e-05 
0.000583662 0.000477964 0.000141933 
0.00090785 0.000438637 5.77198e-05 
0.000332229 0.000319399 0.000114711 
0.000884824 4.44831e-05 0.000171184 
0.000381866 0.000398253 0.000175891 
0.00048994 0.00043352 4.4526e-05 
3.62332e-05 0.000228908 0.000130892 
0.000317624 0.0004555 0.000164122 
0.000325476 0.000365714 6.93327e-05 
0.000899689 0.000303162 5.4636e-05 
0.000271691 9.8577e-05 0.000143932 
0.00065497 0.000108827 8.03212e-05 
0.00089648 0.000348031 0.000145181 
2.88003e-05 0.000120368 0.000146635 
0.000972164 0.000424898 4.98591e-05 
0.000806599 7.71832e-05 0.000172095 
0.00037202 3.88012e-05 0.000112261 
0.000773664 5.45042e-05 0.000117216 
0.000542148 0.000449577 0.00019804 
0.00013989 0.00032711 0.000188036 
0.000739566 0.000336692 0.000102424 
0.00082775 0.000107872 4.12375e-05 
0.000293346 0.000229682 0.000114923 
0.000593537 0.000357061 0.000196829 
0.000822159 0.000241332 6.07957e-05 
0.000698407 6.88537e-05 0.000175949 
0.000268821 0.00025325 8.41541e-05 
0.000941987 0.000478716 5.74023e-05 
0.000564124 0.000105367 0.000140067 
0.000754373 0.000235107 9.6465e-05 
0.000620587 3.80593e-05 0.000142886 
0.000208301 0.000329532 0.000165078 
0.000101234 0.000403699 9.41248e-05 
0.000186192 7.40474e-05 0.000159024 
0.000135196 0.00042616 5.65462e-05 
0.000511384 0.000442574 0.000119006 
0.000483165 0.000323389 0.000184476 
0.000846256 0.000403716 0.000150083 
0.000777774 0.000239187 0.000156607 
0.000911767 9.90051e-05 8.23618e-05 
0.000253324 0.000442122 0.000150335 
4.52477e-05 3.60792e-05 9.90909e-05 
0.000956403 2.94561e-05 9.24069e-05 
0.000501799 0.00013304 0.000184392 
0.000292185 0.000156245 0.000178941 
0.000285292 0.000330462 5.52088e-05 
0.000153576 0.000376837 0.00011772 
0.000121124 0.000433827 0.000162251 
0.000180143 0.000316226 0.000114043 
0.000182532 0.000159914 7.27223e-05 
0.000198819 0.000239233 6.78072e-05 
0.000133111 0.000108983 4.47492e-05 
0.000903636 0.000454769 0.000123491 
0.000220662 0.000165778 0.000184903 
0.00086945 0.000144527 0.000135739 
0.000767519 0.000386081 6.58254e-05 
0.000973822 0.000450244 0.000164814 
0.000232043 0.000342865 0.000193817 
0.000522263 0.000415126 8.54049e-05 
0.000959632 0.00011847 0.000174232 
0.000711917 0.000236935 0.000170346 
0.000546857 0.000294053 6.43195e-05 
0.000410856 0.000456531 0.000162603 
0.000846151 0.000100196 0.000182408 
0.000202781 0.000270325 9.77077e-05 
0.000591314 6.15207e-05 0.000192391 
0.000292675 0.000165352 0.000130945 
0.000531098 0.000229226 7.53947e-05 
0.000412382 0.000299702 0.000183528 
0.000924226 0.0003875 9.43899e-05 
0.000432885 0.000208718 0.000168485 
0.000375713 0.000112296 0.000109291 
0.000725164 0.000274946 0.000190794 
0.000177066 0.000105867 0.000111173 
0.000152758 0.000470034 0.000139852 
0.000640148 0.000298145 7.53002e-05 
0.000820882 0.000326848 0.00013793 
0.000832413 0.00011371 0.000106629 
0.000939035 0.000169872 0.0001436 
0.000781714 0.000325658 4.44489e-05 
0.00063327 0.000236583 0.000113782 
0.000724527 0.000133029 8.45354e-05 
7.47283e-05 0.000445164 4.82777e-05 
0.000541645 3.97707e-05 9.54436e-05 
0.000244261 0.000348863 9.01534e-05 
0.00048734 0.000457044 8.0197e-05 
0.0002816 0.000194188 8.78677e-05 
0.000257019 0.000251569 0.000175148 
0.000517313 0.000148812 4.7934e-05 
0.000198989 0.000245697 0.000189706 
0.000916928 0.000361399 5.0236e-05 
0.000588966 0.000332395 0.000112257 
0.00071048 0.00038017 0.00018151 
0.000707134 0.000460635 0.000138042 
0.000681611 0.000248601 0.000129945 
0.000683545 0.000172366 0.000113236 
0.000259755 6.40783e-05 0.000199659 
0.00054462 0.00038935 0.000133212 
0.000418397 6.01687e-05 6.49757e-05 
0.000114704 0.000251121 0.000145334 
0.00045204 0.000379693 0.000167901 
0.000751664 3.19941e-05 4.70048e-05 
0.00020571 0.000399996 5.68125e-05 
0.000206636 0.000295655 4.90736e-05 
0.000578102 0.000180398 0.000161417 
0.000401382 0.000169937 4.22845e-05 
0.000641379 0.000208215 5.66651e-05 
0.000843359 0.000140985 0.000194437 
0.000562552 0.000311402 0.000170246 
0.000466402 0.000252409 4.83779e-05 
0.000824472 0.000280667 0.000190458 
0.000860023 0.000236964 9.76952e-05 
0.00034365 0.000233572 0.000164711 
0.000315008 0.000404982 0.000132849 
0.000285869 0.000421881 5.33466e-05 
0.000959946 0.000306074 8.73014e-05 
0.000237247 0.000370153 0.000152363 
0.000220507 3.65292e-05 0.000120378 
0.000914946 4.05695e-05 4.51541e-05 
0.000301157 0.000352355 0.000180942 
0.000231047 0.00029314 7.98626e-05 
0.000541884 0.000362379 0.000181489 
0.000133489 2.72923e-05 0.000137119 
0.000499752 0.00039146 0.000169059 
0.000679971 0.000387448 9.2478e-05 
0.00015854 0.000261545 4.3947e-05 
0.000947741 0.000364287 0.00016695 
0.000429321 0.000402777 0.000132739 
0.000786809 0.000359231 0.000165906 
0.000229757 9.21578e-05 0.000110365 
0.000452177 0.000277404 9.63623e-05 
0.000807792 0.000429717 9.77138e-05 
5.65167e-05 0.000404604 0.000179948 
0.000960786 0.000413191 0.000181011 
0.000692505 0.000214462 5.91581e-05 
0.000626668 8.39854e-05 0.000147511 
0.000517379 0.000109487 8.05915e-05 
0.000470244 4.42152e-05 7.25338e-05 
0.000575944 0.000249875 6.12067e-05 
0.000237307 7.69694e-05 4.04265e-05 
0.000880628 0.000190351 0.00010448 
0.000657969 0.000136641 0.000168328 
9.43587e-05 0.00023007 0.00018699 
0.000375577 0.000387807 0.000104224 
0.000100405 6.0781e-05 5.83231e-05 
0.000366999 0.000290365 0.00013459 
0.00063317 0.000257 6.55694e-05 
0.000725368 0.000454611 5.12269e-05 
0.00018512 0.000426116 0.000171463 
0.000881902 0.000451058 0.000183835 
0.00034175 0.000430108 5.47915e-05 
7.98098e-05 7.29858e-05 0.000152723 
0.000750862 0.000182442 6.51885e-05 
0.000482082 0.000196404 0.000104731 
0.000653802 0.000211012 0.000167574 
0.000585673 2.59211e-05 8.44113e-05 
0.000130945 4.00885e-05 0.000187467 
0.000280106 0.000122265 5.54967e-05 
0.000314383 0.000392196 0.000176918 
0.000429339 0.000333435 0.000183859 
0.000119979 0.000217338 8.53086e-05 
0.000102533 0.000158008 0.000157645 
0.000166461 0.000259618 0.000125209 
0.000669071 0.000262075 0.000167111 
0.000874462 0.00026822 0.000133723 
0.000970355 9.7745e-05 7.74737e-05 
0.000437837 0.00013801 0.000148109 
0.000972072 0.000284633 0.000171014 
0.000268994 0.000458186 0.000106048 
6.70333e-05 0.000240877 7.38372e-05 
0.000186151 0.000100404 5.25762e-05 
0.000693167 4.58848e-05 0.000107403 
0.000536745 0.000165232 0.00012604 
0.000253789 0.000175595 4.20032e-05 
0.000285225 3.0358e-05 7.82192e-05 
0.00069699 0.000181991 0.00017166 
0.000507613 4.5253e-05 0.000196552 
0.000322397 6.8711e-05 9.64951e-05 
0.00095305 0.000479342 9.41786e-05 
8.65457e-05 0.000449342 0.000110085 
0.000390519 0.000360168 4.962e-05 
0.000218735 0.000391794 0.000107602 
0.000607544 0.000429031 0.000182547 
3.24253e-05 8.43085e-05 0.000189276 
0.000850484 6.45271e-05 4.30774e-05 
0.00037255 0.000439749 9.4738e-05 
0.000734863 0.000345644 0.000157006 
0.000803955 2.44395e-05 9.96807e-05 
0.000186 0.000352781 5.1216e-05 
8.78567e-05 8.85973e-05 0.00019875 
0.000257593 0.000301108 0.000195976 
0.00080917 3.72007e-05 5.08223e-05 
0.000162823 0.000212806 0.000160456 
0.000390711 0.000101214 0.00019939 
0.000760385 4.07434e-05 0.000179162 
0.000503675 0.000258283 0.000199083 
0.00032951 0.000209411 6.95871e-05 
0.000820473 0.000357075 6.12066e-05 
0.000630786 0.000379847 0.000104827 
1.92356e-05 0.000302872 0.000177369 
0.000242798 0.000462921 5.22083e-05 
0.000943305 0.00014985 7.78161e-05 
0.000480872 0.000295751 6.51375e-05 
4.15749e-05 0.000418116 0.000114018 
0.000590592 0.000479931 7.53022e-05 
0.000632749 0.000447885 9.99437e-05 
0.000811034 0.000185115 0.000184552 
0.000494933 3.34996e-05 0.000137257 
0.000214557 1.82876e-05 0.000158917 
0.000883445 0.000299492 0.000198159 
9.73445e-05 0.000389961 5.24954e-05 
0.000421609 0.000147379 0.000188796 
0.000902351 0.000408938 0.000130956 
0.000658944 0.00017038 7.62894e-05 
0.000718455 0.00017165 0.000137164 
0.00065957 4.35052e-05 4.19937e-05 
0.00035174 7.66175e-05 0.000181315 
0.000377548 0.000454945 0.000194618 
0.000907635 0.0002985 0.000105636 
0.00024353 0.000478975 0.000181261 
0.000756932 0.000181833 0.000140218 
0.000980743 0.00018606 0.000180087 
0.000925023 0.000186237 4.87302e-05 
0.000565413 0.000167588 4.65845e-05 
0.000834778 0.000445617 5.1194e-05 
2.80425e-05 0.000433349 7.62679e-05 
0.000449789 0.000455508 0.000114822 
0.00087151 0.000354926 0.000102036 
0.000170609 0.000136364 0.000151547 
0.000471491 0.000375534 0.000131615 
0.00019976 0.000476957 0.000138299 
0.000914847 0.000219517 0.000144019 
0.00096626 0.000414051 0.000137572 
7.45357e-05 0.000120089 8.99335e-05 
7.99945e-05 0.000276218 4.6414e-05 
0.000337568 0.000362606 0.000122256 
0.000729981 0.000419752 0.000173507 
2.74526e-05 0.00014654 5.78837e-05 
0.000469297 0.000436731 0.000152855 
0.000361362 7.02595e-05 5.01307e-05 
0.000222141 0.000195177 0.000109418 
9.70253e-05 0.000349162 0.000130602 
0.000769526 0.000300054 0.000152349 
0.000363668 0.000170722 7.8534e-05 
0.000867365 0.000467591 0.000146352 
0.000725447 0.000420488 8.54756e-05 
0.000619762 0.000265736 0.000199839 
0.000890879 0.000137696 6.02894e-05 
0.00057257 0.000356275 5.56729e-05 
0.000458284 9.34021e-05 0.00010405 
0.000969775 0.000205797 0.000132328 
0.000384588 0.000216993 4.50041e-05 
0.000692914 0.000288434 6.08155e-05 
0.000487349 0.000392422 7.05656e-05 
0.000513589 0.000349825 0.000141187 
0.00049001 0.000175072 0.000186213 
4.22461e-05 0.000161878 0.000182579 
0.000320349 2.15221e-05 0.000191693 
0.000953667 0.000238569 0.000174913 
9.35085e-05 0.000179481 6.21157e-05 
0.000968685 2.9527e-05 0.000192318 
0.00063817 0.000346082 5.93195e-05 
0.000673599 0.000363068 0.000147714 
0.000427031 0.000453973 5.47625e-05 
0.000977071 4.66063e-05 0.000154717 
6.09483e-05 0.000160085 0.000108594 
0.00090218 0.00014039 0.000191237 
0.000235617 0.000107054 0.000196539 
0.0001984 2.41871e-05 6.3384e-05 
0.000687643 0.000340792 4.60645e-05 
0.000784631 0.000282578 7.02239e-05 
0.000531841 0.000326475 0.000103654 
0.000435776 3.43447e-05 0.00011748 
0.000396858 0.000121778 4.54115e-05 
0.000111764 0.000209187 0.000141146 
0.000399428 0.000261471 0.000174833 
0.000568174 0.000413374 7.74326e-05 
0.000976381 0.000238144 9.11391e-05 
0.000526245 0.000174052 8.12596e-05 
0.000216476 0.000259458 0.000148877 
0.00068379 0.000330513 0.000108758 
0.000714868 0.000108727 0.000130311 
3.19996e-05 0.000372985 4.50896e-05 
0.00088383 6.72175e-05 0.000116564 
0.000738031 0.000148475 4.12785e-05 
0.000205401 0.000441718 0.000108933 
0.000414 3.41946e-05 0.000161219 
0.000693347 0.000322436 0.000190878 
0.000668918 0.000461953 7.13861e-05 
0.000588697 0.000477346 0.000194267 
0.00027159 0.000199581 0.000164263 
0.000616211 3.61384e-05 5.16999e-05 
0.000461103 0.000273592 0.00015352 
0.000590693 0.000453362 0.000107265 
0.000106455 0.000311182 0.000153305 
0.000552382 9.74285e-05 0.000198194 
0.00078605 0.00037209 0.000118935 
0.000504006 0.000130609 0.000136945 
0.000107948 0.000386189 0.000176176 
0.000152603 8.92506e-05 8.55517e-05 
0.00051211 4.81533e-05 6.02015e-05 
0.000132874 8.67159e-05 0.000155031 
0.000827757 2.59537e-05 0.000144163 
0.000929411 9.14874e-05 0.000128589 
0.000144541 0.000439398 0.000101357 
0.000440547 0.000473246 0.000183275 
0.000469874 0.000207279 5.68139e-05 
0.000714068 7.89954e-05 7.26044e-05 
0.000901304 0.000246101 0.000192528 
2.53979e-05 0.000475663 9.6245e-05 
0.000261234 0.000257253 0.000131812 
0.000819021 0.000157729 5.9906e-05 
0.000847545 0.000212825 0.000132351 
0.000278384 0.00044972 0.000192069 
0.000789621 9.08736e-05 4.84227e-05 
0.000877524 0.000372328 4.40803e-05 
0.00015579 0.000160029 0.000192691 
8.6275e-05 0.000288952 0.00010208 
0.000784382 0.00044375 4.56386e-05 
0.000475224 0.000477678 0.000168925 
0.000973294 0.000254419 0.000129093 
0.000482518 0.000330115 0.000104592 
0.00053411 0.000171347 0.000183707 
0.000137201 0.000280336 0.000192233 
0.00043245 0.000322465 5.23289e-05 
0.000300116 0.000121459 0.000168397 
0.000192005 0.000446731 4.65085e-05 
0.000371365 0.000337844 0.000188867 
0.000585279 0.000151075 0.000124479 
0.000578873 0.000131151 5.04027e-05 
0.000889496 0.000391783 0.000167603 
0.000432437 0.00034108 0.000125232 
0.000569167 0.000142813 0.000182569 
7.78422e-05 0.000305877 0.000131618 
0.000880595 0.000354014 0.000190047 
0.000927359 0.000459809 0.000181651 
0.000331063 0.000102477 0.000155579 
0.000599631 0.000291572 0.000106824 
0.000963907 0.000137475 4.60278e-05 
0.000128749 0.000296691 6.83303e-05 
0.000306569 0.00041601 8.88736e-05 
0.00061217 0.000148348 0.000197215 
0.000148391 0.000383507 4.57691e-05 
3.33115e-05 0.000238503 0.000198073 
0.000279061 0.000422648 0.000130778 
2.66893e-05 0.000348759 0.000102844 
0.000308725 2.44518e-05 4.86542e-05 
0.000918525 0.000187995 0.000191589 
0.000694621 0.000410749 0.000137337 
0.000638428 0.00037466 0.000177856 
3.75775e-05 3.27883e-05 0.000157655 
0.00059475 0.000259163 0.000155819 
0.000617432 0.000480431 0.000156814 
0.000115529 0.000476588 0.000199375 
0.00025612 0.000407144 0.00018591 
0.000172968 0.000415943 7.95512e-05 
0.000878166 0.000240257 5.5158e-05 
0.000619264 0.00017897 0.000135654 
0.000438999 0.000366277 7.51823e-05 
0.000920319 0.000342195 0.000114532 
0.00069506 0.000286396 0.000152179 
0.000701056 0.000441969 0.000190414 
0.00087236 0.000179788 4.01467e-05 
0.000118011 0.000348578 4.10448e-05 
0.000864477 0.00042124 0.000106726 
0.000604621 0.00021981 0.000195868 
0.000812535 0.000390029 0.000186649 
0.000725083 0.000277451 0.000100246 
0.000746438 0.000390679 0.000135148 
0.000325996 0.00016483 9.37952e-05 
2.84598e-05 0.000462898 0.000143211 
0.000306104 5.09653e-05 0.000139374 
0.000112093 0.000106288 0.000122299 
0.00081133 0.000471128 0.000130196 
0.000264237 5.10705e-05 0.00011652 
0.000144493 0.000193744 4.6151e-05 
0.000930849 0.000257059 0.000149655 
0.000646978 4.04528e-05 9.4837e-05 
0.00014756 2.40534e-05 7.29401e-05 
0.000366106 2.5614e-05 0.000162463 
0.000256529 0.000271101 4.24341e-05 
0.0006905 0.000143659 5.00135e-05 
0.000490962 8.75781e-05 0.000171309 
0.000852894 0.000403269 0.000197301 
0.000532842 8.20198e-05 5.13019e-05 
0.000207103 4.41382e-05 0.000192793 
0.000460715 3.40811e-05 0.000180769 
0.000181219 9.5716e-05 0.000192155 
0.000173565 4.08657e-05 0.000120899 
0.000861086 0.000320347 0.000112253 
0.000634256 8.13491e-05 0.000190501 
0.000391963 0.000177182 0.000105796 
0.000741497 0.000238674 4.61842e-05 
0.000789527 0.00016844 9.70399e-05 
0.000585015 0.000441977 6.27721e-05 
0.000705928 0.00013479 0.000197357 
0.000413664 0.000477318 0.000100739 
0.000380551 0.000331871 0.000106652 
0.000868569 0.0004709 9.14064e-05 
0.000241681 0.000355338 4.87273e-05 
0.000909054 2.1376e-05 0.000130956 
0.000930347 0.000117548 4.46631e-05 
0.000254835 0.000147982 0.000109509 
0.000356068 0.000284362 0.000186823 
0.000509788 0.000198783 0.000161696 
0.000655032 0.000173861 0.00019732 
0.000356611 0.00047505 0.000128618 
7.68579e-05 0.000383597 0.000113361 
0.000289413 0.000373033 0.000129078 
0.000820335 0.000453805 0.000195506 
0.000837437 4.50684e-05 0.000185045 
0.000782444 0.000193187 4.0121e-05 
2.59897e-05 4.31727e-05 5.17831e-05 
0.000599632 0.000316004 6.3165e-05 
0.000767186 0.000464433 0.000104992 
0.000527578 0.000346079 6.56523e-05 
0.000354754 0.000187872 0.000190251 
3.62725e-05 9.48059e-05 5.92979e-05 
0.000796783 0.000331341 9.51562e-05 
0.000233106 7.14764e-05 0.000149958 
0.00096997 6.19133e-05 4.40162e-05 
0.00095631 0.00018798 0.000100233 
0.000596385 0.000363195 0.000143884 
0.000162001 0.000303593 0.000154375 
4.08857e-05 0.000372817 0.000143079 
0.00038895 0.000419873 5.03556e-05 
0.000765641 0.000121248 5.71129e-05 
0.000549193 0.000467043 0.000152141 
2.18767e-05 0.000181171 0.000105799 
0.000782062 0.000136571 0.000199277 
0.000218754 0.000147459 0.00013422 
0.000496641 0.000254981 0.000110955 
0.000335509 0.000318391 0.000163059 
0.000433587 0.000252818 0.00019605 
0.000745192 2.44549e-05 0.000135594 
0.000974116 0.000157752 0.000117818 
0.000443394 0.000419803 0.00019096 
0.000434068 0.000414768 8.731e-05 
6.78695e-05 2.08426e-05 0.000199364 
0.000285054 0.000244766 4.23421e-05 
0.000957366 0.000260314 4.98161e-05 
0.000315683 0.000270098 0.000132292 
0.00030699 0.000300428 0.000196645 
0.000704854 0.000212794 0.000118742 
0.000838889 0.000130893 0.000155872 
0.000827883 0.000198417 9.88071e-05 
0.000265903 0.000402384 9.0839e-05 
0.000797185 0.000320855 0.000185538 
0.00061543 0.000146892 7.58383e-05 
0.000910805 0.000127877 0.000151219 
0.000324863 0.000137354 0.000128659 
0.000568954 0.000216585 4.32384e-05 
0.0008111 0.000279188 0.000115791 
0.000284352 0.000117309 0.00010147 
0.000314946 6.31917e-05 0.000187633 
2.72895e-05 9.68572e-05 0.000105113 
0.000514119 0.000184812 4.09566e-05 
0.00052244 0.000399134 4.07158e-05 
3.30394e-05 0.0002991 0.000102288 
2.58869e-05 0.000472509 0.000197031 
0.000733835 0.000299705 5.99227e-05 
0.000977245 0.000358851 6.05103e-05 
1.97616e-05 0.000404945 0.000149663 
0.000300297 0.000236975 0.000199898 
0.000489801 0.000477094 0.000127514 
0.000973655 0.000365572 0.000107913 
0.000916385 0.000245873 5.97153e-05 
0.000115688 0.000474504 0.000106403 
0.000417677 0.000100763 0.000143426 
8.84347e-05 2.76882e-05 0.000108776 
0.000287497 6.4659e-05 4.07735e-05 
0.00084054 0.000329999 0.000194424 
0.000825504 0.000377584 0.000112625 
0.000117208 0.000365806 8.66734e-05 
0.000254081 2.45945e-05 5.84046e-05 
0.000858279 0.000240675 0.000171633 
0.000173517 0.000472927 9.92306e-05 
