0.000748854 3.793e-05 5.29167e-05 
0.00027634 0.000137324 7.18066e-05 
0.000128772 3.85037e-05 4.23139e-05 
0.000814541 0.000218929 0.000131684 
0.000951399 0.000439999 6.85076e-05 
0.000502994 0.000129563 7.91773e-05 
0.000368926 0.000130779 0.000157521 
0.000706378 3.64208e-05 0.000136503 
0.000148702 0.000341937 0.000115912 
0.000958523 0.000336619 0.000165105 
0.000750245 0.000398184 0.00014241 
0.000234227 0.000106543 6.65773e-05 
9.30832e-05 0.00017214 9.95766e-05 
0.000603406 0.000308606 0.000114346 
0.00087877 9.95864e-05 0.000154866 
0.000188066 0.000313832 4.81204e-05 
0.000424034 0.000345407 0.000120496 
0.0006282 0.000168875 0.00019194 
0.000852578 0.000397692 0.000135455 
0.00042305 0.000323673 0.000196633 
0.00033816 0.000241027 0.000120855 
0.000151259 0.000174615 7.82468e-05 
0.000565468 0.000416051 0.000165062 
0.000889827 0.000185431 5.77824e-05 
0.000678002 0.000204254 0.000148102 
0.000746259 0.000312631 0.000190294 
0.000420647 0.000267965 0.000142317 
0.000183276 0.000309218 0.000150525 
0.00010049 9.80617e-05 0.000162159 
0.000568995 0.00031044 0.00017939 
0.000172087 0.000246268 9.99174e-05 
0.000632401 6.36054e-05 0.000157308 
0.000323334 0.000248336 0.000197542 
0.00049921 0.000200567 0.000196721 
0.000599266 0.000244624 4.93307e-05 
0.000110128 0.000464754 0.000106441 
0.000303613 0.000338792 0.000152192 
0.000931046 0.000326771 0.000199491 
0.000465573 0.000411211 0.000171553 
0.00075193 0.00011873 0.000154435 
0.000920031 5.89178e-05 6.50179e-05 
0.00079542 0.00042878 6.55451e-05 
0.000291933 0.00041428 0.000156535 
0.000482103 0.000362581 0.000144518 
0.000701487 0.00020867 7.05156e-05 
0.000250387 0.00022899 7.51927e-05 
0.000214472 0.000139785 7.71257e-05 
0.00013713 0.000195846 0.000137617 
0.000220253 0.000169227 0.000144327 
0.000722619 0.000214929 0.000189146 
0.000132905 8.70147e-05 6.39157e-05 
0.000552253 0.000230847 0.000119205 
0.000853387 5.25693e-05 5.89514e-05 
0.00044499 0.000102239 0.000161723 
0.000879404 0.000357422 0.000132951 
0.000888874 0.000365209 7.73721e-05 
0.00013367 0.000313975 7.13037e-05 
0.000643082 0.000233981 4.1252e-05 
0.00067244 0.000384297 0.000196135 
0.000483439 0.000278395 0.000130264 
0.000260963 8.82645e-05 0.000175305 
0.000316237 4.51958e-05 0.000194273 
0.000453572 0.00040808 7.99235e-05 
0.000444111 0.000222585 0.000167469 
0.0005731 7.55549e-05 6.19866e-05 
0.000707899 0.000350785 0.000108616 
0.000137231 6.55347e-05 0.000191384 
0.000221461 0.000455179 4.23281e-05 
0.00072652 0.000132036 8.19641e-05 
0.000709242 2.9478e-05 8.12518e-05 
0.000584198 0.000172681 0.000118896 
4.69323e-05 0.000460975 8.59526e-05 
0.000882652 0.000286308 8.90386e-05 
0.000636484 0.000457282 7.681e-05 
0.000219852 0.000398526 8.55885e-05 
8.8589e-05 0.000253181 8.89886e-05 
0.000848103 0.000319692 0.000100242 
0.000175938 0.000457767 0.000124183 
0.000190935 0.000360988 0.000176272 
5.3719e-05 0.000341564 8.39685e-05 
0.000598663 0.000400475 7.11669e-05 
0.000871186 0.000317584 0.000158151 
2.90507e-05 8.77464e-05 0.000106065 
0.000897469 0.000132302 0.000119922 
0.000564784 0.000364113 7.23574e-05 
0.00041295 0.000280535 7.27573e-05 
0.000146962 0.000207094 0.000195118 
0.000397378 0.00044134 0.000182111 
5.62818e-05 0.000421981 0.000136052 
0.000323089 0.000176877 9.49246e-05 
0.000633536 0.000352565 4.33551e-05 
0.000247231 3.26924e-05 9.45613e-05 
0.000807869 5.11043e-05 8.82423e-05 
0.000953022 0.00011055 0.000123859 
0.00020958 6.23411e-05 0.000156326 
0.000933242 0.000199973 6.84174e-05 
0.00066652 0.000411421 4.26889e-05 
0.00032422 0.000326009 8.38491e-05 
0.000401041 3.01415e-05 0.000170067 
7.91577e-05 0.000400275 0.000198756 
0.000215303 0.000229254 0.000165718 
6.77656e-05 0.000199559 0.000199538 
0.000415288 0.000452151 6.31881e-05 
0.000956683 0.000208636 0.000121582 
0.000572292 7.77392e-05 0.000114349 
0.000613987 0.000125208 5.3129e-05 
2.83783e-05 0.000208276 6.45463e-05 
0.00081567 7.52627e-05 0.000165601 
0.000136704 0.000380738 9.10576e-05 
3.13272e-05 0.000269638 0.000169881 
0.000115697 0.000470426 0.000191532 
0.000711271 0.000458146 0.000113165 
0.000359809 0.000180538 0.000128785 
0.000262479 0.000284724 9.63691e-05 
0.000812429 0.000252629 0.000176974 
8.80145e-05 0.000129062 6.44964e-05 
0.000821908 0.000150236 0.000182311 
2.48553e-05 2.33326e-05 0.000163515 
0.000458967 0.000289772 5.35688e-05 
0.000526502 0.00047112 0.000160605 
0.000242712 0.000321612 0.000149004 
0.000918518 0.000298192 8.59581e-05 
0.00028207 0.000402937 5.75241e-05 
0.000910939 0.0001404 0.000198468 
0.000701795 0.00028088 0.000141703 
0.000765225 0.000171804 0.000130121 
3.20505e-05 0.000133153 8.77335e-05 
0.000848163 0.000374257 9.34557e-05 
0.000234706 0.000383592 0.000138354 
0.000763529 0.000243839 0.000103086 
0.000299753 0.000436002 9.09822e-05 
0.000312722 0.000426218 0.000197204 
0.000376076 7.2752e-05 0.000131046 
0.000510664 0.00022521 4.48196e-05 
0.00034888 0.00015956 6.56964e-05 
0.000329151 0.000106859 9.22389e-05 
0.00038115 0.000385095 6.6593e-05 
0.000949993 0.000250106 0.000101926 
0.000363219 3.80762e-05 4.45914e-05 
0.000958301 0.000350233 7.05837e-05 
0.000316964 0.000475164 0.000198377 
0.000536534 0.000121108 0.000159148 
2.454e-05 0.000216119 0.000174111 
0.000464348 0.000244475 7.93553e-05 
0.000807176 0.000261635 8.27773e-05 
0.000799406 0.000151694 4.8757e-05 
0.000745168 0.000181993 5.42046e-05 
0.000194 6.876e-05 6.79294e-05 
3.17921e-05 0.000134156 0.000164386 
0.000839573 0.00015014 0.000124252 
0.00086263 0.000398604 4.18102e-05 
0.000639496 0.000185338 6.73468e-05 
0.000785966 3.54418e-05 5.13467e-05 
0.000966197 0.000114336 7.24819e-05 
0.000291133 0.000197188 0.000111984 
0.000408462 0.000105107 9.34279e-05 
0.000296627 0.000273482 0.000133541 
0.000287315 6.59637e-05 0.000100149 
0.00011191 0.000333668 0.000183823 
0.000856242 0.000245514 0.000184412 
0.000627511 0.000443235 0.000191287 
0.000673044 0.000111883 7.48703e-05 
0.00022888 0.000100573 0.000136208 
0.000162039 0.000255958 4.98878e-05 
0.000937381 0.000154899 4.48275e-05 
0.000961173 0.000316831 0.00011808 
0.000801976 9.60116e-05 9.71676e-05 
0.000106097 5.29357e-05 0.000123969 
0.000128771 0.000432245 9.51007e-05 
0.000382175 0.000188163 0.000180812 
0.00070518 0.000339917 0.000197344 
2.65898e-05 5.75806e-05 0.000199948 
0.000948628 5.63034e-05 0.000185097 
0.000911493 0.000414771 9.97242e-05 
0.000115588 0.000381435 4.26173e-05 
0.000875478 0.000461608 0.000179441 
0.000367302 0.000305837 0.000171148 
0.000964911 0.000195476 0.000172634 
0.000365058 0.000311022 4.77001e-05 
0.0004961 0.000342968 0.000199127 
0.000525069 2.98481e-05 4.42619e-05 
7.59592e-05 0.000288587 0.000187305 
0.000763094 0.00045607 0.000155946 
0.000708772 0.000267737 8.45125e-05 
0.000779979 0.000361712 7.1761e-05 
0.000505141 0.000435219 8.17653e-05 
0.000416993 0.00015301 5.72117e-05 
0.000310584 9.49347e-05 0.000164648 
0.000563209 0.000350606 0.000149534 
0.000876951 0.00044839 7.01956e-05 
0.000461548 0.000166215 0.000176487 
0.000442956 0.000180671 9.82353e-05 
0.000150525 0.000104413 0.000103937 
0.00091773 0.00046188 0.000132408 
0.00016806 0.000152559 0.000136099 
0.000960021 0.000463788 0.000189419 
0.000770375 0.000307837 0.000113072 
0.00079368 0.000478913 0.000123674 
0.000841525 0.00035983 0.000170821 
0.000684897 0.000107183 0.000145528 
0.000172192 9.12582e-05 0.000145808 
9.66726e-05 0.000237904 0.000169665 
0.000526921 0.000375673 0.000164014 
0.000896568 0.000241614 7.7138e-05 
0.000365433 0.000425527 0.000126312 
0.000952586 0.000383818 0.000174028 
0.000508147 0.000335221 5.71616e-05 
0.000267858 0.000187242 5.6328e-05 
0.000321833 0.000374158 9.88911e-05 
0.00050904 0.000311915 0.00015037 
0.000245855 0.000204668 0.00019237 
0.000361228 9.39841e-05 4.91257e-05 
0.000106198 0.00018371 4.39147e-05 
0.000600214 0.000262737 0.000186797 
0.000248912 0.000461937 0.00014455 
0.000619577 0.000318539 0.000188129 
0.00047229 0.000292237 0.000192783 
0.000793128 8.55875e-05 4.38337e-05 
0.000675194 0.000166172 0.000101749 
0.000152131 4.16427e-05 0.000148635 
0.000405509 0.000203646 0.000136226 
0.000355221 0.000208962 5.40853e-05 
0.000849518 0.000196183 6.83216e-05 
0.000919144 0.000248853 0.000193818 
0.000637175 0.000450009 0.000137287 
4.66405e-05 0.000314885 0.000117029 
0.000936021 0.000429293 0.000162222 
3.41648e-05 0.000252611 7.27575e-05 
9.03739e-05 0.000408922 5.26941e-05 
0.000261112 0.000434489 0.00019059 
0.000863086 0.000103899 7.21167e-05 
0.000768637 4.93905e-05 0.000156152 
0.000362241 0.000289199 9.07184e-05 
0.000697484 0.000158562 5.94573e-05 
0.000548753 0.000423043 4.34171e-05 
0.000281768 0.000133949 0.000190037 
0.000301209 0.000287609 5.51436e-05 
0.000412655 0.000241677 4.16186e-05 
0.000335762 0.000384969 0.000164746 
0.000143639 0.000394225 0.000160433 
8.00073e-05 0.000367739 0.000136968 
0.000155662 0.000473823 4.2896e-05 
0.00056256 0.000407041 0.000121148 
0.000603595 0.000384732 0.000149835 
4.65614e-05 0.000164185 4.3019e-05 
0.0005098 0.000185833 8.84807e-05 
0.000833687 0.000475576 0.000171472 
0.000863478 0.000343094 5.33675e-05 
0.000255457 7.30378e-05 5.41672e-05 
0.000741832 8.48778e-05 0.000101111 
0.000237705 0.000291097 0.000198424 
0.000962393 6.39783e-05 9.71942e-05 
0.000919995 3.66048e-05 0.000126603 
0.000555587 0.00014128 0.000117626 
0.00046391 7.46498e-05 6.07714e-05 
0.00065225 0.000233661 0.000189661 
0.000798906 0.000479088 7.15714e-05 
0.000502929 3.85418e-05 0.000124759 
0.000525385 0.000472441 6.2323e-05 
0.000572312 0.000215099 6.81363e-05 
0.000375079 0.000157685 9.24177e-05 
0.000930866 0.000171312 0.000136925 
0.00095594 0.000473203 0.000123088 
0.000883751 0.000385828 0.00018246 
0.000921957 0.000117329 6.91602e-05 
0.000769118 0.000346393 0.000158863 
3.51393e-05 0.000318771 0.00019213 
0.000117047 0.00012419 0.000132245 
3.67683e-05 0.000441841 0.000178369 
0.0004079 0.000223333 7.22776e-05 
0.000492012 5.55227e-05 0.000180892 
0.000577339 0.000163027 4.0361e-05 
0.000773691 0.000375911 0.000109745 
0.000400402 0.000479391 0.000138156 
0.000719662 9.95786e-05 0.000193609 
0.000674007 0.000428745 0.000156096 
0.000272735 0.000340922 6.01209e-05 
0.000489935 0.000205109 0.000127454 
4.40874e-05 0.000369771 0.000186613 
0.000837808 0.000428711 0.00010909 
0.000729934 0.000290106 4.25204e-05 
9.74114e-05 0.000476941 0.000148352 
0.000950596 0.000270442 0.000152739 
0.000677567 5.32661e-05 0.000192218 
4.92636e-05 4.52277e-05 7.13814e-05 
0.00051132 9.02253e-05 0.000126514 
9.52269e-05 0.00018219 0.000154566 
0.000823648 0.000355187 4.7145e-05 
0.000668088 0.000296789 5.26462e-05 
0.000624986 0.000234829 0.000122506 
0.000163547 0.000368238 4.29712e-05 
0.00097539 2.36216e-05 0.000151275 
0.000223647 0.000467542 0.000198298 
0.000679217 0.000480836 0.000106018 
0.000897429 0.000207269 0.000114154 
2.89808e-05 0.00029555 4.41433e-05 
0.000531108 0.00035833 0.000105782 
0.000542012 0.000211234 0.000173616 
0.000662074 0.000340485 0.000143359 
5.61674e-05 0.000267398 0.00013044 
0.000468427 0.000460778 0.00019871 
4.17015e-05 0.000389683 5.61545e-05 
0.000774422 0.000254721 0.000144697 
0.000185819 0.000169372 4.19138e-05 
0.000751152 0.000429142 8.84866e-05 
0.000924731 0.000103509 0.0001656 
0.000830105 0.000308351 0.00019231 
0.000970161 8.09304e-05 4.52818e-05 
0.000737708 0.000377311 6.39516e-05 
6.89435e-05 5.53413e-05 0.000179835 
0.000146817 0.000408531 6.77018e-05 
0.00038351 0.000360206 0.000169545 
0.000940912 0.000266176 4.05981e-05 
0.000558421 0.000281249 4.78266e-05 
0.000919102 0.000181282 0.000180898 
0.000310293 0.000369057 5.51208e-05 
0.000250713 0.000354167 0.000197649 
0.000437375 0.000476029 0.000114135 
8.93104e-05 0.000326773 0.000124155 
0.00083467 0.000384872 0.000195958 
0.0005763 0.00026535 0.000152461 
0.000304354 7.22714e-05 4.07751e-05 
0.000314048 0.000181561 0.000152111 
0.000314048 0.000181391 4.38687e-05 
0.000667766 0.000390341 9.08637e-05 
0.000845706 0.000296939 4.21534e-05 
0.000616533 0.000476864 0.000160607 
0.000634893 0.00028471 0.000162766 
0.000972248 0.000143814 0.000142946 
0.000247987 0.000270438 0.000156222 
0.000291693 0.000471397 5.15493e-05 
0.00088982 2.27506e-05 4.22804e-05 
0.000371532 0.000254623 0.000165011 
0.00012016 0.000421452 0.00014304 
0.000600352 0.000106498 0.000178502 
0.000128112 0.000226313 4.67506e-05 
0.000539519 3.66448e-05 0.000174679 
0.000241653 5.5045e-05 0.000197488 
0.000541633 0.000299047 8.84234e-05 
0.000259978 0.000419675 0.000133718 
0.000798494 3.31467e-05 0.00012695 
0.000795507 0.000367544 0.000195651 
8.56834e-05 2.42936e-05 0.000149869 
0.000556377 0.000468084 0.000100641 
0.000163776 0.000118176 5.15538e-05 
0.000844316 6.30667e-05 0.00019975 
0.000802178 0.000429358 0.000164783 
0.000713612 0.000170766 0.000152104 
5.02668e-05 0.00022452 0.000137257 
0.000512009 0.000406345 0.00011957 
0.000725994 6.64955e-05 4.30506e-05 
0.000164064 0.00027567 0.000195933 
0.000783797 0.00011453 0.000198959 
0.000327752 0.000478852 0.000127968 
0.00084358 0.000271982 0.000146202 
0.000881519 0.000199269 0.000158966 
0.00076627 0.000127179 6.83334e-05 
0.000621212 0.000167904 0.000140318 
0.000113922 0.000383952 0.000188138 
0.000343179 0.00046877 4.49014e-05 
7.44278e-05 8.23997e-05 5.61699e-05 
0.000298362 0.000241956 9.92983e-05 
0.000188003 4.15518e-05 0.000108922 
0.000184291 0.000424247 0.000181851 
0.000448215 2.44538e-05 0.00017226 
0.000977299 0.000295651 0.000164433 
0.000339163 0.000472866 8.38805e-05 
0.000567407 0.000474125 6.24965e-05 
0.000975206 0.000223595 5.22198e-05 
0.000215385 0.000263935 0.000123082 
0.000394862 9.19441e-05 0.000185923 
0.00051957 0.000258636 0.000151788 
0.000615226 6.96035e-05 6.20309e-05 
0.000764859 0.000176416 0.000180426 
0.0006617 0.000312943 0.00010076 
0.000863237 2.00507e-05 0.000184492 
0.000284923 0.000208854 0.000176461 
0.000369275 0.000363969 0.000121033 
0.000153539 0.000370521 0.000194389 
0.000319519 2.37439e-05 0.000128408 
4.96e-05 0.00022935 4.01383e-05 
0.000183559 0.000180736 0.000185393 
0.000973135 0.000410446 0.000100397 
0.000149934 0.000289524 9.96119e-05 
0.000182971 0.000400247 0.000134703 
0.000517438 0.000250934 8.30385e-05 
3.78738e-05 8.80215e-05 0.000143749 
0.000693702 0.000452269 0.000188147 
0.000668506 0.000151367 0.00014692 
0.00096281 2.76627e-05 6.0045e-05 
0.000260742 0.000119801 0.00011078 
8.04631e-05 0.000318889 5.94342e-05 
0.000661604 4.36987e-05 9.82523e-05 
0.000659024 5.97118e-05 4.89332e-05 
0.000909146 0.000408262 5.25445e-05 
0.000728522 0.000204615 0.000126689 
0.000126761 0.00014423 0.000182503 
0.000436103 4.56938e-05 0.000132669 
0.000193275 0.000194876 8.89711e-05 
9.22587e-05 4.01133e-05 8.06489e-05 
0.000430589 0.000327784 5.65153e-05 
0.000638697 0.00036148 0.000169712 
0.000463625 0.000323055 0.000101529 
0.000840305 0.000198594 0.000194513 
0.00041215 4.71507e-05 7.90569e-05 
0.000223838 0.000203293 4.03046e-05 
0.000568796 0.000459312 0.00016069 
0.000653902 0.000119641 0.000186268 
0.000835327 0.000477393 9.07958e-05 
0.000219292 2.47353e-05 4.91971e-05 
2.3633e-05 4.28218e-05 0.000117102 
8.78838e-05 0.000287657 0.000148308 
0.000418964 0.000393907 0.000150403 
0.000171689 2.39733e-05 0.000187126 
0.000686392 0.000470916 5.5393e-05 
0.000302796 0.000240483 4.07027e-05 
0.000640181 0.000352194 0.000100403 
0.000571169 6.31875e-05 0.000194536 
0.000778719 0.000221616 6.83262e-05 
0.000307538 0.000456778 0.000158084 
0.00086016 0.000243577 0.00010565 
0.000665568 0.000424863 0.000116755 
0.000957337 0.000127879 0.000193068 
0.000113327 0.00047085 4.66794e-05 
0.000169776 0.000227222 0.000155465 
0.00043774 0.000202609 4.10325e-05 
0.000793312 0.000285686 0.000173236 
0.000920421 0.000320887 0.000124872 
2.24949e-05 0.000209764 0.000106461 
0.000732804 0.000481366 4.61735e-05 
0.000175932 2.38769e-05 5.95206e-05 
0.000662171 0.000332517 0.000185634 
0.000629619 0.000100229 0.000106453 
0.000404214 0.000236145 0.000199892 
0.000266703 0.000233975 0.000126033 
0.000851962 4.06395e-05 0.000106497 
0.000215484 0.000317451 0.000104527 
0.000805867 0.000180916 9.52482e-05 
0.000474879 0.000373291 5.57464e-05 
0.000868784 0.000253542 4.06358e-05 
0.000532024 6.73885e-05 8.07375e-05 
0.000388161 0.000228695 0.000107345 
0.000683397 0.000300211 0.000191216 
0.000765652 0.000395495 4.51609e-05 
0.000853833 0.000164772 4.32175e-05 
0.000608614 3.57563e-05 8.89032e-05 
0.000794285 0.000464787 0.000196548 
0.000481218 0.000440078 4.77812e-05 
0.000632006 0.000276381 6.76709e-05 
0.000436342 0.000426684 0.000125139 
0.000313858 0.000137346 4.65536e-05 
0.000573167 2.24659e-05 0.000125791 
0.000124939 0.000294205 0.000167928 
0.000854646 0.000425476 0.000196833 
0.000599121 0.000208712 0.000171441 
0.000404469 8.90203e-05 4.42711e-05 
0.000481001 0.000469122 0.000138653 
0.000565882 0.000163275 0.000198985 
0.000726059 0.000411334 0.000190513 
0.000310035 0.000141629 0.000158296 
0.000719084 0.000436667 0.000153919 
2.34921e-05 0.000380712 0.000124288 
0.000588062 0.000270327 7.98644e-05 
0.000362442 4.28291e-05 0.000185072 
0.000977803 0.000165995 8.81622e-05 
0.000541942 0.000185879 5.28433e-05 
0.000871509 0.000169148 0.000183192 
0.00052184 0.000278353 0.000192794 
0.000808463 0.000112578 0.000158393 
0.000148114 4.71957e-05 0.00010427 
0.000504988 0.000175184 0.000147861 
0.000432097 0.000136164 0.000123212 
0.000711142 0.000369126 0.000171161 
0.000197775 0.000141113 0.00018423 
0.000697135 0.000153992 0.000197039 
0.000801654 3.9067e-05 0.000184218 
0.000801591 0.000380149 0.000159048 
0.000893743 0.000422654 0.000166019 
0.000825809 0.000350308 0.000131694 
0.000237567 0.000459866 0.00010021 
0.000507682 0.000279307 4.69385e-05 
0.000266876 0.000369075 9.08454e-05 
0.000955624 0.000476789 4.77848e-05 
0.00094785 0.000353827 0.000129851 
0.000765228 3.7296e-05 9.47464e-05 
0.000207848 0.000273725 0.000180124 
0.000753742 0.000470152 8.36614e-05 
0.000634587 2.98295e-05 5.02699e-05 
0.00059597 0.000379004 0.000199895 
0.000666827 0.000240632 7.45541e-05 
0.000291231 2.79425e-05 4.30041e-05 
0.000697734 0.000431607 7.4864e-05 
0.000341403 0.000355476 0.000196543 
0.000783982 0.000225083 0.000174417 
0.000142125 0.000438605 0.000198788 
0.000518958 0.000419842 0.000197115 
0.000564402 0.000336543 4.12516e-05 
0.000331717 2.17562e-05 9.0914e-05 
0.000205478 0.000247933 6.41446e-05 
0.000471371 0.000143659 0.000125412 
0.000560277 0.000355887 0.00018565 
0.000249289 5.93158e-05 0.000141955 
0.000825775 0.000471741 4.4657e-05 
0.000845102 0.000438797 0.000155255 
9.80455e-05 0.00034354 8.76141e-05 
0.000294916 0.000171953 0.000192099 
1.92067e-05 8.66819e-05 6.6365e-05 
8.48264e-05 0.000108101 0.000112216 
0.000223669 0.000101299 0.000173361 
0.000729152 0.000417834 4.46435e-05 
0.000545748 0.000313319 0.000131981 
7.75095e-05 0.000395287 0.000100687 
