0.000748854 3.793e-05 5.14678e-05 
0.00027634 0.000137324 6.97451e-05 
0.000128772 3.85037e-05 3.99977e-05 
0.000814541 0.000218929 0.000129314 
0.000951399 0.000439999 6.67259e-05 
0.000502994 0.000129563 7.65678e-05 
0.000368926 0.000130779 0.000155012 
0.000706378 3.64208e-05 0.000134306 
0.000148702 0.000341937 0.000113754 
0.000958523 0.000336619 0.000163514 
0.00075012 0.000398304 0.000140254 
0.000234227 0.000106543 6.47976e-05 
9.30832e-05 0.00017214 9.72126e-05 
0.000603406 0.000308606 0.000111664 
0.00087877 9.95864e-05 0.000152514 
0.000188066 0.000313832 4.5461e-05 
0.000424034 0.000345407 0.000118068 
0.0006282 0.000168875 0.000189538 
0.000852578 0.000397692 0.00013396 
0.00042305 0.000323673 0.00019404 
0.00033816 0.000241027 0.000118976 
0.000151259 0.000174615 7.65056e-05 
0.000565468 0.000416051 0.00016294 
0.000889827 0.000185431 5.60751e-05 
0.000678002 0.000204254 0.000146117 
0.000746259 0.000312631 0.000187927 
0.000420647 0.000267965 0.000139726 
0.000183276 0.000309218 0.000148245 
0.00010049 9.80617e-05 0.000160264 
0.000568995 0.00031044 0.000177503 
0.000172087 0.000246268 9.7557e-05 
0.000632401 6.36054e-05 0.00015481 
0.000323334 0.000248336 0.000194933 
0.00049921 0.000200567 0.000194694 
0.000599266 0.000244624 4.75829e-05 
0.000110128 0.000464754 0.000104748 
0.000303613 0.000338792 0.000149534 
0.000931046 0.000326771 0.000197326 
0.000465573 0.000411211 0.000169211 
0.00075193 0.00011873 0.000152579 
0.000920031 5.89178e-05 6.31705e-05 
0.00079542 0.00042878 6.31767e-05 
0.000291939 0.000414279 0.000154693 
0.000482091 0.000362599 0.00014217 
0.000701487 0.00020867 6.877e-05 
0.000250387 0.00022899 7.29938e-05 
0.000214472 0.000139785 7.56969e-05 
0.00013713 0.000195846 0.000135454 
0.000220253 0.000169227 0.000141857 
0.000722619 0.000214929 0.000186471 
0.000132905 8.70147e-05 6.20724e-05 
0.000552253 0.000230847 0.000116747 
0.000853387 5.25693e-05 5.73884e-05 
0.00044499 0.000102239 0.000159099 
0.000879404 0.000357422 0.000131517 
0.000888874 0.000365209 7.56406e-05 
0.00013367 0.000313975 6.94813e-05 
0.000643082 0.000233981 3.96597e-05 
0.00067244 0.000384297 0.00019382 
0.000483439 0.000278395 0.000128181 
0.000260963 8.82645e-05 0.000173525 
0.000316237 4.51958e-05 0.000191947 
0.000453572 0.00040808 7.7569e-05 
0.000444111 0.000222585 0.000165878 
0.0005731 7.55549e-05 6.04589e-05 
0.000707899 0.000350785 0.000105919 
0.000137231 6.55347e-05 0.000189189 
0.000221461 0.000455179 3.98836e-05 
0.00072652 0.000132036 8.02119e-05 
0.000709242 2.9478e-05 7.886e-05 
0.000584198 0.000172681 0.000116934 
4.69323e-05 0.000460975 8.36439e-05 
0.000882652 0.000286308 8.75883e-05 
0.000636484 0.000457282 7.45331e-05 
0.000219852 0.000398526 8.29072e-05 
8.8589e-05 0.000253181 8.6497e-05 
0.000848103 0.000319692 9.82133e-05 
0.000175938 0.000457767 0.000121506 
0.000190935 0.000360988 0.000174331 
5.3719e-05 0.000341564 8.21106e-05 
0.000598663 0.000400475 6.88811e-05 
0.000871186 0.000317584 0.000155859 
2.90507e-05 8.77464e-05 0.000104223 
0.000897469 0.000132302 0.000118254 
0.000564784 0.000364113 7.06186e-05 
0.00041295 0.000280535 7.05841e-05 
0.000146962 0.000207094 0.000193027 
0.000397378 0.00044134 0.000179484 
5.62818e-05 0.000421981 0.000133883 
0.000323089 0.000176877 9.3332e-05 
0.000633536 0.000352565 4.07276e-05 
0.000247231 3.26924e-05 9.24462e-05 
0.000807869 5.11043e-05 8.67175e-05 
0.000953022 0.00011055 0.000122153 
0.00020958 6.23411e-05 0.000154277 
0.000933242 0.000199973 6.67952e-05 
0.00066652 0.000411421 4.02748e-05 
0.00032422 0.000326009 8.15548e-05 
0.000401041 3.01415e-05 0.000168044 
7.91577e-05 0.000400275 0.000197263 
0.000215303 0.000229254 0.000163752 
6.77656e-05 0.000199559 0.00019708 
0.000415288 0.000452151 6.08479e-05 
0.000956683 0.000208636 0.000120152 
0.000572292 7.77392e-05 0.000111803 
0.000613987 0.000125208 5.05162e-05 
2.83783e-05 0.000208276 6.29377e-05 
0.00081567 7.52627e-05 0.000163839 
0.000136704 0.000380738 8.93847e-05 
3.13272e-05 0.000269638 0.000168347 
0.000115697 0.000470426 0.000189635 
0.000711271 0.000458146 0.000111629 
0.000359809 0.000180538 0.000126786 
0.000262479 0.000284724 9.40415e-05 
0.000812429 0.000252629 0.000175408 
8.80145e-05 0.000129062 6.2621e-05 
0.000821908 0.000150236 0.000180285 
2.48553e-05 2.33326e-05 0.0001619 
0.000458967 0.000289772 5.20311e-05 
0.000526502 0.00047112 0.000158556 
0.000242712 0.000321612 0.000147334 
0.000918518 0.000298192 8.42005e-05 
0.00028207 0.000402937 5.60332e-05 
0.000910939 0.0001404 0.000196747 
0.000701795 0.00028088 0.000139228 
0.000765225 0.000171804 0.000127746 
3.20505e-05 0.000133153 8.55647e-05 
0.000848163 0.000374257 9.14062e-05 
0.000234706 0.000383592 0.00013681 
0.000763529 0.000243839 0.000101546 
0.000299753 0.000436002 8.91285e-05 
0.000312722 0.000426218 0.000195403 
0.000376076 7.2752e-05 0.000128588 
0.000510664 0.00022521 4.29816e-05 
0.00034888 0.00015956 6.42577e-05 
0.000329151 0.000106859 8.99237e-05 
0.00038115 0.000385095 6.39258e-05 
0.000949993 0.000250106 9.96576e-05 
0.000363219 3.80762e-05 4.21351e-05 
0.000958301 0.000350233 6.79452e-05 
0.000316964 0.000475164 0.000196749 
0.000536534 0.000121108 0.000156674 
2.454e-05 0.000216119 0.000172424 
0.000464348 0.000244475 7.77527e-05 
0.000807176 0.000261635 8.05269e-05 
0.000799406 0.000151694 4.66791e-05 
0.000745168 0.000181993 5.17981e-05 
0.000194 6.876e-05 6.62517e-05 
3.17921e-05 0.000134156 0.00016195 
0.000839573 0.00015014 0.000122126 
0.00086263 0.000398604 4.03427e-05 
0.000639496 0.000185338 6.56531e-05 
0.000785966 3.54418e-05 4.97815e-05 
0.000966197 0.000114336 7.07462e-05 
0.000291133 0.000197188 0.000110498 
0.000408462 0.000105107 9.13757e-05 
0.000296627 0.000273482 0.000131752 
0.000287315 6.59637e-05 9.79956e-05 
0.00011191 0.000333668 0.000181847 
0.000856242 0.000245514 0.000182235 
0.000627511 0.000443235 0.000189346 
0.000673044 0.000111883 7.25112e-05 
0.00022888 0.000100573 0.000134467 
0.000162039 0.000255958 4.83948e-05 
0.000937381 0.000154899 4.28144e-05 
0.000961173 0.000316831 0.000116418 
0.000801976 9.60116e-05 9.49488e-05 
0.000106097 5.29357e-05 0.000121953 
0.000128771 0.000432245 9.35046e-05 
0.000382175 0.000188163 0.000178409 
0.00070518 0.000339917 0.000195814 
2.65898e-05 5.75806e-05 0.000198048 
0.000948578 5.63639e-05 0.000182597 
0.000911493 0.000414771 9.80094e-05 
0.000115588 0.000381435 4.10736e-05 
0.000875478 0.000461608 0.000177815 
0.000367302 0.000305837 0.000169414 
0.000964911 0.000195476 0.000170551 
0.000365058 0.000311022 4.5679e-05 
0.000496113 0.00034295 0.000196672 
0.000525069 2.98481e-05 4.19121e-05 
7.59592e-05 0.000288587 0.000185623 
0.000763094 0.00045607 0.000153625 
0.000708772 0.000267737 8.24353e-05 
0.000779979 0.000361712 7.0157e-05 
0.000505141 0.000435219 7.98148e-05 
0.000416993 0.00015301 5.52756e-05 
0.000310584 9.49347e-05 0.00016244 
0.000563209 0.000350606 0.000147969 
0.000876951 0.00044839 6.75862e-05 
0.000461548 0.000166215 0.000174611 
0.000442956 0.000180671 9.59406e-05 
0.000150525 0.000104413 0.000102397 
0.00091773 0.00046188 0.000130703 
0.00016806 0.000152559 0.00013405 
0.000960021 0.000463788 0.000187748 
0.000770375 0.000307837 0.000110419 
0.00079368 0.000478913 0.0001219 
0.000841525 0.00035983 0.000169341 
0.000684897 0.000107183 0.000143301 
0.000172192 9.12582e-05 0.000144319 
9.66726e-05 0.000237904 0.000167694 
0.000526921 0.000375673 0.000162292 
0.000896568 0.000241614 7.56917e-05 
0.000365433 0.000425527 0.00012393 
0.000952586 0.000383818 0.000172472 
0.000508147 0.000335221 5.46568e-05 
0.000267858 0.000187242 5.44029e-05 
0.000321833 0.000374158 9.72638e-05 
0.00050904 0.000311915 0.000148462 
0.000245855 0.000204668 0.000190643 
0.000361228 9.39841e-05 4.75864e-05 
0.000106198 0.00018371 4.18604e-05 
0.000600214 0.000262737 0.000185137 
0.000248912 0.000461937 0.000142672 
0.000619577 0.000318539 0.000185948 
0.00047229 0.000292237 0.000190834 
0.000793128 8.55875e-05 4.16139e-05 
0.000675194 0.000166172 9.95349e-05 
0.000152131 4.16427e-05 0.000146709 
0.000405509 0.000203646 0.00013449 
0.000355221 0.000208962 5.20032e-05 
0.000849518 0.000196183 6.63755e-05 
0.000919144 0.000248853 0.000191231 
0.000637175 0.000450009 0.000135538 
4.66405e-05 0.000314885 0.000115489 
0.000936021 0.000429293 0.000160417 
3.41648e-05 0.000252611 7.07463e-05 
9.03739e-05 0.000408922 5.10294e-05 
0.000261112 0.000434489 0.000188313 
0.000863086 0.000103899 6.97551e-05 
0.000768637 4.93905e-05 0.000154451 
0.000362241 0.000289199 8.92393e-05 
0.000697484 0.000158562 5.79229e-05 
0.000548753 0.000423043 4.11994e-05 
0.000281768 0.000133949 0.000188467 
0.000301209 0.000287609 5.30964e-05 
0.000412655 0.000241677 4.01245e-05 
0.000335762 0.000384969 0.000163191 
0.000143639 0.000394225 0.000158699 
8.00073e-05 0.000367739 0.00013512 
0.000155662 0.000473823 4.13207e-05 
0.00056256 0.000407041 0.00011951 
0.000603595 0.000384732 0.000148091 
4.65614e-05 0.000164185 4.07198e-05 
0.0005098 0.000185833 8.70178e-05 
0.000833687 0.000475576 0.000169729 
0.000863478 0.000343094 5.16132e-05 
0.000255457 7.30378e-05 5.24349e-05 
0.000741832 8.48778e-05 9.86337e-05 
0.000237705 0.000291097 0.000196938 
0.000962393 6.39783e-05 9.55163e-05 
0.000919995 3.66048e-05 0.000123983 
0.000555587 0.00014128 0.000116175 
0.00046391 7.46498e-05 5.8169e-05 
0.00065225 0.000233661 0.000187257 
0.000798906 0.000479088 7.00228e-05 
0.000502929 3.85418e-05 0.000122334 
0.000525385 0.000472441 6.04647e-05 
0.000572312 0.000215099 6.65246e-05 
0.000375079 0.000157685 9.10026e-05 
0.000930866 0.000171312 0.000134885 
0.00095594 0.000473203 0.000121485 
0.000883751 0.000385828 0.000180547 
0.000921957 0.000117329 6.72183e-05 
0.000769118 0.000346393 0.000156978 
3.51393e-05 0.000318771 0.000190253 
0.000117047 0.00012419 0.000130528 
3.67683e-05 0.000441841 0.000176257 
0.0004079 0.000223333 7.08325e-05 
0.000492012 5.55227e-05 0.000178932 
0.000577339 0.000163027 3.8759e-05 
0.000773782 0.000375825 0.000108163 
0.000400402 0.000479391 0.000136392 
0.000719662 9.95786e-05 0.000191582 
0.000674007 0.000428745 0.000154511 
0.000272735 0.000340922 5.81631e-05 
0.000489935 0.000205109 0.000125945 
4.40874e-05 0.000369771 0.000185145 
0.000837808 0.000428711 0.000107256 
0.000729934 0.000290106 4.06496e-05 
9.74114e-05 0.000476941 0.000146465 
0.000950596 0.000270442 0.000151229 
0.000677567 5.32661e-05 0.000190539 
4.92636e-05 4.52277e-05 6.95434e-05 
0.00051132 9.02253e-05 0.000124883 
9.52269e-05 0.00018219 0.000152936 
0.000823648 0.000355187 4.53017e-05 
0.000668088 0.000296789 5.0433e-05 
0.000624986 0.000234829 0.000120592 
0.000163547 0.000368238 4.12446e-05 
0.000975436 2.35653e-05 0.000149449 
0.000223647 0.000467542 0.000196429 
0.000679217 0.000480836 0.000104431 
0.000897429 0.000207269 0.000112143 
2.89808e-05 0.00029555 4.18398e-05 
0.000531108 0.00035833 0.000103584 
0.000542012 0.000211234 0.000171668 
0.000662074 0.000340485 0.000141532 
5.61674e-05 0.000267398 0.000128581 
0.000468427 0.000460778 0.000196699 
4.17015e-05 0.000389683 5.36643e-05 
0.000774422 0.000254721 0.000142676 
0.000185819 0.000169372 3.9804e-05 
0.000751152 0.000429142 8.68587e-05 
0.000924731 0.000103509 0.000164097 
0.000830105 0.000308351 0.000190145 
0.000970161 8.09304e-05 4.37959e-05 
0.000737708 0.000377311 6.23544e-05 
6.89435e-05 5.53413e-05 0.000177875 
0.000146817 0.000408531 6.62577e-05 
0.00038351 0.000360206 0.000167915 
0.000940912 0.000266176 3.85161e-05 
0.000558421 0.000281249 4.58674e-05 
0.000919102 0.000181282 0.000179116 
0.000310293 0.000369057 5.35442e-05 
0.000250713 0.000354167 0.000195259 
0.000437375 0.000476029 0.000112546 
8.93104e-05 0.000326773 0.000122424 
0.00083467 0.000384872 0.000194486 
0.0005763 0.00026535 0.000150803 
0.000304354 7.22714e-05 3.89839e-05 
0.000314048 0.000181561 0.00015048 
0.000314048 0.000181391 4.20135e-05 
0.000667766 0.000390341 8.93746e-05 
0.000845706 0.000296939 4.05697e-05 
0.000616533 0.000476864 0.000159059 
0.000634893 0.00028471 0.000161309 
0.000972248 0.000143814 0.000141287 
0.000247987 0.000270438 0.000154523 
0.000291693 0.000471397 4.95211e-05 
0.00088982 2.27506e-05 4.05902e-05 
0.000371532 0.000254623 0.00016327 
0.00012016 0.000421452 0.000141429 
0.000600352 0.000106498 0.000176835 
0.000128112 0.000226313 4.51681e-05 
0.000539519 3.66448e-05 0.000173152 
0.000241653 5.5045e-05 0.000195616 
0.000541633 0.000299047 8.64027e-05 
0.000259973 0.000419676 0.000132201 
0.000798494 3.31467e-05 0.000125421 
0.000795507 0.000367544 0.00019399 
8.56834e-05 2.42936e-05 0.000148251 
0.000556377 0.000468084 9.88399e-05 
0.000163776 0.000118176 4.96789e-05 
0.000844316 6.30667e-05 0.000197645 
0.000802178 0.000429358 0.000163089 
0.000713612 0.000170766 0.000150377 
5.02668e-05 0.00022452 0.000135437 
0.000512009 0.000406345 0.000117532 
0.000725994 6.64955e-05 4.13634e-05 
0.000164064 0.00027567 0.00019396 
0.000783797 0.00011453 0.000196738 
0.000327752 0.000478852 0.00012643 
0.00084358 0.000271982 0.000144347 
0.000881519 0.000199269 0.00015731 
0.00076627 0.000127179 6.667e-05 
0.000621212 0.000167904 0.000138797 
0.000113922 0.000383952 0.000186374 
0.000343179 0.00046877 4.31706e-05 
7.44278e-05 8.23997e-05 5.39903e-05 
0.000298362 0.000241956 9.75439e-05 
0.000188003 4.15518e-05 0.000107387 
0.000184291 0.000424247 0.000179437 
0.000448215 2.44538e-05 0.00017078 
0.000977299 0.000295651 0.000162921 
0.000339163 0.000472866 8.23808e-05 
0.000567407 0.000474125 6.08983e-05 
0.000975206 0.000223595 5.04465e-05 
0.000215385 0.000263935 0.00012121 
0.000394862 9.19441e-05 0.000184267 
0.00051957 0.000258636 0.000150104 
0.000615226 6.96035e-05 6.05989e-05 
0.000764859 0.000176416 0.000178687 
0.0006617 0.000312943 9.93173e-05 
0.000863237 2.00507e-05 0.000182889 
0.000284923 0.000208854 0.000174751 
0.000369275 0.000363969 0.000119351 
0.000153539 0.000370521 0.000192971 
0.000319519 2.37439e-05 0.000126949 
4.96e-05 0.00022935 3.85596e-05 
0.000183559 0.000180736 0.000183617 
0.000973135 0.000410446 9.8553e-05 
0.000149934 0.000289524 9.79455e-05 
0.000182971 0.000400247 0.00013325 
0.000517438 0.000250934 8.11236e-05 
3.78738e-05 8.80215e-05 0.000142323 
0.000693702 0.000452269 0.000186163 
0.000668506 0.000151367 0.000145218 
0.00096281 2.76627e-05 5.82562e-05 
0.000260742 0.000119801 0.000108975 
8.04631e-05 0.000318889 5.80054e-05 
0.000661604 4.36987e-05 9.64407e-05 
0.000659024 5.97118e-05 4.74224e-05 
0.000909146 0.000408262 5.10599e-05 
0.000728522 0.000204615 0.000125205 
0.000126761 0.00014423 0.000180241 
0.000436103 4.56938e-05 0.00013053 
0.000193275 0.000194876 8.70286e-05 
9.22587e-05 4.01133e-05 7.92042e-05 
0.000430589 0.000327784 5.47772e-05 
0.000638697 0.00036148 0.000168288 
0.000463625 0.000323055 0.000100057 
0.000840305 0.000198594 0.000193061 
0.00041215 4.71507e-05 7.72968e-05 
0.000223838 0.000203293 3.82718e-05 
0.000568796 0.000459312 0.000159249 
0.000653902 0.000119641 0.000184778 
0.000835327 0.000477393 8.93384e-05 
0.000219292 2.47353e-05 4.73075e-05 
2.3633e-05 4.28218e-05 0.000115455 
8.78838e-05 0.000287657 0.000146716 
0.000418964 0.000393907 0.000148251 
0.000171689 2.39733e-05 0.000185379 
0.000686392 0.000470916 5.32336e-05 
0.000302796 0.000240483 3.86657e-05 
0.000640181 0.000352194 9.86609e-05 
0.000571169 6.31875e-05 0.000192839 
0.000778719 0.000221616 6.688e-05 
0.000307538 0.000456778 0.000156328 
0.00086016 0.000243577 0.000103853 
0.000665568 0.000424863 0.000115162 
0.000957337 0.000127879 0.000190882 
0.000113327 0.00047085 4.50801e-05 
0.000169776 0.000227222 0.000153676 
0.00043774 0.000202609 3.91112e-05 
0.000793312 0.000285686 0.000171596 
0.000920421 0.000320887 0.000123104 
2.24949e-05 0.000209764 0.000105034 
0.000732804 0.000481366 4.46026e-05 
0.000175932 2.38769e-05 5.80431e-05 
0.000662171 0.000332517 0.000184041 
0.000629619 0.000100229 0.000104456 
0.000404214 0.000236145 0.000197782 
0.000266703 0.000233975 0.000124534 
0.000851962 4.06395e-05 0.00010411 
0.000215484 0.000317451 0.000102922 
0.000805867 0.000180916 9.34589e-05 
0.000474879 0.000373291 5.42085e-05 
0.000868784 0.000253542 3.86176e-05 
0.000532024 6.73885e-05 7.92432e-05 
0.000388161 0.000228695 0.000105687 
0.000683397 0.000300211 0.00018948 
0.000765652 0.000395495 4.37094e-05 
0.000853833 0.000164772 4.18049e-05 
0.000608614 3.57563e-05 8.70444e-05 
0.000794285 0.000464787 0.000194938 
0.000481218 0.000440078 4.62261e-05 
0.000632006 0.000276381 6.62495e-05 
0.000436342 0.000426684 0.000123545 
0.000313858 0.000137346 4.4871e-05 
0.000573167 2.24659e-05 0.000124011 
0.000124939 0.000294205 0.000166184 
0.000854646 0.000425476 0.000195094 
0.000599121 0.000208712 0.000169446 
0.000404469 8.90203e-05 4.23632e-05 
0.000481001 0.000469122 0.000136603 
0.000565882 0.000163275 0.00019679 
0.000726059 0.000411334 0.000188894 
0.000310035 0.000141629 0.000156719 
0.000719084 0.000436667 0.000152293 
2.34921e-05 0.000380712 0.000122478 
0.000587846 0.000269789 7.79483e-05 
0.000362442 4.28291e-05 0.000183662 
0.000977803 0.000165995 8.63685e-05 
0.000541942 0.000185879 5.10208e-05 
0.000871509 0.000169148 0.000181596 
0.00052184 0.000278353 0.000190941 
0.000808463 0.000112578 0.000156913 
0.000148114 4.71957e-05 0.000102606 
0.000504988 0.000175184 0.000146334 
0.00043205 0.000136288 0.000121618 
0.000711142 0.000369126 0.00016945 
0.000197775 0.000141113 0.000182765 
0.000697135 0.000153992 0.000195433 
0.000801654 3.9067e-05 0.000182688 
0.000801591 0.000380149 0.000157636 
0.000893746 0.000422665 0.000164378 
0.000825809 0.000350308 0.000130019 
0.000237567 0.000459866 9.87118e-05 
0.000507682 0.000279307 4.49455e-05 
0.000266876 0.000369075 8.94317e-05 
0.000955624 0.000476789 4.59394e-05 
0.00094785 0.000353827 0.000128052 
0.000765228 3.7296e-05 9.32014e-05 
0.000207848 0.000273725 0.000178656 
0.000753742 0.000470152 8.21573e-05 
0.000634587 2.98295e-05 4.85323e-05 
0.00059597 0.000379004 0.000197928 
0.000666827 0.000240632 7.26537e-05 
0.000291231 2.79425e-05 4.12002e-05 
0.000697734 0.000431607 7.32979e-05 
0.000341403 0.000355476 0.000194995 
0.000783982 0.000225083 0.000172842 
0.000142125 0.000438605 0.000197355 
0.000518958 0.000419842 0.000195183 
0.000564402 0.000336543 3.958e-05 
0.000331717 2.17562e-05 8.92466e-05 
0.000205478 0.000247933 6.26746e-05 
0.000471371 0.000143659 0.000123705 
0.000560277 0.000355887 0.0001842 
0.000249289 5.93158e-05 0.000140476 
0.000825775 0.000471741 4.31055e-05 
0.000845102 0.000438797 0.000153623 
9.80455e-05 0.00034354 8.6036e-05 
0.000294916 0.000171953 0.000190625 
1.92067e-05 8.66819e-05 6.4857e-05 
8.48264e-05 0.000108101 0.000110724 
0.000223669 0.000101299 0.000171948 
0.000729152 0.000417834 4.27952e-05 
0.000545748 0.000313319 0.000130447 
7.75095e-05 0.000395287 9.88916e-05 
