0.000447549 0.000192474 0.000132366 
0.000739278 0.000176803 4.56643e-05 
0.00094654 0.000310091 0.00012053 
0.000164014 0.000317476 0.00013706 
0.000450487 0.000368544 9.49572e-05 
0.000657734 0.000203211 7.60765e-05 
0.000537777 0.00013359 4.1748e-05 
0.000652128 0.000308742 8.53517e-05 
0.000482116 0.000301547 7.01075e-05 
0.000340182 0.00028191 0.00014247 
0.000970242 0.000448281 0.000111069 
0.000163742 0.000243035 0.000116367 
0.000103553 0.000394994 7.15991e-05 
0.000132342 0.000357648 0.000197157 
0.000742199 0.000448291 7.33156e-05 
0.000104444 0.000246174 0.000140448 
0.000388909 4.79546e-05 0.000130917 
0.000581979 3.80247e-05 9.65088e-05 
0.000866038 0.000287898 0.000158929 
0.000291093 0.000376222 5.34504e-05 
0.000649026 0.000157418 0.000108421 
0.000313825 0.000403415 0.000189912 
0.000683868 3.78294e-05 7.65991e-05 
0.000151708 0.00030463 0.000190775 
0.000185056 0.000355776 4.03559e-05 
0.000463996 5.47169e-05 0.000119868 
0.00042427 0.000473393 6.70078e-05 
0.000719986 7.70798e-05 0.000157913 
2.06937e-05 9.44963e-05 7.5726e-05 
0.000798252 9.28188e-05 6.77343e-05 
0.00089719 0.000103137 0.000111445 
0.000810559 0.00046088 0.000144948 
0.000618269 6.07796e-05 4.24687e-05 
0.000169142 5.27423e-05 7.88714e-05 
0.000291122 0.000224919 0.000190328 
0.000680286 0.000443637 0.000186622 
0.000808956 0.000299941 7.988e-05 
0.000721442 0.000147325 9.02603e-05 
0.000274799 0.000100632 0.000177869 
0.000306749 6.75069e-05 0.000103448 
0.000584852 0.000181019 0.000163912 
0.000772195 0.000167841 7.23296e-05 
0.000359387 0.000462291 0.000109865 
0.000811856 0.000188194 0.000122522 
8.81003e-05 0.000189038 0.00011565 
0.000496087 0.000109088 0.000115856 
0.000580213 0.000135071 8.94496e-05 
0.000605823 0.000267344 0.000117908 
0.000329032 0.000469987 3.78557e-05 
0.000537578 0.000372884 0.000156326 
0.000280412 0.000120607 5.48942e-05 
0.000842761 0.00040966 0.000101504 
0.000762144 0.000420837 0.000116844 
0.00010911 0.000459358 0.000189976 
0.000664799 0.000345073 0.000164089 
0.000931451 0.00044935 0.000147886 
0.000181803 2.38148e-05 0.000159645 
0.00094633 0.000221355 7.50348e-05 
0.000138224 0.000437548 0.000136666 
0.000506617 0.000404832 5.70137e-05 
0.000641116 0.000187393 0.000174644 
0.000929238 4.35799e-05 0.000110105 
0.000896823 0.000286713 5.73669e-05 
0.000453166 0.000462974 0.000126703 
3.32668e-05 0.00035822 0.000127563 
4.60536e-05 0.000193581 0.000104739 
0.000501732 9.82736e-05 0.000187443 
5.27666e-05 0.000292474 0.000139276 
0.00024157 0.000464664 5.69418e-05 
0.000861989 0.000435433 4.40911e-05 
0.000115003 9.75606e-05 6.84273e-05 
0.000734541 0.000244569 7.32086e-05 
0.000161791 0.000116153 0.000136308 
0.000354051 0.000362683 8.40643e-05 
0.000334038 0.000343669 0.000175116 
0.000892798 0.000387695 9.4288e-05 
0.000639063 0.000399514 0.000140116 
0.000288166 0.000428745 0.000128043 
0.000945301 0.000144673 7.78512e-05 
0.000747516 0.000260964 0.000169654 
8.57223e-05 2.92044e-05 6.05069e-05 
0.000532139 0.000407211 0.000187618 
0.000231248 8.15478e-05 4.97143e-05 
0.000221504 0.00010619 0.00011682 
0.000418812 0.00019962 7.76613e-05 
0.00056167 0.00021425 0.000185773 
0.000287467 0.00031966 7.52355e-05 
6.78202e-05 7.91737e-05 3.87812e-05 
0.000615618 4.88332e-05 0.000157904 
6.32737e-05 0.000437954 0.000141691 
0.000919754 0.000104083 0.000185913 
8.42789e-05 0.000290157 0.000173972 
0.000615311 0.00036265 9.00928e-05 
0.000840112 0.000219353 4.344e-05 
0.000561214 0.000369787 4.4805e-05 
0.000219839 0.000280297 0.000147947 
0.000831299 0.000411545 0.000177458 
0.000554285 0.000415467 0.000103249 
0.000556235 0.000365782 0.000111358 
0.000230565 0.000276082 4.57442e-05 
0.00046064 9.25229e-05 4.21791e-05 
0.000972858 0.000461419 0.000169126 
0.000608188 0.000451002 0.000123338 
2.19778e-05 0.000405703 0.000168787 
0.000905123 0.000206999 0.000192913 
0.000524633 0.000249854 4.75555e-05 
0.000339638 0.000184802 0.000178998 
0.000776709 8.51426e-05 0.000195261 
0.000480937 0.00027622 0.000178487 
0.000630263 0.000393931 4.77742e-05 
0.000308849 0.000445895 8.30039e-05 
0.000887853 0.000212334 0.000147772 
0.000748392 0.000326276 7.42751e-05 
2.39984e-05 0.000139706 0.000126161 
0.000560014 0.000305242 4.7429e-05 
0.000224719 0.00016449 0.000179441 
0.000700592 3.3236e-05 0.000121196 
0.00019283 0.00038074 0.000138066 
0.000713333 0.000388638 4.69279e-05 
0.000156641 0.000259575 5.19581e-05 
0.000280629 0.000357751 0.000195485 
0.000154506 0.00042911 0.000194831 
0.000128896 0.000191372 8.53732e-05 
0.000343594 0.000127583 8.25438e-05 
0.000210012 0.000224771 5.59711e-05 
0.000262049 0.000415389 8.76999e-05 
0.000304581 4.87415e-05 0.000178856 
0.000753059 0.000206597 0.000128034 
0.000725601 0.000416444 0.000178972 
0.000395597 0.00014718 9.52332e-05 
0.000419559 0.000217601 0.000173764 
5.29581e-05 7.96043e-05 0.000124505 
0.000747038 2.81479e-05 0.000183243 
0.000589479 0.00045896 0.000177205 
0.000530174 0.000458227 6.22251e-05 
0.000228483 0.000178159 0.000113992 
0.000658013 2.25372e-05 0.000120013 
0.000315424 0.000476799 0.000126415 
0.00029192 0.000153808 0.000175555 
2.861e-05 2.60918e-05 0.000136979 
6.79252e-05 0.000364392 6.40989e-05 
0.000529892 5.91862e-05 0.00011573 
0.000916252 0.000435163 0.000102575 
0.000104943 0.000137795 5.63529e-05 
0.000290711 0.000253636 8.89377e-05 
0.000424345 0.000430365 0.000180485 
0.000828689 0.000110631 0.00019431 
0.000801018 0.000272705 0.000118215 
0.000849301 0.000139489 0.000142971 
0.000139707 0.000273989 0.000166534 
0.000554275 0.00028761 0.000177965 
0.000229416 6.55695e-05 0.000133511 
0.000421954 0.000344708 3.85763e-05 
0.00041514 0.000111677 0.000141892 
0.000429584 0.000325335 0.000161953 
0.000866469 6.77076e-05 9.20678e-05 
3.41373e-05 0.000201469 5.99488e-05 
0.000802539 3.01712e-05 9.06566e-05 
9.90436e-05 0.000249581 5.38723e-05 
0.000381321 0.000440345 0.000143602 
0.000242686 0.000358593 4.26138e-05 
0.000849174 8.21168e-05 0.000150542 
0.000111016 3.65503e-05 0.000184123 
0.000679949 0.000447115 9.05909e-05 
0.000791166 0.000109864 0.000145513 
9.69102e-05 0.000344174 0.000121229 
0.000792685 0.000369279 0.000142741 
0.000763327 0.000396499 4.59517e-05 
0.000355598 8.60811e-05 0.000157079 
4.40583e-05 0.000220577 0.000163947 
0.000965164 0.000183812 0.000169044 
0.000167988 0.000138391 4.3137e-05 
0.00047419 0.000236171 0.000119827 
0.000487992 3.55706e-05 3.87106e-05 
0.00049306 0.000412139 0.000135705 
8.87555e-05 0.000288347 9.01057e-05 
0.000150196 0.000185942 0.000150615 
0.000484519 0.000315086 0.000160282 
0.000715721 0.000131371 0.000170809 
0.000925459 6.00526e-05 6.01593e-05 
0.000786289 5.03291e-05 0.000135481 
0.00023753 0.000231225 0.000123553 
0.000138048 0.000454217 7.69357e-05 
0.000793049 0.000186842 0.000179843 
0.000484651 0.000205398 8.61944e-05 
0.000339498 0.000130941 0.00015194 
0.000515202 0.000162534 0.000117419 
0.000378633 0.000240395 0.000126099 
0.000429435 0.000117166 5.21387e-05 
0.000917019 0.000170902 0.000166464 
0.000699161 0.000406341 0.000140467 
0.000464921 0.000256565 4.18133e-05 
0.00090368 0.00017392 4.8609e-05 
0.000250926 0.000203247 0.000160687 
0.000382557 0.000303993 7.35497e-05 
0.000119153 3.23182e-05 0.000120966 
0.000276441 0.000332757 0.000136104 
0.000821544 4.65211e-05 0.000182129 
0.000343781 0.000185838 9.14728e-05 
0.000521771 0.000470504 0.000177993 
0.000374189 5.31287e-05 5.6883e-05 
0.000889907 0.000386861 0.000180214 
0.000532344 3.16133e-05 0.000189419 
0.0003685 4.94284e-05 0.00019413 
0.000124736 0.000214004 0.000173446 
0.000196965 0.000325319 9.41333e-05 
0.000964233 3.82828e-05 5.64338e-05 
0.00023105 0.000431708 0.000133583 
0.000846662 0.000259341 8.44571e-05 
0.000382099 0.000441903 8.21556e-05 
0.000403353 0.000163885 0.00019465 
0.000753217 0.000474296 0.000113424 
0.000895914 0.000403424 0.000147849 
0.000597426 0.000197752 0.000100695 
0.000795418 0.000249209 5.53285e-05 
0.000616518 0.000314611 4.94317e-05 
2.60817e-05 0.000338925 9.13429e-05 
0.000132743 0.000316311 7.43462e-05 
0.000968737 9.72307e-05 8.5641e-05 
0.000146606 0.000140184 0.000192133 
0.000277072 0.000195686 6.57776e-05 
0.000955886 2.93878e-05 0.000144373 
6.91563e-05 0.000111277 0.000195945 
0.000123268 0.000203818 4.76264e-05 
0.000864737 0.000182913 9.86531e-05 
0.000747783 8.1869e-05 0.000118616 
0.000230347 0.000422536 0.000187456 
0.000911308 0.000243206 0.00016075 
0.000533613 5.48204e-05 5.47612e-05 
0.000869192 0.000476163 0.000156186 
0.000816891 0.000353967 7.38475e-05 
0.00059825 0.000364804 0.000182668 
0.000973924 3.77846e-05 0.000188741 
7.0575e-05 0.000342796 0.000191947 
0.000380718 0.000434659 0.00019755 
0.000633897 0.000410049 0.000184457 
4.28236e-05 0.000415305 6.07196e-05 
7.7181e-05 0.000163822 0.000159731 
0.000265651 0.000472332 0.000149678 
0.000639389 0.000117658 7.69446e-05 
0.000609267 0.000457879 8.00603e-05 
0.00093818 0.000283644 0.000187208 
0.000573418 0.000423354 5.06332e-05 
4.46808e-05 0.00014392 4.53937e-05 
0.000490308 0.000192414 4.04414e-05 
0.000942141 0.00040293 0.0001355 
0.000257316 0.000317346 0.000174167 
0.000609335 9.39907e-05 0.000182922 
0.00083747 0.000292613 3.98284e-05 
0.000196574 0.000451612 6.48822e-05 
0.000732233 0.000326726 0.000158832 
0.000530628 0.000159542 0.000180828 
0.000600839 0.000123635 0.000152855 
0.000103068 0.000109549 0.000164049 
0.000439553 6.07884e-05 0.000193327 
0.000689544 0.000263994 0.000110686 
0.0001231 0.000392944 0.000159061 
0.000931451 0.000393306 0.000190564 
0.000554406 0.000361238 0.000197595 
0.000129216 0.000361225 8.73265e-05 
0.00087321 0.000452199 0.000189532 
0.000610709 0.000308278 0.00017402 
0.000235779 4.30075e-05 7.51713e-05 
0.000335516 0.00045384 0.00016098 
0.000297541 0.000231774 0.00014808 
0.000825439 0.000391595 6.33552e-05 
0.000361927 0.000376763 0.000137736 
3.91535e-05 0.000246946 6.84203e-05 
0.000954199 0.000434527 6.74256e-05 
0.000357837 0.000248912 6.33994e-05 
0.000792531 0.000425083 0.000196381 
0.000709145 0.000219019 3.79944e-05 
0.000516355 0.000255715 0.00010236 
0.000968098 0.000169901 0.000122387 
0.000477568 0.000380404 0.000195989 
0.000946309 0.00031768 6.12454e-05 
8.87719e-05 0.000396543 0.000194667 
0.000270147 0.000237388 3.8811e-05 
0.000426209 0.000263169 0.000108826 
0.000668034 4.15619e-05 0.000163169 
0.00073187 7.59174e-05 7.29355e-05 
0.000343749 0.000414219 9.568e-05 
0.000284607 0.000153815 0.000119383 
0.000669974 0.000353912 9.19504e-05 
0.00089215 0.000343422 0.000171943 
8.97017e-05 0.000183303 7.36751e-05 
7.58274e-05 0.000237433 0.000109587 
9.77408e-05 0.000139387 0.000125377 
0.000516939 0.000219481 0.000156915 
0.000924777 0.00039281 5.56029e-05 
0.00050048 3.77701e-05 0.00015157 
0.000156078 2.86572e-05 0.000190276 
0.000758861 0.000133035 4.20844e-05 
0.000558881 0.000241225 0.000159966 
0.000230373 0.000173949 5.11218e-05 
0.000953694 0.000110768 0.000139156 
0.000359621 0.000196202 4.25589e-05 
0.00047981 0.00015593 0.000198065 
0.000659173 0.000108978 0.000191426 
0.000623992 0.000170274 4.68445e-05 
0.00027581 0.000287669 0.000144615 
0.000276565 4.47051e-05 4.80869e-05 
0.000627944 0.000343829 0.000125354 
0.000385608 0.000190599 0.000129851 
0.000933059 4.19618e-05 0.00018022 
0.000396631 0.00037721 6.27636e-05 
0.000701784 0.000237668 0.000196505 
0.000449504 0.000401859 0.000141771 
0.000672442 0.0001487 4.38046e-05 
0.000458665 0.000429027 6.10936e-05 
0.000722212 0.000272374 4.54603e-05 
6.56667e-05 2.57865e-05 9.53072e-05 
0.000841824 0.000137903 4.20647e-05 
0.000232511 4.91811e-05 0.000196946 
0.000703808 6.56018e-05 0.00018964 
0.000763935 3.57964e-05 4.01856e-05 
0.000183184 0.000365355 0.000196195 
0.000204129 0.00039715 8.68667e-05 
2.40371e-05 0.000178309 0.000166262 
0.000976447 0.000232386 0.000167756 
4.51598e-05 6.42261e-05 0.000183414 
0.000248585 0.000454949 9.97381e-05 
0.000756955 0.000256327 0.000115589 
0.000412605 0.00028012 0.000188373 
0.000160244 0.000210006 5.8213e-05 
0.00090145 0.000335501 7.09763e-05 
0.000499684 1.9472e-05 9.04952e-05 
0.000388504 0.000157311 4.78166e-05 
0.000346512 0.000327113 3.90651e-05 
0.000145116 7.08953e-05 0.000175527 
0.000683315 0.000308207 4.10586e-05 
6.94105e-05 0.000275808 4.83535e-05 
0.000842093 0.000340373 0.000122777 
0.000731965 0.00035651 0.000181241 
0.000574524 0.000411514 0.000190135 
0.000526436 0.00029795 0.000113127 
0.000673542 0.000259003 6.62958e-05 
0.000895593 0.000351716 0.000123892 
0.000504083 0.000474268 0.000106939 
0.0008134 3.91547e-05 4.82569e-05 
0.000672921 0.000100406 0.000132534 
0.000219076 0.000104826 0.000196805 
0.00077725 0.000315687 0.000168043 
0.000960393 0.000391132 8.77637e-05 
0.000342257 4.17401e-05 0.000141879 
0.000933466 0.000222607 0.000129078 
0.000299017 0.000398791 8.05303e-05 
0.000683072 0.000275581 0.000159325 
0.000237098 0.000242336 0.000192113 
0.0008403 0.000172282 0.000170833 
0.000131657 0.000417833 4.04493e-05 
2.08765e-05 0.000271392 0.000175051 
6.56006e-05 0.000183099 4.53683e-05 
0.000331373 0.000237783 0.000184416 
7.36497e-05 0.000390969 9.93575e-05 
0.000963552 0.000365137 0.000169828 
5.7107e-05 0.000157099 9.0157e-05 
0.000681661 0.000226921 0.000151864 
0.000161432 0.000181149 0.000115414 
0.000198836 6.6162e-05 0.000180302 
0.000190356 0.00020658 0.000158217 
0.000834827 0.000249828 0.000189166 
0.000478805 0.000352314 0.00014077 
0.000701732 0.000184509 0.000191025 
0.000441794 0.000158714 3.79894e-05 
0.000243686 0.000362114 0.000148212 
0.000113546 8.14903e-05 0.000124803 
0.000553354 8.29661e-05 7.99195e-05 
0.000838595 0.000339279 0.000190453 
0.000975135 0.00027134 5.26315e-05 
9.01505e-05 0.000468914 6.33607e-05 
0.000279501 0.000364974 0.000109476 
0.000206146 2.81559e-05 3.93611e-05 
0.000156699 0.00039942 7.8649e-05 
2.89546e-05 0.000361471 3.95886e-05 
5.11703e-05 0.000325266 5.26416e-05 
0.000362484 0.00012454 0.000194756 
0.000577418 0.000480452 0.000109421 
0.00070619 0.00020273 9.56972e-05 
0.000427678 2.72928e-05 8.52263e-05 
0.000156728 0.000347996 0.000108182 
3.03484e-05 0.000475722 0.000124518 
0.000900728 0.000477737 7.41159e-05 
0.000774381 0.000155608 0.00014267 
0.000808516 0.000176437 3.84417e-05 
0.000861447 3.99323e-05 4.4687e-05 
0.000157437 0.00047826 0.000196163 
0.000205639 0.000146102 7.66104e-05 
0.000324447 2.28897e-05 6.97208e-05 
0.000453697 0.000121246 9.09284e-05 
0.000445705 0.000130019 0.00019464 
0.000570775 0.000122903 0.000185299 
0.000879849 0.000114346 6.67816e-05 
0.000648099 0.000400083 8.43399e-05 
0.000257035 2.21015e-05 0.000160999 
0.000833188 0.000456008 0.000100106 
3.6406e-05 0.000466531 0.000196085 
0.000775877 0.000143258 0.000191296 
0.000921753 0.000124413 3.8858e-05 
2.8536e-05 0.000480668 6.24339e-05 
2.67815e-05 0.00026438 0.000120376 
3.34214e-05 0.000137461 0.000192423 
0.000859144 0.000358861 3.95059e-05 
0.000443861 0.000470239 0.000197802 
0.000953251 8.68672e-05 3.9972e-05 
0.00079823 0.000265525 0.000181725 
0.000612259 8.39649e-05 0.000112602 
0.00068125 0.000162184 0.000143383 
0.00097747 7.17438e-05 0.000127909 
0.000871092 3.75891e-05 0.000190259 
0.000310321 0.00016052 4.07489e-05 
0.000296666 0.000262283 0.000198051 
3.91852e-05 2.0863e-05 6.6358e-05 
0.000599924 0.000407121 9.55149e-05 
0.00077919 0.000291838 4.75451e-05 
0.00041268 0.000422632 6.41845e-05 
0.000726519 0.000447445 0.000144037 
0.000667729 0.000397087 0.000180128 
0.000915921 0.000437929 5.31778e-05 
0.000547166 0.000116085 0.000139174 
0.000481617 0.000143612 5.76241e-05 
3.30444e-05 0.000328362 0.000167329 
0.000476978 0.000201289 0.000180384 
0.000518335 0.000255652 0.000189755 
0.000883703 0.000467743 0.000117183 
0.000280976 0.000425995 4.58272e-05 
0.000709946 0.000110536 4.66663e-05 
0.00064707 0.000279566 0.00018436 
0.000744165 2.75879e-05 0.000104921 
0.000363794 0.00010412 4.14214e-05 
0.000239074 0.000413234 4.34401e-05 
0.00070985 0.000371477 9.33806e-05 
0.000834905 0.000228341 0.0001514 
0.000622117 0.000245077 4.23838e-05 
7.01752e-05 0.000188362 0.000197855 
0.00036798 0.000386531 0.000190386 
0.000816098 0.000479746 5.66111e-05 
0.00091025 0.000426845 0.000178589 
0.000593491 0.000382444 0.000145914 
0.000564444 4.7877e-05 0.000155091 
0.000460716 7.89734e-05 8.13415e-05 
0.000372989 0.000478141 5.94894e-05 
0.000517806 0.000309847 0.000177545 
0.000157963 0.000148408 9.4461e-05 
0.000871192 0.000235829 0.000188258 
0.000330747 0.000389635 4.04216e-05 
0.000860143 2.12734e-05 0.000145191 
0.00036914 0.000408825 4.08682e-05 
0.00089167 0.000314228 0.000101951 
0.000420263 6.65113e-05 0.000103967 
0.000563369 7.83474e-05 0.000195703 
0.000702634 0.000329291 0.000103908 
0.000239831 0.000474839 0.000189948 
0.000856234 0.00035745 8.32956e-05 
0.000326629 6.84994e-05 4.56128e-05 
6.93226e-05 0.000376165 0.00015384 
0.000323603 0.000110942 0.000184664 
0.000564735 0.000189528 4.78756e-05 
0.000191324 0.000474687 0.000181412 
0.000851368 0.00011698 0.0001053 
0.000448368 0.000255212 0.000192729 
0.0006822 7.76357e-05 9.25833e-05 
0.00049574 5.29364e-05 7.46472e-05 
0.000593001 0.000422193 0.000154871 
0.000510853 0.000358561 0.000111415 
0.000719606 0.000247329 0.000126504 
0.00055477 0.000231436 9.59639e-05 
0.000960974 0.000469251 4.56411e-05 
0.000239914 0.000336902 0.000116182 
0.000644363 0.00047628 0.000121427 
0.000977627 0.000278386 0.000159496 
0.000860585 0.000291818 9.96694e-05 
0.000972888 0.000218338 0.000123908 
0.000738493 0.000363063 0.000122601 
0.000705504 0.000300157 0.000188325 
0.000899401 0.000141921 0.00014355 
0.000354607 7.99266e-05 0.000112628 
0.000283686 1.94853e-05 0.000126064 
0.000721806 0.000472459 4.2932e-05 
0.000938393 0.000481013 0.0001122 
0.00049064 0.000434647 0.000180218 
0.000847509 2.36928e-05 9.21443e-05 
0.000636304 0.000472822 0.000197417 
0.000383093 0.000406068 0.000113701 
0.000654122 0.000237695 0.000115818 
0.000256138 8.772e-05 9.93892e-05 
0.000757961 0.000205947 0.00019131 
0.000317875 0.000379831 0.000124678 
7.04971e-05 0.000252538 0.000192041 
0.000571692 0.000477253 5.84801e-05 
0.000749567 0.000475564 0.000161948 
0.000214264 0.00047224 0.000139674 
0.000167573 0.000188616 0.000195569 
0.000426729 0.000323217 0.000103013 
0.000677347 0.000358241 4.41827e-05 
0.0001866 0.000249283 0.000192284 
0.000422022 0.000361521 0.00019424 
0.000952287 0.000368002 4.36239e-05 
0.000474924 0.000133817 0.000135488 
7.34957e-05 0.000480351 0.000112163 
0.000800775 0.000445165 6.71804e-05 
0.0008913 0.000222451 5.50019e-05 
0.000415307 0.000267122 4.19152e-05 
0.000821323 0.000307267 0.000127084 
0.00044098 3.6665e-05 0.000150692 
0.000586442 0.000252045 0.0001927 
0.000599024 0.000322354 9.12766e-05 
0.000385831 0.000328523 0.000124766 
0.000343144 0.000412459 0.000155229 
0.000551884 0.00020295 0.000149704 
0.000979633 0.000135894 0.000171825 
5.75516e-05 2.20638e-05 0.000174257 
