0.000748854 3.793e-05 4.94515e-05 
0.00027634 0.000137324 6.61478e-05 
0.000128772 3.85037e-05 3.55211e-05 
0.000814541 0.000218929 0.000124634 
0.000951399 0.000439999 6.39346e-05 
0.000502994 0.000129563 7.08822e-05 
0.000368926 0.000130779 0.000149763 
0.000706378 3.64208e-05 0.000130257 
0.000148702 0.000341937 0.000109842 
0.000958764 0.000336706 0.000160897 
0.00074953 0.000398864 0.000136517 
0.000234227 0.000106543 6.20115e-05 
9.30832e-05 0.00017214 9.25536e-05 
0.000603406 0.000308608 0.000105645 
0.00087877 9.95864e-05 0.000147901 
0.000188066 0.000313832 3.95467e-05 
0.000424034 0.000345407 0.000113156 
0.0006282 0.000168874 0.000184727 
0.000852578 0.000397692 0.000131848 
0.00042305 0.000323673 0.000188427 
0.00033816 0.000241027 0.000115921 
0.000151259 0.000174615 7.38184e-05 
0.000565511 0.000416184 0.000159781 
0.000889827 0.000185431 5.3473e-05 
0.000678002 0.000204254 0.000142758 
0.000746078 0.000312364 0.000183497 
0.000420647 0.000267965 0.000134126 
0.000183276 0.000309218 0.000143903 
0.00010049 9.80617e-05 0.000157163 
0.000568995 0.00031044 0.000174425 
0.000172087 0.000246268 9.2912e-05 
0.000632401 6.36054e-05 0.000149609 
0.000323334 0.000248336 0.000189247 
0.00049921 0.000200567 0.000191205 
0.000599266 0.000244624 4.48791e-05 
0.000110128 0.000464754 0.000102179 
0.000303613 0.000338792 0.000143627 
0.000930714 0.000326652 0.000193792 
0.00046567 0.000411247 0.00016468 
0.00075193 0.00011873 0.000149591 
0.000920031 5.89178e-05 6.02037e-05 
0.00079542 0.00042878 5.85005e-05 
0.000292148 0.000414244 0.000151876 
0.000482009 0.000362713 0.000137447 
0.000701487 0.00020867 6.60719e-05 
0.000250387 0.00022899 6.89401e-05 
0.000214472 0.000139785 7.37218e-05 
0.00013713 0.000195846 0.000131524 
0.000220253 0.000169227 0.000136772 
0.000722709 0.000215368 0.000180817 
0.000132905 8.70147e-05 5.91168e-05 
0.000552535 0.000230684 0.000111993 
0.000853391 5.26056e-05 5.49856e-05 
0.00044499 0.000102237 0.000153352 
0.000879404 0.000357422 0.000129531 
0.000888874 0.000365209 7.29781e-05 
0.00013367 0.000313975 6.6582e-05 
0.000643015 0.000233962 3.7239e-05 
0.00067244 0.000384297 0.000189348 
0.000483439 0.000278395 0.000124511 
0.000260963 8.82645e-05 0.000170738 
0.000316237 4.51958e-05 0.000187435 
0.000453437 0.000408302 7.3091e-05 
0.000444111 0.000222585 0.000163554 
0.000573117 7.55099e-05 5.72368e-05 
0.000707899 0.000350785 9.98283e-05 
0.000137231 6.55347e-05 0.000185148 
0.000221461 0.000455179 3.49054e-05 
0.00072652 0.000132036 7.74969e-05 
0.000709242 2.9478e-05 7.40928e-05 
0.000584198 0.000172681 0.000113642 
4.69323e-05 0.000460975 7.91952e-05 
0.000882652 0.000286308 8.55691e-05 
0.000636484 0.000457282 7.02013e-05 
0.000219852 0.000398526 7.68905e-05 
8.8589e-05 0.000253181 8.13241e-05 
0.000848103 0.000319692 9.47171e-05 
0.000175938 0.000457767 0.000115507 
0.000190935 0.000360988 0.000171098 
5.3719e-05 0.000341564 7.91151e-05 
0.000598663 0.000400475 6.45171e-05 
0.000871186 0.000317584 0.000151471 
2.90507e-05 8.77464e-05 0.000101274 
0.000897469 0.000132302 0.000115751 
0.000564784 0.000364113 6.79376e-05 
0.00041295 0.000280535 6.66192e-05 
0.000146962 0.000207094 0.000189333 
0.000397254 0.000441573 0.000173923 
5.62818e-05 0.000421981 0.000129933 
0.000323089 0.000176877 9.1003e-05 
0.000633536 0.000352565 3.49601e-05 
0.000247231 3.26924e-05 8.86755e-05 
0.000807869 5.11043e-05 8.45401e-05 
0.000953022 0.00011055 0.000119553 
0.00020958 6.23411e-05 0.000150717 
0.000933242 0.000199973 6.43979e-05 
0.00066652 0.000411421 3.54189e-05 
0.00032422 0.000326009 7.71596e-05 
0.000401041 3.01415e-05 0.000164567 
7.91577e-05 0.000400275 0.000195154 
0.000215303 0.000229254 0.000160449 
6.77656e-05 0.000199559 0.000192048 
0.000415288 0.000452151 5.62802e-05 
0.000956683 0.000208636 0.000118176 
0.000572264 7.78167e-05 0.000108193 
0.000613987 0.000125208 4.48156e-05 
2.83783e-05 0.000208276 6.05721e-05 
0.000815656 7.52688e-05 0.000161084 
0.000136704 0.000380738 8.68671e-05 
3.13272e-05 0.000269638 0.000166148 
0.000115697 0.000470426 0.000186532 
0.000711271 0.000458146 0.000109426 
0.000359809 0.000180538 0.000123382 
0.000262479 0.000284724 8.95219e-05 
0.000812429 0.000252629 0.00017314 
8.80145e-05 0.000129062 5.95768e-05 
0.000821908 0.000150236 0.0001768 
2.48553e-05 2.33326e-05 0.000159519 
0.000458967 0.000289772 4.98254e-05 
0.000526502 0.00047112 0.000154998 
0.000242712 0.000321612 0.000144823 
0.000918518 0.000298192 8.14715e-05 
0.00028207 0.000402937 5.39286e-05 
0.000910939 0.0001404 0.000194113 
0.000701795 0.00028088 0.000134121 
0.000765225 0.000171804 0.000123041 
3.20505e-05 0.000133153 8.16147e-05 
0.000848163 0.000374257 8.78464e-05 
0.000234706 0.000383592 0.00013459 
0.000763529 0.000243839 9.93356e-05 
0.000299753 0.000436002 8.61442e-05 
0.000312722 0.000426218 0.000192562 
0.000376076 7.2752e-05 0.000123556 
0.000510664 0.00022521 4.00403e-05 
0.00034888 0.00015956 6.22622e-05 
0.000329151 0.000106859 8.54504e-05 
0.00038115 0.000385095 5.79754e-05 
0.000949993 0.000250106 9.53581e-05 
0.000363219 3.80762e-05 3.71085e-05 
0.000958301 0.000350233 6.21277e-05 
0.000316964 0.000475164 0.000194337 
0.000536344 0.000120956 0.000152967 
2.454e-05 0.000216119 0.000169871 
0.000464348 0.000244475 7.54008e-05 
0.000807176 0.000261635 7.62914e-05 
0.000799406 0.000151694 4.30294e-05 
0.000745168 0.000181993 4.69725e-05 
0.000194 6.876e-05 6.37223e-05 
3.17921e-05 0.000134156 0.000157006 
0.000839573 0.00015014 0.000118321 
0.00086263 0.000398604 3.82874e-05 
0.000639496 0.000185338 6.30847e-05 
0.000785966 3.54418e-05 4.75147e-05 
0.000966197 0.000114336 6.8073e-05 
0.000291133 0.000197188 0.000108402 
0.000408462 0.000105107 8.78078e-05 
0.000296627 0.000273482 0.000128942 
0.000287315 6.59637e-05 9.40971e-05 
0.00011191 0.000333668 0.000178512 
0.000856284 0.000245426 0.000178383 
0.000627511 0.000443235 0.000186116 
0.000673044 0.000111883 6.78711e-05 
0.00022888 0.000100573 0.00013178 
0.000162039 0.000255958 4.62858e-05 
0.000937381 0.000154899 3.93676e-05 
0.000961173 0.000316831 0.000113926 
0.000801976 9.60116e-05 9.08257e-05 
0.000106097 5.29357e-05 0.000118497 
0.000128771 0.000432245 9.11676e-05 
0.000382175 0.000188163 0.000173599 
0.00070518 0.000339917 0.000193626 
2.65898e-05 5.75806e-05 0.000194937 
0.000948079 5.69743e-05 0.000177734 
0.000911493 0.000414771 9.53886e-05 
0.000115588 0.000381435 3.88548e-05 
0.000875478 0.000461608 0.00017541 
0.000367302 0.000305837 0.000166743 
0.000964911 0.000195476 0.000166885 
0.000365058 0.000311022 4.22077e-05 
0.000496205 0.000342821 0.000191795 
0.000525069 2.98481e-05 3.73076e-05 
7.59592e-05 0.000288587 0.000183083 
0.000762966 0.000455975 0.000149257 
0.000708772 0.000267737 7.87876e-05 
0.000779979 0.000361712 6.78017e-05 
0.000505182 0.000435211 7.66114e-05 
0.000416993 0.00015301 5.20585e-05 
0.000310584 9.49347e-05 0.000158355 
0.000563209 0.000350606 0.000145701 
0.000876951 0.00044839 6.19011e-05 
0.000461548 0.000166215 0.000171565 
0.000442956 0.000180671 9.15438e-05 
0.000150525 0.000104413 0.000100185 
0.00091773 0.00046188 0.000128107 
0.00016806 0.000152559 0.000130495 
0.000960021 0.000463788 0.000185233 
0.000770375 0.000307837 0.000104532 
0.000793796 0.000479 0.000119012 
0.000841525 0.00035983 0.000167259 
0.000684897 0.000107183 0.000139148 
0.000172192 9.12582e-05 0.000142218 
9.66726e-05 0.000237904 0.000164375 
0.000526921 0.000375673 0.000159652 
0.000896568 0.000241614 7.36806e-05 
0.000365433 0.000425527 0.0001192 
0.000952586 0.000383818 0.000170225 
0.000508259 0.000335093 4.94236e-05 
0.000267858 0.000187242 5.12178e-05 
0.000321833 0.000374158 9.48545e-05 
0.00050904 0.000311915 0.000145324 
0.000245855 0.000204668 0.000187992 
0.000361228 9.39841e-05 4.53769e-05 
0.000106198 0.00018371 3.82856e-05 
0.000600214 0.000262737 0.00018265 
0.000248912 0.000461937 0.000139619 
0.000619577 0.000318539 0.000181959 
0.00047229 0.000292237 0.000187579 
0.000793128 8.55875e-05 3.74874e-05 
0.000675194 0.000166172 9.54273e-05 
0.000152131 4.16427e-05 0.000143521 
0.000405509 0.000203646 0.000131817 
0.000355221 0.000208962 4.83401e-05 
0.000849503 0.000196294 6.32131e-05 
0.000919144 0.000248853 0.000185648 
0.000637175 0.000450009 0.00013283 
4.66405e-05 0.000314885 0.000113279 
0.000936021 0.000429293 0.000157564 
3.4075e-05 0.000252746 6.74885e-05 
9.03739e-05 0.000408922 4.85315e-05 
0.000261112 0.000434489 0.000183982 
0.000863086 0.000103899 6.51053e-05 
0.000768637 4.93905e-05 0.000151865 
0.000362241 0.000289199 8.71598e-05 
0.000697484 0.000158562 5.57245e-05 
0.000548753 0.000423043 3.70803e-05 
0.000281768 0.000133949 0.000186189 
0.000301209 0.000287609 4.95441e-05 
0.000412655 0.000241677 3.80131e-05 
0.000335762 0.000384969 0.000160946 
0.000143639 0.000394225 0.00015603 
8.00073e-05 0.000367739 0.000132154 
0.000155662 0.000473823 3.90311e-05 
0.000562528 0.00040694 0.00011659 
0.000603595 0.000384732 0.000145397 
4.65614e-05 0.000164185 3.63062e-05 
0.0005098 0.000185833 8.49722e-05 
0.000833687 0.000475576 0.000167038 
0.000863478 0.000343094 4.88928e-05 
0.000255457 7.30378e-05 4.97705e-05 
0.000741832 8.48778e-05 9.35197e-05 
0.000237705 0.000291097 0.000194842 
0.000962393 6.39783e-05 9.29864e-05 
0.000919995 3.66048e-05 0.000118251 
0.000555863 0.000141572 0.000113578 
0.00046391 7.46498e-05 5.25154e-05 
0.00065225 0.000233661 0.000182443 
0.000798906 0.000479088 6.77928e-05 
0.000502929 3.85418e-05 0.000117435 
0.000525385 0.000472441 5.7468e-05 
0.000572312 0.000215099 6.41518e-05 
0.000375079 0.000157685 8.90552e-05 
0.000930866 0.000171312 0.000131353 
0.00095594 0.000473203 0.000119132 
0.000883751 0.000385828 0.000177396 
0.000921957 0.000117329 6.39843e-05 
0.000769261 0.000346605 0.000153716 
3.51393e-05 0.000318771 0.000187205 
0.000117047 0.00012419 0.0001279 
3.67683e-05 0.000441841 0.000172494 
0.0004079 0.000223333 6.88238e-05 
0.000492012 5.55227e-05 0.000175643 
0.000577339 0.000163027 3.64085e-05 
0.000774084 0.000375539 0.000105727 
0.000400404 0.000479423 0.00013361 
0.000719662 9.95786e-05 0.000188092 
0.000674007 0.000428745 0.000152199 
0.000272735 0.000340922 5.48825e-05 
0.000489935 0.000205109 0.000123804 
4.40874e-05 0.000369771 0.000183088 
0.000837808 0.000428711 0.000104328 
0.000729934 0.000290106 3.76184e-05 
9.74114e-05 0.000476941 0.000143388 
0.000950596 0.000270442 0.000149084 
0.000677567 5.32661e-05 0.000188006 
4.92636e-05 4.52277e-05 6.6602e-05 
0.000511107 8.99641e-05 0.000122202 
9.52269e-05 0.00018219 0.000150519 
0.000823648 0.000355187 4.23458e-05 
0.000668088 0.000296789 4.63295e-05 
0.000624986 0.000234829 0.000117439 
0.000163547 0.000368238 3.85944e-05 
0.000975736 2.31989e-05 0.000146327 
0.000223647 0.000467542 0.000193402 
0.000679217 0.000480836 0.000102113 
0.000897429 0.000207269 0.000108703 
2.89808e-05 0.00029555 3.74106e-05 
0.000531108 0.00035833 9.95335e-05 
0.000542012 0.000211234 0.000168418 
0.000662074 0.000340485 0.00013862 
5.61674e-05 0.000267398 0.000125582 
0.000468427 0.000460778 0.000193259 
4.17015e-05 0.000389683 4.84971e-05 
0.000774422 0.000254721 0.000139207 
0.000185819 0.000169372 3.6051e-05 
0.000751152 0.000429142 8.4448e-05 
0.000924731 0.000103509 0.000161966 
0.000830105 0.000308351 0.000186209 
0.000970161 8.09304e-05 4.1702e-05 
0.000737708 0.000377311 6.00148e-05 
6.89435e-05 5.53413e-05 0.000174589 
0.000146817 0.000408531 6.42512e-05 
0.00038351 0.000360206 0.000165499 
0.000940912 0.000266176 3.48534e-05 
0.000558421 0.000281249 4.25828e-05 
0.000919102 0.000181282 0.000176322 
0.000310293 0.000369057 5.12514e-05 
0.000250713 0.000354167 0.000190498 
0.000437375 0.000476029 0.000110227 
8.93104e-05 0.000326773 0.000119762 
0.00083467 0.000384872 0.000192421 
0.0005763 0.00026535 0.00014832 
0.000304354 7.22714e-05 3.61676e-05 
0.000314048 0.000181561 0.000148063 
0.000314048 0.000181391 3.90254e-05 
0.000667766 0.000390341 8.72741e-05 
0.000845706 0.000296939 3.8261e-05 
0.000616533 0.000476864 0.000156831 
0.000634893 0.00028471 0.000159275 
0.000972248 0.000143814 0.000138803 
0.000247987 0.000270438 0.000151941 
0.000291693 0.000471397 4.60279e-05 
0.00088982 2.27506e-05 3.803e-05 
0.000371532 0.000254623 0.000160583 
0.00012016 0.000421452 0.000139059 
0.000600352 0.000106498 0.000174331 
0.000128112 0.000226313 4.28619e-05 
0.000539519 3.66448e-05 0.000170969 
0.000241653 5.5045e-05 0.000192583 
0.000541633 0.000299047 8.29324e-05 
0.000259807 0.000419704 0.000129933 
0.000798494 3.31467e-05 0.000123234 
0.000795507 0.000367544 0.000191501 
8.56834e-05 2.42936e-05 0.000145865 
0.000556335 0.000468061 9.61397e-05 
0.000163776 0.000118176 4.66362e-05 
0.00084433 6.30605e-05 0.000193923 
0.000802178 0.000429358 0.000160519 
0.000713539 0.00017041 0.000147453 
5.02668e-05 0.00022452 0.000132544 
0.000512009 0.000406345 0.000114008 
0.000725994 6.64955e-05 3.88108e-05 
0.000164064 0.00027567 0.000190635 
0.000783797 0.00011453 0.000192604 
0.000327752 0.000478852 0.000124222 
0.000843541 0.000272064 0.000141246 
0.000881519 0.000199269 0.000154832 
0.00076627 0.000127179 6.41752e-05 
0.000621212 0.000167904 0.000136628 
0.000113922 0.000383952 0.000183631 
0.000343179 0.00046877 4.05098e-05 
7.44278e-05 8.23997e-05 5.00032e-05 
0.000298362 0.000241956 9.48233e-05 
0.000188003 4.15518e-05 0.000105185 
0.000184291 0.000424247 0.000174579 
0.000448215 2.44538e-05 0.000168699 
0.000977299 0.000295651 0.00016077 
0.000339163 0.000472866 8.02574e-05 
0.000567444 0.000474146 5.843e-05 
0.000975206 0.000223595 4.76771e-05 
0.000215385 0.000263935 0.000118175 
0.000394862 9.19441e-05 0.000181791 
0.00051957 0.000258636 0.000147559 
0.000615226 6.96035e-05 5.86171e-05 
0.000764859 0.000176416 0.000176004 
0.0006617 0.000312943 9.73142e-05 
0.000863237 2.00507e-05 0.000180535 
0.000284923 0.000208854 0.000172142 
0.000369275 0.000363969 0.000116813 
0.000153539 0.000370521 0.000191019 
0.000319519 2.37439e-05 0.000124913 
4.96758e-05 0.000229235 3.61074e-05 
0.000183559 0.000180736 0.00018084 
0.000973135 0.000410446 9.55944e-05 
0.000149934 0.000289524 9.54433e-05 
0.000182971 0.000400247 0.000131224 
0.000517201 0.000251071 7.77315e-05 
3.78738e-05 8.80215e-05 0.000140355 
0.000693702 0.000452269 0.000182804 
0.000668506 0.000151367 0.000142628 
0.00096281 2.76627e-05 5.54463e-05 
0.000260742 0.000119801 0.000106122 
8.04631e-05 0.000318889 5.60303e-05 
0.000661604 4.36987e-05 9.35706e-05 
0.000659024 5.97118e-05 4.52753e-05 
0.000909146 0.000408262 4.89687e-05 
0.000728522 0.000204615 0.000123114 
0.000126761 0.00014423 0.000175967 
0.000436103 4.56938e-05 0.000126678 
0.000193275 0.000194876 8.3793e-05 
9.22587e-05 4.01133e-05 7.71965e-05 
0.000430589 0.000327784 5.20981e-05 
0.000638697 0.00036148 0.000166324 
0.000463625 0.000323055 9.79918e-05 
0.000840305 0.000198594 0.000191039 
0.00041215 4.71507e-05 7.45615e-05 
0.000223838 0.000203293 3.47641e-05 
0.000568796 0.000459312 0.000157249 
0.000653902 0.000119641 0.000182676 
0.000835327 0.000477393 8.73042e-05 
0.000219292 2.47353e-05 4.42236e-05 
2.3633e-05 4.28218e-05 0.000112999 
8.78838e-05 0.000287657 0.000144389 
0.000418982 0.000393641 0.000144171 
0.000171689 2.39733e-05 0.000182678 
0.000686392 0.000470916 4.93151e-05 
0.000302796 0.000240483 3.51451e-05 
0.000640181 0.000352194 9.59727e-05 
0.000571169 6.31875e-05 0.000190261 
0.000778719 0.000221616 6.48692e-05 
0.000307538 0.000456778 0.000153603 
0.00086016 0.000243577 0.00010102 
0.000665568 0.000424863 0.000112832 
0.000957337 0.000127879 0.000186872 
0.000113327 0.00047085 4.27355e-05 
0.000169776 0.000227222 0.000150864 
0.00043774 0.000202609 3.59371e-05 
0.000793312 0.000285686 0.000169156 
0.000920421 0.000320887 0.000120347 
2.24949e-05 0.000209764 0.000103063 
0.000732804 0.000481366 4.23228e-05 
0.000175932 2.38769e-05 5.5967e-05 
0.000662168 0.000332522 0.000181711 
0.000629619 0.000100229 0.000101057 
0.000404214 0.000236145 0.000194026 
0.000266703 0.000233975 0.000122411 
0.000851903 4.01487e-05 0.000101261 
0.000215484 0.000317451 0.000100564 
0.000805867 0.000180916 9.06475e-05 
0.000475179 0.000372693 5.14661e-05 
0.000868784 0.000253542 3.51552e-05 
0.000532024 6.73885e-05 7.71314e-05 
0.000388161 0.000228695 0.000103207 
0.000683404 0.0003002 0.000186809 
0.000765652 0.000395495 4.16876e-05 
0.000853862 0.000164562 3.97029e-05 
0.000608614 3.57563e-05 8.40462e-05 
0.000794285 0.000464787 0.00019257 
0.000481007 0.000440121 4.36906e-05 
0.000632006 0.000276381 6.42892e-05 
0.000436515 0.000427009 0.000120977 
0.000313858 0.000137346 4.23294e-05 
0.000573167 2.24659e-05 0.000121226 
0.000124939 0.000294205 0.000163489 
0.000854646 0.000425476 0.000192414 
0.000598976 0.000208911 0.00016596 
0.000404469 8.90203e-05 3.92275e-05 
0.000481001 0.000469122 0.000133043 
0.000565882 0.000163275 0.000192748 
0.000726059 0.000411334 0.000186503 
0.000310035 0.000141629 0.000154424 
0.000719084 0.000436667 0.000149885 
2.34921e-05 0.000380712 0.000119614 
0.000587133 0.00026801 7.44625e-05 
0.000362442 4.28291e-05 0.000181725 
0.000977803 0.000165995 8.35455e-05 
0.000541942 0.000185879 4.81214e-05 
0.000871509 0.000169148 0.000179259 
0.00052184 0.000278353 0.000187959 
0.000808463 0.000112578 0.000154833 
0.000148114 4.71957e-05 0.000100111 
0.000504988 0.000175184 0.00014415 
0.000431405 0.000137985 0.000117765 
0.000711763 0.000368882 0.000166459 
0.000197775 0.000141113 0.000180716 
0.000697135 0.000153992 0.000193073 
0.000801654 3.9067e-05 0.0001805 
0.000801591 0.000380149 0.000155694 
0.000893812 0.000422908 0.000161842 
0.000825809 0.000350308 0.000127495 
0.000237567 0.000459866 9.65916e-05 
0.000507682 0.000279307 4.156e-05 
0.000266876 0.000369075 8.7487e-05 
0.000955624 0.000476789 4.2978e-05 
0.00094785 0.000353827 0.000125216 
0.000765228 3.7296e-05 9.09794e-05 
0.000207848 0.000273725 0.0001766 
0.000753742 0.000470152 8.00246e-05 
0.000634587 2.98295e-05 4.58541e-05 
0.00059597 0.000379004 0.000194619 
0.000666971 0.000240672 6.97364e-05 
0.000291231 2.79425e-05 3.83504e-05 
0.000697734 0.000431607 7.10291e-05 
0.000341403 0.000355476 0.000192767 
0.000783982 0.000225083 0.000170555 
0.000142125 0.000438605 0.000195372 
0.000518958 0.000419842 0.00019198 
0.000564402 0.000336543 3.70655e-05 
0.000331717 2.17562e-05 8.67421e-05 
0.000205478 0.000247933 6.06141e-05 
0.000471371 0.000143659 0.000121103 
0.000560277 0.000355887 0.000182179 
0.000249289 5.93158e-05 0.000138398 
0.000825775 0.000471741 4.08691e-05 
0.000845102 0.000438797 0.000151203 
9.80455e-05 0.00034354 8.37401e-05 
0.000294916 0.000171953 0.000188554 
1.92067e-05 8.66819e-05 6.27159e-05 
8.48264e-05 0.000108101 0.000108618 
0.000223669 0.000101299 0.000170005 
0.000729152 0.000417834 3.98258e-05 
0.000545748 0.000313319 0.000128251 
7.75095e-05 0.000395287 9.60647e-05 
